0 0.640625 0.16666666666666666 0.014583333333333334 0.025925925925925925
0 0.5916666666666667 0.16666666666666666 0.014583333333333334 0.025925925925925925
0 0.5427083333333333 0.1648148148148148 0.014583333333333334 0.025925925925925925
0 0.49375 0.1648148148148148 0.014583333333333334 0.025925925925925925
0 0.44479166666666664 0.16296296296296298 0.014583333333333334 0.025925925925925925
0 0.3958333333333333 0.16296296296296298 0.014583333333333334 0.025925925925925925
0 0.346875 0.16111111111111112 0.014583333333333334 0.025925925925925925
0 0.6479166666666667 0.22777777777777777 0.014583333333333334 0.025925925925925925
0 0.596875 0.22777777777777777 0.014583333333333334 0.025925925925925925
0 0.5458333333333333 0.22592592592592592 0.014583333333333334 0.025925925925925925
0 0.4947916666666667 0.22407407407407406 0.014583333333333334 0.025925925925925925
0 0.44375 0.22407407407407406 0.014583333333333334 0.025925925925925925
0 0.39166666666666666 0.2222222222222222 0.014583333333333334 0.025925925925925925
0 0.340625 0.2222222222222222 0.014583333333333334 0.025925925925925925
0 0.6552083333333333 0.29444444444444445 0.014583333333333334 0.025925925925925925
0 0.6020833333333333 0.29259259259259257 0.014583333333333334 0.025925925925925925
0 0.5489583333333333 0.29259259259259257 0.014583333333333334 0.025925925925925925
0 0.4947916666666667 0.29074074074074074 0.014583333333333334 0.025925925925925925
0 0.44166666666666665 0.29074074074074074 0.014583333333333334 0.025925925925925925
0 0.3885416666666667 0.28888888888888886 0.014583333333333334 0.025925925925925925
0 0.334375 0.28888888888888886 0.014583333333333334 0.025925925925925925
0 0.6635416666666667 0.36666666666666664 0.014583333333333334 0.025925925925925925
0 0.6083333333333333 0.36666666666666664 0.014583333333333334 0.025925925925925925
0 0.5520833333333334 0.3648148148148148 0.014583333333333334 0.025925925925925925
0 0.49583333333333335 0.3648148148148148 0.014583333333333334 0.025925925925925925
0 0.4395833333333333 0.362962962962963 0.014583333333333334 0.025925925925925925
0 0.38333333333333336 0.362962962962963 0.014583333333333334 0.025925925925925925
0 0.32708333333333334 0.3611111111111111 0.014583333333333334 0.025925925925925925
0 0.6729166666666667 0.4462962962962963 0.014583333333333334 0.025925925925925925
0 0.6145833333333334 0.4462962962962963 0.014583333333333334 0.025925925925925925
0 0.55625 0.4444444444444444 0.014583333333333334 0.025925925925925925
0 0.496875 0.4444444444444444 0.014583333333333334 0.025925925925925925
0 0.4375 0.4425925925925926 0.014583333333333334 0.025925925925925925
0 0.37916666666666665 0.4425925925925926 0.014583333333333334 0.025925925925925925
0 0.31979166666666664 0.44074074074074077 0.014583333333333334 0.025925925925925925
0 0.6833333333333333 0.5351851851851852 0.014583333333333334 0.025925925925925925
0 0.621875 0.5351851851851852 0.014583333333333334 0.025925925925925925
0 0.5604166666666667 0.5333333333333333 0.014583333333333334 0.025925925925925925
0 0.4979166666666667 0.5333333333333333 0.014583333333333334 0.025925925925925925
0 0.4354166666666667 0.5314814814814814 0.014583333333333334 0.025925925925925925
0 0.3729166666666667 0.5314814814814814 0.014583333333333334 0.025925925925925925
0 0.3104166666666667 0.5296296296296297 0.014583333333333334 0.025925925925925925
0 0.6958333333333333 0.6351851851851852 0.014583333333333334 0.025925925925925925
0 0.6302083333333334 0.6333333333333333 0.014583333333333334 0.025925925925925925
0 0.5645833333333333 0.6333333333333333 0.014583333333333334 0.025925925925925925
0 0.49895833333333334 0.6314814814814815 0.014583333333333334 0.025925925925925925
0 0.43333333333333335 0.6314814814814815 0.014583333333333334 0.025925925925925925
0 0.36770833333333336 0.6296296296296297 0.014583333333333334 0.025925925925925925
0 0.30104166666666665 0.6296296296296297 0.014583333333333334 0.025925925925925925