0 0.16875 0.7638888888888888 0.025 0.0412037037037037
0 0.275 0.7708333333333334 0.025 0.0412037037037037
0 0.38229166666666664 0.7777777777777778 0.025 0.0412037037037037
0 0.49166666666666664 0.7842592592592592 0.025 0.0412037037037037
0 0.6020833333333333 0.7912037037037037 0.025 0.0412037037037037
0 0.7135416666666666 0.8 0.025 0.0412037037037037
0 0.8270833333333333 0.8069444444444445 0.025 0.0412037037037037
0 0.20520833333333333 0.6259259259259259 0.025 0.0412037037037037
0 0.303125 0.6310185185185185 0.025 0.0412037037037037
0 0.403125 0.6361111111111111 0.025 0.0412037037037037
0 0.503125 0.6430555555555556 0.025 0.0412037037037037
0 0.6052083333333333 0.6481481481481481 0.025 0.0412037037037037
0 0.7072916666666667 0.6532407407407408 0.025 0.0412037037037037
0 0.8114583333333333 0.6601851851851852 0.025 0.0412037037037037
0 0.23541666666666666 0.5069444444444444 0.025 0.0412037037037037
0 0.32708333333333334 0.5120370370370371 0.025 0.0412037037037037
0 0.4197916666666667 0.5157407407407407 0.025 0.0412037037037037
0 0.5135416666666667 0.5208333333333334 0.025 0.0412037037037037
0 0.6072916666666667 0.5259259259259259 0.025 0.0412037037037037
0 0.7020833333333333 0.5310185185185186 0.025 0.0412037037037037
0 0.7989583333333333 0.5342592592592592 0.025 0.0412037037037037
0 0.2625 0.40324074074074073 0.025 0.0412037037037037
0 0.34791666666666665 0.40694444444444444 0.025 0.0412037037037037
0 0.434375 0.41203703703703703 0.025 0.0412037037037037
0 0.521875 0.41574074074074074 0.025 0.0412037037037037
0 0.609375 0.41898148148148145 0.025 0.0412037037037037
0 0.6979166666666666 0.42407407407407405 0.025 0.0412037037037037
0 0.7875 0.42777777777777776 0.025 0.0412037037037037
0 0.2864583333333333 0.3138888888888889 0.025 0.0412037037037037
0 0.36666666666666664 0.31712962962962965 0.025 0.0412037037037037
0 0.446875 0.32083333333333336 0.025 0.0412037037037037
0 0.5291666666666667 0.32407407407407407 0.025 0.0412037037037037
0 0.6114583333333333 0.3277777777777778 0.025 0.0412037037037037
0 0.69375 0.33101851851851855 0.025 0.0412037037037037
0 0.778125 0.33425925925925926 0.025 0.0412037037037037
0 0.3072916666666667 0.23425925925925925 0.025 0.0412037037037037
0 0.38229166666666664 0.23796296296296296 0.025 0.0412037037037037
0 0.4583333333333333 0.23981481481481481 0.025 0.0412037037037037
0 0.5354166666666667 0.24305555555555555 0.025 0.0412037037037037
0 0.6125 0.24675925925925926 0.025 0.0412037037037037
0 0.690625 0.24814814814814815 0.025 0.0412037037037037
0 0.76875 0.2518518518518518 0.025 0.0412037037037037
0 0.325 0.1638888888888889 0.025 0.0412037037037037
0 0.396875 0.16712962962962963 0.025 0.0412037037037037
0 0.46875 0.16898148148148148 0.025 0.0412037037037037
0 0.540625 0.17083333333333334 0.025 0.0412037037037037
0 0.6145833333333334 0.17407407407407408 0.025 0.0412037037037037
0 0.6875 0.17592592592592593 0.025 0.0412037037037037
0 0.7614583333333333 0.17777777777777778 0.025 0.0412037037037037