0 0.7447916666666666 0.15787037037037038 0.020833333333333332 0.0375
0 0.671875 0.1597222222222222 0.020833333333333332 0.0375
0 0.5989583333333334 0.1597222222222222 0.020833333333333332 0.0375
0 0.5270833333333333 0.1597222222222222 0.020833333333333332 0.0375
0 0.45416666666666666 0.1597222222222222 0.020833333333333332 0.0375
0 0.38229166666666664 0.1597222222222222 0.020833333333333332 0.0375
0 0.309375 0.16157407407407406 0.020833333333333332 0.0375
0 0.7541666666666667 0.2351851851851852 0.020833333333333332 0.0375
0 0.678125 0.23703703703703705 0.020833333333333332 0.0375
0 0.6010416666666667 0.23703703703703705 0.020833333333333332 0.0375
0 0.5239583333333333 0.23703703703703705 0.020833333333333332 0.0375
0 0.4479166666666667 0.23703703703703705 0.020833333333333332 0.0375
0 0.37083333333333335 0.2388888888888889 0.020833333333333332 0.0375
0 0.29375 0.2388888888888889 0.020833333333333332 0.0375
0 0.765625 0.32314814814814813 0.020833333333333332 0.0375
0 0.684375 0.32314814814814813 0.020833333333333332 0.0375
0 0.603125 0.32314814814814813 0.020833333333333332 0.0375
0 0.5208333333333334 0.32314814814814813 0.020833333333333332 0.0375
0 0.4395833333333333 0.32314814814814813 0.020833333333333332 0.0375
0 0.35833333333333334 0.325 0.020833333333333332 0.0375
0 0.27708333333333335 0.325 0.020833333333333332 0.0375
0 0.778125 0.42083333333333334 0.020833333333333332 0.0375
0 0.6916666666666667 0.42083333333333334 0.020833333333333332 0.0375
0 0.6052083333333333 0.42083333333333334 0.020833333333333332 0.0375
0 0.5177083333333333 0.42083333333333334 0.020833333333333332 0.0375
0 0.43125 0.42314814814814816 0.020833333333333332 0.0375
0 0.34479166666666666 0.42314814814814816 0.020833333333333332 0.0375
0 0.25833333333333336 0.42314814814814816 0.020833333333333332 0.0375
0 0.7927083333333333 0.5319444444444444 0.020833333333333332 0.0375
0 0.7 0.5337962962962963 0.020833333333333332 0.0375
0 0.6072916666666667 0.5337962962962963 0.020833333333333332 0.0375
0 0.5145833333333333 0.5337962962962963 0.020833333333333332 0.0375
0 0.42083333333333334 0.5337962962962963 0.020833333333333332 0.0375
0 0.328125 0.5337962962962963 0.020833333333333332 0.0375
0 0.23645833333333333 0.5356481481481481 0.020833333333333332 0.0375
0 0.809375 0.6615740740740741 0.020833333333333332 0.0375
0 0.709375 0.6615740740740741 0.020833333333333332 0.0375
0 0.609375 0.6615740740740741 0.020833333333333332 0.0375
0 0.509375 0.6615740740740741 0.020833333333333332 0.0375
0 0.41041666666666665 0.663425925925926 0.020833333333333332 0.0375
0 0.3104166666666667 0.663425925925926 0.020833333333333332 0.0375
0 0.21041666666666667 0.663425925925926 0.020833333333333332 0.0375
0 0.8291666666666667 0.812037037037037 0.020833333333333332 0.0375
0 0.7208333333333333 0.812037037037037 0.020833333333333332 0.0375
0 0.6125 0.812037037037037 0.020833333333333332 0.0375
0 0.5052083333333334 0.812037037037037 0.020833333333333332 0.0375
0 0.396875 0.812037037037037 0.020833333333333332 0.0375
0 0.28854166666666664 0.812037037037037 0.020833333333333332 0.0375
0 0.18125 0.8138888888888889 0.020833333333333332 0.0375