0 0.19166666666666668 0.7314814814814815 0.022916666666666665 0.03935185185185185
0 0.2947916666666667 0.7402777777777778 0.022916666666666665 0.03935185185185185
0 0.396875 0.7472222222222222 0.022916666666666665 0.03935185185185185
0 0.5 0.7560185185185185 0.022916666666666665 0.03935185185185185
0 0.603125 0.763425925925926 0.022916666666666665 0.03935185185185185
0 0.7052083333333333 0.7703703703703704 0.022916666666666665 0.03935185185185185
0 0.8083333333333333 0.7791666666666667 0.022916666666666665 0.03935185185185185
0 0.22604166666666667 0.5800925925925926 0.022916666666666665 0.03935185185185185
0 0.3177083333333333 0.587037037037037 0.022916666666666665 0.03935185185185185
0 0.4083333333333333 0.5944444444444444 0.022916666666666665 0.03935185185185185
0 0.5 0.6013888888888889 0.022916666666666665 0.03935185185185185
0 0.590625 0.6083333333333333 0.022916666666666665 0.03935185185185185
0 0.6822916666666666 0.6157407407407407 0.022916666666666665 0.03935185185185185
0 0.7729166666666667 0.6226851851851852 0.022916666666666665 0.03935185185185185
0 0.25416666666666665 0.46064814814814814 0.022916666666666665 0.03935185185185185
0 0.33645833333333336 0.46620370370370373 0.022916666666666665 0.03935185185185185
0 0.41770833333333335 0.47314814814814815 0.022916666666666665 0.03935185185185185
0 0.5 0.4787037037037037 0.022916666666666665 0.03935185185185185
0 0.58125 0.48564814814814816 0.022916666666666665 0.03935185185185185
0 0.6635416666666667 0.4912037037037037 0.022916666666666665 0.03935185185185185
0 0.7447916666666666 0.4981481481481482 0.022916666666666665 0.03935185185185185
0 0.27708333333333335 0.362962962962963 0.022916666666666665 0.03935185185185185
0 0.35104166666666664 0.3685185185185185 0.022916666666666665 0.03935185185185185
0 0.425 0.3736111111111111 0.022916666666666665 0.03935185185185185
0 0.5 0.37916666666666665 0.022916666666666665 0.03935185185185185
0 0.5739583333333333 0.38425925925925924 0.022916666666666665 0.03935185185185185
0 0.6479166666666667 0.39166666666666666 0.022916666666666665 0.03935185185185185
0 0.7229166666666667 0.39675925925925926 0.022916666666666665 0.03935185185185185
0 0.29583333333333334 0.2810185185185185 0.022916666666666665 0.03935185185185185
0 0.36354166666666665 0.2865740740740741 0.022916666666666665 0.03935185185185185
0 0.43125 0.2916666666666667 0.022916666666666665 0.03935185185185185
0 0.5 0.2972222222222222 0.022916666666666665 0.03935185185185185
0 0.5677083333333334 0.3023148148148148 0.022916666666666665 0.03935185185185185
0 0.6354166666666666 0.30787037037037035 0.022916666666666665 0.03935185185185185
0 0.703125 0.31157407407407406 0.022916666666666665 0.03935185185185185
0 0.31145833333333334 0.21157407407407408 0.022916666666666665 0.03935185185185185
0 0.37395833333333334 0.21712962962962962 0.022916666666666665 0.03935185185185185
0 0.43645833333333334 0.2222222222222222 0.022916666666666665 0.03935185185185185
0 0.5 0.22592592592592592 0.022916666666666665 0.03935185185185185
0 0.5625 0.23148148148148148 0.022916666666666665 0.03935185185185185
0 0.625 0.23657407407407408 0.022916666666666665 0.03935185185185185
0 0.6875 0.24027777777777778 0.022916666666666665 0.03935185185185185
0 0.325 0.15324074074074073 0.022916666666666665 0.03935185185185185
0 0.38333333333333336 0.15833333333333333 0.022916666666666665 0.03935185185185185
0 0.44166666666666665 0.16203703703703703 0.022916666666666665 0.03935185185185185
0 0.5 0.16712962962962963 0.022916666666666665 0.03935185185185185
0 0.5572916666666666 0.17083333333333334 0.022916666666666665 0.03935185185185185
0 0.615625 0.17592592592592593 0.022916666666666665 0.03935185185185185
0 0.6739583333333333 0.17962962962962964 0.022916666666666665 0.03935185185185185