0 0.6708333333333333 0.17592592592592593 0.022916666666666665 0.03935185185185185
0 0.6125 0.1726851851851852 0.022916666666666665 0.03935185185185185
0 0.5541666666666667 0.16712962962962963 0.022916666666666665 0.03935185185185185
0 0.4947916666666667 0.1638888888888889 0.022916666666666665 0.03935185185185185
0 0.43645833333333334 0.16018518518518518 0.022916666666666665 0.03935185185185185
0 0.378125 0.15648148148148147 0.022916666666666665 0.03935185185185185
0 0.31979166666666664 0.15324074074074073 0.022916666666666665 0.03935185185185185
0 0.6854166666666667 0.23657407407407408 0.022916666666666665 0.03935185185185185
0 0.621875 0.23287037037037037 0.022916666666666665 0.03935185185185185
0 0.5583333333333333 0.22962962962962963 0.022916666666666665 0.03935185185185185
0 0.49583333333333335 0.22407407407407406 0.022916666666666665 0.03935185185185185
0 0.4322916666666667 0.22083333333333333 0.022916666666666665 0.03935185185185185
0 0.3697916666666667 0.21712962962962962 0.022916666666666665 0.03935185185185185
0 0.30625 0.21342592592592594 0.022916666666666665 0.03935185185185185
0 0.7010416666666667 0.30972222222222223 0.022916666666666665 0.03935185185185185
0 0.6322916666666667 0.30416666666666664 0.022916666666666665 0.03935185185185185
0 0.5635416666666667 0.30092592592592593 0.022916666666666665 0.03935185185185185
0 0.49583333333333335 0.2953703703703704 0.022916666666666665 0.03935185185185185
0 0.4270833333333333 0.2916666666666667 0.022916666666666665 0.03935185185185185
0 0.359375 0.2865740740740741 0.022916666666666665 0.03935185185185185
0 0.290625 0.2828703703703704 0.022916666666666665 0.03935185185185185
0 0.7208333333333333 0.39305555555555555 0.022916666666666665 0.03935185185185185
0 0.6447916666666667 0.38981481481481484 0.022916666666666665 0.03935185185185185
0 0.5708333333333333 0.38425925925925924 0.022916666666666665 0.03935185185185185
0 0.49583333333333335 0.37916666666666665 0.022916666666666665 0.03935185185185185
0 0.42083333333333334 0.3736111111111111 0.022916666666666665 0.03935185185185185
0 0.346875 0.3699074074074074 0.022916666666666665 0.03935185185185185
0 0.271875 0.3648148148148148 0.022916666666666665 0.03935185185185185
0 0.74375 0.4962962962962963 0.022916666666666665 0.03935185185185185
0 0.6604166666666667 0.4912037037037037 0.022916666666666665 0.03935185185185185
0 0.578125 0.48564814814814816 0.022916666666666665 0.03935185185185185
0 0.49583333333333335 0.48055555555555557 0.022916666666666665 0.03935185185185185
0 0.41354166666666664 0.47314814814814815 0.022916666666666665 0.03935185185185185
0 0.33229166666666665 0.46805555555555556 0.022916666666666665 0.03935185185185185
0 0.25 0.4625 0.022916666666666665 0.03935185185185185
0 0.771875 0.6208333333333333 0.022916666666666665 0.03935185185185185
0 0.6791666666666667 0.6157407407407407 0.022916666666666665 0.03935185185185185
0 0.5875 0.6083333333333333 0.022916666666666665 0.03935185185185185
0 0.49583333333333335 0.6032407407407407 0.022916666666666665 0.03935185185185185
0 0.40520833333333334 0.5962962962962963 0.022916666666666665 0.03935185185185185
0 0.31354166666666666 0.5907407407407408 0.022916666666666665 0.03935185185185185
0 0.22291666666666668 0.5837962962962963 0.022916666666666665 0.03935185185185185
0 0.80625 0.7791666666666667 0.022916666666666665 0.03935185185185185
0 0.703125 0.7703703703703704 0.022916666666666665 0.03935185185185185
0 0.6 0.763425925925926 0.022916666666666665 0.03935185185185185
0 0.496875 0.7560185185185185 0.022916666666666665 0.03935185185185185
0 0.39375 0.7490740740740741 0.022916666666666665 0.03935185185185185
0 0.2916666666666667 0.7421296296296296 0.022916666666666665 0.03935185185185185
0 0.18854166666666666 0.7347222222222223 0.022916666666666665 0.03935185185185185