0 0.6427083333333333 0.1574074074074074 0.022916666666666665 0.03981481481481482
0 0.5854166666666667 0.1574074074074074 0.022916666666666665 0.03981481481481482
0 0.528125 0.15925925925925927 0.022916666666666665 0.03981481481481482
0 0.46875 0.15925925925925927 0.022916666666666665 0.03981481481481482
0 0.409375 0.16111111111111112 0.022916666666666665 0.03981481481481482
0 0.3489583333333333 0.16111111111111112 0.022916666666666665 0.03981481481481482
0 0.2875 0.16296296296296298 0.022916666666666665 0.03981481481481482
0 0.659375 0.21574074074074073 0.022916666666666665 0.03981481481481482
0 0.5989583333333334 0.21574074074074073 0.022916666666666665 0.03981481481481482
0 0.5364583333333334 0.2175925925925926 0.022916666666666665 0.03981481481481482
0 0.4739583333333333 0.21898148148148147 0.022916666666666665 0.03981481481481482
0 0.409375 0.22083333333333333 0.022916666666666665 0.03981481481481482
0 0.34375 0.22268518518518518 0.022916666666666665 0.03981481481481482
0 0.278125 0.22453703703703703 0.022916666666666665 0.03981481481481482
0 0.6802083333333333 0.2824074074074074 0.022916666666666665 0.03981481481481482
0 0.6145833333333334 0.28425925925925927 0.022916666666666665 0.03981481481481482
0 0.546875 0.2861111111111111 0.022916666666666665 0.03981481481481482
0 0.4791666666666667 0.287962962962963 0.022916666666666665 0.03981481481481482
0 0.409375 0.2916666666666667 0.022916666666666665 0.03981481481481482
0 0.3385416666666667 0.2935185185185185 0.022916666666666665 0.03981481481481482
0 0.26666666666666666 0.2953703703703704 0.022916666666666665 0.03981481481481482
0 0.7041666666666667 0.3625 0.022916666666666665 0.03981481481481482
0 0.6322916666666667 0.36435185185185187 0.022916666666666665 0.03981481481481482
0 0.559375 0.3675925925925926 0.022916666666666665 0.03981481481481482
0 0.48541666666666666 0.3712962962962963 0.022916666666666665 0.03981481481481482
0 0.409375 0.375 0.022916666666666665 0.03981481481481482
0 0.33229166666666665 0.3768518518518518 0.022916666666666665 0.03981481481481482
0 0.253125 0.38055555555555554 0.022916666666666665 0.03981481481481482
0 0.7322916666666667 0.4564814814814815 0.022916666666666665 0.03981481481481482
0 0.6541666666666667 0.4601851851851852 0.022916666666666665 0.03981481481481482
0 0.5739583333333333 0.46574074074074073 0.022916666666666665 0.03981481481481482
0 0.49270833333333336 0.4689814814814815 0.022916666666666665 0.03981481481481482
0 0.409375 0.47453703703703703 0.022916666666666665 0.03981481481481482
0 0.32395833333333335 0.47824074074074074 0.022916666666666665 0.03981481481481482
0 0.2375 0.4837962962962963 0.022916666666666665 0.03981481481481482
0 0.7666666666666667 0.5708333333333333 0.022916666666666665 0.03981481481481482
0 0.6802083333333333 0.5777777777777777 0.022916666666666665 0.03981481481481482
0 0.5916666666666667 0.5833333333333334 0.022916666666666665 0.03981481481481482
0 0.5020833333333333 0.5907407407407408 0.022916666666666665 0.03981481481481482
0 0.409375 0.5958333333333333 0.022916666666666665 0.03981481481481482
0 0.3145833333333333 0.6032407407407407 0.022916666666666665 0.03981481481481482
0 0.21770833333333334 0.6106481481481482 0.022916666666666665 0.03981481481481482
0 0.809375 0.7138888888888889 0.022916666666666665 0.03981481481481482
0 0.7135416666666666 0.7226851851851852 0.022916666666666665 0.03981481481481482
0 0.6145833333333334 0.7300925925925926 0.022916666666666665 0.03981481481481482
0 0.5135416666666667 0.7393518518518518 0.022916666666666665 0.03981481481481482
0 0.409375 0.75 0.022916666666666665 0.03981481481481482
0 0.3020833333333333 0.7592592592592593 0.022916666666666665 0.03981481481481482
0 0.19270833333333334 0.7680555555555556 0.022916666666666665 0.03981481481481482