0 0.8333333333333334 0.7393518518518518 0.025 0.032407407407407406
0 0.8145833333333333 0.625462962962963 0.025 0.032407407407407406
0 0.796875 0.5231481481481481 0.025 0.032407407407407406
0 0.7802083333333333 0.42685185185185187 0.025 0.032407407407407406
0 0.765625 0.33935185185185185 0.025 0.032407407407407406
0 0.7520833333333333 0.25833333333333336 0.025 0.032407407407407406
0 0.7385416666666667 0.1837962962962963 0.025 0.032407407407407406
0 0.74375 0.7407407407407407 0.025 0.032407407407407406
0 0.7291666666666666 0.625462962962963 0.025 0.032407407407407406
0 0.7145833333333333 0.5217592592592593 0.025 0.032407407407407406
0 0.7020833333333333 0.42685185185185187 0.025 0.032407407407407406
0 0.6895833333333333 0.33935185185185185 0.025 0.032407407407407406
0 0.678125 0.2569444444444444 0.025 0.032407407407407406
0 0.66875 0.1824074074074074 0.025 0.032407407407407406
0 0.653125 0.7407407407407407 0.025 0.032407407407407406
0 0.6416666666666667 0.6268518518518519 0.025 0.032407407407407406
0 0.63125 0.5217592592592593 0.025 0.032407407407407406
0 0.621875 0.425462962962963 0.025 0.032407407407407406
0 0.6135416666666667 0.33796296296296297 0.025 0.032407407407407406
0 0.6052083333333333 0.25555555555555554 0.025 0.032407407407407406
0 0.596875 0.17962962962962964 0.025 0.032407407407407406
0 0.5614583333333333 0.7416666666666667 0.025 0.032407407407407406
0 0.5541666666666667 0.6268518518518519 0.025 0.032407407407407406
0 0.5479166666666667 0.5217592592592593 0.025 0.032407407407407406
0 0.5416666666666666 0.425462962962963 0.025 0.032407407407407406
0 0.5354166666666667 0.3365740740740741 0.025 0.032407407407407406
0 0.5302083333333333 0.25416666666666665 0.025 0.032407407407407406
0 0.5260416666666666 0.17824074074074073 0.025 0.032407407407407406
0 0.46875 0.7430555555555556 0.025 0.032407407407407406
0 0.465625 0.6268518518518519 0.025 0.032407407407407406
0 0.4625 0.5217592592592593 0.025 0.032407407407407406
0 0.46041666666666664 0.42453703703703705 0.025 0.032407407407407406
0 0.45729166666666665 0.3351851851851852 0.025 0.032407407407407406
0 0.4552083333333333 0.25277777777777777 0.025 0.032407407407407406
0 0.453125 0.17685185185185184 0.025 0.032407407407407406
0 0.375 0.7444444444444445 0.025 0.032407407407407406
0 0.37604166666666666 0.6282407407407408 0.025 0.032407407407407406
0 0.3770833333333333 0.5217592592592593 0.025 0.032407407407407406
0 0.378125 0.42453703703703705 0.025 0.032407407407407406
0 0.37916666666666665 0.3351851851851852 0.025 0.032407407407407406
0 0.3802083333333333 0.2513888888888889 0.025 0.032407407407407406
0 0.3802083333333333 0.17546296296296296 0.025 0.032407407407407406
0 0.28020833333333334 0.7458333333333333 0.025 0.032407407407407406
0 0.28541666666666665 0.6282407407407408 0.025 0.032407407407407406
0 0.290625 0.5217592592592593 0.025 0.032407407407407406
0 0.29583333333333334 0.42314814814814816 0.025 0.032407407407407406
0 0.3 0.3337962962962963 0.025 0.032407407407407406
0 0.303125 0.25 0.025 0.032407407407407406
0 0.3072916666666667 0.17453703703703705 0.025 0.032407407407407406