0 0.5 0.30462962962962964 0.016666666666666666 0.020833333333333332
0 0.4583333333333333 0.32407407407407407 0.016666666666666666 0.020833333333333332
0 0.415625 0.34629629629629627 0.016666666666666666 0.020833333333333332
0 0.36875 0.3699074074074074 0.016666666666666666 0.020833333333333332
0 0.31979166666666664 0.39305555555555555 0.016666666666666666 0.020833333333333332
0 0.26666666666666666 0.4203703703703704 0.016666666666666666 0.020833333333333332
0 0.21041666666666667 0.44814814814814813 0.016666666666666666 0.020833333333333332
0 0.540625 0.32546296296296295 0.016666666666666666 0.020833333333333332
0 0.49895833333333334 0.34629629629629627 0.016666666666666666 0.020833333333333332
0 0.4552083333333333 0.3699074074074074 0.016666666666666666 0.020833333333333332
0 0.409375 0.39444444444444443 0.016666666666666666 0.020833333333333332
0 0.359375 0.4203703703703704 0.016666666666666666 0.020833333333333332
0 0.30625 0.44907407407407407 0.016666666666666666 0.020833333333333332
0 0.25 0.4791666666666667 0.016666666666666666 0.020833333333333332
0 0.5833333333333334 0.3476851851851852 0.016666666666666666 0.020833333333333332
0 0.5427083333333333 0.3712962962962963 0.016666666666666666 0.020833333333333332
0 0.49895833333333334 0.3958333333333333 0.016666666666666666 0.020833333333333332
0 0.45208333333333334 0.4217592592592593 0.016666666666666666 0.020833333333333332
0 0.403125 0.44907407407407407 0.016666666666666666 0.020833333333333332
0 0.3489583333333333 0.4791666666666667 0.016666666666666666 0.020833333333333332
0 0.2916666666666667 0.5115740740740741 0.016666666666666666 0.020833333333333332
0 0.6291666666666667 0.3712962962962963 0.016666666666666666 0.020833333333333332
0 0.5885416666666666 0.3958333333333333 0.016666666666666666 0.020833333333333332
0 0.5447916666666667 0.4217592592592593 0.016666666666666666 0.020833333333333332
0 0.49895833333333334 0.45046296296296295 0.016666666666666666 0.020833333333333332
0 0.44895833333333335 0.48055555555555557 0.016666666666666666 0.020833333333333332
0 0.39479166666666665 0.512962962962963 0.016666666666666666 0.020833333333333332
0 0.3375 0.5481481481481482 0.016666666666666666 0.020833333333333332
0 0.678125 0.3972222222222222 0.016666666666666666 0.020833333333333332
0 0.6375 0.42314814814814816 0.016666666666666666 0.020833333333333332
0 0.5947916666666667 0.45046296296296295 0.016666666666666666 0.020833333333333332
0 0.5479166666666667 0.48194444444444445 0.016666666666666666 0.020833333333333332
0 0.4979166666666667 0.512962962962963 0.016666666666666666 0.020833333333333332
0 0.44479166666666664 0.5481481481481482 0.016666666666666666 0.020833333333333332
0 0.38645833333333335 0.5861111111111111 0.016666666666666666 0.020833333333333332
0 0.7302083333333333 0.42314814814814816 0.016666666666666666 0.020833333333333332
0 0.690625 0.45185185185185184 0.016666666666666666 0.020833333333333332
0 0.646875 0.48194444444444445 0.016666666666666666 0.020833333333333332
0 0.6010416666666667 0.5143518518518518 0.016666666666666666 0.020833333333333332
0 0.5510416666666667 0.549537037037037 0.016666666666666666 0.020833333333333332
0 0.4979166666666667 0.587037037037037 0.016666666666666666 0.020833333333333332
0 0.4395833333333333 0.6287037037037037 0.016666666666666666 0.020833333333333332
0 0.7864583333333334 0.4532407407407407 0.016666666666666666 0.020833333333333332
0 0.746875 0.4828703703703704 0.016666666666666666 0.020833333333333332
0 0.7041666666666667 0.5157407407407407 0.016666666666666666 0.020833333333333332
0 0.6583333333333333 0.5509259259259259 0.016666666666666666 0.020833333333333332
0 0.609375 0.5884259259259259 0.016666666666666666 0.020833333333333332
0 0.5552083333333333 0.6287037037037037 0.016666666666666666 0.020833333333333332
0 0.496875 0.674537037037037 0.016666666666666666 0.020833333333333332