0 0.659375 0.35324074074074074 0.014583333333333334 0.02361111111111111
0 0.61875 0.34953703703703703 0.014583333333333334 0.02361111111111111
0 0.578125 0.34629629629629627 0.014583333333333334 0.02361111111111111
0 0.5385416666666667 0.34305555555555556 0.014583333333333334 0.02361111111111111
0 0.4979166666666667 0.33935185185185185 0.014583333333333334 0.02361111111111111
0 0.4583333333333333 0.33611111111111114 0.014583333333333334 0.02361111111111111
0 0.41770833333333335 0.33287037037037037 0.014583333333333334 0.02361111111111111
0 0.659375 0.41388888888888886 0.014583333333333334 0.02361111111111111
0 0.6177083333333333 0.40879629629629627 0.014583333333333334 0.02361111111111111
0 0.5770833333333333 0.40555555555555556 0.014583333333333334 0.02361111111111111
0 0.5354166666666667 0.40185185185185185 0.014583333333333334 0.02361111111111111
0 0.4947916666666667 0.39861111111111114 0.014583333333333334 0.02361111111111111
0 0.453125 0.39537037037037037 0.014583333333333334 0.02361111111111111
0 0.4125 0.39166666666666666 0.014583333333333334 0.02361111111111111
0 0.659375 0.47638888888888886 0.014583333333333334 0.02361111111111111
0 0.6177083333333333 0.47314814814814815 0.014583333333333334 0.02361111111111111
0 0.575 0.46805555555555556 0.014583333333333334 0.02361111111111111
0 0.5333333333333333 0.46435185185185185 0.014583333333333334 0.02361111111111111
0 0.490625 0.46111111111111114 0.014583333333333334 0.02361111111111111
0 0.44895833333333335 0.45787037037037037 0.014583333333333334 0.02361111111111111
0 0.40729166666666666 0.4527777777777778 0.014583333333333334 0.02361111111111111
0 0.659375 0.5421296296296296 0.014583333333333334 0.02361111111111111
0 0.6166666666666667 0.5388888888888889 0.014583333333333334 0.02361111111111111
0 0.5729166666666666 0.5337962962962963 0.014583333333333334 0.02361111111111111
0 0.5302083333333333 0.5305555555555556 0.014583333333333334 0.02361111111111111
0 0.4864583333333333 0.5268518518518519 0.014583333333333334 0.02361111111111111
0 0.44375 0.5217592592592593 0.014583333333333334 0.02361111111111111
0 0.4010416666666667 0.5185185185185185 0.014583333333333334 0.02361111111111111
0 0.6604166666666667 0.611574074074074 0.014583333333333334 0.02361111111111111
0 0.615625 0.6083333333333333 0.014583333333333334 0.02361111111111111
0 0.5708333333333333 0.6032407407407407 0.014583333333333334 0.02361111111111111
0 0.5270833333333333 0.5995370370370371 0.014583333333333334 0.02361111111111111
0 0.4822916666666667 0.5962962962962963 0.014583333333333334 0.02361111111111111
0 0.43854166666666666 0.5912037037037037 0.014583333333333334 0.02361111111111111
0 0.39375 0.5879629629629629 0.014583333333333334 0.02361111111111111
0 0.6604166666666667 0.6856481481481481 0.014583333333333334 0.02361111111111111
0 0.6145833333333334 0.6805555555555556 0.014583333333333334 0.02361111111111111
0 0.56875 0.6773148148148148 0.014583333333333334 0.02361111111111111
0 0.5239583333333333 0.6722222222222223 0.014583333333333334 0.02361111111111111
0 0.478125 0.6689814814814815 0.014583333333333334 0.02361111111111111
0 0.4322916666666667 0.6638888888888889 0.014583333333333334 0.02361111111111111
0 0.3875 0.6606481481481481 0.014583333333333334 0.02361111111111111
0 0.6604166666666667 0.763425925925926 0.014583333333333334 0.02361111111111111
0 0.6135416666666667 0.7583333333333333 0.014583333333333334 0.02361111111111111
0 0.5666666666666667 0.7532407407407408 0.014583333333333334 0.02361111111111111
0 0.5197916666666667 0.75 0.014583333333333334 0.02361111111111111
0 0.47291666666666665 0.7449074074074075 0.014583333333333334 0.02361111111111111
0 0.4270833333333333 0.7398148148148148 0.014583333333333334 0.02361111111111111
0 0.3802083333333333 0.736574074074074 0.014583333333333334 0.02361111111111111