0 0.15104166666666666 0.5421296296296296 0.01875 0.027777777777777776
0 0.20208333333333334 0.587037037037037 0.01875 0.027777777777777776
0 0.2552083333333333 0.6351851851851852 0.01875 0.027777777777777776
0 0.3125 0.6847222222222222 0.01875 0.027777777777777776
0 0.3729166666666667 0.7393518518518518 0.01875 0.027777777777777776
0 0.43645833333333334 0.7949074074074074 0.01875 0.027777777777777776
0 0.5041666666666667 0.8555555555555555 0.01875 0.027777777777777776
0 0.21666666666666667 0.49675925925925923 0.01875 0.027777777777777776
0 0.2677083333333333 0.5402777777777777 0.01875 0.027777777777777776
0 0.3229166666666667 0.5851851851851851 0.01875 0.027777777777777776
0 0.37916666666666665 0.6333333333333333 0.01875 0.027777777777777776
0 0.4395833333333333 0.6833333333333333 0.01875 0.027777777777777776
0 0.5041666666666667 0.7361111111111112 0.01875 0.027777777777777776
0 0.571875 0.7935185185185185 0.01875 0.027777777777777776
0 0.2791666666666667 0.4550925925925926 0.01875 0.027777777777777776
0 0.33125 0.49537037037037035 0.01875 0.027777777777777776
0 0.3854166666666667 0.5388888888888889 0.01875 0.027777777777777776
0 0.4427083333333333 0.5837962962962963 0.01875 0.027777777777777776
0 0.503125 0.6305555555555555 0.01875 0.027777777777777776
0 0.5677083333333334 0.6814814814814815 0.01875 0.027777777777777776
0 0.6354166666666666 0.7342592592592593 0.01875 0.027777777777777776
0 0.33958333333333335 0.4148148148148148 0.01875 0.027777777777777776
0 0.39166666666666666 0.4532407407407407 0.01875 0.027777777777777776
0 0.44583333333333336 0.49398148148148147 0.01875 0.027777777777777776
0 0.503125 0.5356481481481481 0.01875 0.027777777777777776
0 0.5635416666666667 0.5805555555555556 0.01875 0.027777777777777776
0 0.6270833333333333 0.6287037037037037 0.01875 0.027777777777777776
0 0.6947916666666667 0.6787037037037037 0.01875 0.027777777777777776
0 0.3958333333333333 0.37592592592592594 0.01875 0.027777777777777776
0 0.4479166666666667 0.412962962962963 0.01875 0.027777777777777776
0 0.503125 0.45185185185185184 0.01875 0.027777777777777776
0 0.5604166666666667 0.49212962962962964 0.01875 0.027777777777777776
0 0.6208333333333333 0.5342592592592592 0.01875 0.027777777777777776
0 0.6833333333333333 0.5791666666666667 0.01875 0.027777777777777776
0 0.7510416666666667 0.6273148148148148 0.01875 0.027777777777777776
0 0.45 0.3402777777777778 0.01875 0.027777777777777776
0 0.5020833333333333 0.37407407407407406 0.01875 0.027777777777777776
0 0.5572916666666666 0.4115740740740741 0.01875 0.027777777777777776
0 0.6145833333333334 0.45046296296296295 0.01875 0.027777777777777776
0 0.6739583333333333 0.49074074074074076 0.01875 0.027777777777777776
0 0.7375 0.5324074074074074 0.01875 0.027777777777777776
0 0.8041666666666667 0.5777777777777777 0.01875 0.027777777777777776
0 0.5020833333333333 0.30416666666666664 0.01875 0.027777777777777776
0 0.5541666666666667 0.3384259259259259 0.01875 0.027777777777777776
0 0.6083333333333333 0.3726851851851852 0.01875 0.027777777777777776
0 0.665625 0.4097222222222222 0.01875 0.027777777777777776
0 0.725 0.4486111111111111 0.01875 0.027777777777777776
0 0.7885416666666667 0.48935185185185187 0.01875 0.027777777777777776
0 0.8541666666666666 0.5310185185185186 0.01875 0.027777777777777776