0 0.45729166666666665 0.26296296296296295 0.020833333333333332 0.03009259259259259
0 0.4239583333333333 0.3023148148148148 0.020833333333333332 0.03009259259259259
0 0.3875 0.34305555555555556 0.020833333333333332 0.03009259259259259
0 0.3489583333333333 0.38657407407407407 0.020833333333333332 0.03009259259259259
0 0.30625 0.43333333333333335 0.020833333333333332 0.03009259259259259
0 0.26145833333333335 0.4847222222222222 0.020833333333333332 0.03009259259259259
0 0.2125 0.5393518518518519 0.020833333333333332 0.03009259259259259
0 0.5166666666666667 0.28379629629629627 0.020833333333333332 0.03009259259259259
0 0.484375 0.32314814814814813 0.020833333333333332 0.03009259259259259
0 0.44895833333333335 0.36574074074074076 0.020833333333333332 0.03009259259259259
0 0.4125 0.4125 0.020833333333333332 0.03009259259259259
0 0.371875 0.46064814814814814 0.020833333333333332 0.03009259259259259
0 0.328125 0.513425925925926 0.020833333333333332 0.03009259259259259
0 0.28125 0.5708333333333333 0.020833333333333332 0.03009259259259259
0 0.5770833333333333 0.3050925925925926 0.020833333333333332 0.03009259259259259
0 0.546875 0.3458333333333333 0.020833333333333332 0.03009259259259259
0 0.5135416666666667 0.3912037037037037 0.020833333333333332 0.03009259259259259
0 0.478125 0.43796296296296294 0.020833333333333332 0.03009259259259259
0 0.4395833333333333 0.48935185185185187 0.020833333333333332 0.03009259259259259
0 0.39791666666666664 0.5439814814814815 0.020833333333333332 0.03009259259259259
0 0.353125 0.6041666666666666 0.020833333333333332 0.03009259259259259
0 0.640625 0.3277777777777778 0.020833333333333332 0.03009259259259259
0 0.6114583333333333 0.3699074074074074 0.020833333333333332 0.03009259259259259
0 0.5802083333333333 0.4152777777777778 0.020833333333333332 0.03009259259259259
0 0.5458333333333333 0.4652777777777778 0.020833333333333332 0.03009259259259259
0 0.509375 0.5180555555555556 0.020833333333333332 0.03009259259259259
0 0.4708333333333333 0.575462962962963 0.020833333333333332 0.03009259259259259
0 0.4270833333333333 0.6388888888888888 0.020833333333333332 0.03009259259259259
0 0.7052083333333333 0.350462962962963 0.020833333333333332 0.03009259259259259
0 0.678125 0.39444444444444443 0.020833333333333332 0.03009259259259259
0 0.6489583333333333 0.4425925925925926 0.020833333333333332 0.03009259259259259
0 0.6166666666666667 0.49398148148148147 0.020833333333333332 0.03009259259259259
0 0.5833333333333334 0.5481481481481482 0.020833333333333332 0.03009259259259259
0 0.5458333333333333 0.6087962962962963 0.020833333333333332 0.03009259259259259
0 0.5052083333333334 0.6736111111111112 0.020833333333333332 0.03009259259259259
0 0.7729166666666667 0.37453703703703706 0.020833333333333332 0.03009259259259259
0 0.746875 0.4199074074074074 0.020833333333333332 0.03009259259259259
0 0.7197916666666667 0.4699074074074074 0.020833333333333332 0.03009259259259259
0 0.690625 0.5226851851851851 0.020833333333333332 0.03009259259259259
0 0.659375 0.5800925925925926 0.020833333333333332 0.03009259259259259
0 0.625 0.6435185185185185 0.020833333333333332 0.03009259259259259
0 0.5864583333333333 0.711574074074074 0.020833333333333332 0.03009259259259259
0 0.8427083333333333 0.39861111111111114 0.020833333333333332 0.03009259259259259
0 0.81875 0.44722222222222224 0.020833333333333332 0.03009259259259259
0 0.7947916666666667 0.49675925925925923 0.020833333333333332 0.03009259259259259
0 0.7677083333333333 0.5527777777777778 0.020833333333333332 0.03009259259259259
0 0.7385416666666667 0.6134259259259259 0.020833333333333332 0.03009259259259259
0 0.70625 0.6782407407407407 0.020833333333333332 0.03009259259259259
0 0.671875 0.7509259259259259 0.020833333333333332 0.03009259259259259