0 0.303125 0.674074074074074 0.01875 0.02824074074074074
0 0.39166666666666666 0.6583333333333333 0.01875 0.02824074074074074
0 0.47708333333333336 0.6425925925925926 0.01875 0.02824074074074074
0 0.559375 0.6287037037037037 0.01875 0.02824074074074074
0 0.6395833333333333 0.6143518518518518 0.01875 0.02824074074074074
0 0.715625 0.600462962962963 0.01875 0.02824074074074074
0 0.790625 0.5861111111111111 0.01875 0.02824074074074074
0 0.27708333333333335 0.5861111111111111 0.01875 0.02824074074074074
0 0.36354166666666665 0.5722222222222222 0.01875 0.02824074074074074
0 0.446875 0.5578703703703703 0.01875 0.02824074074074074
0 0.5270833333333333 0.5453703703703704 0.01875 0.02824074074074074
0 0.6041666666666666 0.5328703703703703 0.01875 0.02824074074074074
0 0.6791666666666667 0.5217592592592593 0.01875 0.02824074074074074
0 0.7510416666666667 0.5092592592592593 0.01875 0.02824074074074074
0 0.25416666666666665 0.5032407407407408 0.01875 0.02824074074074074
0 0.3375 0.49212962962962964 0.01875 0.02824074074074074
0 0.41770833333333335 0.47962962962962963 0.01875 0.02824074074074074
0 0.49583333333333335 0.4685185185185185 0.01875 0.02824074074074074
0 0.5708333333333333 0.45787037037037037 0.01875 0.02824074074074074
0 0.64375 0.44814814814814813 0.01875 0.02824074074074074
0 0.7145833333333333 0.4375 0.01875 0.02824074074074074
0 0.23229166666666667 0.4263888888888889 0.01875 0.02824074074074074
0 0.31354166666666666 0.41712962962962963 0.01875 0.02824074074074074
0 0.39166666666666666 0.4074074074074074 0.01875 0.02824074074074074
0 0.46770833333333334 0.39675925925925926 0.01875 0.02824074074074074
0 0.540625 0.3888888888888889 0.01875 0.02824074074074074
0 0.6114583333333333 0.37916666666666665 0.01875 0.02824074074074074
0 0.6802083333333333 0.3699074074074074 0.01875 0.02824074074074074
0 0.2125 0.3560185185185185 0.01875 0.02824074074074074
0 0.290625 0.34629629629629627 0.01875 0.02824074074074074
0 0.36666666666666664 0.3384259259259259 0.01875 0.02824074074074074
0 0.440625 0.33055555555555555 0.01875 0.02824074074074074
0 0.5114583333333333 0.3226851851851852 0.01875 0.02824074074074074
0 0.58125 0.31527777777777777 0.01875 0.02824074074074074
0 0.6479166666666667 0.3074074074074074 0.01875 0.02824074074074074
0 0.19375 0.2884259259259259 0.01875 0.02824074074074074
0 0.26979166666666665 0.28055555555555556 0.01875 0.02824074074074074
0 0.34375 0.2740740740740741 0.01875 0.02824074074074074
0 0.415625 0.26666666666666666 0.01875 0.02824074074074074
0 0.484375 0.2601851851851852 0.01875 0.02824074074074074
0 0.5520833333333334 0.2537037037037037 0.01875 0.02824074074074074
0 0.6177083333333333 0.24768518518518517 0.01875 0.02824074074074074
0 0.17604166666666668 0.22592592592592592 0.01875 0.02824074074074074
0 0.25 0.21944444444444444 0.01875 0.02824074074074074
0 0.321875 0.21296296296296297 0.01875 0.02824074074074074
0 0.39166666666666666 0.20833333333333334 0.01875 0.02824074074074074
0 0.459375 0.2023148148148148 0.01875 0.02824074074074074
0 0.525 0.19768518518518519 0.01875 0.02824074074074074
0 0.5895833333333333 0.1912037037037037 0.01875 0.02824074074074074