0 0.31197916666666664 0.6041666666666666 0.026041666666666668 0.026851851851851852
0 0.2578125 0.48194444444444445 0.026041666666666668 0.025
0 0.24479166666666666 0.6027777777777777 0.025 0.025925925925925925
0 0.23802083333333332 0.663425925925926 0.028125 0.026851851851851852
0 0.2671875 0.42268518518518516 0.023958333333333335 0.023148148148148147
0 0.19375 0.4810185185185185 0.025 0.026851851851851852
0 0.20104166666666667 0.4212962962962963 0.025 0.024074074074074074
0 0.5098958333333333 0.6699074074074074 0.028125 0.026851851851851852
0 0.30520833333333336 0.6652777777777777 0.027083333333333334 0.026851851851851852
0 0.5145833333333333 0.6074074074074074 0.027083333333333334 0.025925925925925925
0 0.18697916666666667 0.5416666666666666 0.026041666666666668 0.025925925925925925
0 0.5927083333333333 0.48703703703703705 0.027083333333333334 0.025925925925925925
0 0.34375 0.30694444444444446 0.025 0.025
0 0.3302083333333333 0.42453703703703705 0.025 0.023148148148148147
0 0.44166666666666665 0.6680555555555555 0.027083333333333334 0.026851851851851852
0 0.17291666666666666 0.6620370370370371 0.027083333333333334 0.025925925925925925
0 0.215625 0.3060185185185185 0.025 0.025
0 0.20729166666666668 0.36342592592592593 0.027083333333333334 0.025
0 0.33697916666666666 0.36527777777777776 0.026041666666666668 0.025
0 0.5869791666666667 0.5476851851851852 0.026041666666666668 0.026851851851851852
0 0.37447916666666664 0.6680555555555555 0.026041666666666668 0.026851851851851852
0 0.3182291666666667 0.5435185185185185 0.026041666666666668 0.025925925925925925
0 0.5192708333333333 0.5467592592592593 0.026041666666666668 0.025
0 0.18072916666666666 0.6013888888888889 0.026041666666666668 0.026851851851851852
0 0.5296875 0.4263888888888889 0.026041666666666668 0.025
0 0.5953125 0.4263888888888889 0.028125 0.026851851851851852
0 0.2515625 0.5430555555555555 0.026041666666666668 0.025
0 0.27239583333333334 0.3638888888888889 0.026041666666666668 0.024074074074074074
0 0.2791666666666667 0.3074074074074074 0.025 0.024074074074074074
0 0.5786458333333333 0.6712962962962963 0.028125 0.025925925925925925
0 0.4473958333333333 0.6074074074074074 0.028125 0.025925925925925925
0 0.5359375 0.36527777777777776 0.023958333333333335 0.023148148148148147
0 0.5244791666666667 0.48703703703703705 0.026041666666666668 0.024074074074074074
0 0.5833333333333334 0.6069444444444444 0.027083333333333334 0.025
0 0.32447916666666665 0.4837962962962963 0.023958333333333335 0.023148148148148147
0 0.6020833333333333 0.36666666666666664 0.025 0.024074074074074074
0 0.5432291666666667 0.3074074074074074 0.023958333333333335 0.024074074074074074
0 0.40989583333333335 0.3074074074074074 0.028125 0.025925925925925925
0 0.60625 0.3074074074074074 0.029166666666666667 0.025925925925925925
0 0.3802083333333333 0.6074074074074074 0.027083333333333334 0.025925925925925925
0 0.403125 0.36666666666666664 0.027083333333333334 0.025925925925925925
0 0.475 0.3074074074074074 0.025 0.025925925925925925
0 0.39375 0.4263888888888889 0.027083333333333334 0.026851851851851852
0 0.46145833333333336 0.4273148148148148 0.025 0.025
0 0.46822916666666664 0.36666666666666664 0.023958333333333335 0.024074074074074074
0 0.45 0.549537037037037 0.029166666666666667 0.025
0 0.38125 0.48703703703703705 0.025 0.025925925925925925
0 0.38125 0.5476851851851852 0.025 0.025
0 0.44895833333333335 0.49027777777777776 0.029166666666666667 0.028703703703703703