0 0.21458333333333332 0.30972222222222223 0.025520833333333333 0.02962962962962963
0 0.2755208333333333 0.30972222222222223 0.03177083333333333 0.024537037037037038
0 0.3411458333333333 0.31157407407407406 0.0296875 0.02361111111111111
0 0.4078125 0.3101851851851852 0.022395833333333334 0.020833333333333332
0 0.4713541666666667 0.31157407407407406 0.025 0.018518518518518517
0 0.5380208333333333 0.30925925925925923 0.027604166666666666 0.02175925925925926
0 0.603125 0.3125 0.026041666666666668 0.020370370370370372
0 0.20833333333333334 0.3680555555555556 0.029166666666666667 0.024074074074074074
0 0.26979166666666665 0.3685185185185185 0.03229166666666667 0.01898148148148148
0 0.3380208333333333 0.3680555555555556 0.03125 0.021296296296296296
0 0.4005208333333333 0.3680555555555556 0.021354166666666667 0.01990740740740741
0 0.4666666666666667 0.36898148148148147 0.0328125 0.025
0 0.5348958333333333 0.3712962962962963 0.025 0.020370370370370372
0 0.603125 0.37037037037037035 0.026041666666666668 0.025925925925925925
0 0.20104166666666667 0.425 0.023958333333333335 0.01990740740740741
0 0.26666666666666666 0.4263888888888889 0.021875 0.018055555555555554
0 0.3307291666666667 0.42777777777777776 0.0203125 0.020370370370370372
0 0.3963541666666667 0.4273148148148148 0.03177083333333333 0.020833333333333332
0 0.46145833333333336 0.4300925925925926 0.022395833333333334 0.018055555555555554
0 0.53125 0.4300925925925926 0.019270833333333334 0.018055555555555554
0 0.5953125 0.4310185185185185 0.021875 0.01990740740740741
0 0.19375 0.4824074074074074 0.025 0.02638888888888889
0 0.2578125 0.4842592592592593 0.020833333333333332 0.021296296296296296
0 0.3229166666666667 0.4861111111111111 0.023958333333333335 0.024074074074074074
0 0.3890625 0.487962962962963 0.030208333333333334 0.025
0 0.45989583333333334 0.4888888888888889 0.021875 0.022685185185185187
0 0.5229166666666667 0.48842592592592593 0.021875 0.021296296296296296
0 0.5911458333333334 0.4888888888888889 0.024479166666666666 0.02175925925925926
0 0.1875 0.5444444444444444 0.023958333333333335 0.021296296296296296
0 0.2546875 0.5467592592592593 0.024479166666666666 0.023148148148148147
0 0.315625 0.5467592592592593 0.026041666666666668 0.020833333333333332
0 0.384375 0.5449074074074074 0.022395833333333334 0.021296296296296296
0 0.4515625 0.5509259259259259 0.025 0.020833333333333332
0 0.5182291666666666 0.5476851851851852 0.025520833333333333 0.024537037037037038
0 0.5859375 0.55 0.0296875 0.019444444444444445
0 0.18072916666666666 0.6050925925925926 0.025520833333333333 0.02546296296296296
0 0.24791666666666667 0.6055555555555555 0.01875 0.01712962962962963
0 0.3104166666666667 0.6078703703703704 0.019791666666666666 0.021296296296296296
0 0.37864583333333335 0.6078703703703704 0.023958333333333335 0.02361111111111111
0 0.446875 0.6101851851851852 0.023958333333333335 0.023148148148148147
0 0.5140625 0.6106481481481482 0.0265625 0.022222222222222223
0 0.5828125 0.611574074074074 0.027083333333333334 0.024074074074074074
0 0.17239583333333333 0.6657407407407407 0.0265625 0.02546296296296296
0 0.23854166666666668 0.6666666666666666 0.030208333333333334 0.02361111111111111
0 0.303125 0.6685185185185185 0.0234375 0.021296296296296296
0 0.3729166666666667 0.6699074074074074 0.026041666666666668 0.02175925925925926
0 0.4395833333333333 0.6717592592592593 0.03229166666666667 0.02546296296296296
0 0.5072916666666667 0.6726851851851852 0.024479166666666666 0.024074074074074074
0 0.5776041666666667 0.674537037037037 0.023958333333333335 0.027777777777777776