0 0.4473958333333333 0.6074074074074074 0.028125 0.025925925925925925
0 0.44166666666666665 0.6680555555555555 0.029166666666666667 0.026851851851851852
0 0.3796875 0.6060185185185185 0.026041666666666668 0.025
0 0.3729166666666667 0.6680555555555555 0.027083333333333334 0.025
0 0.20104166666666667 0.42314814814814816 0.022916666666666665 0.022222222222222223
0 0.31197916666666664 0.6055555555555555 0.023958333333333335 0.024074074074074074
0 0.26666666666666666 0.42453703703703705 0.022916666666666665 0.021296296296296296
0 0.24479166666666666 0.6041666666666666 0.022916666666666665 0.021296296296296296
0 0.19427083333333334 0.4824074074074074 0.023958333333333335 0.022222222222222223
0 0.4510416666666667 0.5462962962962963 0.025 0.024074074074074074
0 0.3046875 0.6671296296296296 0.026041666666666668 0.025
0 0.2375 0.6652777777777777 0.027083333333333334 0.025
0 0.4036458333333333 0.36666666666666664 0.021875 0.020370370370370372
0 0.2578125 0.4837962962962963 0.023958333333333335 0.021296296296296296
0 0.4635416666666667 0.42592592592592593 0.020833333333333332 0.020370370370370372
0 0.18645833333333334 0.5416666666666666 0.025 0.022222222222222223
0 0.45677083333333335 0.48518518518518516 0.023958333333333335 0.022222222222222223
0 0.39739583333333334 0.42592592592592593 0.021875 0.022222222222222223
0 0.39166666666666666 0.48518518518518516 0.022916666666666665 0.020370370370370372
0 0.34322916666666664 0.3087962962962963 0.023958333333333335 0.021296296296296296
0 0.509375 0.6712962962962963 0.027083333333333334 0.025925925925925925
0 0.21614583333333334 0.3074074074074074 0.021875 0.022222222222222223
0 0.18072916666666666 0.6027777777777777 0.023958333333333335 0.022222222222222223
0 0.17291666666666666 0.663425925925926 0.027083333333333334 0.023148148148148147
0 0.2796875 0.3087962962962963 0.021875 0.021296296296296296
0 0.5770833333333333 0.6712962962962963 0.022916666666666665 0.024074074074074074
0 0.3859375 0.5449074074074074 0.023958333333333335 0.021296296296296296
0 0.46875 0.36666666666666664 0.022916666666666665 0.022222222222222223
0 0.31875 0.5449074074074074 0.025 0.021296296296296296
0 0.33125 0.42453703703703705 0.020833333333333332 0.021296296296296296
0 0.5114583333333333 0.6087962962962963 0.025 0.025
0 0.4744791666666667 0.3087962962962963 0.023958333333333335 0.021296296296296296
0 0.25104166666666666 0.5430555555555555 0.025 0.023148148148148147
0 0.40989583333333335 0.30925925925925923 0.021875 0.020370370370370372
0 0.20625 0.36666666666666664 0.027083333333333334 0.024074074074074074
0 0.32447916666666665 0.48564814814814816 0.023958333333333335 0.021296296296296296
0 0.5802083333333333 0.6106481481481482 0.027083333333333334 0.025
0 0.5130208333333334 0.5476851851851852 0.023958333333333335 0.023148148148148147
0 0.5203125 0.48703703703703705 0.023958333333333335 0.024074074074074074
0 0.2703125 0.36527777777777776 0.026041666666666668 0.023148148148148147
0 0.5848958333333333 0.5476851851851852 0.028125 0.026851851851851852
0 0.33645833333333336 0.36666666666666664 0.025 0.024074074074074074
0 0.5833333333333334 0.48842592592592593 0.03125 0.026851851851851852
0 0.5239583333333333 0.4263888888888889 0.03125 0.026851851851851852
0 0.5364583333333334 0.3685185185185185 0.034375 0.022685185185185187
0 0.5541666666666667 0.31203703703703706 0.04635416666666667 0.021296296296296296
0 0.6192708333333333 0.3675925925925926 0.023958333333333335 0.021296296296296296
0 0.6151041666666667 0.31527777777777777 0.034375 0.027777777777777776
0 0.59375 0.4273148148148148 0.0265625 0.02638888888888889