0 0.2375 0.6652777777777777 0.027083333333333334 0.025
0 0.403125 0.36666666666666664 0.025 0.024074074074074074
0 0.31197916666666664 0.6041666666666666 0.023958333333333335 0.025
0 0.20104166666666667 0.42314814814814816 0.022916666666666665 0.022222222222222223
0 0.4625 0.42592592592592593 0.022916666666666665 0.022222222222222223
0 0.2453125 0.6041666666666666 0.023958333333333335 0.023148148148148147
0 0.19375 0.4824074074074074 0.025 0.024074074074074074
0 0.3796875 0.6060185185185185 0.026041666666666668 0.025
0 0.46822916666666664 0.3680555555555556 0.023958333333333335 0.023148148148148147
0 0.30416666666666664 0.6666666666666666 0.027083333333333334 0.025925925925925925
0 0.34322916666666664 0.3087962962962963 0.023958333333333335 0.023148148148148147
0 0.21614583333333334 0.3074074074074074 0.023958333333333335 0.024074074074074074
0 0.2671875 0.42314814814814816 0.023958333333333335 0.022222222222222223
0 0.4078125 0.3087962962962963 0.026041666666666668 0.025
0 0.5192708333333333 0.5476851851851852 0.026041666666666668 0.025
0 0.2578125 0.4837962962962963 0.023958333333333335 0.023148148148148147
0 0.3734375 0.6680555555555555 0.026041666666666668 0.023148148148148147
0 0.44166666666666665 0.6699074074074074 0.027083333333333334 0.025
0 0.32447916666666665 0.4837962962962963 0.023958333333333335 0.021296296296296296
0 0.5302083333333333 0.4263888888888889 0.022916666666666665 0.023148148148148147
0 0.3854166666666667 0.5449074074074074 0.025 0.023148148148148147
0 0.4744791666666667 0.3087962962962963 0.023958333333333335 0.023148148148148147
0 0.5875 0.5476851851851852 0.025 0.023148148148148147
0 0.5140625 0.6087962962962963 0.026041666666666668 0.023148148148148147
0 0.39114583333333336 0.48518518518518516 0.023958333333333335 0.022222222222222223
0 0.4510416666666667 0.5462962962962963 0.025 0.024074074074074074
0 0.39739583333333334 0.42592592592592593 0.026041666666666668 0.024074074074074074
0 0.17291666666666666 0.6620370370370371 0.027083333333333334 0.024074074074074074
0 0.5239583333333333 0.48703703703703705 0.025 0.024074074074074074
0 0.5927083333333333 0.48703703703703705 0.025 0.024074074074074074
0 0.5942708333333333 0.4263888888888889 0.026041666666666668 0.023148148148148147
0 0.5833333333333334 0.6087962962962963 0.027083333333333334 0.025
0 0.4479166666666667 0.6069444444444444 0.027083333333333334 0.025
0 0.18697916666666667 0.5416666666666666 0.026041666666666668 0.024074074074074074
0 0.3182291666666667 0.5449074074074074 0.023958333333333335 0.023148148148148147
0 0.18072916666666666 0.6027777777777777 0.023958333333333335 0.024074074074074074
0 0.3307291666666667 0.42453703703703705 0.023958333333333335 0.021296296296296296
0 0.2796875 0.3074074074074074 0.023958333333333335 0.022222222222222223
0 0.5354166666666667 0.3680555555555556 0.022916666666666665 0.021296296296296296
0 0.6015625 0.3685185185185185 0.021875 0.020370370370370372
0 0.5786458333333333 0.6726851851851852 0.028125 0.025
0 0.2078125 0.3638888888888889 0.023958333333333335 0.022222222222222223
0 0.5104166666666666 0.6712962962962963 0.027083333333333334 0.024074074074074074
0 0.4557291666666667 0.48703703703703705 0.026041666666666668 0.024074074074074074
0 0.3375 0.36666666666666664 0.022916666666666665 0.022222222222222223
0 0.5411458333333333 0.3087962962962963 0.023958333333333335 0.021296296296296296
0 0.25104166666666666 0.5430555555555555 0.025 0.023148148148148147
0 0.27239583333333334 0.3638888888888889 0.023958333333333335 0.022222222222222223
0 0.60625 0.3087962962962963 0.022916666666666665 0.021296296296296296