0 0.3734375 0.6652777777777777 0.028125 0.026851851851851852
0 0.31145833333333334 0.6013888888888889 0.025 0.025
0 0.26614583333333336 0.4212962962962963 0.023958333333333335 0.024074074074074074
0 0.37864583333333335 0.6041666666666666 0.026041666666666668 0.025
0 0.5927083333333333 0.4837962962962963 0.025 0.025
0 0.2578125 0.4791666666666667 0.023958333333333335 0.023148148148148147
0 0.19322916666666667 0.4791666666666667 0.023958333333333335 0.023148148148148147
0 0.384375 0.5430555555555555 0.027083333333333334 0.025
0 0.24375 0.6013888888888889 0.025 0.025
0 0.32447916666666665 0.4810185185185185 0.023958333333333335 0.023148148148148147
0 0.5869791666666667 0.5449074074074074 0.026041666666666668 0.025
0 0.20052083333333334 0.4199074074074074 0.023958333333333335 0.021296296296296296
0 0.23697916666666666 0.6620370370370371 0.026041666666666668 0.025925925925925925
0 0.18645833333333334 0.538425925925926 0.025 0.023148148148148147
0 0.3182291666666667 0.5416666666666666 0.023958333333333335 0.024074074074074074
0 0.1796875 0.5995370370370371 0.026041666666666668 0.025
0 0.3375 0.3638888888888889 0.022916666666666665 0.022222222222222223
0 0.5973958333333333 0.42453703703703705 0.023958333333333335 0.023148148148148147
0 0.39739583333333334 0.42314814814814816 0.023958333333333335 0.022222222222222223
0 0.44166666666666665 0.6652777777777777 0.027083333333333334 0.026851851851851852
0 0.17291666666666666 0.6606481481481481 0.027083333333333334 0.025
0 0.215625 0.3055555555555556 0.025 0.024074074074074074
0 0.30416666666666664 0.6638888888888889 0.027083333333333334 0.025925925925925925
0 0.2791666666666667 0.3060185185185185 0.022916666666666665 0.023148148148148147
0 0.3302083333333333 0.42268518518518516 0.025 0.023148148148148147
0 0.5848958333333333 0.6060185185185185 0.026041666666666668 0.025
0 0.4010416666666667 0.3638888888888889 0.025 0.024074074074074074
0 0.6015625 0.36527777777777776 0.026041666666666668 0.025
0 0.20729166666666668 0.36203703703703705 0.022916666666666665 0.022222222222222223
0 0.39114583333333336 0.4824074074074074 0.026041666666666668 0.024074074074074074
0 0.25104166666666666 0.5402777777777777 0.025 0.023148148148148147
0 0.6052083333333333 0.3060185185185185 0.027083333333333334 0.026851851851851852
0 0.27291666666666664 0.36203703703703705 0.025 0.024074074074074074
0 0.446875 0.5449074074074074 0.025 0.023148148148148147
0 0.5765625 0.6680555555555555 0.030208333333333334 0.026851851851851852
0 0.4078125 0.3060185185185185 0.026041666666666668 0.025
0 0.34322916666666664 0.3060185185185185 0.026041666666666668 0.025
0 0.5265625 0.4837962962962963 0.023958333333333335 0.025
0 0.5098958333333333 0.6666666666666666 0.028125 0.025925925925925925
0 0.44375 0.6041666666666666 0.025 0.025
0 0.5302083333333333 0.42268518518518516 0.025 0.025
0 0.51875 0.5435185185185185 0.025 0.025925925925925925
0 0.45729166666666665 0.4837962962962963 0.025 0.023148148148148147
0 0.5109375 0.6060185185185185 0.026041666666666668 0.025
0 0.45989583333333334 0.42268518518518516 0.023958333333333335 0.023148148148148147
0 0.45989583333333334 0.36527777777777776 0.021875 0.023148148148148147
0 0.5348958333333333 0.36342592592592593 0.030208333333333334 0.026851851851851852
0 0.46145833333333336 0.3074074074074074 0.025 0.024074074074074074
0 0.5390625 0.3055555555555556 0.03229166666666667 0.027777777777777776