0 0.1796875 0.5995370370370371 0.026041666666666668 0.025
0 0.25104166666666666 0.5402777777777777 0.022916666666666665 0.023148148148148147
0 0.31145833333333334 0.6013888888888889 0.025 0.025
0 0.46145833333333336 0.42314814814814816 0.020833333333333332 0.020370370370370372
0 0.5291666666666667 0.42314814814814816 0.020833333333333332 0.020370370370370372
0 0.24375 0.5995370370370371 0.025 0.025
0 0.3848958333333333 0.5416666666666666 0.023958333333333335 0.022222222222222223
0 0.5234375 0.4837962962962963 0.023958333333333335 0.021296296296296296
0 0.3177083333333333 0.5416666666666666 0.022916666666666665 0.022222222222222223
0 0.5953125 0.42314814814814816 0.021875 0.020370370370370372
0 0.40729166666666666 0.3060185185185185 0.025 0.023148148148148147
0 0.5916666666666667 0.4837962962962963 0.020833333333333332 0.019444444444444445
0 0.37864583333333335 0.6027777777777777 0.023958333333333335 0.024074074074074074
0 0.18697916666666667 0.538425925925926 0.026041666666666668 0.025
0 0.5385416666666667 0.3055555555555556 0.025 0.022222222222222223
0 0.4015625 0.3638888888888889 0.021875 0.022222222222222223
0 0.6010416666666667 0.36527777777777776 0.022916666666666665 0.021296296296296296
0 0.4505208333333333 0.5435185185185185 0.023958333333333335 0.022222222222222223
0 0.3953125 0.42314814814814816 0.021875 0.020370370370370372
0 0.32395833333333335 0.4810185185185185 0.020833333333333332 0.021296296296296296
0 0.44114583333333335 0.6666666666666666 0.026041666666666668 0.024074074074074074
0 0.4739583333333333 0.3060185185185185 0.025 0.023148148148148147
0 0.17291666666666666 0.6601851851851852 0.027083333333333334 0.025925925925925925
0 0.509375 0.6666666666666666 0.027083333333333334 0.024074074074074074
0 0.30520833333333336 0.6662037037037037 0.023958333333333335 0.030555555555555555
0 0.3723958333333333 0.6652777777777777 0.030208333333333334 0.026851851851851852
0 0.5130208333333334 0.6055555555555555 0.023958333333333335 0.022222222222222223
0 0.3380208333333333 0.36342592592592593 0.019791666666666666 0.019444444444444445
0 0.46770833333333334 0.3638888888888889 0.022916666666666665 0.020370370370370372
0 0.5328125 0.36527777777777776 0.021875 0.019444444444444445
0 0.446875 0.6041666666666666 0.027083333333333334 0.023148148148148147
0 0.5791666666666667 0.6680555555555555 0.027083333333333334 0.023148148148148147
0 0.3890625 0.4824074074074074 0.023958333333333335 0.022222222222222223
0 0.6052083333333333 0.3060185185185185 0.020833333333333332 0.019444444444444445
0 0.51875 0.5435185185185185 0.020833333333333332 0.020370370370370372
0 0.23645833333333333 0.6606481481481481 0.027083333333333334 0.025
0 0.33125 0.4212962962962963 0.020833333333333332 0.020370370370370372
0 0.34322916666666664 0.30416666666666664 0.023958333333333335 0.023148148148148147
0 0.45625 0.4824074074074074 0.020833333333333332 0.022222222222222223
0 0.5822916666666667 0.6055555555555555 0.022916666666666665 0.020370370370370372
0 0.25729166666666664 0.4791666666666667 0.025 0.025
0 0.21302083333333333 0.30416666666666664 0.026041666666666668 0.023148148148148147
0 0.5869791666666667 0.5449074074074074 0.026041666666666668 0.021296296296296296
0 0.19375 0.4777777777777778 0.022916666666666665 0.025925925925925925
0 0.2765625 0.30277777777777776 0.023958333333333335 0.027777777777777776
0 0.26927083333333335 0.36342592592592593 0.023958333333333335 0.023148148148148147
0 0.20104166666666667 0.36203703703703705 0.025 0.024074074074074074
0 0.26666666666666666 0.4199074074074074 0.027083333333333334 0.025
0 0.20104166666666667 0.4199074074074074 0.029166666666666667 0.026851851851851852