0 0.1859375 0.538425925925926 0.026041666666666668 0.026851851851851852
0 0.19270833333333334 0.4791666666666667 0.025 0.025
0 0.17291666666666666 0.6601851851851852 0.029166666666666667 0.027777777777777776
0 0.1796875 0.5995370370370371 0.026041666666666668 0.026851851851851852
0 0.3729166666666667 0.6652777777777777 0.029166666666666667 0.026851851851851852
0 0.2 0.4199074074074074 0.025 0.023148148148148147
0 0.4739583333333333 0.3060185185185185 0.025 0.023148148148148147
0 0.3854166666666667 0.5430555555555555 0.025 0.025
0 0.44166666666666665 0.6671296296296296 0.027083333333333334 0.025
0 0.5296875 0.42453703703703705 0.023958333333333335 0.021296296296296296
0 0.215625 0.30416666666666664 0.025 0.023148148148148147
0 0.509375 0.6680555555555555 0.027083333333333334 0.025
0 0.20677083333333332 0.36203703703703705 0.023958333333333335 0.022222222222222223
0 0.5921875 0.48518518518518516 0.023958333333333335 0.022222222222222223
0 0.23802083333333332 0.6606481481481481 0.026041666666666668 0.026851851851851852
0 0.5385416666666667 0.3060185185185185 0.027083333333333334 0.023148148148148147
0 0.596875 0.42453703703703705 0.022916666666666665 0.021296296296296296
0 0.30520833333333336 0.663425925925926 0.025 0.026851851851851852
0 0.3890625 0.4824074074074074 0.026041666666666668 0.025925925925925925
0 0.4510416666666667 0.5430555555555555 0.025 0.023148148148148147
0 0.403125 0.36342592592592593 0.027083333333333334 0.025
0 0.4625 0.42314814814814816 0.022916666666666665 0.022222222222222223
0 0.5765625 0.6680555555555555 0.026041666666666668 0.023148148148148147
0 0.5239583333333333 0.48518518518518516 0.025 0.022222222222222223
0 0.39739583333333334 0.42314814814814816 0.023958333333333335 0.022222222222222223
0 0.6015625 0.36527777777777776 0.023958333333333335 0.021296296296296296
0 0.24322916666666666 0.6013888888888889 0.023958333333333335 0.026851851851851852
0 0.5140625 0.6055555555555555 0.023958333333333335 0.022222222222222223
0 0.4479166666666667 0.6060185185185185 0.025 0.023148148148148147
0 0.37916666666666665 0.6041666666666666 0.027083333333333334 0.023148148148148147
0 0.6057291666666667 0.3074074074074074 0.023958333333333335 0.020370370370370372
0 0.46770833333333334 0.36342592592592593 0.029166666666666667 0.025
0 0.24427083333333333 0.5402777777777777 0.026041666666666668 0.025
0 0.25052083333333336 0.48055555555555557 0.023958333333333335 0.024074074074074074
0 0.4125 0.3055555555555556 0.025 0.025925925925925925
0 0.5348958333333333 0.36527777777777776 0.023958333333333335 0.021296296296296296
0 0.584375 0.6060185185185185 0.025 0.021296296296296296
0 0.5869791666666667 0.5462962962962963 0.026041666666666668 0.022222222222222223
0 0.4557291666666667 0.4837962962962963 0.026041666666666668 0.023148148148148147
0 0.3125 0.6041666666666666 0.025 0.025
0 0.2625 0.36342592592592593 0.025 0.023148148148148147
0 0.2708333333333333 0.3060185185185185 0.027083333333333334 0.026851851851851852
0 0.25729166666666664 0.4212962962962963 0.027083333333333334 0.025925925925925925
0 0.5192708333333333 0.5435185185185185 0.023958333333333335 0.020370370370370372
0 0.31979166666666664 0.4824074074074074 0.029166666666666667 0.027777777777777776
0 0.3177083333333333 0.5430555555555555 0.027083333333333334 0.025
0 0.3375 0.3074074074074074 0.029166666666666667 0.027777777777777776
0 0.3333333333333333 0.36527777777777776 0.029166666666666667 0.026851851851851852
0 0.32864583333333336 0.42268518518518516 0.030208333333333334 0.026851851851851852
0 0.6385416666666667 0.010648148148148148 0.027083333333333334 0.021296296296296296
0 0.5692708333333333 0.010648148148148148 0.026041666666666668 0.021296296296296296