0 0.21510416666666668 0.30972222222222223 0.027604166666666666 0.020833333333333332
0 0.28125 0.3111111111111111 0.026041666666666668 0.02546296296296296
0 0.34427083333333336 0.3111111111111111 0.027604166666666666 0.022685185185185187
0 0.4109375 0.3106481481481482 0.03177083333333333 0.022685185185185187
0 0.4744791666666667 0.3111111111111111 0.025520833333333333 0.02546296296296296
0 0.5416666666666666 0.3111111111111111 0.025520833333333333 0.02546296296296296
0 0.6067708333333334 0.3101851851851852 0.0234375 0.02638888888888889
0 0.20989583333333334 0.36527777777777776 0.027083333333333334 0.025
0 0.27395833333333336 0.36898148148148147 0.03125 0.02824074074074074
0 0.3385416666666667 0.3675925925925926 0.027083333333333334 0.027314814814814816
0 0.403125 0.37083333333333335 0.0234375 0.024074074074074074
0 0.46979166666666666 0.3685185185185185 0.024479166666666666 0.02175925925925926
0 0.5359375 0.3712962962962963 0.024479166666666666 0.020833333333333332
0 0.603125 0.37175925925925923 0.025 0.025925925925925925
0 0.20104166666666667 0.425 0.029166666666666667 0.022222222222222223
0 0.26927083333333335 0.4263888888888889 0.025520833333333333 0.020370370370370372
0 0.32864583333333336 0.42777777777777776 0.029166666666666667 0.022222222222222223
0 0.3984375 0.42777777777777776 0.028645833333333332 0.02175925925925926
0 0.4625 0.42962962962962964 0.030729166666666665 0.01990740740740741
0 0.5302083333333333 0.4287037037037037 0.030208333333333334 0.022222222222222223
0 0.5989583333333334 0.4310185185185185 0.0375 0.022222222222222223
0 0.19583333333333333 0.48333333333333334 0.033854166666666664 0.02638888888888889
0 0.259375 0.4861111111111111 0.028645833333333332 0.026851851851851852
0 0.3255208333333333 0.48703703703703705 0.025520833333333333 0.029166666666666667
0 0.39166666666666666 0.48842592592592593 0.025520833333333333 0.026851851851851852
0 0.4578125 0.48703703703703705 0.027083333333333334 0.022685185185185187
0 0.5244791666666667 0.48842592592592593 0.022395833333333334 0.021296296296296296
0 0.5932291666666667 0.4912037037037037 0.027083333333333334 0.024537037037037038
0 0.18541666666666667 0.5435185185185185 0.030729166666666665 0.02546296296296296
0 0.2515625 0.5444444444444444 0.03229166666666667 0.02638888888888889
0 0.31979166666666664 0.5467592592592593 0.027604166666666666 0.022685185185185187
0 0.3854166666666667 0.5476851851851852 0.025 0.02638888888888889
0 0.45208333333333334 0.5486111111111112 0.0234375 0.02361111111111111
0 0.5192708333333333 0.5476851851851852 0.028645833333333332 0.02638888888888889
0 0.5890625 0.5509259259259259 0.0296875 0.025
0 0.18020833333333333 0.6050925925925926 0.030729166666666665 0.026851851851851852
0 0.24427083333333333 0.6069444444444444 0.0234375 0.022685185185185187
0 0.315625 0.6097222222222223 0.0265625 0.017592592592592594
0 0.3776041666666667 0.6106481481481482 0.027083333333333334 0.022222222222222223
0 0.4479166666666667 0.6092592592592593 0.03697916666666667 0.025925925925925925
0 0.5166666666666667 0.6125 0.027083333333333334 0.025925925925925925
0 0.584375 0.6111111111111112 0.0328125 0.023148148148148147
0 0.17291666666666666 0.6662037037037037 0.030729166666666665 0.022222222222222223
0 0.240625 0.6685185185185185 0.03333333333333333 0.02638888888888889
0 0.309375 0.6680555555555555 0.034895833333333334 0.02361111111111111
0 0.37135416666666665 0.6731481481481482 0.0328125 0.023148148148148147
0 0.440625 0.6717592592592593 0.029166666666666667 0.022222222222222223
0 0.5078125 0.6726851851851852 0.030729166666666665 0.024074074074074074
0 0.5776041666666667 0.6717592592592593 0.026041666666666668 0.022222222222222223