0 0.21666666666666667 0.3111111111111111 0.014583333333333334 0.0125
0 0.28072916666666664 0.31157407407407406 0.011979166666666667 0.009722222222222222
0 0.34427083333333336 0.3125 0.016666666666666666 0.0125
0 0.41041666666666665 0.31296296296296294 0.0109375 0.010648148148148148
0 0.475 0.31203703703703706 0.0140625 0.011574074074074073
0 0.5416666666666666 0.31157407407407406 0.015625 0.013888888888888888
0 0.6072916666666667 0.31342592592592594 0.016145833333333335 0.012962962962962963
0 0.6046875 0.37083333333333335 0.013020833333333334 0.014351851851851852
0 0.5375 0.37083333333333335 0.0140625 0.010648148148148148
0 0.4708333333333333 0.37037037037037035 0.014583333333333334 0.009722222222222222
0 0.40572916666666664 0.3712962962962963 0.014583333333333334 0.014814814814814815
0 0.3416666666666667 0.3680555555555556 0.014583333333333334 0.012962962962962963
0 0.275 0.36898148148148147 0.016666666666666666 0.012962962962962963
0 0.20989583333333334 0.36712962962962964 0.0140625 0.012962962962962963
0 0.2015625 0.425 0.018229166666666668 0.012962962962962963
0 0.2671875 0.42777777777777776 0.014583333333333334 0.013888888888888888
0 0.3333333333333333 0.42777777777777776 0.016145833333333335 0.01574074074074074
0 0.39895833333333336 0.42916666666666664 0.014583333333333334 0.0125
0 0.46510416666666665 0.42916666666666664 0.016145833333333335 0.017592592592592594
0 0.534375 0.43194444444444446 0.018229166666666668 0.016203703703703703
0 0.5989583333333334 0.42962962962962964 0.0140625 0.012962962962962963
0 0.5927083333333333 0.49027777777777776 0.016145833333333335 0.018518518518518517
0 0.5270833333333333 0.4912037037037037 0.018229166666666668 0.014814814814814815
0 0.4578125 0.487962962962963 0.016666666666666666 0.01574074074074074
0 0.3932291666666667 0.4888888888888889 0.016145833333333335 0.011574074074074073
0 0.32760416666666664 0.4875 0.017708333333333333 0.011111111111111112
0 0.2625 0.487962962962963 0.016666666666666666 0.012962962962962963
0 0.19739583333333333 0.4842592592592593 0.0140625 0.011111111111111112
0 0.1890625 0.5458333333333333 0.0140625 0.011574074074074073
0 0.25416666666666665 0.5467592592592593 0.008854166666666666 0.0060185185185185185
0 0.3234375 0.55 0.015625 0.009722222222222222
0 0.3859375 0.549537037037037 0.015625 0.013888888888888888
0 0.453125 0.549537037037037 0.013020833333333334 0.013888888888888888
0 0.5229166666666667 0.5513888888888889 0.016145833333333335 0.011111111111111112
0 0.590625 0.5513888888888889 0.013020833333333334 0.011111111111111112
0 0.5848958333333333 0.6129629629629629 0.016666666666666666 0.011574074074074073
0 0.515625 0.6111111111111112 0.014583333333333334 0.012962962962962963
0 0.44947916666666665 0.6106481481481482 0.014583333333333334 0.01574074074074074
0 0.38125 0.6111111111111112 0.014583333333333334 0.014351851851851852
0 0.31354166666666666 0.6083333333333333 0.014583333333333334 0.011111111111111112
0 0.24739583333333334 0.6064814814814815 0.0140625 0.010648148148148148
0 0.1828125 0.6050925925925926 0.017708333333333333 0.011111111111111112
0 0.175 0.6648148148148149 0.0125 0.011111111111111112
0 0.24166666666666667 0.6685185185185185 0.014583333333333334 0.0125
0 0.30833333333333335 0.6694444444444444 0.0140625 0.012962962962962963
0 0.37604166666666666 0.6708333333333333 0.016145833333333335 0.013888888888888888
0 0.4432291666666667 0.6722222222222223 0.0140625 0.013888888888888888
0 0.5109375 0.6731481481481482 0.015625 0.012962962962962963
0 0.5786458333333333 0.674074074074074 0.011979166666666667 0.011574074074074073