0 0.21770833333333334 0.31157407407407406 0.014583333333333334 0.011111111111111112
0 0.28125 0.3111111111111111 0.015104166666666667 0.010648148148148148
0 0.3463541666666667 0.3125 0.014583333333333334 0.010648148148148148
0 0.409375 0.3125 0.0125 0.011111111111111112
0 0.47552083333333334 0.31157407407407406 0.013020833333333334 0.009259259259259259
0 0.540625 0.31157407407407406 0.0140625 0.010648148148148148
0 0.6067708333333334 0.31203703703703706 0.013020833333333334 0.0125
0 0.21145833333333333 0.3675925925925926 0.0171875 0.0125
0 0.27395833333333336 0.36944444444444446 0.0140625 0.010648148148148148
0 0.3380208333333333 0.36898148148148147 0.0171875 0.01574074074074074
0 0.403125 0.37083333333333335 0.0125 0.010648148148148148
0 0.4703125 0.3712962962962963 0.016145833333333335 0.012962962962962963
0 0.5369791666666667 0.37037037037037035 0.0140625 0.011111111111111112
0 0.6041666666666666 0.3699074074074074 0.009895833333333333 0.010185185185185186
0 0.5989583333333334 0.4305555555555556 0.013020833333333334 0.011574074074074073
0 0.5322916666666667 0.43148148148148147 0.013020833333333334 0.0125
0 0.46510416666666665 0.42916666666666664 0.013020833333333334 0.010185185185185186
0 0.39895833333333336 0.42777777777777776 0.0140625 0.011574074074074073
0 0.33541666666666664 0.42824074074074076 0.014583333333333334 0.011574074074074073
0 0.26979166666666665 0.42824074074074076 0.015625 0.011111111111111112
0 0.20364583333333333 0.425462962962963 0.0125 0.010648148148148148
0 0.19427083333333334 0.48518518518518516 0.015625 0.01574074074074074
0 0.2609375 0.48703703703703705 0.015625 0.012962962962962963
0 0.32760416666666664 0.48842592592592593 0.016145833333333335 0.0125
0 0.3932291666666667 0.487962962962963 0.0125 0.010648148148148148
0 0.4583333333333333 0.4888888888888889 0.011458333333333333 0.011574074074074073
0 0.5260416666666666 0.48935185185185187 0.013020833333333334 0.013425925925925926
0 0.5953125 0.49212962962962964 0.015104166666666667 0.013888888888888888
0 0.19010416666666666 0.5439814814814815 0.015625 0.014351851851851852
0 0.253125 0.5462962962962963 0.014583333333333334 0.013425925925925926
0 0.32135416666666666 0.5481481481481482 0.0125 0.012962962962962963
0 0.38645833333333335 0.5476851851851852 0.011979166666666667 0.011111111111111112
0 0.45416666666666666 0.549537037037037 0.0140625 0.013888888888888888
0 0.5203125 0.55 0.0125 0.011574074074074073
0 0.5890625 0.5513888888888889 0.011979166666666667 0.013425925925925926
0 0.5848958333333333 0.6125 0.013020833333333334 0.011574074074074073
0 0.515625 0.611574074074074 0.0140625 0.011574074074074073
0 0.44895833333333335 0.6111111111111112 0.009895833333333333 0.008333333333333333
0 0.38125 0.6087962962962963 0.013020833333333334 0.011111111111111112
0 0.31354166666666666 0.6074074074074074 0.014583333333333334 0.009259259259259259
0 0.24791666666666667 0.6064814814814815 0.0140625 0.0125
0 0.18125 0.6060185185185185 0.0125 0.0125
0 0.17291666666666666 0.6648148148148149 0.011979166666666667 0.012962962962962963
0 0.24010416666666667 0.6689814814814815 0.0125 0.010648148148148148
0 0.30625 0.6703703703703704 0.0140625 0.014351851851851852
0 0.37604166666666666 0.6712962962962963 0.015625 0.013425925925925926
0 0.44427083333333334 0.6726851851851852 0.014583333333333334 0.010648148148148148
0 0.5114583333333333 0.674537037037037 0.015625 0.011574074074074073
0 0.5807291666666666 0.6754629629629629 0.015625 0.0125