0 0.4421875 0.6699074074074074 0.026041666666666668 0.023148148148148147
0 0.5104166666666666 0.6699074074074074 0.027083333333333334 0.025
0 0.2015625 0.42314814814814816 0.021875 0.018518518518518517
0 0.3255208333333333 0.4837962962962963 0.019791666666666666 0.019444444444444445
0 0.5161458333333333 0.6087962962962963 0.026041666666666668 0.023148148148148147
0 0.5854166666666667 0.6087962962962963 0.025 0.021296296296296296
0 0.30520833333333336 0.6666666666666666 0.025 0.022222222222222223
0 0.2671875 0.42314814814814816 0.019791666666666666 0.018518518518518517
0 0.5791666666666667 0.6726851851851852 0.027083333333333334 0.025
0 0.4635416666666667 0.42592592592592593 0.020833333333333332 0.018518518518518517
0 0.4484375 0.6074074074074074 0.026041666666666668 0.024074074074074074
0 0.39166666666666666 0.48518518518518516 0.020833333333333332 0.018518518518518517
0 0.37395833333333334 0.6680555555555555 0.025 0.023148148148148147
0 0.3182291666666667 0.5449074074074074 0.019791666666666666 0.021296296296296296
0 0.2598958333333333 0.4837962962962963 0.019791666666666666 0.019444444444444445
0 0.2453125 0.6041666666666666 0.021875 0.019444444444444445
0 0.33177083333333335 0.42453703703703705 0.019791666666666666 0.019444444444444445
0 0.4036458333333333 0.3680555555555556 0.019791666666666666 0.019444444444444445
0 0.5197916666666667 0.5462962962962963 0.022916666666666665 0.020370370370370372
0 0.3802083333333333 0.6074074074074074 0.025 0.022222222222222223
0 0.39791666666666664 0.42592592592592593 0.020833333333333332 0.020370370370370372
0 0.21614583333333334 0.3074074074074074 0.019791666666666666 0.018518518518518517
0 0.3859375 0.5462962962962963 0.019791666666666666 0.018518518518518517
0 0.4510416666666667 0.5462962962962963 0.022916666666666665 0.020370370370370372
0 0.5255208333333333 0.48564814814814816 0.019791666666666666 0.019444444444444445
0 0.45729166666666665 0.48703703703703705 0.020833333333333332 0.020370370370370372
0 0.5885416666666666 0.5481481481481482 0.025 0.022222222222222223
0 0.46875 0.36666666666666664 0.022916666666666665 0.020370370370370372
0 0.53125 0.42592592592592593 0.022916666666666665 0.022222222222222223
0 0.5364583333333334 0.36666666666666664 0.020833333333333332 0.018518518518518517
0 0.1875 0.5416666666666666 0.020833333333333332 0.020370370370370372
0 0.34375 0.3087962962962963 0.022916666666666665 0.021296296296296296
0 0.31197916666666664 0.6055555555555555 0.023958333333333335 0.022222222222222223
0 0.28020833333333334 0.3087962962962963 0.020833333333333332 0.019444444444444445
0 0.19479166666666667 0.4824074074074074 0.020833333333333332 0.018518518518518517
0 0.18177083333333333 0.6027777777777777 0.019791666666666666 0.018518518518518517
0 0.4739583333333333 0.3087962962962963 0.020833333333333332 0.021296296296296296
0 0.25364583333333335 0.5435185185185185 0.019791666666666666 0.018518518518518517
0 0.23854166666666668 0.6652777777777777 0.022916666666666665 0.019444444444444445
0 0.17291666666666666 0.6620370370370371 0.025 0.022222222222222223
0 0.40989583333333335 0.3101851851851852 0.019791666666666666 0.018518518518518517
0 0.5411458333333333 0.3087962962962963 0.026041666666666668 0.021296296296296296
0 0.20729166666666668 0.36527777777777776 0.022916666666666665 0.019444444444444445
0 0.5895833333333333 0.48703703703703705 0.027083333333333334 0.025925925925925925
0 0.5942708333333333 0.4263888888888889 0.023958333333333335 0.023148148148148147
0 0.5994791666666667 0.3685185185185185 0.023958333333333335 0.022222222222222223
0 0.3380208333333333 0.36666666666666664 0.019791666666666666 0.018518518518518517
0 0.2703125 0.36527777777777776 0.026041666666666668 0.023148148148148147
0 0.60625 0.30972222222222223 0.019270833333333334 0.021296296296296296