0 0.20052083333333334 0.4212962962962963 0.023958333333333335 0.022222222222222223
0 0.31145833333333334 0.6041666666666666 0.025 0.025
0 0.19375 0.4810185185185185 0.025 0.023148148148148147
0 0.2578125 0.4810185185185185 0.023958333333333335 0.023148148148148147
0 0.3046875 0.6652777777777777 0.026041666666666668 0.026851851851851852
0 0.18697916666666667 0.5402777777777777 0.026041666666666668 0.025
0 0.24479166666666666 0.6027777777777777 0.025 0.024074074074074074
0 0.4625 0.42453703703703705 0.022916666666666665 0.021296296296296296
0 0.3734375 0.6671296296296296 0.026041666666666668 0.025
0 0.2671875 0.42314814814814816 0.023958333333333335 0.022222222222222223
0 0.215625 0.3060185185185185 0.022916666666666665 0.023148148148148147
0 0.39114583333333336 0.4837962962962963 0.023958333333333335 0.021296296296296296
0 0.44114583333333335 0.6680555555555555 0.026041666666666668 0.023148148148148147
0 0.32447916666666665 0.4824074074074074 0.023958333333333335 0.022222222222222223
0 0.3182291666666667 0.5430555555555555 0.023958333333333335 0.023148148148148147
0 0.39791666666666664 0.42453703703703705 0.022916666666666665 0.021296296296296296
0 0.5104166666666666 0.6685185185185185 0.027083333333333334 0.025925925925925925
0 0.18020833333333333 0.6013888888888889 0.025 0.026851851851851852
0 0.3307291666666667 0.42314814814814816 0.023958333333333335 0.022222222222222223
0 0.17291666666666666 0.6620370370370371 0.027083333333333334 0.024074074074074074
0 0.2375 0.663425925925926 0.027083333333333334 0.026851851851851852
0 0.3854166666666667 0.5449074074074074 0.022916666666666665 0.021296296296296296
0 0.2796875 0.3074074074074074 0.023958333333333335 0.022222222222222223
0 0.20729166666666668 0.3638888888888889 0.022916666666666665 0.022222222222222223
0 0.5786458333333333 0.6699074074074074 0.028125 0.025
0 0.5145833333333333 0.6060185185185185 0.025 0.023148148148148147
0 0.4036458333333333 0.36527777777777776 0.023958333333333335 0.021296296296296296
0 0.25104166666666666 0.5416666666666666 0.025 0.024074074074074074
0 0.475 0.3074074074074074 0.025 0.024074074074074074
0 0.40989583333333335 0.3074074074074074 0.023958333333333335 0.024074074074074074
0 0.4484375 0.6060185185185185 0.023958333333333335 0.023148148148148147
0 0.34375 0.3074074074074074 0.025 0.024074074074074074
0 0.45677083333333335 0.48518518518518516 0.023958333333333335 0.020370370370370372
0 0.46770833333333334 0.3638888888888889 0.025 0.022222222222222223
0 0.4505208333333333 0.5449074074074074 0.023958333333333335 0.021296296296296296
0 0.3385416666666667 0.3648148148148148 0.020833333333333332 0.020370370370370372
0 0.37864583333333335 0.6041666666666666 0.026041666666666668 0.023148148148148147
0 0.27291666666666664 0.3638888888888889 0.022916666666666665 0.022222222222222223
0 0.5984375 0.42777777777777776 0.023958333333333335 0.025925925925925925
0 0.5317708333333333 0.42453703703703705 0.026041666666666668 0.023148148148148147
0 0.5223958333333333 0.48518518518518516 0.023958333333333335 0.022222222222222223
0 0.5822916666666667 0.6087962962962963 0.027083333333333334 0.026851851851851852
0 0.51875 0.5449074074074074 0.025 0.021296296296296296
0 0.5921875 0.48842592592592593 0.026041666666666668 0.026851851851851852
0 0.5859375 0.5449074074074074 0.026041666666666668 0.025
0 0.5994791666666667 0.36666666666666664 0.026041666666666668 0.027777777777777776
0 0.5322916666666667 0.3699074074074074 0.03125 0.028703703703703703
0 0.5359375 0.3074074074074074 0.023958333333333335 0.025
0 0.6041666666666666 0.30694444444444446 0.023958333333333335 0.02638888888888889