0 0.21875 0.30694444444444446 0.0171875 0.017592592592592594
0 0.28177083333333336 0.31296296296296294 0.016666666666666666 0.010185185185185186
0 0.35052083333333334 0.31296296296296294 0.019791666666666666 0.016203703703703703
0 0.4109375 0.31342592592592594 0.0171875 0.00787037037037037
0 0.4765625 0.31342592592592594 0.015625 0.010185185185185186
0 0.5427083333333333 0.31296296296296294 0.0140625 0.007407407407407408
0 0.6078125 0.3111111111111111 0.0140625 0.011111111111111112
0 0.6036458333333333 0.36944444444444446 0.008854166666666666 0.010185185185185186
0 0.5364583333333334 0.37037037037037035 0.015625 0.011574074074074073
0 0.4713541666666667 0.37083333333333335 0.015625 0.013425925925925926
0 0.4046875 0.36944444444444446 0.0171875 0.013425925925925926
0 0.33958333333333335 0.36944444444444446 0.016666666666666666 0.013425925925925926
0 0.2760416666666667 0.3680555555555556 0.015104166666666667 0.014814814814814815
0 0.20989583333333334 0.3685185185185185 0.013020833333333334 0.011111111111111112
0 0.20364583333333333 0.42592592592592593 0.0140625 0.014814814814814815
0 0.26927083333333335 0.4287037037037037 0.016666666666666666 0.013888888888888888
0 0.3328125 0.42824074074074076 0.011458333333333333 0.011574074074074073
0 0.39947916666666666 0.42916666666666664 0.015625 0.013888888888888888
0 0.4661458333333333 0.4300925925925926 0.015104166666666667 0.0125
0 0.5322916666666667 0.4310185185185185 0.0140625 0.011574074074074073
0 0.5984375 0.4305555555555556 0.018229166666666668 0.013425925925925926
0 0.5927083333333333 0.4888888888888889 0.018229166666666668 0.013888888888888888
0 0.5286458333333334 0.4888888888888889 0.0125 0.011111111111111112
0 0.4588541666666667 0.49074074074074076 0.015625 0.011574074074074073
0 0.39427083333333335 0.48935185185185187 0.016666666666666666 0.011574074074074073
0 0.328125 0.487962962962963 0.018229166666666668 0.011111111111111112
0 0.2609375 0.48657407407407405 0.015104166666666667 0.0125
0 0.1984375 0.4861111111111111 0.019791666666666666 0.011574074074074073
0 0.18697916666666667 0.5444444444444444 0.015104166666666667 0.016203703703703703
0 0.2546875 0.5467592592592593 0.0171875 0.0125
0 0.32083333333333336 0.5476851851851852 0.015104166666666667 0.013888888888888888
0 0.38645833333333335 0.5481481481481482 0.016666666666666666 0.015277777777777777
0 0.45364583333333336 0.5486111111111112 0.013020833333333334 0.014814814814814815
0 0.5223958333333333 0.5523148148148148 0.018229166666666668 0.014814814814814815
0 0.5885416666666666 0.5513888888888889 0.0171875 0.014814814814814815
0 0.18489583333333334 0.6050925925925926 0.0171875 0.010185185185185186
0 0.1734375 0.6648148148148149 0.016666666666666666 0.014814814814814815
0 0.240625 0.6685185185185185 0.0140625 0.013888888888888888
0 0.24739583333333334 0.6064814814814815 0.0140625 0.013888888888888888
0 0.31302083333333336 0.6074074074074074 0.021354166666666667 0.013425925925925926
0 0.38177083333333334 0.6101851851851852 0.016666666666666666 0.014814814814814815
0 0.44895833333333335 0.6092592592592593 0.01875 0.015277777777777777
0 0.5192708333333333 0.612037037037037 0.015625 0.011111111111111112
0 0.5859375 0.6138888888888889 0.018229166666666668 0.0125
0 0.5791666666666667 0.6736111111111112 0.016666666666666666 0.014814814814814815
0 0.5104166666666666 0.675 0.018229166666666668 0.011574074074074073
0 0.4427083333333333 0.6722222222222223 0.018229166666666668 0.013888888888888888
0 0.37447916666666664 0.6722222222222223 0.01875 0.014814814814814815
0 0.3067708333333333 0.6699074074074074 0.013020833333333334 0.013425925925925926