0 0.21510416666666668 0.31157407407407406 0.025520833333333333 0.01898148148148148
0 0.28177083333333336 0.30972222222222223 0.027604166666666666 0.020833333333333332
0 0.3421875 0.31157407407407406 0.028125 0.01898148148148148
0 0.409375 0.31157407407407406 0.028125 0.020370370370370372
0 0.4744791666666667 0.3111111111111111 0.034375 0.024537037037037038
0 0.5427083333333333 0.3111111111111111 0.021354166666666667 0.014351851851851852
0 0.6067708333333334 0.3111111111111111 0.027083333333333334 0.017592592592592594
0 0.2125 0.36574074074074076 0.020833333333333332 0.015277777777777777
0 0.27291666666666664 0.36898148148148147 0.025 0.017592592592592594
0 0.33697916666666666 0.3680555555555556 0.027604166666666666 0.018055555555555554
0 0.4010416666666667 0.3685185185185185 0.0296875 0.018518518518518517
0 0.46822916666666664 0.3680555555555556 0.028125 0.02175925925925926
0 0.5333333333333333 0.37083333333333335 0.028645833333333332 0.014814814814814815
0 0.603125 0.37083333333333335 0.024479166666666666 0.0125
0 0.20052083333333334 0.42268518518518516 0.021875 0.017592592592592594
0 0.2682291666666667 0.42685185185185187 0.019791666666666666 0.0125
0 0.3302083333333333 0.4273148148148148 0.0203125 0.019444444444444445
0 0.3984375 0.42962962962962964 0.022395833333333334 0.018055555555555554
0 0.4625 0.4287037037037037 0.023958333333333335 0.018518518518518517
0 0.53125 0.4324074074074074 0.03177083333333333 0.016666666666666666
0 0.5989583333333334 0.42962962962962964 0.019791666666666666 0.018055555555555554
0 0.19583333333333333 0.4847222222222222 0.0265625 0.016666666666666666
0 0.259375 0.48657407407407405 0.021875 0.011574074074074073
0 0.3260416666666667 0.48842592592592593 0.03333333333333333 0.02361111111111111
0 0.390625 0.4875 0.028645833333333332 0.020833333333333332
0 0.459375 0.4912037037037037 0.023958333333333335 0.015277777777777777
0 0.5239583333333333 0.4898148148148148 0.021875 0.016666666666666666
0 0.5927083333333333 0.4912037037037037 0.025 0.013888888888888888
0 0.18697916666666667 0.5444444444444444 0.025 0.016666666666666666
0 0.253125 0.5458333333333333 0.0234375 0.014814814814814815
0 0.31875 0.5467592592592593 0.022916666666666665 0.01712962962962963
0 0.3854166666666667 0.5476851851851852 0.0203125 0.018518518518518517
0 0.45364583333333336 0.5504629629629629 0.020833333333333332 0.018518518518518517
0 0.5223958333333333 0.5518518518518518 0.028125 0.016666666666666666
0 0.5901041666666667 0.5527777777777778 0.023958333333333335 0.019444444444444445
0 0.18229166666666666 0.6060185185185185 0.025 0.016203703703703703
0 0.246875 0.6074074074074074 0.025 0.017592592592592594
0 0.3140625 0.6106481481481482 0.025 0.016666666666666666
0 0.37864583333333335 0.6106481481481482 0.024479166666666666 0.021296296296296296
0 0.4479166666666667 0.6101851851851852 0.0265625 0.020833333333333332
0 0.5145833333333333 0.611574074074074 0.030208333333333334 0.01990740740740741
0 0.5833333333333334 0.6111111111111112 0.028125 0.017592592592592594
0 0.17291666666666666 0.6675925925925926 0.022916666666666665 0.01898148148148148
0 0.23854166666666668 0.6685185185185185 0.022395833333333334 0.024074074074074074
0 0.30364583333333334 0.6708333333333333 0.03229166666666667 0.021296296296296296
0 0.37604166666666666 0.674074074074074 0.034375 0.020370370370370372
0 0.44166666666666665 0.674537037037037 0.03229166666666667 0.020370370370370372
0 0.5114583333333333 0.6754629629629629 0.025520833333333333 0.018518518518518517
0 0.5786458333333333 0.675 0.024479166666666666 0.01898148148148148