0 0.2125 0.3101851851851852 0.028125 0.026851851851851852
0 0.284375 0.31342592592592594 0.015625 0.016203703703703703
0 0.4119791666666667 0.3143518518518518 0.027083333333333334 0.012037037037037037
0 0.4765625 0.3125 0.024479166666666666 0.01574074074074074
0 0.5427083333333333 0.3125 0.023958333333333335 0.01574074074074074
0 0.6072916666666667 0.3138888888888889 0.0234375 0.012962962962962963
0 0.6036458333333333 0.36944444444444446 0.028645833333333332 0.01990740740740741
0 0.5364583333333334 0.37083333333333335 0.018229166666666668 0.013425925925925926
0 0.4703125 0.37083333333333335 0.027604166666666666 0.013425925925925926
0 0.4036458333333333 0.37083333333333335 0.025 0.020370370370370372
0 0.34427083333333336 0.3111111111111111 0.023958333333333335 0.018518518518518517
0 0.3375 0.37037037037037035 0.028125 0.01574074074074074
0 0.2708333333333333 0.3685185185185185 0.0328125 0.016203703703703703
0 0.20989583333333334 0.36666666666666664 0.0265625 0.017592592592592594
0 0.19947916666666668 0.4263888888888889 0.016145833333333335 0.012037037037037037
0 0.26666666666666666 0.4273148148148148 0.01875 0.014351851851851852
0 0.32864583333333336 0.42777777777777776 0.020833333333333332 0.01574074074074074
0 0.3963541666666667 0.4287037037037037 0.01875 0.01574074074074074
0 0.4609375 0.42962962962962964 0.021354166666666667 0.013888888888888888
0 0.5291666666666667 0.4324074074074074 0.019791666666666666 0.013888888888888888
0 0.596875 0.4300925925925926 0.013020833333333334 0.012962962962962963
0 0.5927083333333333 0.4925925925925926 0.013020833333333334 0.011111111111111112
0 0.525 0.4888888888888889 0.019791666666666666 0.016666666666666666
0 0.4578125 0.48842592592592593 0.019270833333333334 0.014351851851851852
0 0.39427083333333335 0.487962962962963 0.019791666666666666 0.012962962962962963
0 0.32760416666666664 0.48703703703703705 0.022916666666666665 0.012962962962962963
0 0.26197916666666665 0.48564814814814816 0.021354166666666667 0.01712962962962963
0 0.19479166666666667 0.4828703703703704 0.019270833333333334 0.01574074074074074
0 0.1859375 0.5453703703703704 0.0203125 0.017592592592592594
0 0.2546875 0.5476851851851852 0.016666666666666666 0.016203703703703703
0 0.3182291666666667 0.5467592592592593 0.018229166666666668 0.014814814814814815
0 0.3859375 0.5486111111111112 0.0171875 0.018518518518518517
0 0.453125 0.55 0.017708333333333333 0.018055555555555554
0 0.5161458333333333 0.5509259259259259 0.026041666666666668 0.01574074074074074
0 0.5880208333333333 0.5509259259259259 0.021354166666666667 0.02361111111111111
0 0.5838541666666667 0.6125 0.019270833333333334 0.018055555555555554
0 0.5145833333333333 0.611574074074074 0.01875 0.016666666666666666
0 0.45 0.6101851851851852 0.019270833333333334 0.016666666666666666
0 0.38125 0.6097222222222223 0.021875 0.012037037037037037
0 0.31354166666666666 0.6083333333333333 0.020833333333333332 0.01574074074074074
0 0.24479166666666666 0.6069444444444444 0.021875 0.014351851851851852
0 0.18125 0.6041666666666666 0.0203125 0.018055555555555554
0 0.1734375 0.6662037037037037 0.017708333333333333 0.01712962962962963
0 0.2390625 0.6699074074074074 0.021875 0.022685185185185187
0 0.30520833333333336 0.6699074074074074 0.024479166666666666 0.01712962962962963
0 0.37395833333333334 0.6722222222222223 0.021875 0.020833333333333332
0 0.4421875 0.6736111111111112 0.016666666666666666 0.018055555555555554
0 0.5109375 0.674537037037037 0.019270833333333334 0.01712962962962963
0 0.5786458333333333 0.6759259259259259 0.0234375 0.018518518518518517