0 0.17552083333333332 0.6652777777777777 0.019791666666666666 0.01574074074074074
0 0.23958333333333334 0.6694444444444444 0.019270833333333334 0.011574074074074073
0 0.3067708333333333 0.6699074074074074 0.016145833333333335 0.011574074074074073
0 0.3723958333333333 0.6717592592592593 0.028125 0.017592592592592594
0 0.4421875 0.6722222222222223 0.015104166666666667 0.009722222222222222
0 0.5151041666666667 0.674537037037037 0.018229166666666668 0.010648148148148148
0 0.5848958333333333 0.6768518518518518 0.025 0.014814814814814815
0 0.5859375 0.6125 0.019791666666666666 0.020370370370370372
0 0.5151041666666667 0.6125 0.022916666666666665 0.016203703703703703
0 0.4479166666666667 0.6101851851851852 0.025 0.014351851851851852
0 0.38177083333333334 0.6087962962962963 0.022916666666666665 0.014351851851851852
0 0.3145833333333333 0.6069444444444444 0.014583333333333334 0.011574074074074073
0 0.2484375 0.6064814814814815 0.019270833333333334 0.010648148148148148
0 0.18541666666666667 0.6055555555555555 0.018229166666666668 0.014351851851851852
0 0.19010416666666666 0.5472222222222223 0.0109375 0.01712962962962963
0 0.2515625 0.5467592592592593 0.015104166666666667 0.012037037037037037
0 0.3171875 0.5486111111111112 0.015104166666666667 0.009722222222222222
0 0.3859375 0.5486111111111112 0.019270833333333334 0.012037037037037037
0 0.45208333333333334 0.549074074074074 0.019270833333333334 0.014351851851851852
0 0.521875 0.5513888888888889 0.019791666666666666 0.016203703703703703
0 0.5895833333333333 0.5527777777777778 0.020833333333333332 0.017592592592592594
0 0.5947916666666667 0.4898148148148148 0.020833333333333332 0.01712962962962963
0 0.5260416666666666 0.49074074074074076 0.009895833333333333 0.012962962962962963
0 0.5348958333333333 0.4287037037037037 0.016145833333333335 0.013425925925925926
0 0.5989583333333334 0.42916666666666664 0.018229166666666668 0.013425925925925926
0 0.6026041666666667 0.37175925925925923 0.020833333333333332 0.014351851851851852
0 0.540625 0.37175925925925923 0.019270833333333334 0.014351851851851852
0 0.5453125 0.31342592592592594 0.016145833333333335 0.012962962962962963
0 0.6057291666666667 0.31157407407407406 0.015104166666666667 0.012037037037037037
0 0.46197916666666666 0.48842592592592593 0.013541666666666667 0.010648148148148148
0 0.4640625 0.42777777777777776 0.017708333333333333 0.014814814814814815
0 0.4708333333333333 0.3712962962962963 0.017708333333333333 0.01898148148148148
0 0.47552083333333334 0.3148148148148148 0.014583333333333334 0.020833333333333332
0 0.4083333333333333 0.3143518518518518 0.0265625 0.014814814814814815
0 0.3390625 0.3087962962962963 0.014583333333333334 0.012037037037037037
0 0.4046875 0.3699074074074074 0.021354166666666667 0.020833333333333332
0 0.39895833333333336 0.4273148148148148 0.021354166666666667 0.024537037037037038
0 0.3296875 0.42777777777777776 0.017708333333333333 0.01898148148148148
0 0.3255208333333333 0.49166666666666664 0.015104166666666667 0.013425925925925926
0 0.2578125 0.4875 0.017708333333333333 0.014814814814814815
0 0.19375 0.48333333333333334 0.019270833333333334 0.016203703703703703
0 0.2046875 0.4273148148148148 0.015104166666666667 0.013425925925925926
0 0.20833333333333334 0.3685185185185185 0.016666666666666666 0.016203703703703703
0 0.21614583333333334 0.3125 0.015104166666666667 0.012037037037037037
0 0.27708333333333335 0.30925925925925923 0.016145833333333335 0.011574074074074073
0 0.26875 0.42592592592592593 0.018229166666666668 0.01898148148148148
0 0.275 0.36898148148148147 0.018229166666666668 0.012962962962962963
0 0.3390625 0.37037037037037035 0.016666666666666666 0.014351851851851852
0 0.39166666666666666 0.48657407407407405 0.020833333333333332 0.020833333333333332