0 0.21458333333333332 0.30787037037037035 0.030208333333333334 0.021296296296296296
0 0.2786458333333333 0.3101851851851852 0.025 0.022685185185185187
0 0.3453125 0.3106481481481482 0.021875 0.025
0 0.4114583333333333 0.31157407407407406 0.0234375 0.01990740740740741
0 0.47239583333333335 0.30972222222222223 0.0234375 0.019444444444444445
0 0.5427083333333333 0.31157407407407406 0.0203125 0.01990740740740741
0 0.60625 0.31157407407407406 0.0234375 0.021296296296296296
0 0.20989583333333334 0.3685185185185185 0.021354166666666667 0.025
0 0.27447916666666666 0.3680555555555556 0.023958333333333335 0.018518518518518517
0 0.3385416666666667 0.3685185185185185 0.022395833333333334 0.017592592592592594
0 0.40208333333333335 0.36944444444444446 0.020833333333333332 0.01574074074074074
0 0.4666666666666667 0.3699074074074074 0.028125 0.01712962962962963
0 0.5307291666666667 0.37037037037037035 0.0265625 0.018055555555555554
0 0.6052083333333333 0.37037037037037035 0.0296875 0.021296296296296296
0 0.2 0.4263888888888889 0.026041666666666668 0.023148148148148147
0 0.2677083333333333 0.4273148148148148 0.0265625 0.022222222222222223
0 0.3338541666666667 0.4273148148148148 0.025520833333333333 0.02546296296296296
0 0.39479166666666665 0.42777777777777776 0.021875 0.01898148148148148
0 0.45989583333333334 0.4287037037037037 0.021875 0.01712962962962963
0 0.5302083333333333 0.42962962962962964 0.023958333333333335 0.017592592592592594
0 0.5963541666666666 0.4305555555555556 0.0203125 0.017592592592592594
0 0.19635416666666666 0.4847222222222222 0.020833333333333332 0.021296296296296296
0 0.25677083333333334 0.48518518518518516 0.0234375 0.016203703703703703
0 0.32395833333333335 0.48842592592592593 0.021875 0.01898148148148148
0 0.390625 0.4875 0.024479166666666666 0.020833333333333332
0 0.4583333333333333 0.48703703703703705 0.028125 0.02175925925925926
0 0.525 0.48935185185185187 0.0234375 0.01712962962962963
0 0.5921875 0.48935185185185187 0.023958333333333335 0.022685185185185187
0 0.18541666666666667 0.5439814814814815 0.025 0.020370370370370372
0 0.25104166666666666 0.5453703703703704 0.025520833333333333 0.020833333333333332
0 0.3151041666666667 0.5462962962962963 0.026041666666666668 0.021296296296296296
0 0.3859375 0.5486111111111112 0.027083333333333334 0.01990740740740741
0 0.44947916666666665 0.549074074074074 0.0265625 0.01990740740740741
0 0.5208333333333334 0.5509259259259259 0.0171875 0.019444444444444445
0 0.5880208333333333 0.5513888888888889 0.021354166666666667 0.020833333333333332
0 0.18020833333333333 0.6041666666666666 0.024479166666666666 0.02361111111111111
0 0.24375 0.6050925925925926 0.0265625 0.02175925925925926
0 0.3140625 0.6069444444444444 0.024479166666666666 0.021296296296296296
0 0.378125 0.6101851851851852 0.028125 0.024074074074074074
0 0.4484375 0.6106481481481482 0.025 0.021296296296296296
0 0.5145833333333333 0.6097222222222223 0.022916666666666665 0.02546296296296296
0 0.5848958333333333 0.6134259259259259 0.027083333333333334 0.01990740740740741
0 0.17395833333333333 0.6643518518518519 0.024479166666666666 0.020833333333333332
0 0.23802083333333332 0.6666666666666666 0.0265625 0.023148148148148147
0 0.3026041666666667 0.6689814814814815 0.0234375 0.019444444444444445
0 0.37395833333333334 0.6699074074074074 0.0265625 0.022685185185185187
0 0.43854166666666666 0.6717592592592593 0.03125 0.024537037037037038
0 0.5098958333333333 0.674537037037037 0.026041666666666668 0.01898148148148148
0 0.5796875 0.674074074074074 0.03125 0.02175925925925926