0 0.5098958333333333 0.6699074074074074 0.028125 0.026851851851851852
0 0.4479166666666667 0.6074074074074074 0.027083333333333334 0.025925925925925925
0 0.5244791666666667 0.48703703703703705 0.026041666666666668 0.025925925925925925
0 0.5192708333333333 0.5476851851851852 0.026041666666666668 0.026851851851851852
0 0.5145833333333333 0.6074074074074074 0.027083333333333334 0.025925925925925925
0 0.3734375 0.6680555555555555 0.028125 0.026851851851851852
0 0.44166666666666665 0.6685185185185185 0.027083333333333334 0.025925925925925925
0 0.4510416666666667 0.5467592592592593 0.027083333333333334 0.025
0 0.20104166666666667 0.42268518518518516 0.025 0.023148148148148147
0 0.45729166666666665 0.48564814814814816 0.025 0.025
0 0.5786458333333333 0.6712962962962963 0.028125 0.025925925925925925
0 0.5833333333333334 0.6087962962962963 0.027083333333333334 0.026851851851851852
0 0.18697916666666667 0.5421296296296296 0.026041666666666668 0.025
0 0.5875 0.5481481481481482 0.027083333333333334 0.025925925925925925
0 0.2515625 0.5430555555555555 0.026041666666666668 0.026851851851851852
0 0.2390625 0.6652777777777777 0.028125 0.026851851851851852
0 0.18072916666666666 0.6023148148148149 0.026041666666666668 0.025
0 0.5302083333333333 0.42592592592592593 0.025 0.024074074074074074
0 0.19375 0.4824074074074074 0.025 0.024074074074074074
0 0.17291666666666666 0.6620370370370371 0.027083333333333334 0.025925925925925925
0 0.4630208333333333 0.42453703703703705 0.023958333333333335 0.023148148148148147
0 0.24479166666666666 0.6027777777777777 0.027083333333333334 0.025925925925925925
0 0.37916666666666665 0.6060185185185185 0.025 0.023148148148148147
0 0.2671875 0.42268518518518516 0.026041666666666668 0.025
0 0.2578125 0.4837962962962963 0.026041666666666668 0.025
0 0.46927083333333336 0.36666666666666664 0.026041666666666668 0.025925925925925925
0 0.5927083333333333 0.48703703703703705 0.027083333333333334 0.025925925925925925
0 0.20677083333333332 0.36666666666666664 0.028125 0.025925925925925925
0 0.30520833333333336 0.6671296296296296 0.025 0.025
0 0.5348958333333333 0.36666666666666664 0.023958333333333335 0.022222222222222223
0 0.21614583333333334 0.3074074074074074 0.023958333333333335 0.024074074074074074
0 0.5973958333333333 0.4263888888888889 0.026041666666666668 0.023148148148148147
0 0.5395833333333333 0.3087962962962963 0.025 0.023148148148148147
0 0.384375 0.5462962962962963 0.025 0.024074074074074074
0 0.2796875 0.3074074074074074 0.023958333333333335 0.024074074074074074
0 0.6036458333333333 0.3685185185185185 0.021875 0.018518518518518517
0 0.31197916666666664 0.6060185185185185 0.023958333333333335 0.025
0 0.47552083333333334 0.3087962962962963 0.026041666666666668 0.025
0 0.6057291666666667 0.3087962962962963 0.023958333333333335 0.021296296296296296
0 0.3171875 0.5449074074074074 0.026041666666666668 0.025
0 0.26979166666666665 0.3638888888888889 0.027083333333333334 0.025925925925925925
0 0.39739583333333334 0.42453703703703705 0.028125 0.026851851851851852
0 0.3203125 0.48703703703703705 0.026041666666666668 0.025925925925925925
0 0.33229166666666665 0.42453703703703705 0.025 0.026851851851851852
0 0.3875 0.48564814814814816 0.025 0.025
0 0.4010416666666667 0.36527777777777776 0.027083333333333334 0.026851851851851852
0 0.403125 0.3087962962962963 0.027083333333333334 0.028703703703703703
0 0.33541666666666664 0.3680555555555556 0.027083333333333334 0.026851851851851852
0 0.3375 0.3087962962962963 0.027083333333333334 0.026851851851851852