0 0.21614583333333334 0.3111111111111111 0.0125 0.013888888888888888
0 0.2828125 0.31574074074074077 0.016666666666666666 0.021296296296296296
0 0.3458333333333333 0.31296296296296294 0.015625 0.014814814814814815
0 0.17395833333333333 0.6671296296296296 0.023958333333333335 0.014351851851851852
0 0.578125 0.6754629629629629 0.015625 0.0125
0 0.6083333333333333 0.3148148148148148 0.0125 0.0125
0 0.5447916666666667 0.3106481481481482 0.007291666666666667 0.0060185185185185185
0 0.20677083333333332 0.36527777777777776 0.008854166666666666 0.012962962962962963
0 0.27395833333333336 0.3685185185185185 0.010416666666666666 0.016203703703703703
0 0.3380208333333333 0.36944444444444446 0.014583333333333334 0.01712962962962963
0 0.40572916666666664 0.3726851851851852 0.0067708333333333336 0.01990740740740741
0 0.4708333333333333 0.37453703703703706 0.017708333333333333 0.020833333333333332
0 0.5364583333333334 0.3726851851851852 0.0109375 0.01712962962962963
0 0.6057291666666667 0.3699074074074074 0.016145833333333335 0.01712962962962963
0 0.20364583333333333 0.42592592592592593 0.008854166666666666 0.012962962962962963
0 0.27291666666666664 0.4287037037037037 0.022395833333333334 0.007407407407407408
0 0.33229166666666665 0.4273148148148148 0.010416666666666666 0.01574074074074074
0 0.40208333333333335 0.4287037037037037 0.0171875 0.026851851851851852
0 0.46458333333333335 0.4305555555555556 0.019791666666666666 0.015277777777777777
0 0.5333333333333333 0.42962962962962964 0.021354166666666667 0.01898148148148148
0 0.5979166666666667 0.42824074074074076 0.013541666666666667 0.01574074074074074
0 0.196875 0.48518518518518516 0.010416666666666666 0.023148148148148147
0 0.2598958333333333 0.48657407407407405 0.010416666666666666 0.009722222222222222
0 0.3260416666666667 0.48564814814814816 0.0109375 0.011111111111111112
0 0.39375 0.49398148148148147 0.0140625 0.010648148148148148
0 0.45989583333333334 0.4888888888888889 0.008854166666666666 0.010648148148148148
0 0.525 0.49027777777777776 0.013541666666666667 0.011111111111111112
0 0.5953125 0.4930555555555556 0.021354166666666667 0.011111111111111112
0 0.19010416666666666 0.5453703703703704 0.018229166666666668 0.01712962962962963
0 0.25364583333333335 0.5462962962962963 0.0067708333333333336 0.007407407407407408
0 0.3223958333333333 0.5472222222222223 0.0125 0.009259259259259259
0 0.3880208333333333 0.5486111111111112 0.011979166666666667 0.009259259259259259
0 0.4552083333333333 0.549537037037037 0.0171875 0.011111111111111112
0 0.5286458333333334 0.5472222222222223 0.019270833333333334 0.006481481481481481
0 0.5921875 0.5504629629629629 0.019791666666666666 0.018518518518518517
0 0.1828125 0.6032407407407407 0.015625 0.015277777777777777
0 0.24739583333333334 0.6074074074074074 0.014583333333333334 0.009722222222222222
0 0.31197916666666664 0.6055555555555555 0.0140625 0.014351851851851852
0 0.38177083333333334 0.6097222222222223 0.011979166666666667 0.01898148148148148
0 0.44947916666666665 0.6083333333333333 0.016145833333333335 0.014351851851851852
0 0.51875 0.6148148148148148 0.019270833333333334 0.012962962962962963
0 0.5890625 0.6138888888888889 0.013541666666666667 0.01574074074074074
0 0.24114583333333334 0.6712962962962963 0.014583333333333334 0.01898148148148148
0 0.3072916666666667 0.6689814814814815 0.019791666666666666 0.017592592592592594
0 0.37604166666666666 0.6703703703703704 0.022916666666666665 0.026851851851851852
0 0.44635416666666666 0.6726851851851852 0.0234375 0.02962962962962963
0 0.5114583333333333 0.6726851851851852 0.016145833333333335 0.01898148148148148
0 0.41302083333333334 0.31666666666666665 0.014583333333333334 0.008796296296296297
0 0.47760416666666666 0.31296296296296294 0.014583333333333334 0.009722222222222222