0 0.19322916666666667 0.4791666666666667 0.023958333333333335 0.023148148148148147
0 0.26614583333333336 0.4199074074074074 0.023958333333333335 0.021296296296296296
0 0.31145833333333334 0.6013888888888889 0.025 0.025
0 0.20052083333333334 0.4185185185185185 0.023958333333333335 0.022222222222222223
0 0.34375 0.3060185185185185 0.025 0.025
0 0.2578125 0.4791666666666667 0.023958333333333335 0.023148148148148147
0 0.3729166666666667 0.6652777777777777 0.029166666666666667 0.026851851851851852
0 0.24375 0.600925925925926 0.025 0.024074074074074074
0 0.1796875 0.5995370370370371 0.026041666666666668 0.023148148148148147
0 0.2375 0.6620370370370371 0.027083333333333334 0.025925925925925925
0 0.1859375 0.5388888888888889 0.023958333333333335 0.022222222222222223
0 0.37916666666666665 0.6041666666666666 0.025 0.023148148148148147
0 0.20729166666666668 0.36064814814814816 0.022916666666666665 0.021296296296296296
0 0.215625 0.30416666666666664 0.025 0.023148148148148147
0 0.5390625 0.3060185185185185 0.026041666666666668 0.023148148148148147
0 0.2796875 0.3055555555555556 0.023958333333333335 0.022222222222222223
0 0.509375 0.6666666666666666 0.027083333333333334 0.024074074074074074
0 0.5921875 0.4837962962962963 0.023958333333333335 0.021296296296296296
0 0.3848958333333333 0.5416666666666666 0.023958333333333335 0.022222222222222223
0 0.44114583333333335 0.6666666666666666 0.026041666666666668 0.024074074074074074
0 0.27291666666666664 0.36203703703703705 0.022916666666666665 0.022222222222222223
0 0.17291666666666666 0.6606481481481481 0.027083333333333334 0.025
0 0.30364583333333334 0.6652777777777777 0.028125 0.025
0 0.3375 0.3638888888888889 0.022916666666666665 0.022222222222222223
0 0.3177083333333333 0.5416666666666666 0.022916666666666665 0.022222222222222223
0 0.5786458333333333 0.6680555555555555 0.028125 0.023148148148148147
0 0.5291666666666667 0.42314814814814816 0.022916666666666665 0.020370370370370372
0 0.32395833333333335 0.4810185185185185 0.020833333333333332 0.021296296296296296
0 0.6067708333333334 0.3060185185185185 0.026041666666666668 0.023148148148148147
0 0.596875 0.42453703703703705 0.022916666666666665 0.021296296296296296
0 0.3302083333333333 0.4212962962962963 0.025 0.022222222222222223
0 0.5130208333333334 0.6060185185185185 0.026041666666666668 0.023148148148148147
0 0.6 0.3638888888888889 0.027083333333333334 0.024074074074074074
0 0.5828125 0.6055555555555555 0.023958333333333335 0.022222222222222223
0 0.4453125 0.6041666666666666 0.028125 0.025
0 0.4005208333333333 0.36527777777777776 0.023958333333333335 0.023148148148148147
0 0.25052083333333336 0.5402777777777777 0.023958333333333335 0.021296296296296296
0 0.5869791666666667 0.5449074074074074 0.026041666666666668 0.023148148148148147
0 0.5234375 0.4837962962962963 0.023958333333333335 0.021296296296296296
0 0.4505208333333333 0.5430555555555555 0.023958333333333335 0.023148148148148147
0 0.5348958333333333 0.3638888888888889 0.021875 0.020370370370370372
0 0.51875 0.5430555555555555 0.025 0.023148148148148147
0 0.46770833333333334 0.36527777777777776 0.022916666666666665 0.025
0 0.39375 0.42592592592592593 0.025 0.024074074074074074
0 0.39166666666666666 0.4810185185185185 0.025 0.023148148148148147
0 0.46145833333333336 0.42453703703703705 0.025 0.025
0 0.40572916666666664 0.30833333333333335 0.025520833333333333 0.021296296296296296
0 0.47604166666666664 0.3074074074074074 0.027083333333333334 0.025925925925925925
0 0.45729166666666665 0.4824074074074074 0.022916666666666665 0.022222222222222223