0 0.325 0.48518518518518516 0.01875 0.018518518518518517
0 0.4036458333333333 0.3685185185185185 0.019791666666666666 0.018518518518518517
0 0.20104166666666667 0.42314814814814816 0.020833333333333332 0.018518518518518517
0 0.4421875 0.6699074074074074 0.026041666666666668 0.023148148148148147
0 0.45729166666666665 0.48703703703703705 0.020833333333333332 0.018518518518518517
0 0.525 0.48703703703703705 0.01875 0.018518518518518517
0 0.46875 0.3680555555555556 0.022916666666666665 0.019444444444444445
0 0.4630208333333333 0.42592592592592593 0.019791666666666666 0.018518518518518517
0 0.5354166666666667 0.3680555555555556 0.01875 0.01574074074074074
0 0.5104166666666666 0.6712962962962963 0.027083333333333334 0.024074074074074074
0 0.2677083333333333 0.42453703703703705 0.01875 0.019444444444444445
0 0.30520833333333336 0.6666666666666666 0.025 0.022222222222222223
0 0.39166666666666666 0.48518518518518516 0.020833333333333332 0.018518518518518517
0 0.3859375 0.5462962962962963 0.019791666666666666 0.016666666666666666
0 0.2598958333333333 0.4837962962962963 0.019791666666666666 0.017592592592592594
0 0.5791666666666667 0.6726851851851852 0.027083333333333334 0.023148148148148147
0 0.5192708333333333 0.5481481481481482 0.019791666666666666 0.018518518518518517
0 0.39791666666666664 0.42592592592592593 0.020833333333333332 0.018518518518518517
0 0.24479166666666666 0.6041666666666666 0.020833333333333332 0.019444444444444445
0 0.5145833333333333 0.6087962962962963 0.025 0.021296296296296296
0 0.5833333333333334 0.6092592592592593 0.022916666666666665 0.018518518518518517
0 0.3182291666666667 0.5444444444444444 0.019791666666666666 0.020370370370370372
0 0.5880208333333333 0.5481481481481482 0.019791666666666666 0.018518518518518517
0 0.33125 0.42592592592592593 0.01875 0.018518518518518517
0 0.37395833333333334 0.6685185185185185 0.025 0.022222222222222223
0 0.21614583333333334 0.3087962962962963 0.019791666666666666 0.017592592592592594
0 0.4510416666666667 0.5476851851851852 0.020833333333333332 0.019444444444444445
0 0.31197916666666664 0.6055555555555555 0.023958333333333335 0.022222222222222223
0 0.3796875 0.6074074074074074 0.023958333333333335 0.022222222222222223
0 0.4744791666666667 0.3101851851851852 0.019791666666666666 0.018518518518518517
0 0.5302083333333333 0.42777777777777776 0.01875 0.018518518518518517
0 0.6041666666666666 0.3680555555555556 0.016666666666666666 0.013888888888888888
0 0.28020833333333334 0.30925925925925923 0.01875 0.018518518518518517
0 0.34375 0.30925925925925923 0.022916666666666665 0.018518518518518517
0 0.4479166666666667 0.6074074074074074 0.020833333333333332 0.020370370370370372
0 0.18697916666666667 0.5430555555555555 0.019791666666666666 0.019444444444444445
0 0.5932291666666667 0.4888888888888889 0.019791666666666666 0.018518518518518517
0 0.19427083333333334 0.4824074074074074 0.019791666666666666 0.018518518518518517
0 0.18125 0.6027777777777777 0.01875 0.018518518518518517
0 0.5979166666666667 0.42777777777777776 0.01875 0.016666666666666666
0 0.23854166666666668 0.6652777777777777 0.022916666666666665 0.019444444444444445
0 0.25364583333333335 0.5449074074074074 0.019791666666666666 0.017592592592592594
0 0.5416666666666666 0.3106481481481482 0.01875 0.01574074074074074
0 0.60625 0.3106481481481482 0.01875 0.017592592592592594
0 0.40989583333333335 0.3101851851851852 0.019791666666666666 0.018518518518518517
0 0.17291666666666666 0.663425925925926 0.025 0.021296296296296296
0 0.20729166666666668 0.36666666666666664 0.022916666666666665 0.018518518518518517
0 0.3380208333333333 0.36666666666666664 0.019791666666666666 0.018518518518518517
0 0.26979166666666665 0.36666666666666664 0.027083333333333334 0.024074074074074074