0 0.31145833333333334 0.6041666666666666 0.025 0.023148148148148147
0 0.19375 0.4810185185185185 0.025 0.023148148148148147
0 0.3734375 0.6671296296296296 0.026041666666666668 0.025
0 0.44166666666666665 0.6680555555555555 0.027083333333333334 0.026851851851851852
0 0.20052083333333334 0.4212962962962963 0.023958333333333335 0.022222222222222223
0 0.2578125 0.4824074074074074 0.023958333333333335 0.024074074074074074
0 0.24427083333333333 0.6027777777777777 0.023958333333333335 0.024074074074074074
0 0.3046875 0.6652777777777777 0.026041666666666668 0.026851851851851852
0 0.4479166666666667 0.6060185185185185 0.027083333333333334 0.025
0 0.18697916666666667 0.5416666666666666 0.026041666666666668 0.024074074074074074
0 0.215625 0.3060185185185185 0.022916666666666665 0.023148148148148147
0 0.2375 0.6638888888888889 0.027083333333333334 0.025925925925925925
0 0.26666666666666666 0.42314814814814816 0.022916666666666665 0.022222222222222223
0 0.17291666666666666 0.6620370370370371 0.027083333333333334 0.025925925925925925
0 0.4510416666666667 0.5449074074074074 0.025 0.023148148148148147
0 0.32447916666666665 0.4837962962962963 0.023958333333333335 0.021296296296296296
0 0.3182291666666667 0.5430555555555555 0.023958333333333335 0.023148148148148147
0 0.39791666666666664 0.42453703703703705 0.022916666666666665 0.021296296296296296
0 0.39114583333333336 0.4837962962962963 0.023958333333333335 0.023148148148148147
0 0.18020833333333333 0.6013888888888889 0.025 0.025
0 0.20729166666666668 0.3638888888888889 0.022916666666666665 0.022222222222222223
0 0.2796875 0.3074074074074074 0.023958333333333335 0.022222222222222223
0 0.3859375 0.5449074074074074 0.023958333333333335 0.023148148148148147
0 0.3307291666666667 0.42453703703703705 0.023958333333333335 0.021296296296296296
0 0.5098958333333333 0.6699074074074074 0.028125 0.026851851851851852
0 0.4036458333333333 0.36527777777777776 0.021875 0.021296296296296296
0 0.34375 0.3074074074074074 0.025 0.024074074074074074
0 0.37864583333333335 0.6055555555555555 0.026041666666666668 0.024074074074074074
0 0.4109375 0.3074074074074074 0.026041666666666668 0.024074074074074074
0 0.25104166666666666 0.5430555555555555 0.025 0.023148148148148147
0 0.603125 0.36666666666666664 0.022916666666666665 0.020370370370370372
0 0.596875 0.4263888888888889 0.027083333333333334 0.023148148148148147
0 0.5921875 0.48703703703703705 0.026041666666666668 0.025925925925925925
0 0.3385416666666667 0.3648148148148148 0.020833333333333332 0.020370370370370372
0 0.27239583333333334 0.36342592592592593 0.023958333333333335 0.023148148148148147
0 0.60625 0.3087962962962963 0.025 0.023148148148148147
0 0.5796875 0.6726851851851852 0.028125 0.025
0 0.45729166666666665 0.48518518518518516 0.022916666666666665 0.022222222222222223
0 0.5125 0.6069444444444444 0.029166666666666667 0.025
0 0.5864583333333333 0.5513888888888889 0.029166666666666667 0.026851851851851852
0 0.5223958333333333 0.48842592592592593 0.023958333333333335 0.025
0 0.5166666666666667 0.5476851851851852 0.025 0.023148148148148147
0 0.53125 0.42453703703703705 0.020833333333333332 0.023148148148148147
0 0.5807291666666666 0.6101851851851852 0.030208333333333334 0.025925925925925925
0 0.4609375 0.42453703703703705 0.021875 0.021296296296296296
0 0.5416666666666666 0.3074074074074074 0.029166666666666667 0.025925925925925925
0 0.4765625 0.3087962962962963 0.026041666666666668 0.025
0 0.5364583333333334 0.36712962962962964 0.027083333333333334 0.025
0 0.4708333333333333 0.36666666666666664 0.029166666666666667 0.025925925925925925