0 0.31145833333333334 0.6027777777777777 0.025 0.024074074074074074
0 0.19322916666666667 0.4791666666666667 0.023958333333333335 0.021296296296296296
0 0.18645833333333334 0.5388888888888889 0.025 0.022222222222222223
0 0.3046875 0.6638888888888889 0.026041666666666668 0.025925925925925925
0 0.259375 0.48055555555555557 0.022916666666666665 0.022222222222222223
0 0.3729166666666667 0.6652777777777777 0.025 0.023148148148148147
0 0.20052083333333334 0.4199074074074074 0.023958333333333335 0.021296296296296296
0 0.44166666666666665 0.6666666666666666 0.025 0.024074074074074074
0 0.26666666666666666 0.4212962962962963 0.022916666666666665 0.022222222222222223
0 0.1796875 0.5995370370370371 0.026041666666666668 0.025
0 0.5140625 0.6055555555555555 0.023958333333333335 0.022222222222222223
0 0.24479166666666666 0.600925925925926 0.022916666666666665 0.022222222222222223
0 0.5770833333333333 0.6685185185185185 0.027083333333333334 0.022222222222222223
0 0.215625 0.3055555555555556 0.025 0.024074074074074074
0 0.3177083333333333 0.5416666666666666 0.020833333333333332 0.020370370370370372
0 0.5078125 0.6680555555555555 0.028125 0.023148148148148147
0 0.596875 0.42453703703703705 0.022916666666666665 0.019444444444444445
0 0.32395833333333335 0.4824074074074074 0.020833333333333332 0.020370370370370372
0 0.20729166666666668 0.36203703703703705 0.020833333333333332 0.020370370370370372
0 0.5828125 0.6055555555555555 0.026041666666666668 0.022222222222222223
0 0.5916666666666667 0.48518518518518516 0.020833333333333332 0.020370370370370372
0 0.6015625 0.36527777777777776 0.023958333333333335 0.021296296296296296
0 0.3854166666666667 0.5435185185185185 0.022916666666666665 0.020370370370370372
0 0.17239583333333333 0.6606481481481481 0.026041666666666668 0.023148148148148147
0 0.25104166666666666 0.5416666666666666 0.025 0.022222222222222223
0 0.60625 0.3074074074074074 0.020833333333333332 0.020370370370370372
0 0.2791666666666667 0.3055555555555556 0.022916666666666665 0.022222222222222223
0 0.3380208333333333 0.3638888888888889 0.019791666666666666 0.018518518518518517
0 0.2375 0.6620370370370371 0.027083333333333334 0.025925925925925925
0 0.5864583333333333 0.5449074074074074 0.025 0.021296296296296296
0 0.5411458333333333 0.3060185185185185 0.021875 0.019444444444444445
0 0.3307291666666667 0.42268518518518516 0.019791666666666666 0.019444444444444445
0 0.4484375 0.6055555555555555 0.023958333333333335 0.022222222222222223
0 0.3958333333333333 0.42314814814814816 0.020833333333333332 0.020370370370370372
0 0.3765625 0.6027777777777777 0.026041666666666668 0.022222222222222223
0 0.5291666666666667 0.42453703703703705 0.020833333333333332 0.019444444444444445
0 0.39114583333333336 0.4824074074074074 0.023958333333333335 0.022222222222222223
0 0.5348958333333333 0.36527777777777776 0.021875 0.019444444444444445
0 0.27291666666666664 0.36203703703703705 0.022916666666666665 0.022222222222222223
0 0.4510416666666667 0.5435185185185185 0.022916666666666665 0.022222222222222223
0 0.34322916666666664 0.3074074074074074 0.026041666666666668 0.024074074074074074
0 0.403125 0.36527777777777776 0.022916666666666665 0.021296296296296296
0 0.5234375 0.4842592592592593 0.023958333333333335 0.020370370370370372
0 0.45729166666666665 0.4842592592592593 0.022916666666666665 0.020370370370370372
0 0.46145833333333336 0.42453703703703705 0.020833333333333332 0.021296296296296296
0 0.5192708333333333 0.5435185185185185 0.021875 0.020370370370370372
0 0.4744791666666667 0.3074074074074074 0.026041666666666668 0.025925925925925925
0 0.4666666666666667 0.3680555555555556 0.022916666666666665 0.023148148148148147
0 0.4078125 0.3087962962962963 0.028125 0.026851851851851852