0 0.4625 0.42268518518518516 0.01875 0.01574074074074074
0 0.3380208333333333 0.36342592592592593 0.017708333333333333 0.01574074074074074
0 0.5296875 0.42453703703703705 0.017708333333333333 0.01574074074074074
0 0.2140625 0.30416666666666664 0.015625 0.01574074074074074
0 0.20052083333333334 0.4199074074074074 0.017708333333333333 0.017592592592592594
0 0.4015625 0.3638888888888889 0.017708333333333333 0.016666666666666666
0 0.3177083333333333 0.5402777777777777 0.01875 0.01574074074074074
0 0.39739583333333334 0.42314814814814816 0.017708333333333333 0.016666666666666666
0 0.20729166666666668 0.36203703703703705 0.014583333333333334 0.014814814814814815
0 0.32447916666666665 0.4810185185185185 0.017708333333333333 0.01574074074074074
0 0.4734375 0.3060185185185185 0.017708333333333333 0.01574074074074074
0 0.5921875 0.48518518518518516 0.017708333333333333 0.014814814814814815
0 0.3307291666666667 0.4212962962962963 0.017708333333333333 0.016666666666666666
0 0.2791666666666667 0.3060185185185185 0.016666666666666666 0.01574074074074074
0 0.18645833333333334 0.538425925925926 0.01875 0.017592592592592594
0 0.19427083333333334 0.4791666666666667 0.017708333333333333 0.01574074074074074
0 0.6057291666666667 0.3060185185185185 0.017708333333333333 0.013888888888888888
0 0.259375 0.48055555555555557 0.016666666666666666 0.014814814814814815
0 0.3854166666666667 0.5430555555555555 0.016666666666666666 0.013888888888888888
0 0.596875 0.42453703703703705 0.016666666666666666 0.013888888888888888
0 0.5390625 0.3060185185185185 0.015625 0.013888888888888888
0 0.5244791666666667 0.4837962962962963 0.017708333333333333 0.01574074074074074
0 0.26666666666666666 0.4217592592592593 0.016666666666666666 0.01574074074074074
0 0.46770833333333334 0.3638888888888889 0.01875 0.016666666666666666
0 0.24479166666666666 0.6013888888888889 0.016666666666666666 0.01574074074074074
0 0.5348958333333333 0.36527777777777776 0.017708333333333333 0.017592592592592594
0 0.31197916666666664 0.6027777777777777 0.019791666666666666 0.016666666666666666
0 0.27291666666666664 0.36203703703703705 0.016666666666666666 0.014814814814814815
0 0.45625 0.4824074074074074 0.01875 0.016666666666666666
0 0.40729166666666666 0.3060185185185185 0.016666666666666666 0.01574074074074074
0 0.2515625 0.5402777777777777 0.015625 0.013888888888888888
0 0.6010416666666667 0.36527777777777776 0.016666666666666666 0.01574074074074074
0 0.4479166666666667 0.6041666666666666 0.016666666666666666 0.013888888888888888
0 0.4505208333333333 0.5430555555555555 0.017708333333333333 0.01574074074074074
0 0.39114583333333336 0.4824074074074074 0.019791666666666666 0.018518518518518517
0 0.3796875 0.6041666666666666 0.017708333333333333 0.01574074074074074
0 0.34322916666666664 0.3060185185185185 0.019791666666666666 0.017592592592592594
0 0.5130208333333334 0.6060185185185185 0.017708333333333333 0.01574074074074074
0 0.5822916666666667 0.6060185185185185 0.016666666666666666 0.013888888888888888
0 0.44114583333333335 0.6666666666666666 0.019791666666666666 0.016666666666666666
0 0.5098958333333333 0.6666666666666666 0.019791666666666666 0.016666666666666666
0 0.5765625 0.6680555555555555 0.021875 0.017592592592592594
0 0.18072916666666666 0.5995370370370371 0.017708333333333333 0.01574074074074074
0 0.17239583333333333 0.6606481481481481 0.021875 0.017592592592592594
0 0.51875 0.5449074074074074 0.016666666666666666 0.013888888888888888
0 0.5875 0.5449074074074074 0.01875 0.01574074074074074
0 0.2375 0.6620370370370371 0.01875 0.016666666666666666
0 0.3723958333333333 0.6648148148148149 0.023958333333333335 0.020370370370370372
0 0.3015625 0.663425925925926 0.028125 0.026851851851851852