0 0.215625 0.30972222222222223 0.028125 0.03194444444444444
0 0.29739583333333336 0.3106481481481482 0.029166666666666667 0.027314814814814816
0 0.34322916666666664 0.3101851851851852 0.021354166666666667 0.020833333333333332
0 0.4078125 0.3111111111111111 0.029166666666666667 0.024537037037037038
0 0.4744791666666667 0.3111111111111111 0.03177083333333333 0.02824074074074074
0 0.5390625 0.3101851851851852 0.028645833333333332 0.022685185185185187
0 0.60625 0.30972222222222223 0.027604166666666666 0.022222222222222223
0 0.209375 0.36527777777777776 0.027604166666666666 0.03148148148148148
0 0.27708333333333335 0.3675925925925926 0.021875 0.02175925925925926
0 0.3416666666666667 0.3685185185185185 0.024479166666666666 0.02175925925925926
0 0.403125 0.36944444444444446 0.026041666666666668 0.027777777777777776
0 0.46770833333333334 0.37037037037037035 0.030208333333333334 0.027314814814814816
0 0.5338541666666666 0.36944444444444446 0.025520833333333333 0.025
0 0.6036458333333333 0.37083333333333335 0.029166666666666667 0.020370370370370372
0 0.2015625 0.42453703703703705 0.028125 0.02361111111111111
0 0.26458333333333334 0.42685185185185187 0.0328125 0.025
0 0.3375 0.43287037037037035 0.034895833333333334 0.022685185185185187
0 0.3958333333333333 0.42824074074074076 0.0328125 0.027314814814814816
0 0.46197916666666666 0.4300925925925926 0.03229166666666667 0.023148148148148147
0 0.5307291666666667 0.42916666666666664 0.025 0.023148148148148147
0 0.5973958333333333 0.4300925925925926 0.0265625 0.026851851851851852
0 0.19322916666666667 0.4842592592592593 0.022916666666666665 0.02546296296296296
0 0.25833333333333336 0.4837962962962963 0.029166666666666667 0.02638888888888889
0 0.3182291666666667 0.48564814814814816 0.0328125 0.02962962962962963
0 0.39166666666666666 0.4888888888888889 0.024479166666666666 0.02638888888888889
0 0.45625 0.48703703703703705 0.040625 0.028703703703703703
0 0.521875 0.48842592592592593 0.0375 0.02361111111111111
0 0.5942708333333333 0.49166666666666664 0.03854166666666667 0.03009259259259259
0 0.18645833333333334 0.5439814814814815 0.03177083333333333 0.03287037037037037
0 0.25104166666666666 0.5453703703703704 0.0265625 0.02824074074074074
0 0.315625 0.549074074074074 0.034375 0.031018518518518518
0 0.3796875 0.5513888888888889 0.027083333333333334 0.025925925925925925
0 0.45208333333333334 0.549074074074074 0.041666666666666664 0.027314814814814816
0 0.5213541666666667 0.55 0.03854166666666667 0.029166666666666667
0 0.5859375 0.5523148148148148 0.03802083333333333 0.023148148148148147
0 0.18020833333333333 0.6055555555555555 0.03125 0.03009259259259259
0 0.24895833333333334 0.6069444444444444 0.0359375 0.02546296296296296
0 0.31197916666666664 0.6087962962962963 0.036458333333333336 0.025
0 0.3875 0.6138888888888889 0.0265625 0.020370370370370372
0 0.4359375 0.6166666666666667 0.020833333333333332 0.019444444444444445
0 0.5151041666666667 0.6092592592592593 0.028645833333333332 0.024074074074074074
0 0.584375 0.6097222222222223 0.0296875 0.02638888888888889
0 0.17239583333333333 0.6657407407407407 0.0265625 0.028703703703703703
0 0.24427083333333333 0.6666666666666666 0.023958333333333335 0.02638888888888889
0 0.30416666666666664 0.6689814814814815 0.027083333333333334 0.025
0 0.37916666666666665 0.674074074074074 0.028645833333333332 0.025
0 0.44583333333333336 0.6708333333333333 0.03177083333333333 0.029166666666666667
0 0.50625 0.6736111111111112 0.03177083333333333 0.025925925925925925
0 0.5791666666666667 0.6731481481481482 0.028645833333333332 0.021296296296296296