0 0.21458333333333332 0.30972222222222223 0.027083333333333334 0.016666666666666666
0 0.2796875 0.3111111111111111 0.019791666666666666 0.014351851851851852
0 0.3453125 0.3125 0.019270833333333334 0.015277777777777777
0 0.41041666666666665 0.31203703703703706 0.0203125 0.01574074074074074
0 0.47708333333333336 0.3125 0.019270833333333334 0.01898148148148148
0 0.5416666666666666 0.31342592592592594 0.016145833333333335 0.01574074074074074
0 0.6078125 0.3138888888888889 0.01875 0.013425925925925926
0 0.6052083333333333 0.37222222222222223 0.0171875 0.011574074074074073
0 0.5369791666666667 0.36944444444444446 0.0203125 0.013888888888888888
0 0.471875 0.37037037037037035 0.01875 0.014351851851851852
0 0.4036458333333333 0.37083333333333335 0.021354166666666667 0.016203703703703703
0 0.3411458333333333 0.3712962962962963 0.021875 0.014351851851851852
0 0.27395833333333336 0.3699074074074074 0.017708333333333333 0.012037037037037037
0 0.209375 0.3685185185185185 0.0171875 0.015277777777777777
0 0.20260416666666667 0.4273148148148148 0.016666666666666666 0.013888888888888888
0 0.2677083333333333 0.42592592592592593 0.017708333333333333 0.013888888888888888
0 0.3328125 0.4273148148148148 0.015104166666666667 0.0125
0 0.39739583333333334 0.42824074074074076 0.015625 0.012962962962962963
0 0.4661458333333333 0.4305555555555556 0.019270833333333334 0.014351851851851852
0 0.5333333333333333 0.4300925925925926 0.01875 0.012962962962962963
0 0.5973958333333333 0.42962962962962964 0.0171875 0.016666666666666666
0 0.5947916666666667 0.49212962962962964 0.0171875 0.017592592592592594
0 0.5255208333333333 0.48935185185185187 0.016145833333333335 0.015277777777777777
0 0.46041666666666664 0.49027777777777776 0.020833333333333332 0.01574074074074074
0 0.39166666666666666 0.487962962962963 0.0234375 0.016666666666666666
0 0.3255208333333333 0.487962962962963 0.021354166666666667 0.016203703703703703
0 0.259375 0.4861111111111111 0.017708333333333333 0.01574074074074074
0 0.1953125 0.48564814814814816 0.019791666666666666 0.012962962962962963
0 0.1890625 0.5453703703703704 0.017708333333333333 0.014814814814814815
0 0.25416666666666665 0.5481481481481482 0.020833333333333332 0.012037037037037037
0 0.31979166666666664 0.5476851851851852 0.023958333333333335 0.010185185185185186
0 0.38697916666666665 0.5476851851851852 0.025520833333333333 0.016203703703703703
0 0.45416666666666666 0.549537037037037 0.022916666666666665 0.01574074074074074
0 0.5213541666666667 0.549537037037037 0.017708333333333333 0.020833333333333332
0 0.5890625 0.5523148148148148 0.022916666666666665 0.016203703703703703
0 0.5833333333333334 0.612037037037037 0.021875 0.016203703703703703
0 0.5161458333333333 0.6111111111111112 0.021875 0.014814814814814815
0 0.4484375 0.6111111111111112 0.021354166666666667 0.014814814814814815
0 0.38125 0.6101851851851852 0.0203125 0.014814814814814815
0 0.3151041666666667 0.6083333333333333 0.016145833333333335 0.01574074074074074
0 0.24739583333333334 0.6074074074074074 0.017708333333333333 0.012962962962962963
0 0.18385416666666668 0.6069444444444444 0.0203125 0.01574074074074074
0 0.1734375 0.6666666666666666 0.022395833333333334 0.016666666666666666
0 0.23854166666666668 0.6680555555555555 0.017708333333333333 0.012962962962962963
0 0.30572916666666666 0.6689814814814815 0.01875 0.012962962962962963
0 0.37395833333333334 0.6712962962962963 0.01875 0.013425925925925926
0 0.4427083333333333 0.6731481481481482 0.023958333333333335 0.016203703703703703
0 0.5104166666666666 0.6731481481481482 0.019791666666666666 0.015277777777777777
0 0.5791666666666667 0.674074074074074 0.022916666666666665 0.017592592592592594