0 0.21614583333333334 0.30972222222222223 0.0203125 0.01898148148148148
0 0.28072916666666664 0.3111111111111111 0.021354166666666667 0.016666666666666666
0 0.34479166666666666 0.31157407407407406 0.0203125 0.017592592592592594
0 0.41041666666666665 0.31296296296296294 0.022916666666666665 0.01712962962962963
0 0.4744791666666667 0.31203703703703706 0.018229166666666668 0.018518518518518517
0 0.5390625 0.31157407407407406 0.023958333333333335 0.016203703703703703
0 0.6072916666666667 0.3125 0.025520833333333333 0.01990740740740741
0 0.20989583333333334 0.3675925925925926 0.020833333333333332 0.019444444444444445
0 0.27239583333333334 0.3680555555555556 0.019270833333333334 0.01712962962962963
0 0.3390625 0.3685185185185185 0.027083333333333334 0.018518518518518517
0 0.403125 0.36944444444444446 0.020833333333333332 0.017592592592592594
0 0.4708333333333333 0.37175925925925923 0.028645833333333332 0.01898148148148148
0 0.5359375 0.37083333333333335 0.022395833333333334 0.018518518518518517
0 0.6052083333333333 0.37083333333333335 0.027083333333333334 0.018518518518518517
0 0.2 0.4236111111111111 0.022395833333333334 0.02361111111111111
0 0.2708333333333333 0.42685185185185187 0.022916666666666665 0.022222222222222223
0 0.328125 0.42824074074074076 0.021875 0.02175925925925926
0 0.39895833333333336 0.4273148148148148 0.022395833333333334 0.018518518518518517
0 0.46510416666666665 0.42962962962962964 0.022395833333333334 0.020833333333333332
0 0.53125 0.42916666666666664 0.022395833333333334 0.016666666666666666
0 0.5973958333333333 0.42962962962962964 0.021875 0.020833333333333332
0 0.19583333333333333 0.48564814814814816 0.0296875 0.02361111111111111
0 0.259375 0.48657407407407405 0.03177083333333333 0.023148148148148147
0 0.3229166666666667 0.48564814814814816 0.022916666666666665 0.018518518518518517
0 0.39114583333333336 0.48935185185185187 0.020833333333333332 0.018055555555555554
0 0.45729166666666665 0.4875 0.019270833333333334 0.020833333333333332
0 0.5255208333333333 0.49027777777777776 0.022395833333333334 0.019444444444444445
0 0.5953125 0.49166666666666664 0.021354166666666667 0.01990740740740741
0 0.18645833333333334 0.5462962962962963 0.028125 0.022685185185185187
0 0.25364583333333335 0.5458333333333333 0.017708333333333333 0.016666666666666666
0 0.31979166666666664 0.5476851851851852 0.016666666666666666 0.015277777777777777
0 0.38645833333333335 0.5486111111111112 0.019270833333333334 0.019444444444444445
0 0.453125 0.55 0.017708333333333333 0.021296296296296296
0 0.5203125 0.549074074074074 0.0234375 0.01712962962962963
0 0.5880208333333333 0.5504629629629629 0.019791666666666666 0.016203703703703703
0 0.18177083333333333 0.6064814814814815 0.0203125 0.016203703703703703
0 0.246875 0.6069444444444444 0.018229166666666668 0.016666666666666666
0 0.3177083333333333 0.6083333333333333 0.022395833333333334 0.02175925925925926
0 0.3802083333333333 0.6097222222222223 0.0203125 0.016666666666666666
0 0.4473958333333333 0.6106481481481482 0.017708333333333333 0.016666666666666666
0 0.5177083333333333 0.6111111111111112 0.020833333333333332 0.016666666666666666
0 0.5875 0.6125 0.022395833333333334 0.018055555555555554
0 0.17604166666666668 0.6671296296296296 0.023958333333333335 0.017592592592592594
0 0.24166666666666667 0.6675925925925926 0.017708333333333333 0.014814814814814815
0 0.30364583333333334 0.6680555555555555 0.016145833333333335 0.017592592592592594
0 0.375 0.6699074074074074 0.01875 0.01898148148148148
0 0.4432291666666667 0.6736111111111112 0.020833333333333332 0.01990740740740741
0 0.5140625 0.675 0.021354166666666667 0.02175925925925926
0 0.5822916666666667 0.6759259259259259 0.020833333333333332 0.017592592592592594