0 0.31197916666666664 0.6041666666666666 0.026041666666666668 0.026851851851851852
0 0.20052083333333334 0.42268518518518516 0.023958333333333335 0.023148148148148147
0 0.19375 0.4810185185185185 0.025 0.023148148148148147
0 0.259375 0.4824074074074074 0.025 0.024074074074074074
0 0.24479166666666666 0.6027777777777777 0.025 0.024074074074074074
0 0.3796875 0.6060185185185185 0.026041666666666668 0.025
0 0.44166666666666665 0.6680555555555555 0.027083333333333334 0.026851851851851852
0 0.34375 0.3074074074074074 0.025 0.024074074074074074
0 0.26666666666666666 0.42314814814814816 0.022916666666666665 0.022222222222222223
0 0.4473958333333333 0.6060185185185185 0.026041666666666668 0.025
0 0.3046875 0.6652777777777777 0.026041666666666668 0.026851851851851852
0 0.3734375 0.6680555555555555 0.026041666666666668 0.025
0 0.215625 0.3074074074074074 0.025 0.024074074074074074
0 0.5140625 0.6069444444444444 0.026041666666666668 0.025
0 0.23802083333333332 0.6638888888888889 0.028125 0.025925925925925925
0 0.18697916666666667 0.5416666666666666 0.026041666666666668 0.024074074074074074
0 0.32447916666666665 0.4837962962962963 0.023958333333333335 0.021296296296296296
0 0.5098958333333333 0.6699074074074074 0.028125 0.025
0 0.39114583333333336 0.48564814814814816 0.023958333333333335 0.023148148148148147
0 0.403125 0.36666666666666664 0.025 0.024074074074074074
0 0.17291666666666666 0.6620370370370371 0.027083333333333334 0.025925925925925925
0 0.4078125 0.3087962962962963 0.023958333333333335 0.023148148148148147
0 0.3307291666666667 0.42453703703703705 0.023958333333333335 0.021296296296296296
0 0.2796875 0.3074074074074074 0.023958333333333335 0.024074074074074074
0 0.1796875 0.6013888888888889 0.026041666666666668 0.025
0 0.3182291666666667 0.5430555555555555 0.023958333333333335 0.023148148148148147
0 0.2078125 0.36342592592592593 0.023958333333333335 0.023148148148148147
0 0.4505208333333333 0.5449074074074074 0.023958333333333335 0.023148148148148147
0 0.5786458333333333 0.6717592592592593 0.028125 0.025
0 0.3859375 0.5449074074074074 0.023958333333333335 0.021296296296296296
0 0.39739583333333334 0.42453703703703705 0.023958333333333335 0.021296296296296296
0 0.4739583333333333 0.3087962962962963 0.022916666666666665 0.023148148148148147
0 0.3375 0.36527777777777776 0.022916666666666665 0.021296296296296296
0 0.25104166666666666 0.5430555555555555 0.025 0.023148148148148147
0 0.27239583333333334 0.36342592592592593 0.023958333333333335 0.023148148148148147
0 0.5848958333333333 0.6087962962962963 0.026041666666666668 0.023148148148148147
0 0.45677083333333335 0.48518518518518516 0.023958333333333335 0.022222222222222223
0 0.4671875 0.36666666666666664 0.023958333333333335 0.022222222222222223
0 0.5192708333333333 0.5462962962962963 0.023958333333333335 0.020370370370370372
0 0.5875 0.5481481481481482 0.025 0.020370370370370372
0 0.60625 0.3087962962962963 0.025 0.021296296296296296
0 0.5942708333333333 0.4837962962962963 0.023958333333333335 0.021296296296296296
0 0.46197916666666666 0.42453703703703705 0.023958333333333335 0.021296296296296296
0 0.53125 0.3685185185185185 0.022916666666666665 0.022222222222222223
0 0.5255208333333333 0.48518518518518516 0.023958333333333335 0.022222222222222223
0 0.5375 0.3101851851851852 0.025 0.024074074074074074
0 0.5953125 0.42777777777777776 0.026041666666666668 0.025925925925925925
0 0.5291666666666667 0.4263888888888889 0.025 0.025
0 0.5994791666666667 0.3685185185185185 0.023958333333333335 0.020370370370370372