0 0.3026041666666667 0.6666666666666666 0.025520833333333333 0.021296296296296296
0 0.3703125 0.6666666666666666 0.028125 0.025925925925925925
0 0.45 0.5430555555555555 0.025 0.023148148148148147
0 0.44114583333333335 0.6652777777777777 0.026041666666666668 0.025
0 0.3848958333333333 0.5416666666666666 0.023958333333333335 0.022222222222222223
0 0.26458333333333334 0.4199074074074074 0.022916666666666665 0.021296296296296296
0 0.34375 0.30416666666666664 0.025 0.023148148148148147
0 0.3375 0.3638888888888889 0.020833333333333332 0.020370370370370372
0 0.19322916666666667 0.4791666666666667 0.023958333333333335 0.021296296296296296
0 0.446875 0.6041666666666666 0.027083333333333334 0.023148148148148147
0 0.3171875 0.5416666666666666 0.021875 0.020370370370370372
0 0.2 0.4199074074074074 0.022916666666666665 0.021296296296296296
0 0.32395833333333335 0.48055555555555557 0.020833333333333332 0.020370370370370372
0 0.4744791666666667 0.3060185185185185 0.026041666666666668 0.025
0 0.1859375 0.538425925925926 0.023958333333333335 0.021296296296296296
0 0.2578125 0.48055555555555557 0.021875 0.020370370370370372
0 0.3296875 0.4212962962962963 0.023958333333333335 0.022222222222222223
0 0.38958333333333334 0.4824074074074074 0.025 0.024074074074074074
0 0.20729166666666668 0.36064814814814816 0.020833333333333332 0.019444444444444445
0 0.27239583333333334 0.36203703703703705 0.021875 0.018518518518518517
0 0.4078125 0.3060185185185185 0.026041666666666668 0.025
0 0.3109375 0.600925925925926 0.023958333333333335 0.022222222222222223
0 0.45625 0.4824074074074074 0.025 0.024074074074074074
0 0.39739583333333334 0.42314814814814816 0.021875 0.020370370370370372
0 0.5078125 0.6666666666666666 0.028125 0.025925925925925925
0 0.37864583333333335 0.6027777777777777 0.023958333333333335 0.022222222222222223
0 0.25104166666666666 0.5402777777777777 0.022916666666666665 0.021296296296296296
0 0.4625 0.42314814814814816 0.022916666666666665 0.020370370370370372
0 0.2786458333333333 0.3055555555555556 0.021875 0.020370370370370372
0 0.46875 0.3638888888888889 0.025 0.022222222222222223
0 0.4015625 0.3638888888888889 0.021875 0.020370370370370372
0 0.2140625 0.30416666666666664 0.023958333333333335 0.021296296296296296
0 0.5140625 0.6041666666666666 0.026041666666666668 0.023148148148148147
0 0.18072916666666666 0.5995370370370371 0.023958333333333335 0.021296296296296296
0 0.24479166666666666 0.5995370370370371 0.020833333333333332 0.019444444444444445
0 0.17291666666666666 0.6601851851851852 0.027083333333333334 0.024074074074074074
0 0.23802083333333332 0.6620370370370371 0.026041666666666668 0.025925925925925925
0 0.5161458333333333 0.5449074074074074 0.026041666666666668 0.025
0 0.5760416666666667 0.6666666666666666 0.025 0.024074074074074074
0 0.5848958333333333 0.5462962962962963 0.026041666666666668 0.025925925925925925
0 0.521875 0.4837962962962963 0.025 0.023148148148148147
0 0.5828125 0.6055555555555555 0.023958333333333335 0.024074074074074074
0 0.5265625 0.42453703703703705 0.028125 0.026851851851851852
0 0.6052083333333333 0.3060185185185185 0.025 0.026851851851851852
0 0.5364583333333334 0.36342592592592593 0.027083333333333334 0.026851851851851852
0 0.5833333333333334 0.48564814814814816 0.027083333333333334 0.026851851851851852
0 0.5411458333333333 0.3074074074074074 0.028125 0.027777777777777776
0 0.5979166666666667 0.36342592592592593 0.025 0.028703703703703703
0 0.5848958333333333 0.42453703703703705 0.030208333333333334 0.028703703703703703