0 0.18645833333333334 0.538425925925926 0.029166666666666667 0.026851851851851852
0 0.19375 0.4791666666666667 0.025 0.025
0 0.3729166666666667 0.6652777777777777 0.025 0.025
0 0.30520833333333336 0.663425925925926 0.025 0.026851851851851852
0 0.31145833333333334 0.6027777777777777 0.025 0.024074074074074074
0 0.3177083333333333 0.5416666666666666 0.022916666666666665 0.022222222222222223
0 0.17291666666666666 0.6601851851851852 0.029166666666666667 0.025925925925925925
0 0.40729166666666666 0.3060185185185185 0.027083333333333334 0.023148148148148147
0 0.18020833333333333 0.5995370370370371 0.029166666666666667 0.025
0 0.3854166666666667 0.5435185185185185 0.022916666666666665 0.022222222222222223
0 0.20052083333333334 0.4199074074074074 0.023958333333333335 0.021296296296296296
0 0.5291666666666667 0.42453703703703705 0.020833333333333332 0.019444444444444445
0 0.24791666666666667 0.5995370370370371 0.025 0.025
0 0.20729166666666668 0.36203703703703705 0.022916666666666665 0.022222222222222223
0 0.44166666666666665 0.6666666666666666 0.025 0.024074074074074074
0 0.5916666666666667 0.48518518518518516 0.020833333333333332 0.018518518518518517
0 0.4734375 0.3055555555555556 0.021875 0.020370370370370372
0 0.39739583333333334 0.42314814814814816 0.021875 0.018518518518518517
0 0.4625 0.42314814814814816 0.020833333333333332 0.018518518518518517
0 0.215625 0.30416666666666664 0.025 0.023148148148148147
0 0.5770833333333333 0.6685185185185185 0.025 0.022222222222222223
0 0.596875 0.42453703703703705 0.020833333333333332 0.019444444444444445
0 0.40208333333333335 0.3638888888888889 0.020833333333333332 0.018518518518518517
0 0.24114583333333334 0.6606481481481481 0.026041666666666668 0.025
0 0.5395833333333333 0.3055555555555556 0.020833333333333332 0.018518518518518517
0 0.3770833333333333 0.6027777777777777 0.027083333333333334 0.024074074074074074
0 0.5239583333333333 0.48518518518518516 0.020833333333333332 0.018518518518518517
0 0.5104166666666666 0.6680555555555555 0.027083333333333334 0.023148148148148147
0 0.60625 0.3060185185185185 0.01875 0.017592592592592594
0 0.4510416666666667 0.5435185185185185 0.022916666666666665 0.020370370370370372
0 0.6015625 0.36527777777777776 0.021875 0.019444444444444445
0 0.38958333333333334 0.4824074074074074 0.025 0.022222222222222223
0 0.5135416666666667 0.6055555555555555 0.022916666666666665 0.020370370370370372
0 0.4479166666666667 0.6055555555555555 0.022916666666666665 0.020370370370370372
0 0.32447916666666665 0.48055555555555557 0.023958333333333335 0.022222222222222223
0 0.6380208333333334 0.010185185185185186 0.026041666666666668 0.020370370370370372
0 0.25 0.5402777777777777 0.025 0.023148148148148147
0 0.5348958333333333 0.36527777777777776 0.019791666666666666 0.019444444444444445
0 0.5828125 0.6074074074074074 0.021875 0.018518518518518517
0 0.2604166666666667 0.4777777777777778 0.022916666666666665 0.024074074074074074
0 0.45677083333333335 0.4837962962962963 0.023958333333333335 0.019444444444444445
0 0.5875 0.5449074074074074 0.01875 0.017592592592592594
0 0.4671875 0.3638888888888889 0.023958333333333335 0.022222222222222223
0 0.26666666666666666 0.42268518518518516 0.022916666666666665 0.023148148148148147
0 0.3333333333333333 0.42314814814814816 0.022916666666666665 0.022222222222222223
0 0.27291666666666664 0.36527777777777776 0.022916666666666665 0.023148148148148147
0 0.34479166666666666 0.30416666666666664 0.027083333333333334 0.026851851851851852
0 0.51875 0.5435185185185185 0.020833333333333332 0.018518518518518517
0 0.278125 0.3055555555555556 0.027083333333333334 0.025925925925925925
0 0.3375 0.36342592592592593 0.027083333333333334 0.025