0 0.5098958333333333 0.6685185185185185 0.028125 0.025925925925925925
0 0.31145833333333334 0.6041666666666666 0.025 0.025
0 0.44166666666666665 0.6680555555555555 0.027083333333333334 0.025
0 0.19375 0.4810185185185185 0.025 0.023148148148148147
0 0.2578125 0.4810185185185185 0.023958333333333335 0.023148148148148147
0 0.20052083333333334 0.4212962962962963 0.023958333333333335 0.022222222222222223
0 0.3734375 0.6671296296296296 0.026041666666666668 0.025
0 0.3046875 0.6652777777777777 0.026041666666666668 0.026851851851851852
0 0.24479166666666666 0.6027777777777777 0.025 0.024074074074074074
0 0.5802083333333333 0.6699074074074074 0.027083333333333334 0.025
0 0.18697916666666667 0.5416666666666666 0.026041666666666668 0.024074074074074074
0 0.4635416666666667 0.42453703703703705 0.020833333333333332 0.021296296296296296
0 0.3182291666666667 0.5435185185185185 0.023958333333333335 0.022222222222222223
0 0.2671875 0.42314814814814816 0.023958333333333335 0.022222222222222223
0 0.39114583333333336 0.4837962962962963 0.023958333333333335 0.021296296296296296
0 0.2375 0.663425925925926 0.027083333333333334 0.026851851851851852
0 0.1796875 0.6013888888888889 0.026041666666666668 0.025
0 0.5239583333333333 0.48564814814814816 0.025 0.023148148148148147
0 0.215625 0.3055555555555556 0.022916666666666665 0.022222222222222223
0 0.39739583333333334 0.42453703703703705 0.021875 0.021296296296296296
0 0.32447916666666665 0.4824074074074074 0.023958333333333335 0.022222222222222223
0 0.4484375 0.6060185185185185 0.026041666666666668 0.023148148148148147
0 0.4744791666666667 0.3074074074074074 0.023958333333333335 0.024074074074074074
0 0.17291666666666666 0.6620370370370371 0.027083333333333334 0.024074074074074074
0 0.3854166666666667 0.5435185185185185 0.022916666666666665 0.022222222222222223
0 0.3307291666666667 0.42314814814814816 0.023958333333333335 0.022222222222222223
0 0.45729166666666665 0.4837962962962963 0.025 0.023148148148148147
0 0.4510416666666667 0.5449074074074074 0.025 0.021296296296296296
0 0.25104166666666666 0.5416666666666666 0.025 0.024074074074074074
0 0.4078125 0.30694444444444446 0.026041666666666668 0.025
0 0.20729166666666668 0.3638888888888889 0.022916666666666665 0.022222222222222223
0 0.2791666666666667 0.3074074074074074 0.022916666666666665 0.022222222222222223
0 0.4036458333333333 0.36527777777777776 0.023958333333333335 0.021296296296296296
0 0.34322916666666664 0.3074074074074074 0.023958333333333335 0.024074074074074074
0 0.5307291666666667 0.42453703703703705 0.023958333333333335 0.021296296296296296
0 0.3770833333333333 0.6041666666666666 0.027083333333333334 0.023148148148148147
0 0.46822916666666664 0.36527777777777776 0.023958333333333335 0.021296296296296296
0 0.5145833333333333 0.6074074074074074 0.027083333333333334 0.024074074074074074
0 0.3380208333333333 0.3648148148148148 0.019791666666666666 0.020370370370370372
0 0.5359375 0.36527777777777776 0.023958333333333335 0.021296296296296296
0 0.27239583333333334 0.3638888888888889 0.023958333333333335 0.022222222222222223
0 0.5828125 0.6087962962962963 0.026041666666666668 0.025
0 0.5421875 0.3074074074074074 0.026041666666666668 0.024074074074074074
0 0.5171875 0.5462962962962963 0.026041666666666668 0.024074074074074074
0 0.5848958333333333 0.549537037037037 0.026041666666666668 0.025
0 0.5828125 0.48842592592592593 0.028125 0.025
0 0.590625 0.42453703703703705 0.0265625 0.02638888888888889
0 0.5994791666666667 0.36435185185185187 0.023958333333333335 0.022685185185185187
0 0.6078125 0.30972222222222223 0.025520833333333333 0.02638888888888889