0 0.2171875 0.30925925925925923 0.021875 0.01712962962962963
0 0.2791666666666667 0.3101851851851852 0.0203125 0.019444444444444445
0 0.34479166666666666 0.3106481481481482 0.019270833333333334 0.018518518518518517
0 0.41041666666666665 0.3106481481481482 0.019791666666666666 0.01990740740740741
0 0.47708333333333336 0.31157407407407406 0.019791666666666666 0.018518518518518517
0 0.5427083333333333 0.3125 0.026041666666666668 0.018055555555555554
0 0.6104166666666667 0.31342592592592594 0.0203125 0.018518518518518517
0 0.21302083333333333 0.3680555555555556 0.022916666666666665 0.018055555555555554
0 0.2760416666666667 0.3699074074074074 0.021875 0.020833333333333332
0 0.340625 0.36712962962962964 0.022395833333333334 0.020370370370370372
0 0.40208333333333335 0.37083333333333335 0.020833333333333332 0.016666666666666666
0 0.4703125 0.36898148148148147 0.018229166666666668 0.02175925925925926
0 0.5348958333333333 0.3699074074074074 0.016145833333333335 0.013888888888888888
0 0.6026041666666667 0.37037037037037035 0.028125 0.01990740740740741
0 0.2015625 0.425462962962963 0.021875 0.022222222222222223
0 0.26875 0.4273148148148148 0.021354166666666667 0.020833333333333332
0 0.3328125 0.4300925925925926 0.03229166666666667 0.022685185185185187
0 0.39791666666666664 0.4300925925925926 0.0234375 0.021296296296296296
0 0.4635416666666667 0.42916666666666664 0.021875 0.022222222222222223
0 0.5322916666666667 0.42916666666666664 0.0203125 0.023148148148148147
0 0.5947916666666667 0.4305555555555556 0.027083333333333334 0.020370370370370372
0 0.19739583333333333 0.4875 0.020833333333333332 0.017592592592592594
0 0.25885416666666666 0.4861111111111111 0.01875 0.016666666666666666
0 0.32916666666666666 0.4875 0.021354166666666667 0.019444444444444445
0 0.39427083333333335 0.4888888888888889 0.023958333333333335 0.016666666666666666
0 0.4578125 0.48703703703703705 0.022395833333333334 0.018518518518518517
0 0.5244791666666667 0.4888888888888889 0.019270833333333334 0.020370370370370372
0 0.5958333333333333 0.49027777777777776 0.020833333333333332 0.018055555555555554
0 0.18854166666666666 0.5453703703703704 0.01875 0.020833333333333332
0 0.253125 0.5462962962962963 0.020833333333333332 0.019444444444444445
0 0.31875 0.5472222222222223 0.021875 0.020833333333333332
0 0.3880208333333333 0.5486111111111112 0.021875 0.02361111111111111
0 0.4515625 0.549074074074074 0.017708333333333333 0.01712962962962963
0 0.521875 0.55 0.019270833333333334 0.014351851851851852
0 0.5895833333333333 0.5504629629629629 0.020833333333333332 0.020833333333333332
0 0.18072916666666666 0.6078703703703704 0.025 0.018518518518518517
0 0.24635416666666668 0.6050925925925926 0.019791666666666666 0.018518518518518517
0 0.31354166666666666 0.6097222222222223 0.019270833333333334 0.01898148148148148
0 0.3802083333333333 0.6087962962962963 0.019270833333333334 0.02546296296296296
0 0.45 0.6101851851851852 0.01875 0.018055555555555554
0 0.5166666666666667 0.611574074074074 0.027083333333333334 0.017592592592592594
0 0.5890625 0.6138888888888889 0.0234375 0.020370370370370372
0 0.17291666666666666 0.6680555555555555 0.019270833333333334 0.01898148148148148
0 0.240625 0.6685185185185185 0.025520833333333333 0.020370370370370372
0 0.30833333333333335 0.6685185185185185 0.023958333333333335 0.020370370370370372
0 0.375 0.6726851851851852 0.0265625 0.020370370370370372
0 0.440625 0.6726851851851852 0.029166666666666667 0.018055555555555554
0 0.5145833333333333 0.6717592592592593 0.026041666666666668 0.02361111111111111
0 0.5802083333333333 0.6731481481481482 0.028645833333333332 0.022685185185185187