0 0.21666666666666667 0.3101851851851852 0.015104166666666667 0.009722222222222222
0 0.28072916666666664 0.3101851851851852 0.011979166666666667 0.013888888888888888
0 0.34479166666666666 0.3111111111111111 0.015625 0.013425925925925926
0 0.41041666666666665 0.31203703703703706 0.016666666666666666 0.011111111111111112
0 0.47604166666666664 0.31157407407407406 0.015625 0.013425925925925926
0 0.5416666666666666 0.3125 0.016666666666666666 0.014814814814814815
0 0.6083333333333333 0.31296296296296294 0.0140625 0.0125
0 0.6036458333333333 0.3699074074074074 0.015104166666666667 0.01574074074074074
0 0.5364583333333334 0.3712962962962963 0.0140625 0.013888888888888888
0 0.4713541666666667 0.37037037037037035 0.015625 0.012037037037037037
0 0.40625 0.3712962962962963 0.016666666666666666 0.013888888888888888
0 0.3390625 0.36944444444444446 0.019270833333333334 0.01574074074074074
0 0.275 0.36944444444444446 0.0140625 0.011111111111111112
0 0.20989583333333334 0.3675925925925926 0.015104166666666667 0.014814814814814815
0 0.2015625 0.42592592592592593 0.0125 0.013888888888888888
0 0.26875 0.4273148148148148 0.020833333333333332 0.013888888888888888
0 0.33489583333333334 0.42777777777777776 0.016666666666666666 0.013425925925925926
0 0.396875 0.42824074074074076 0.015104166666666667 0.012037037037037037
0 0.4661458333333333 0.42962962962962964 0.015625 0.013425925925925926
0 0.5322916666666667 0.4305555555555556 0.015625 0.013425925925925926
0 0.6005208333333333 0.42916666666666664 0.0140625 0.011111111111111112
0 0.5927083333333333 0.49074074074074076 0.020833333333333332 0.01990740740740741
0 0.5260416666666666 0.4898148148148148 0.0140625 0.014814814814814815
0 0.4588541666666667 0.49027777777777776 0.019791666666666666 0.013888888888888888
0 0.3953125 0.48842592592592593 0.018229166666666668 0.013425925925925926
0 0.32708333333333334 0.487962962962963 0.019270833333333334 0.013888888888888888
0 0.26197916666666665 0.4861111111111111 0.015625 0.010648148148148148
0 0.19375 0.4837962962962963 0.017708333333333333 0.0125
0 0.18854166666666666 0.5439814814814815 0.015625 0.013425925925925926
0 0.25364583333333335 0.5462962962962963 0.019270833333333334 0.014814814814814815
0 0.3229166666666667 0.5486111111111112 0.015104166666666667 0.014814814814814815
0 0.3875 0.55 0.019791666666666666 0.011111111111111112
0 0.45364583333333336 0.5486111111111112 0.0140625 0.014814814814814815
0 0.5223958333333333 0.5504629629629629 0.015104166666666667 0.014814814814814815
0 0.5895833333333333 0.5513888888888889 0.0140625 0.01574074074074074
0 0.5854166666666667 0.6134259259259259 0.0140625 0.014814814814814815
0 0.5177083333333333 0.612037037037037 0.018229166666666668 0.014814814814814815
0 0.44947916666666665 0.611574074074074 0.019270833333333334 0.01574074074074074
0 0.38385416666666666 0.6111111111111112 0.0140625 0.011111111111111112
0 0.3151041666666667 0.6074074074074074 0.015104166666666667 0.011111111111111112
0 0.24635416666666668 0.6060185185185185 0.0140625 0.011111111111111112
0 0.18177083333333333 0.6050925925925926 0.0125 0.011111111111111112
0 0.1734375 0.6652777777777777 0.015104166666666667 0.013888888888888888
0 0.240625 0.6689814814814815 0.019270833333333334 0.0125
0 0.3078125 0.6703703703703704 0.015104166666666667 0.0125
0 0.37552083333333336 0.6722222222222223 0.021354166666666667 0.013888888888888888
0 0.44479166666666664 0.674074074074074 0.016666666666666666 0.012037037037037037
0 0.5125 0.674537037037037 0.015625 0.009722222222222222
0 0.5802083333333333 0.6768518518518518 0.021354166666666667 0.013425925925925926