0 0.21197916666666666 0.31203703703703706 0.030729166666666665 0.027777777777777776
0 0.2765625 0.31157407407407406 0.0265625 0.02175925925925926
0 0.34270833333333334 0.31157407407407406 0.019791666666666666 0.023148148148148147
0 0.4088541666666667 0.31296296296296294 0.033854166666666664 0.023148148148148147
0 0.4708333333333333 0.3111111111111111 0.041666666666666664 0.022685185185185187
0 0.5395833333333333 0.3111111111111111 0.028645833333333332 0.02546296296296296
0 0.6057291666666667 0.31157407407407406 0.026041666666666668 0.016666666666666666
0 0.2109375 0.3685185185185185 0.020833333333333332 0.01574074074074074
0 0.27447916666666666 0.3685185185185185 0.0265625 0.020370370370370372
0 0.3385416666666667 0.3699074074074074 0.03177083333333333 0.023148148148148147
0 0.403125 0.36944444444444446 0.030208333333333334 0.020833333333333332
0 0.46875 0.3680555555555556 0.026041666666666668 0.018055555555555554
0 0.5354166666666667 0.37083333333333335 0.023958333333333335 0.021296296296296296
0 0.6057291666666667 0.37175925925925923 0.0234375 0.018055555555555554
0 0.20260416666666667 0.4273148148148148 0.021354166666666667 0.01990740740740741
0 0.26614583333333336 0.4273148148148148 0.024479166666666666 0.021296296296296296
0 0.3302083333333333 0.42824074074074076 0.022916666666666665 0.021296296296296296
0 0.39791666666666664 0.42777777777777776 0.022916666666666665 0.02361111111111111
0 0.46041666666666664 0.4305555555555556 0.023958333333333335 0.022685185185185187
0 0.5302083333333333 0.4305555555555556 0.028645833333333332 0.021296296296296296
0 0.5953125 0.4310185185185185 0.027083333333333334 0.018055555555555554
0 0.19479166666666667 0.4847222222222222 0.027083333333333334 0.020833333333333332
0 0.2598958333333333 0.48518518518518516 0.0234375 0.02175925925925926
0 0.3265625 0.487962962962963 0.021354166666666667 0.022685185185185187
0 0.3890625 0.48935185185185187 0.024479166666666666 0.024537037037037038
0 0.45677083333333335 0.48842592592592593 0.028645833333333332 0.023148148148148147
0 0.5244791666666667 0.48935185185185187 0.0265625 0.024537037037037038
0 0.5927083333333333 0.49166666666666664 0.026041666666666668 0.019444444444444445
0 0.18697916666666667 0.5449074074074074 0.026041666666666668 0.02638888888888889
0 0.2526041666666667 0.5467592592592593 0.022395833333333334 0.024537037037037038
0 0.31666666666666665 0.5467592592592593 0.023958333333333335 0.01990740740740741
0 0.3859375 0.549074074074074 0.0296875 0.024537037037037038
0 0.44895833333333335 0.549074074074074 0.022395833333333334 0.019444444444444445
0 0.5182291666666666 0.549537037037037 0.027604166666666666 0.021296296296296296
0 0.5890625 0.5513888888888889 0.028125 0.024074074074074074
0 0.18020833333333333 0.6060185185185185 0.026041666666666668 0.024537037037037038
0 0.2453125 0.6064814814814815 0.023958333333333335 0.022222222222222223
0 0.31302083333333336 0.6092592592592593 0.030208333333333334 0.027314814814814816
0 0.3807291666666667 0.6097222222222223 0.022395833333333334 0.02361111111111111
0 0.45208333333333334 0.6134259259259259 0.0265625 0.028703703703703703
0 0.5161458333333333 0.6125 0.025 0.027314814814814816
0 0.5869791666666667 0.612037037037037 0.029166666666666667 0.023148148148148147
0 0.17291666666666666 0.6662037037037037 0.0359375 0.02638888888888889
0 0.2390625 0.6685185185185185 0.033854166666666664 0.027777777777777776
0 0.30520833333333336 0.6703703703703704 0.030208333333333334 0.025925925925925925
0 0.37552083333333336 0.6717592592592593 0.025520833333333333 0.02546296296296296
0 0.4427083333333333 0.6722222222222223 0.026041666666666668 0.024537037037037038
0 0.509375 0.674074074074074 0.0296875 0.028703703703703703
0 0.5791666666666667 0.674537037037037 0.030729166666666665 0.027777777777777776