0 0.21510416666666668 0.31157407407407406 0.015625 0.01574074074074074
0 0.28177083333333336 0.31203703703703706 0.015625 0.0125
0 0.3458333333333333 0.31157407407407406 0.016666666666666666 0.013425925925925926
0 0.41041666666666665 0.31296296296296294 0.018229166666666668 0.011111111111111112
0 0.47708333333333336 0.3143518518518518 0.016666666666666666 0.0125
0 0.5411458333333333 0.31203703703703706 0.019791666666666666 0.013888888888888888
0 0.6072916666666667 0.31342592592592594 0.013541666666666667 0.012037037037037037
0 0.6036458333333333 0.3726851851851852 0.015625 0.013425925925925926
0 0.5359375 0.3712962962962963 0.0125 0.013425925925925926
0 0.4708333333333333 0.37083333333333335 0.021354166666666667 0.0125
0 0.40572916666666664 0.37083333333333335 0.017708333333333333 0.0125
0 0.340625 0.3699074074074074 0.0140625 0.011111111111111112
0 0.2760416666666667 0.3685185185185185 0.015104166666666667 0.012037037037037037
0 0.21145833333333333 0.3685185185185185 0.018229166666666668 0.012037037037037037
0 0.20416666666666666 0.425 0.015625 0.0125
0 0.26927083333333335 0.4263888888888889 0.015625 0.013425925925925926
0 0.33229166666666665 0.42777777777777776 0.013541666666666667 0.010648148148148148
0 0.3984375 0.42824074074074076 0.018229166666666668 0.013425925925925926
0 0.46458333333333335 0.4300925925925926 0.015625 0.021296296296296296
0 0.53125 0.42916666666666664 0.015625 0.014814814814814815
0 0.5979166666666667 0.42962962962962964 0.016666666666666666 0.013425925925925926
0 0.5947916666666667 0.49074074074074076 0.017708333333333333 0.01574074074074074
0 0.5270833333333333 0.49027777777777776 0.016666666666666666 0.0125
0 0.459375 0.48935185185185187 0.016666666666666666 0.01574074074074074
0 0.3927083333333333 0.48842592592592593 0.013541666666666667 0.012037037037037037
0 0.3255208333333333 0.48842592592592593 0.015625 0.013425925925925926
0 0.2609375 0.4861111111111111 0.015104166666666667 0.012037037037037037
0 0.19583333333333333 0.48564814814814816 0.015625 0.012037037037037037
0 0.18854166666666666 0.5467592592592593 0.019791666666666666 0.01712962962962963
0 0.25677083333333334 0.5476851851851852 0.018229166666666668 0.017592592592592594
0 0.31979166666666664 0.5467592592592593 0.0125 0.010648148148148148
0 0.38697916666666665 0.549537037037037 0.016666666666666666 0.01712962962962963
0 0.45260416666666664 0.55 0.015625 0.01712962962962963
0 0.5197916666666667 0.5504629629629629 0.015104166666666667 0.013425925925925926
0 0.5885416666666666 0.5504629629629629 0.0125 0.013425925925925926
0 0.5859375 0.612037037037037 0.016666666666666666 0.016203703703703703
0 0.5171875 0.612037037037037 0.015625 0.014814814814814815
0 0.4473958333333333 0.6101851851851852 0.015104166666666667 0.0125
0 0.38125 0.6092592592592593 0.015625 0.012037037037037037
0 0.315625 0.6078703703703704 0.016666666666666666 0.014814814814814815
0 0.24635416666666668 0.6069444444444444 0.0125 0.010648148148148148
0 0.18125 0.6050925925925926 0.016666666666666666 0.0125
0 0.17395833333333333 0.6675925925925926 0.0140625 0.0125
0 0.24010416666666667 0.6675925925925926 0.013541666666666667 0.012037037037037037
0 0.30572916666666666 0.6703703703703704 0.0140625 0.012037037037037037
0 0.375 0.6717592592592593 0.019270833333333334 0.0125
0 0.4427083333333333 0.6722222222222223 0.013541666666666667 0.0125
0 0.5104166666666666 0.674537037037037 0.018229166666666668 0.0125
0 0.5791666666666667 0.6754629629629629 0.0125 0.012037037037037037