0 0.19270833333333334 0.4777777777777778 0.025 0.024074074074074074
0 0.1859375 0.538425925925926 0.028125 0.026851851851851852
0 0.31197916666666664 0.6027777777777777 0.026041666666666668 0.025925925925925925
0 0.17239583333333333 0.6601851851851852 0.030208333333333334 0.027777777777777776
0 0.3848958333333333 0.5430555555555555 0.023958333333333335 0.023148148148148147
0 0.3723958333333333 0.6652777777777777 0.028125 0.026851851851851852
0 0.37864583333333335 0.6027777777777777 0.026041666666666668 0.024074074074074074
0 0.44114583333333335 0.6666666666666666 0.026041666666666668 0.024074074074074074
0 0.4739583333333333 0.3055555555555556 0.022916666666666665 0.022222222222222223
0 0.2 0.4185185185185185 0.025 0.022222222222222223
0 0.5291666666666667 0.42314814814814816 0.020833333333333332 0.020370370370370372
0 0.20729166666666668 0.36064814814814816 0.022916666666666665 0.021296296296296296
0 0.5078125 0.6666666666666666 0.028125 0.024074074074074074
0 0.5921875 0.48518518518518516 0.023958333333333335 0.020370370370370372
0 0.5239583333333333 0.4842592592592593 0.020833333333333332 0.020370370370370372
0 0.3958333333333333 0.42268518518518516 0.022916666666666665 0.021296296296296296
0 0.4625 0.42314814814814816 0.020833333333333332 0.020370370370370372
0 0.5953125 0.42453703703703705 0.021875 0.019444444444444445
0 0.2140625 0.30416666666666664 0.026041666666666668 0.023148148148148147
0 0.3890625 0.4810185185185185 0.023958333333333335 0.023148148148148147
0 0.6010416666666667 0.36527777777777776 0.022916666666666665 0.021296296296296296
0 0.4505208333333333 0.5435185185185185 0.023958333333333335 0.022222222222222223
0 0.5135416666666667 0.6055555555555555 0.020833333333333332 0.018518518518518517
0 0.5770833333333333 0.6685185185185185 0.025 0.022222222222222223
0 0.5385416666666667 0.3055555555555556 0.022916666666666665 0.018518518518518517
0 0.46770833333333334 0.3638888888888889 0.022916666666666665 0.022222222222222223
0 0.3223958333333333 0.5416666666666666 0.023958333333333335 0.022222222222222223
0 0.6057291666666667 0.3060185185185185 0.019791666666666666 0.019444444444444445
0 0.4473958333333333 0.6046296296296296 0.023958333333333335 0.020370370370370372
0 0.2796875 0.3055555555555556 0.023958333333333335 0.022222222222222223
0 0.51875 0.5435185185185185 0.020833333333333332 0.020370370370370372
0 0.534375 0.3638888888888889 0.020833333333333332 0.020370370370370372
0 0.45625 0.4824074074074074 0.025 0.022222222222222223
0 0.5869791666666667 0.5449074074074074 0.026041666666666668 0.021296296296296296
0 0.5822916666666667 0.6055555555555555 0.020833333333333332 0.018518518518518517
0 0.1796875 0.5981481481481481 0.026041666666666668 0.025925925925925925
0 0.4015625 0.3638888888888889 0.021875 0.022222222222222223
0 0.40989583333333335 0.30416666666666664 0.028125 0.028703703703703703
0 0.2708333333333333 0.3638888888888889 0.025 0.022222222222222223
0 0.24375 0.6013888888888889 0.025 0.026851851851851852
0 0.34479166666666666 0.3060185185185185 0.025 0.025
0 0.33645833333333336 0.36342592592592593 0.020833333333333332 0.023148148148148147
0 0.2520833333333333 0.5430555555555555 0.025 0.025
0 0.325 0.4824074074074074 0.025 0.024074074074074074
0 0.32708333333333334 0.42314814814814816 0.022916666666666665 0.022222222222222223
0 0.2604166666666667 0.42268518518518516 0.020833333333333332 0.021296296296296296
0 0.2375 0.6620370370370371 0.027083333333333334 0.027777777777777776
0 0.25625 0.4824074074074074 0.025 0.025925925925925925
0 0.3015625 0.6652777777777777 0.028125 0.026851851851851852