0 0.21822916666666667 0.3111111111111111 0.013020833333333334 0.012037037037037037
0 0.2828125 0.31157407407407406 0.015104166666666667 0.010648148148148148
0 0.346875 0.31203703703703706 0.015104166666666667 0.01712962962962963
0 0.409375 0.31296296296296294 0.013020833333333334 0.014814814814814815
0 0.4765625 0.31157407407407406 0.0171875 0.014814814814814815
0 0.54375 0.3143518518518518 0.011458333333333333 0.012037037037037037
0 0.6104166666666667 0.31296296296296294 0.009375 0.011111111111111112
0 0.2109375 0.36666666666666664 0.011458333333333333 0.016666666666666666
0 0.27447916666666666 0.3685185185185185 0.015104166666666667 0.013888888888888888
0 0.3411458333333333 0.37083333333333335 0.017708333333333333 0.013425925925925926
0 0.40677083333333336 0.37175925925925923 0.0109375 0.013888888888888888
0 0.4713541666666667 0.3726851851851852 0.015104166666666667 0.014351851851851852
0 0.5380208333333333 0.3699074074074074 0.014583333333333334 0.011574074074074073
0 0.6052083333333333 0.3726851851851852 0.0125 0.012037037037037037
0 0.6 0.4305555555555556 0.019791666666666666 0.01712962962962963
0 0.534375 0.42916666666666664 0.023958333333333335 0.015277777777777777
0 0.46510416666666665 0.4305555555555556 0.021354166666666667 0.011111111111111112
0 0.39791666666666664 0.42962962962962964 0.013020833333333334 0.012962962962962963
0 0.33229166666666665 0.42777777777777776 0.016145833333333335 0.010185185185185186
0 0.26875 0.42916666666666664 0.0125 0.010185185185185186
0 0.2015625 0.4273148148148148 0.017708333333333333 0.012962962962962963
0 0.19583333333333333 0.4847222222222222 0.0125 0.018518518518518517
0 0.2604166666666667 0.48703703703703705 0.015104166666666667 0.011111111111111112
0 0.32760416666666664 0.4888888888888889 0.0171875 0.010648148148148148
0 0.39427083333333335 0.48935185185185187 0.011458333333333333 0.009259259259259259
0 0.45989583333333334 0.4912037037037037 0.016145833333333335 0.011574074074074073
0 0.5276041666666667 0.48935185185185187 0.014583333333333334 0.011574074074074073
0 0.5953125 0.49166666666666664 0.016145833333333335 0.012962962962962963
0 0.5895833333333333 0.5518518518518518 0.015104166666666667 0.011574074074074073
0 0.5223958333333333 0.549537037037037 0.015625 0.014814814814814815
0 0.4552083333333333 0.549074074074074 0.0125 0.012962962962962963
0 0.38645833333333335 0.5467592592592593 0.01875 0.01574074074074074
0 0.3203125 0.5481481481481482 0.015104166666666667 0.012037037037037037
0 0.2546875 0.5476851851851852 0.016145833333333335 0.013425925925925926
0 0.18645833333333334 0.5444444444444444 0.0171875 0.01898148148148148
0 0.18229166666666666 0.6074074074074074 0.016666666666666666 0.01574074074074074
0 0.24739583333333334 0.6055555555555555 0.0109375 0.016666666666666666
0 0.3151041666666667 0.6060185185185185 0.01875 0.014814814814814815
0 0.3807291666666667 0.6111111111111112 0.013541666666666667 0.010185185185185186
0 0.44635416666666666 0.611574074074074 0.013020833333333334 0.010648148148148148
0 0.5130208333333334 0.6129629629629629 0.0203125 0.010185185185185186
0 0.5890625 0.6134259259259259 0.0125 0.012037037037037037
0 0.5828125 0.6731481481481482 0.020833333333333332 0.011574074074074073
0 0.5130208333333334 0.6759259259259259 0.027083333333333334 0.012037037037037037
0 0.44114583333333335 0.674074074074074 0.0171875 0.008333333333333333
0 0.37604166666666666 0.6717592592592593 0.025520833333333333 0.009722222222222222
0 0.3046875 0.6717592592592593 0.016145833333333335 0.010648148148148148
0 0.240625 0.6675925925925926 0.017708333333333333 0.009722222222222222
0 0.17760416666666667 0.6675925925925926 0.021354166666666667 0.009259259259259259