0 0.2171875 0.31203703703703706 0.0140625 0.01574074074074074
0 0.28229166666666666 0.3111111111111111 0.017708333333333333 0.016203703703703703
0 0.3453125 0.31203703703703706 0.016145833333333335 0.01574074074074074
0 0.4083333333333333 0.3138888888888889 0.020833333333333332 0.014351851851851852
0 0.475 0.3143518518518518 0.016145833333333335 0.014814814814814815
0 0.5401041666666667 0.31342592592592594 0.018229166666666668 0.014351851851851852
0 0.6067708333333334 0.31342592592592594 0.013020833333333334 0.014351851851851852
0 0.20833333333333334 0.3662037037037037 0.019791666666666666 0.01712962962962963
0 0.27447916666666666 0.3680555555555556 0.018229166666666668 0.017592592592592594
0 0.340625 0.36944444444444446 0.0125 0.009722222222222222
0 0.4036458333333333 0.3699074074074074 0.015625 0.013888888888888888
0 0.4703125 0.3712962962962963 0.015625 0.020370370370370372
0 0.5369791666666667 0.3712962962962963 0.016145833333333335 0.013888888888888888
0 0.6036458333333333 0.37037037037037035 0.018229166666666668 0.01574074074074074
0 0.5979166666666667 0.42916666666666664 0.014583333333333334 0.01574074074074074
0 0.5307291666666667 0.42916666666666664 0.019791666666666666 0.018518518518518517
0 0.465625 0.4305555555555556 0.020833333333333332 0.017592592592592594
0 0.39947916666666666 0.42962962962962964 0.021875 0.01712962962962963
0 0.3333333333333333 0.42777777777777776 0.014583333333333334 0.013888888888888888
0 0.26614583333333336 0.42685185185185187 0.018229166666666668 0.014814814814814815
0 0.20104166666666667 0.425462962962963 0.020833333333333332 0.014814814814814815
0 0.19791666666666666 0.4847222222222222 0.019791666666666666 0.022685185185185187