0 0.26458333333333334 0.4199074074074074 0.025 0.025
0 0.5291666666666667 0.42268518518518516 0.025 0.025
0 0.5239583333333333 0.4837962962962963 0.025 0.025
0 0.3177083333333333 0.5402777777777777 0.025 0.025
0 0.5947916666666667 0.42453703703703705 0.027083333333333334 0.025
0 0.27291666666666664 0.36203703703703705 0.025 0.025925925925925925
0 0.51875 0.5430555555555555 0.025 0.025
0 0.19322916666666667 0.4777777777777778 0.023958333333333335 0.024074074074074074
0 0.5864583333333333 0.5435185185185185 0.027083333333333334 0.025925925925925925
0 0.25104166666666666 0.5388888888888889 0.027083333333333334 0.025925925925925925
0 0.5921875 0.4837962962962963 0.026041666666666668 0.026851851851851852
0 0.2578125 0.4791666666666667 0.026041666666666668 0.025
0 0.2 0.4185185185185185 0.025 0.024074074074074074
0 0.32447916666666665 0.4810185185185185 0.023958333333333335 0.023148148148148147
0 0.34322916666666664 0.30416666666666664 0.026041666666666668 0.026851851851851852
0 0.20677083333333332 0.36064814814814816 0.023958333333333335 0.023148148148148147
0 0.33697916666666666 0.36203703703703705 0.026041666666666668 0.025925925925925925
0 0.31145833333333334 0.6013888888888889 0.029166666666666667 0.026851851851851852
0 0.6005208333333333 0.3638888888888889 0.028125 0.025925925925925925
0 0.5135416666666667 0.6055555555555555 0.027083333333333334 0.025925925925925925
0 0.3307291666666667 0.4217592592592593 0.026041666666666668 0.025
0 0.5354166666666667 0.36342592592592593 0.025 0.025
0 0.5828125 0.6060185185185185 0.026041666666666668 0.025
0 0.2796875 0.30416666666666664 0.026041666666666668 0.025
0 0.24427083333333333 0.5995370370370371 0.026041666666666668 0.026851851851851852
0 0.2140625 0.30416666666666664 0.026041666666666668 0.026851851851851852
0 0.1859375 0.538425925925926 0.026041666666666668 0.025
0 0.60625 0.3060185185185185 0.029166666666666667 0.026851851851851852
0 0.5786458333333333 0.6680555555555555 0.028125 0.025
0 0.1796875 0.5995370370370371 0.026041666666666668 0.026851851851851852
0 0.5104166666666666 0.6666666666666666 0.029166666666666667 0.025925925925925925
0 0.17239583333333333 0.6601851851851852 0.030208333333333334 0.027777777777777776
0 0.5390625 0.3060185185185185 0.026041666666666668 0.025
0 0.2375 0.6606481481481481 0.027083333333333334 0.026851851851851852
0 0.4552083333333333 0.4810185185185185 0.029166666666666667 0.026851851851851852
0 0.38125 0.5430555555555555 0.027083333333333334 0.026851851851851852
0 0.45 0.5430555555555555 0.029166666666666667 0.026851851851851852
0 0.4473958333333333 0.6060185185185185 0.028125 0.026851851851851852
0 0.4635416666666667 0.4212962962962963 0.027083333333333334 0.025925925925925925
0 0.38697916666666665 0.4810185185185185 0.030208333333333334 0.026851851851851852
0 0.38229166666666664 0.6060185185185185 0.027083333333333334 0.026851851851851852
0 0.475 0.36342592592592593 0.025 0.026851851851851852
0 0.3927083333333333 0.42268518518518516 0.029166666666666667 0.026851851851851852
0 0.3958333333333333 0.36527777777777776 0.029166666666666667 0.026851851851851852
0 0.31197916666666664 0.6717592592592593 0.022395833333333334 0.018518518518518517
0 0.36614583333333334 0.6731481481481482 0.0328125 0.029166666666666667
0 0.4421875 0.6699074074074074 0.030208333333333334 0.026851851851851852
0 0.4354166666666667 0.36342592592592593 0.025 0.026851851851851852
0 0.40260416666666665 0.3101851851851852 0.034375 0.025
0 0.4708333333333333 0.3055555555555556 0.029166666666666667 0.02962962962962963