0 0.5234375 0.48518518518518516 0.023958333333333335 0.022222222222222223
0 0.5140625 0.6060185185185185 0.023958333333333335 0.023148148148148147
0 0.31145833333333334 0.6041666666666666 0.025 0.023148148148148147
0 0.3729166666666667 0.6666666666666666 0.025 0.024074074074074074
0 0.19322916666666667 0.48055555555555557 0.023958333333333335 0.022222222222222223
0 0.3046875 0.6652777777777777 0.026041666666666668 0.025
0 0.38958333333333334 0.4837962962962963 0.022916666666666665 0.021296296296296296
0 0.4625 0.42453703703703705 0.020833333333333332 0.019444444444444445
0 0.5291666666666667 0.42592592592592593 0.020833333333333332 0.020370370370370372
0 0.20104166666666667 0.4212962962962963 0.022916666666666665 0.020370370370370372
0 0.44166666666666665 0.6680555555555555 0.025 0.023148148148148147
0 0.5916666666666667 0.48564814814814816 0.022916666666666665 0.021296296296296296
0 0.2578125 0.4810185185185185 0.023958333333333335 0.023148148148148147
0 0.18697916666666667 0.5402777777777777 0.026041666666666668 0.023148148148148147
0 0.39739583333333334 0.42453703703703705 0.021875 0.021296296296296296
0 0.45677083333333335 0.48518518518518516 0.023958333333333335 0.022222222222222223
0 0.5104166666666666 0.6685185185185185 0.027083333333333334 0.024074074074074074
0 0.24479166666666666 0.6027777777777777 0.022916666666666665 0.022222222222222223
0 0.215625 0.3055555555555556 0.022916666666666665 0.022222222222222223
0 0.584375 0.6074074074074074 0.025 0.024074074074074074
0 0.5786458333333333 0.6699074074074074 0.026041666666666668 0.023148148148148147
0 0.603125 0.36666666666666664 0.022916666666666665 0.020370370370370372
0 0.596875 0.42592592592592593 0.022916666666666665 0.022222222222222223
0 0.32395833333333335 0.4824074074074074 0.020833333333333332 0.022222222222222223
0 0.26666666666666666 0.42314814814814816 0.022916666666666665 0.020370370370370372
0 0.3854166666666667 0.5449074074074074 0.022916666666666665 0.021296296296296296
0 0.3177083333333333 0.5435185185185185 0.020833333333333332 0.022222222222222223
0 0.3307291666666667 0.42314814814814816 0.019791666666666666 0.020370370370370372
0 0.18020833333333333 0.6013888888888889 0.025 0.023148148148148147
0 0.40208333333333335 0.36527777777777776 0.020833333333333332 0.019444444444444445
0 0.4734375 0.3074074074074074 0.021875 0.020370370370370372
0 0.17291666666666666 0.6620370370370371 0.027083333333333334 0.024074074074074074
0 0.2796875 0.3074074074074074 0.021875 0.020370370370370372
0 0.5869791666666667 0.5476851851851852 0.023958333333333335 0.019444444444444445
0 0.4484375 0.6060185185185185 0.023958333333333335 0.021296296296296296
0 0.23802083333333332 0.663425925925926 0.028125 0.025
0 0.4510416666666667 0.5449074074074074 0.022916666666666665 0.021296296296296296
0 0.5395833333333333 0.3074074074074074 0.020833333333333332 0.018518518518518517
0 0.5354166666666667 0.36527777777777776 0.020833333333333332 0.019444444444444445
0 0.4078125 0.3074074074074074 0.021875 0.020370370370370372
0 0.20729166666666668 0.3638888888888889 0.020833333333333332 0.020370370370370372
0 0.6067708333333334 0.3087962962962963 0.019791666666666666 0.019444444444444445
0 0.46770833333333334 0.36527777777777776 0.022916666666666665 0.021296296296296296
0 0.3380208333333333 0.36527777777777776 0.019791666666666666 0.019444444444444445
0 0.25104166666666666 0.5416666666666666 0.025 0.022222222222222223
0 0.3770833333333333 0.6041666666666666 0.025 0.021296296296296296
0 0.34322916666666664 0.3074074074074074 0.023958333333333335 0.022222222222222223
0 0.27239583333333334 0.3638888888888889 0.021875 0.022222222222222223
0 0.5192708333333333 0.5449074074074074 0.023958333333333335 0.021296296296296296