0 0.31197916666666664 0.6013888888888889 0.026041666666666668 0.026851851851851852
0 0.19322916666666667 0.4791666666666667 0.023958333333333335 0.025
0 0.18645833333333334 0.538425925925926 0.027083333333333334 0.026851851851851852
0 0.26614583333333336 0.4212962962962963 0.026041666666666668 0.024074074074074074
0 0.24427083333333333 0.6013888888888889 0.026041666666666668 0.026851851851851852
0 0.2578125 0.4791666666666667 0.026041666666666668 0.025
0 0.5291666666666667 0.42314814814814816 0.025 0.024074074074074074
0 0.596875 0.42453703703703705 0.027083333333333334 0.025
0 0.2 0.4199074074074074 0.025 0.025
0 0.1796875 0.5995370370370371 0.026041666666666668 0.026851851851851852
0 0.5078125 0.6666666666666666 0.028125 0.025925925925925925
0 0.2375 0.6620370370370371 0.027083333333333334 0.025925925925925925
0 0.6015625 0.3638888888888889 0.026041666666666668 0.024074074074074074
0 0.44114583333333335 0.6666666666666666 0.026041666666666668 0.025925925925925925
0 0.5921875 0.48518518518518516 0.026041666666666668 0.024074074074074074
0 0.20677083333333332 0.36203703703703705 0.023958333333333335 0.024074074074074074
0 0.3234375 0.4824074074074074 0.026041666666666668 0.025925925925925925
0 0.25052083333333336 0.5402777777777777 0.026041666666666668 0.025
0 0.4479166666666667 0.6041666666666666 0.025 0.025
0 0.2140625 0.30416666666666664 0.026041666666666668 0.025
0 0.3177083333333333 0.5416666666666666 0.027083333333333334 0.025925925925925925
0 0.3302083333333333 0.42268518518518516 0.025 0.025
0 0.5239583333333333 0.4837962962962963 0.025 0.023148148148148147
0 0.5390625 0.3060185185185185 0.026041666666666668 0.025
0 0.27291666666666664 0.36203703703703705 0.025 0.024074074074074074
0 0.6057291666666667 0.3060185185185185 0.030208333333333334 0.026851851851851852
0 0.2791666666666667 0.3055555555555556 0.025 0.024074074074074074
0 0.5869791666666667 0.5449074074074074 0.026041666666666668 0.023148148148148147
0 0.17291666666666666 0.6606481481481481 0.029166666666666667 0.026851851851851852
0 0.33645833333333336 0.36342592592592593 0.025 0.026851851851851852
0 0.5348958333333333 0.3638888888888889 0.028125 0.025925925925925925
0 0.5135416666666667 0.6060185185185185 0.025 0.025
0 0.5786458333333333 0.6680555555555555 0.028125 0.025
0 0.34427083333333336 0.3060185185185185 0.026041666666666668 0.026851851851851852
0 0.51875 0.5435185185185185 0.025 0.024074074074074074
0 0.3807291666666667 0.6041666666666666 0.026041666666666668 0.026851851851851852
0 0.5822916666666667 0.6060185185185185 0.025 0.023148148148148147
0 0.30364583333333334 0.6638888888888889 0.028125 0.025925925925925925
0 0.38229166666666664 0.5435185185185185 0.025 0.025925925925925925
0 0.38645833333333335 0.4837962962962963 0.025 0.026851851851851852
0 0.4739583333333333 0.3074074074074074 0.029166666666666667 0.027777777777777776
0 0.4515625 0.5449074074074074 0.026041666666666668 0.025
0 0.3921875 0.42453703703703705 0.026041666666666668 0.025
0 0.45677083333333335 0.4837962962962963 0.026041666666666668 0.025
0 0.4578125 0.42453703703703705 0.030208333333333334 0.026851851851851852
0 0.39895833333333336 0.36527777777777776 0.025 0.025
0 0.371875 0.6680555555555555 0.025 0.025
0 0.46822916666666664 0.36527777777777776 0.030208333333333334 0.026851851851851852
0 0.40729166666666666 0.3087962962962963 0.027083333333333334 0.028703703703703703