0 0.3375 0.36342592592592593 0.01875 0.017592592592592594
0 0.4625 0.42268518518518516 0.01875 0.01574074074074074
0 0.3015625 0.6652777777777777 0.025520833333333333 0.01574074074074074
0 0.3723958333333333 0.6666666666666666 0.026041666666666668 0.022222222222222223
0 0.5302083333333333 0.42314814814814816 0.01875 0.016666666666666666
0 0.3958333333333333 0.42268518518518516 0.01875 0.017592592592592594
0 0.40208333333333335 0.36342592592592593 0.01875 0.017592592592592594
0 0.3182291666666667 0.5402777777777777 0.019791666666666666 0.017592592592592594
0 0.3307291666666667 0.4212962962962963 0.017708333333333333 0.016666666666666666
0 0.3854166666666667 0.5430555555555555 0.01875 0.017592592592592594
0 0.19375 0.4791666666666667 0.01875 0.017592592592592594
0 0.20052083333333334 0.4199074074074074 0.019791666666666666 0.019444444444444445
0 0.4739583333333333 0.3060185185185185 0.01875 0.017592592592592594
0 0.20729166666666668 0.36203703703703705 0.01875 0.016666666666666666
0 0.27291666666666664 0.36203703703703705 0.01875 0.016666666666666666
0 0.18645833333333334 0.5388888888888889 0.020833333333333332 0.018518518518518517
0 0.46822916666666664 0.3638888888888889 0.019791666666666666 0.018518518518518517
0 0.2140625 0.30416666666666664 0.019791666666666666 0.017592592592592594
0 0.34375 0.3055555555555556 0.022916666666666665 0.020370370370370372
0 0.44114583333333335 0.6666666666666666 0.021875 0.018518518518518517
0 0.31145833333333334 0.600925925925926 0.022916666666666665 0.018518518518518517
0 0.26666666666666666 0.4212962962962963 0.020833333333333332 0.018518518518518517
0 0.32447916666666665 0.4810185185185185 0.017708333333333333 0.017592592592592594
0 0.5921875 0.48518518518518516 0.019791666666666666 0.016666666666666666
0 0.5135416666666667 0.6060185185185185 0.020833333333333332 0.017592592592592594
0 0.259375 0.48055555555555557 0.01875 0.016666666666666666
0 0.4505208333333333 0.5435185185185185 0.019791666666666666 0.018518518518518517
0 0.60625 0.3060185185185185 0.01875 0.017592592592592594
0 0.596875 0.42453703703703705 0.01875 0.01574074074074074
0 0.540625 0.3060185185185185 0.01875 0.017592592592592594
0 0.525 0.4837962962962963 0.01875 0.017592592592592594
0 0.5348958333333333 0.3638888888888889 0.019791666666666666 0.018518518518518517
0 0.37916666666666665 0.6027777777777777 0.020833333333333332 0.016666666666666666
0 0.24479166666666666 0.600925925925926 0.020833333333333332 0.018518518518518517
0 0.4479166666666667 0.6041666666666666 0.01875 0.017592592592592594
0 0.2520833333333333 0.5402777777777777 0.01875 0.017592592592592594
0 0.2796875 0.30416666666666664 0.019791666666666666 0.017592592592592594
0 0.39114583333333336 0.4824074074074074 0.021875 0.018518518518518517
0 0.603125 0.36527777777777776 0.01875 0.017592592592592594
0 0.4078125 0.3060185185185185 0.019791666666666666 0.017592592592592594
0 0.45677083333333335 0.4824074074074074 0.019791666666666666 0.018518518518518517
0 0.18072916666666666 0.5995370370370371 0.019791666666666666 0.019444444444444445
0 0.51875 0.5449074074074074 0.01875 0.017592592592592594
0 0.5791666666666667 0.6685185185185185 0.025 0.018518518518518517
0 0.5822916666666667 0.6060185185185185 0.01875 0.017592592592592594
0 0.17291666666666666 0.6601851851851852 0.025 0.022222222222222223
0 0.509375 0.6666666666666666 0.025 0.020370370370370372
0 0.5875 0.5449074074074074 0.01875 0.017592592592592594
0 0.23802083333333332 0.6620370370370371 0.023958333333333335 0.022222222222222223