0 0.21666666666666667 0.3106481481481482 0.025520833333333333 0.023148148148148147
0 0.28072916666666664 0.31157407407407406 0.016145833333333335 0.016666666666666666
0 0.3421875 0.3106481481481482 0.0234375 0.022222222222222223
0 0.4083333333333333 0.31203703703703706 0.023958333333333335 0.019444444444444445
0 0.471875 0.3111111111111111 0.019791666666666666 0.017592592592592594
0 0.5411458333333333 0.31157407407407406 0.01875 0.016666666666666666
0 0.60625 0.31157407407407406 0.0234375 0.016666666666666666
0 0.20989583333333334 0.36666666666666664 0.022916666666666665 0.01712962962962963
0 0.2708333333333333 0.3680555555555556 0.021875 0.014351851851851852
0 0.3375 0.3675925925925926 0.03125 0.021296296296296296
0 0.4036458333333333 0.3680555555555556 0.0234375 0.016203703703703703
0 0.46979166666666666 0.37037037037037035 0.020833333333333332 0.020833333333333332
0 0.5359375 0.3699074074074074 0.0234375 0.018518518518518517
0 0.603125 0.3699074074074074 0.019270833333333334 0.018518518518518517
0 0.19947916666666668 0.425462962962963 0.021354166666666667 0.01712962962962963
0 0.26614583333333336 0.42453703703703705 0.025 0.01898148148148148
0 0.3302083333333333 0.425462962962963 0.026041666666666668 0.021296296296296296
0 0.39739583333333334 0.42916666666666664 0.0234375 0.020370370370370372
0 0.4625 0.42685185185185187 0.0265625 0.01574074074074074
0 0.5286458333333334 0.4305555555555556 0.019791666666666666 0.020370370370370372
0 0.5973958333333333 0.42962962962962964 0.0234375 0.018055555555555554
0 0.19635416666666666 0.4847222222222222 0.023958333333333335 0.020370370370370372
0 0.2598958333333333 0.4861111111111111 0.021354166666666667 0.021296296296296296
0 0.32447916666666665 0.4875 0.025520833333333333 0.022222222222222223
0 0.3885416666666667 0.4875 0.030208333333333334 0.020370370370370372
0 0.45625 0.48842592592592593 0.025 0.025925925925925925
0 0.5234375 0.4898148148148148 0.024479166666666666 0.021296296296296296
0 0.590625 0.49074074074074076 0.0296875 0.02638888888888889
0 0.1890625 0.5449074074074074 0.025 0.02546296296296296
0 0.2526041666666667 0.5462962962962963 0.023958333333333335 0.022685185185185187
0 0.3140625 0.5481481481481482 0.023958333333333335 0.020370370370370372
0 0.38333333333333336 0.5481481481481482 0.026041666666666668 0.022222222222222223
0 0.453125 0.5481481481481482 0.022916666666666665 0.02824074074074074
0 0.5171875 0.549537037037037 0.0296875 0.02361111111111111
0 0.5880208333333333 0.549537037037037 0.028645833333333332 0.022685185185185187
0 0.18020833333333333 0.6050925925925926 0.028645833333333332 0.022222222222222223
0 0.24479166666666666 0.6046296296296296 0.021354166666666667 0.018055555555555554
0 0.3109375 0.6064814814814815 0.0265625 0.02546296296296296
0 0.3770833333333333 0.6074074074074074 0.028125 0.02546296296296296
0 0.4453125 0.6092592592592593 0.022395833333333334 0.023148148148148147
0 0.5114583333333333 0.6092592592592593 0.027083333333333334 0.027314814814814816
0 0.5822916666666667 0.612037037037037 0.0296875 0.025
0 0.1734375 0.6675925925925926 0.028125 0.020370370370370372
0 0.2390625 0.6680555555555555 0.029166666666666667 0.021296296296296296
0 0.3046875 0.6680555555555555 0.027083333333333334 0.02361111111111111
0 0.3723958333333333 0.6699074074074074 0.025520833333333333 0.01990740740740741
0 0.44114583333333335 0.6717592592592593 0.029166666666666667 0.02546296296296296
0 0.5098958333333333 0.6722222222222223 0.025520833333333333 0.02175925925925926
0 0.5765625 0.6731481481481482 0.03125 0.02175925925925926