0 0.5869791666666667 0.5476851851851852 0.026041666666666668 0.025
0 0.5104166666666666 0.6699074074074074 0.025 0.026851851851851852
0 0.44166666666666665 0.6685185185185185 0.027083333333333334 0.027777777777777776
0 0.5854166666666667 0.6087962962962963 0.027083333333333334 0.026851851851851852
0 0.3796875 0.6060185185185185 0.026041666666666668 0.026851851851851852
0 0.3734375 0.6680555555555555 0.028125 0.026851851851851852
0 0.20104166666666667 0.42268518518518516 0.025 0.023148148148148147
0 0.31145833333333334 0.6041666666666666 0.025 0.025
0 0.5932291666666667 0.48703703703703705 0.026041666666666668 0.025925925925925925
0 0.24479166666666666 0.6041666666666666 0.025 0.023148148148148147
0 0.5796875 0.6717592592592593 0.026041666666666668 0.025
0 0.259375 0.4837962962962963 0.025 0.025
0 0.2375 0.6652777777777777 0.027083333333333334 0.026851851851851852
0 0.4515625 0.5467592592592593 0.026041666666666668 0.025
0 0.2671875 0.42314814814814816 0.023958333333333335 0.022222222222222223
0 0.18697916666666667 0.5421296296296296 0.026041666666666668 0.025
0 0.30416666666666664 0.6666666666666666 0.027083333333333334 0.025925925925925925
0 0.19375 0.4824074074074074 0.025 0.024074074074074074
0 0.3854166666666667 0.5449074074074074 0.025 0.025
0 0.44375 0.6069444444444444 0.025 0.025
0 0.34322916666666664 0.3087962962962963 0.023958333333333335 0.023148148148148147
0 0.25052083333333336 0.5430555555555555 0.026041666666666668 0.023148148148148147
0 0.31875 0.5449074074074074 0.025 0.023148148148148147
0 0.5166666666666667 0.6087962962962963 0.025 0.026851851851851852
0 0.21614583333333334 0.3074074074074074 0.023958333333333335 0.024074074074074074
0 0.17291666666666666 0.663425925925926 0.027083333333333334 0.025
0 0.45729166666666665 0.48564814814814816 0.025 0.023148148148148147
0 0.4036458333333333 0.36666666666666664 0.023958333333333335 0.022222222222222223
0 0.2796875 0.3087962962962963 0.023958333333333335 0.023148148148148147
0 0.18072916666666666 0.6027777777777777 0.023958333333333335 0.024074074074074074
0 0.33125 0.42453703703703705 0.025 0.023148148148148147
0 0.39739583333333334 0.42453703703703705 0.026041666666666668 0.025
0 0.39166666666666666 0.48518518518518516 0.025 0.022222222222222223
0 0.20677083333333332 0.36527777777777776 0.028125 0.025
0 0.4635416666666667 0.42453703703703705 0.027083333333333334 0.025
0 0.5953125 0.4263888888888889 0.028125 0.026851851851851852
0 0.40989583333333335 0.3087962962962963 0.026041666666666668 0.023148148148148147
0 0.46979166666666666 0.36666666666666664 0.025 0.024074074074074074
0 0.32447916666666665 0.48564814814814816 0.023958333333333335 0.023148148148148147
0 0.5192708333333333 0.5462962962962963 0.026041666666666668 0.025925925925925925
0 0.475 0.3087962962962963 0.025 0.023148148148148147
0 0.2708333333333333 0.36666666666666664 0.027083333333333334 0.024074074074074074
0 0.5307291666666667 0.42453703703703705 0.023958333333333335 0.025
0 0.5244791666666667 0.48703703703703705 0.026041666666666668 0.025925925925925925
0 0.5369791666666667 0.36666666666666664 0.026041666666666668 0.025925925925925925
0 0.6046875 0.3680555555555556 0.026041666666666668 0.026851851851851852
0 0.33697916666666666 0.36712962962962964 0.026041666666666668 0.025
0 0.5421875 0.3087962962962963 0.026041666666666668 0.025
0 0.6036458333333333 0.3143518518518518 0.034375 0.025