0 0.4625 0.42314814814814816 0.01875 0.016666666666666666
0 0.3375 0.36342592592592593 0.01875 0.017592592592592594
0 0.5296875 0.42314814814814816 0.017708333333333333 0.016666666666666666
0 0.3958333333333333 0.42314814814814816 0.01875 0.016666666666666666
0 0.18645833333333334 0.5388888888888889 0.020833333333333332 0.018518518518518517
0 0.19947916666666668 0.4199074074074074 0.019791666666666666 0.019444444444444445
0 0.3177083333333333 0.5402777777777777 0.01875 0.017592592592592594
0 0.4015625 0.36342592592592593 0.019791666666666666 0.017592592592592594
0 0.20677083333333332 0.36203703703703705 0.017708333333333333 0.016666666666666666
0 0.3854166666666667 0.5430555555555555 0.01875 0.017592592592592594
0 0.30364583333333334 0.663425925925926 0.023958333333333335 0.022685185185185187
0 0.3703125 0.6666666666666666 0.026041666666666668 0.024074074074074074
0 0.4734375 0.3060185185185185 0.019791666666666666 0.017592592592592594
0 0.19375 0.4791666666666667 0.01875 0.017592592592592594
0 0.26458333333333334 0.4212962962962963 0.020833333333333332 0.018518518518518517
0 0.2140625 0.30416666666666664 0.019791666666666666 0.017592592592592594
0 0.3307291666666667 0.4212962962962963 0.017708333333333333 0.016666666666666666
0 0.5916666666666667 0.48518518518518516 0.01875 0.016666666666666666
0 0.46822916666666664 0.3638888888888889 0.019791666666666666 0.018518518518518517
0 0.259375 0.48055555555555557 0.01875 0.016666666666666666
0 0.2791666666666667 0.3055555555555556 0.01875 0.016666666666666666
0 0.44114583333333335 0.6666666666666666 0.021875 0.018518518518518517
0 0.5130208333333334 0.6060185185185185 0.019791666666666666 0.017592592592592594
0 0.31145833333333334 0.600925925925926 0.022916666666666665 0.018518518518518517
0 0.27239583333333334 0.36203703703703705 0.019791666666666666 0.016666666666666666
0 0.4505208333333333 0.5430555555555555 0.019791666666666666 0.017592592592592594
0 0.34375 0.3055555555555556 0.022916666666666665 0.020370370370370372
0 0.540625 0.3060185185185185 0.01875 0.017592592592592594
0 0.25104166666666666 0.5402777777777777 0.01875 0.017592592592592594
0 0.5239583333333333 0.4837962962962963 0.01875 0.017592592592592594
0 0.32447916666666665 0.4810185185185185 0.017708333333333333 0.017592592592592594
0 0.596875 0.42453703703703705 0.01875 0.01574074074074074
0 0.38958333333333334 0.4824074074074074 0.020833333333333332 0.018518518518518517
0 0.60625 0.3060185185185185 0.01875 0.017592592592592594
0 0.40729166666666666 0.3060185185185185 0.01875 0.017592592592592594
0 0.4473958333333333 0.6041666666666666 0.019791666666666666 0.017592592592592594
0 0.5348958333333333 0.36527777777777776 0.017708333333333333 0.01574074074074074
0 0.24427083333333333 0.600925925925926 0.019791666666666666 0.018518518518518517
0 0.6010416666666667 0.36527777777777776 0.020833333333333332 0.019444444444444445
0 0.45625 0.4824074074074074 0.01875 0.018518518518518517
0 0.5078125 0.6666666666666666 0.023958333333333335 0.018518518518518517
0 0.5765625 0.6685185185185185 0.023958333333333335 0.018518518518518517
0 0.5822916666666667 0.6060185185185185 0.01875 0.017592592592592594
0 0.17291666666666666 0.6601851851851852 0.025 0.022222222222222223
0 0.37864583333333335 0.6027777777777777 0.019791666666666666 0.016666666666666666
0 0.5182291666666666 0.5449074074074074 0.019791666666666666 0.017592592592592594
0 0.18020833333333333 0.5995370370370371 0.022916666666666665 0.019444444444444445
0 0.5869791666666667 0.5449074074074074 0.019791666666666666 0.017592592592592594
0 0.2375 0.6620370370370371 0.022916666666666665 0.022222222222222223