0 0.21666666666666667 0.3106481481481482 0.016666666666666666 0.021296296296296296
0 0.2828125 0.30925925925925923 0.024479166666666666 0.01990740740740741
0 0.34375 0.3125 0.0265625 0.019444444444444445
0 0.40677083333333336 0.3106481481481482 0.020833333333333332 0.017592592592592594
0 0.47552083333333334 0.30972222222222223 0.021354166666666667 0.020833333333333332
0 0.5427083333333333 0.31203703703703706 0.027083333333333334 0.01574074074074074
0 0.6088541666666667 0.3111111111111111 0.019791666666666666 0.01712962962962963
0 0.20625 0.36574074074074076 0.025 0.022222222222222223
0 0.2708333333333333 0.36712962962962964 0.0265625 0.018055555555555554
0 0.3416666666666667 0.3675925925925926 0.0265625 0.018055555555555554
0 0.40260416666666665 0.36898148148148147 0.019791666666666666 0.018518518518518517
0 0.46875 0.3726851851851852 0.03125 0.017592592592592594
0 0.5338541666666666 0.3699074074074074 0.019791666666666666 0.016666666666666666
0 0.6046875 0.37175925925925923 0.019791666666666666 0.018518518518518517
0 0.19947916666666668 0.425 0.021875 0.018518518518518517
0 0.265625 0.425 0.023958333333333335 0.02175925925925926
0 0.32864583333333336 0.42685185185185187 0.022395833333333334 0.020370370370370372
0 0.3984375 0.42592592592592593 0.025 0.025925925925925925
0 0.46510416666666665 0.4305555555555556 0.024479166666666666 0.01898148148148148
0 0.5302083333333333 0.4300925925925926 0.022395833333333334 0.018055555555555554
0 0.5973958333333333 0.42916666666666664 0.021354166666666667 0.016666666666666666
0 0.19375 0.4842592592592593 0.026041666666666668 0.020833333333333332
0 0.25833333333333336 0.48518518518518516 0.025 0.017592592592592594
0 0.3229166666666667 0.4842592592592593 0.0234375 0.02175925925925926
0 0.39010416666666664 0.487962962962963 0.018229166666666668 0.018518518518518517
0 0.45989583333333334 0.4875 0.0203125 0.017592592592592594
0 0.5302083333333333 0.4888888888888889 0.028125 0.018055555555555554
0 0.5895833333333333 0.49027777777777776 0.024479166666666666 0.019444444444444445
0 0.18645833333333334 0.5430555555555555 0.0234375 0.02175925925925926
0 0.2526041666666667 0.5449074074074074 0.026041666666666668 0.01990740740740741
0 0.31614583333333335 0.5472222222222223 0.018229166666666668 0.015277777777777777
0 0.3890625 0.5486111111111112 0.023958333333333335 0.01898148148148148
0 0.44947916666666665 0.5476851851851852 0.024479166666666666 0.02175925925925926
0 0.5208333333333334 0.5504629629629629 0.025 0.020370370370370372
0 0.5864583333333333 0.549537037037037 0.0203125 0.016666666666666666
0 0.18229166666666666 0.6041666666666666 0.030208333333333334 0.024537037037037038
0 0.24635416666666668 0.6069444444444444 0.0203125 0.023148148148148147
0 0.31197916666666664 0.6083333333333333 0.022395833333333334 0.020370370370370372
0 0.375 0.6097222222222223 0.025 0.019444444444444445
0 0.4432291666666667 0.6111111111111112 0.025520833333333333 0.020833333333333332
0 0.5145833333333333 0.6106481481481482 0.025 0.018518518518518517
0 0.5838541666666667 0.612037037037037 0.0296875 0.01898148148148148
0 0.16979166666666667 0.6643518518518519 0.026041666666666668 0.022222222222222223
0 0.2375 0.6685185185185185 0.01875 0.016203703703703703
0 0.30416666666666664 0.6680555555555555 0.021875 0.01712962962962963
0 0.3734375 0.6708333333333333 0.022916666666666665 0.01574074074074074
0 0.44427083333333334 0.6726851851851852 0.021875 0.020833333333333332
0 0.5098958333333333 0.6726851851851852 0.027604166666666666 0.020833333333333332
0 0.58125 0.6754629629629629 0.0359375 0.019444444444444445