0 0.21510416666666668 0.31203703703703706 0.0390625 0.02962962962962963
0 0.28072916666666664 0.30972222222222223 0.0265625 0.026851851851851852
0 0.340625 0.3125 0.021875 0.02361111111111111
0 0.40520833333333334 0.3101851851851852 0.0296875 0.024537037037037038
0 0.47239583333333335 0.3111111111111111 0.0234375 0.024074074074074074
0 0.5385416666666667 0.3106481481481482 0.030208333333333334 0.025
0 0.6052083333333333 0.3106481481481482 0.028645833333333332 0.018518518518518517
0 0.20625 0.36666666666666664 0.033854166666666664 0.026851851851851852
0 0.2713541666666667 0.36574074074074076 0.0265625 0.03009259259259259
0 0.3385416666666667 0.37037037037037035 0.026041666666666668 0.02824074074074074
0 0.40625 0.3699074074074074 0.027604166666666666 0.027777777777777776
0 0.46822916666666664 0.37037037037037035 0.0234375 0.025
0 0.5328125 0.3712962962962963 0.019270833333333334 0.020833333333333332
0 0.603125 0.3712962962962963 0.0328125 0.030555555555555555
0 0.19895833333333332 0.425462962962963 0.0296875 0.025925925925925925
0 0.2677083333333333 0.4263888888888889 0.025520833333333333 0.025925925925925925
0 0.3307291666666667 0.42777777777777776 0.020833333333333332 0.02638888888888889
0 0.3984375 0.42685185185185187 0.0296875 0.029166666666666667
0 0.4625 0.42916666666666664 0.022916666666666665 0.027777777777777776
0 0.5296875 0.42916666666666664 0.021875 0.02361111111111111
0 0.5979166666666667 0.4287037037037037 0.03125 0.024537037037037038
0 0.19635416666666666 0.4837962962962963 0.03125 0.02824074074074074
0 0.25625 0.4847222222222222 0.024479166666666666 0.016203703703703703
0 0.3234375 0.48842592592592593 0.0234375 0.022222222222222223
0 0.3885416666666667 0.4875 0.026041666666666668 0.024074074074074074
0 0.45729166666666665 0.4875 0.022916666666666665 0.025925925925925925
0 0.5208333333333334 0.4875 0.0203125 0.020833333333333332
0 0.5927083333333333 0.49074074074074076 0.020833333333333332 0.01898148148148148
0 0.1875 0.5425925925925926 0.023958333333333335 0.02175925925925926
0 0.24895833333333334 0.5449074074074074 0.015625 0.01712962962962963
0 0.3151041666666667 0.5435185185185185 0.021875 0.02175925925925926
0 0.384375 0.5476851851851852 0.023958333333333335 0.01898148148148148
0 0.44895833333333335 0.5476851851851852 0.025 0.020833333333333332
0 0.5171875 0.5472222222222223 0.021875 0.02175925925925926
0 0.5880208333333333 0.5486111111111112 0.0203125 0.02638888888888889
0 0.18229166666666666 0.6037037037037037 0.03229166666666667 0.029166666666666667
0 0.24375 0.6078703703703704 0.024479166666666666 0.022222222222222223
0 0.31666666666666665 0.6092592592592593 0.023958333333333335 0.02546296296296296
0 0.3765625 0.6078703703703704 0.019270833333333334 0.02638888888888889
0 0.446875 0.6101851851851852 0.025 0.026851851851851852
0 0.5140625 0.611574074074074 0.03177083333333333 0.02962962962962963
0 0.5875 0.6125 0.03333333333333333 0.02962962962962963
0 0.17447916666666666 0.6643518518518519 0.034375 0.02638888888888889
0 0.24166666666666667 0.6689814814814815 0.028645833333333332 0.024537037037037038
0 0.30625 0.6666666666666666 0.03125 0.025925925925925925
0 0.3729166666666667 0.6703703703703704 0.028645833333333332 0.027314814814814816
0 0.4390625 0.6731481481481482 0.043229166666666666 0.031018518518518518
0 0.5109375 0.674537037037037 0.0390625 0.024074074074074074
0 0.5833333333333334 0.6768518518518518 0.03177083333333333 0.026851851851851852