0 0.2171875 0.31157407407407406 0.015104166666666667 0.010185185185185186
0 0.28125 0.31296296296296294 0.015104166666666667 0.010185185185185186
0 0.34479166666666666 0.31296296296296294 0.011458333333333333 0.013888888888888888
0 0.41041666666666665 0.31342592592592594 0.015625 0.010648148148148148
0 0.5421875 0.31342592592592594 0.009895833333333333 0.010648148148148148
0 0.47552083333333334 0.31342592592592594 0.0109375 0.011111111111111112
0 0.609375 0.3111111111111111 0.011458333333333333 0.010185185185185186
0 0.60625 0.36898148148148147 0.011979166666666667 0.01574074074074074
0 0.5369791666666667 0.3736111111111111 0.015104166666666667 0.011111111111111112
0 0.4703125 0.37037037037037035 0.013541666666666667 0.012962962962962963
0 0.40625 0.3712962962962963 0.011979166666666667 0.00787037037037037
0 0.340625 0.37083333333333335 0.013541666666666667 0.010185185185185186
0 0.27395833333333336 0.37037037037037035 0.015625 0.013888888888888888
0 0.209375 0.3675925925925926 0.017708333333333333 0.010648148148148148
0 0.203125 0.42592592592592593 0.0140625 0.01898148148148148
0 0.26979166666666665 0.4287037037037037 0.0125 0.011111111111111112
0 0.3328125 0.4300925925925926 0.0109375 0.010185185185185186
0 0.4 0.42916666666666664 0.0140625 0.012037037037037037
0 0.465625 0.42962962962962964 0.009895833333333333 0.013425925925925926
0 0.5322916666666667 0.4310185185185185 0.0109375 0.012962962962962963
0 0.5994791666666667 0.4310185185185185 0.015104166666666667 0.014351851851851852
0 0.5958333333333333 0.4898148148148148 0.011979166666666667 0.01574074074074074
0 0.5255208333333333 0.49166666666666664 0.021354166666666667 0.0125
0 0.45989583333333334 0.49027777777777776 0.014583333333333334 0.008796296296296297
0 0.3932291666666667 0.487962962962963 0.013541666666666667 0.00787037037037037
0 0.32760416666666664 0.487962962962963 0.011979166666666667 0.010185185185185186
0 0.26197916666666665 0.4875 0.016145833333333335 0.010648148148148148
0 0.196875 0.4861111111111111 0.017708333333333333 0.009259259259259259
0 0.18958333333333333 0.5439814814814815 0.011979166666666667 0.016203703703703703
0 0.25416666666666665 0.5453703703703704 0.015625 0.008796296296296297
0 0.3177083333333333 0.5458333333333333 0.0125 0.012037037037037037
0 0.3880208333333333 0.5509259259259259 0.011458333333333333 0.008796296296296297
0 0.4546875 0.5523148148148148 0.015104166666666667 0.014351851851851852
0 0.5229166666666667 0.5523148148148148 0.008333333333333333 0.010185185185185186
0 0.5895833333333333 0.5523148148148148 0.015104166666666667 0.011111111111111112
0 0.5885416666666666 0.6134259259259259 0.016145833333333335 0.017592592592592594
0 0.5161458333333333 0.611574074074074 0.016666666666666666 0.013425925925925926
0 0.4473958333333333 0.6129629629629629 0.023958333333333335 0.01990740740740741
0 0.3802083333333333 0.6101851851851852 0.016666666666666666 0.013888888888888888
0 0.315625 0.6092592592592593 0.0234375 0.012037037037037037
0 0.25 0.6078703703703704 0.019270833333333334 0.009259259259259259
0 0.18125 0.6069444444444444 0.016145833333333335 0.007407407407407408
0 0.17395833333333333 0.6671296296296296 0.01875 0.013425925925925926
0 0.23958333333333334 0.6699074074074074 0.025 0.009722222222222222
0 0.3072916666666667 0.6708333333333333 0.019270833333333334 0.012962962962962963
0 0.378125 0.6731481481481482 0.019791666666666666 0.013888888888888888
0 0.4473958333333333 0.674537037037037 0.011979166666666667 0.010185185185185186
0 0.5140625 0.675 0.01875 0.00787037037037037
0 0.5817708333333333 0.6754629629629629 0.008854166666666666 0.0125