0 0.21041666666666667 0.6990740740740741 0.022916666666666665 0.0412037037037037
0 0.31354166666666666 0.7143518518518519 0.022916666666666665 0.0412037037037037
0 0.4166666666666667 0.7291666666666666 0.022916666666666665 0.0412037037037037
0 0.5177083333333333 0.7425925925925926 0.022916666666666665 0.0412037037037037
0 0.61875 0.7574074074074074 0.022916666666666665 0.0412037037037037
0 0.71875 0.7708333333333334 0.022916666666666665 0.0412037037037037
0 0.8177083333333334 0.7856481481481481 0.022916666666666665 0.0412037037037037
0 0.25416666666666665 0.5546296296296296 0.022916666666666665 0.0412037037037037
0 0.34479166666666666 0.5675925925925925 0.022916666666666665 0.0412037037037037
0 0.434375 0.5810185185185185 0.022916666666666665 0.0412037037037037
0 0.5239583333333333 0.5939814814814814 0.022916666666666665 0.0412037037037037
0 0.6125 0.6069444444444444 0.022916666666666665 0.0412037037037037
0 0.7 0.6203703703703703 0.022916666666666665 0.0412037037037037
0 0.7875 0.6333333333333333 0.022916666666666665 0.0412037037037037
0 0.28854166666666664 0.44166666666666665 0.022916666666666665 0.0412037037037037
0 0.36875 0.4527777777777778 0.022916666666666665 0.0412037037037037
0 0.44895833333333335 0.46620370370370373 0.022916666666666665 0.0412037037037037
0 0.528125 0.4773148148148148 0.022916666666666665 0.0412037037037037
0 0.6072916666666667 0.4888888888888889 0.022916666666666665 0.0412037037037037
0 0.6854166666666667 0.5018518518518519 0.022916666666666665 0.0412037037037037
0 0.7635416666666667 0.512962962962963 0.022916666666666665 0.0412037037037037
0 0.315625 0.34953703703703703 0.022916666666666665 0.0412037037037037
0 0.3885416666666667 0.3611111111111111 0.022916666666666665 0.0412037037037037
0 0.46041666666666664 0.37222222222222223 0.022916666666666665 0.0412037037037037
0 0.5322916666666667 0.38333333333333336 0.022916666666666665 0.0412037037037037
0 0.603125 0.39490740740740743 0.022916666666666665 0.0412037037037037
0 0.6739583333333333 0.4060185185185185 0.022916666666666665 0.0412037037037037
0 0.74375 0.41712962962962963 0.022916666666666665 0.0412037037037037
0 0.3385416666666667 0.274537037037037 0.022916666666666665 0.0412037037037037
0 0.4041666666666667 0.28564814814814815 0.022916666666666665 0.0412037037037037
0 0.46979166666666666 0.2972222222222222 0.022916666666666665 0.0412037037037037
0 0.5354166666666667 0.30648148148148147 0.022916666666666665 0.0412037037037037
0 0.6 0.3175925925925926 0.022916666666666665 0.0412037037037037
0 0.6645833333333333 0.32685185185185184 0.022916666666666665 0.0412037037037037
0 0.728125 0.3384259259259259 0.022916666666666665 0.0412037037037037
0 0.3572916666666667 0.2125 0.022916666666666665 0.0412037037037037
0 0.41770833333333335 0.22361111111111112 0.022916666666666665 0.0412037037037037
0 0.47708333333333336 0.23287037037037037 0.022916666666666665 0.0412037037037037
0 0.5375 0.24259259259259258 0.022916666666666665 0.0412037037037037
0 0.596875 0.2518518518518518 0.022916666666666665 0.0412037037037037
0 0.65625 0.2611111111111111 0.022916666666666665 0.0412037037037037
0 0.7145833333333333 0.2708333333333333 0.022916666666666665 0.0412037037037037
0 0.3729166666666667 0.1597222222222222 0.022916666666666665 0.0412037037037037
0 0.42916666666666664 0.16898148148148148 0.022916666666666665 0.0412037037037037
0 0.484375 0.1787037037037037 0.022916666666666665 0.0412037037037037
0 0.5395833333333333 0.18796296296296297 0.022916666666666665 0.0412037037037037
0 0.5947916666666667 0.19722222222222222 0.022916666666666665 0.0412037037037037
0 0.6489583333333333 0.20694444444444443 0.022916666666666665 0.0412037037037037
0 0.7041666666666667 0.21435185185185185 0.022916666666666665 0.0412037037037037