0 0.7177083333333333 0.25 0.025 0.040740740740740744
0 0.6572916666666667 0.23472222222222222 0.025 0.040740740740740744
0 0.5979166666666667 0.2212962962962963 0.025 0.040740740740740744
0 0.5385416666666667 0.20555555555555555 0.025 0.040740740740740744
0 0.48020833333333335 0.19027777777777777 0.025 0.040740740740740744
0 0.421875 0.17685185185185184 0.025 0.040740740740740744
0 0.3645833333333333 0.16157407407407406 0.025 0.040740740740740744
0 0.7270833333333333 0.30462962962962964 0.025 0.040740740740740744
0 0.6625 0.2875 0.025 0.040740740740740744
0 0.5979166666666667 0.27037037037037037 0.025 0.040740740740740744
0 0.534375 0.2550925925925926 0.025 0.040740740740740744
0 0.4708333333333333 0.23796296296296296 0.025 0.040740740740740744
0 0.409375 0.22268518518518518 0.025 0.040740740740740744
0 0.34791666666666665 0.20555555555555555 0.025 0.040740740740740744
0 0.7385416666666667 0.36574074074074076 0.025 0.040740740740740744
0 0.6677083333333333 0.34675925925925927 0.025 0.040740740740740744
0 0.5979166666666667 0.3300925925925926 0.025 0.040740740740740744
0 0.5291666666666667 0.3111111111111111 0.025 0.040740740740740744
0 0.46041666666666664 0.29444444444444445 0.025 0.040740740740740744
0 0.39375 0.27546296296296297 0.025 0.040740740740740744
0 0.32708333333333334 0.25833333333333336 0.025 0.040740740740740744
0 0.7510416666666667 0.44027777777777777 0.025 0.040740740740740744
0 0.6739583333333333 0.4185185185185185 0.025 0.040740740740740744
0 0.5979166666666667 0.39814814814814814 0.025 0.040740740740740744
0 0.5229166666666667 0.37916666666666665 0.025 0.040740740740740744
0 0.44895833333333335 0.3587962962962963 0.025 0.040740740740740744
0 0.375 0.3384259259259259 0.025 0.040740740740740744
0 0.303125 0.3199074074074074 0.025 0.040740740740740744
0 0.7666666666666667 0.5287037037037037 0.025 0.040740740740740744
0 0.68125 0.5050925925925925 0.025 0.040740740740740744
0 0.5979166666666667 0.48148148148148145 0.025 0.040740740740740744
0 0.515625 0.45925925925925926 0.025 0.040740740740740744
0 0.43333333333333335 0.43703703703703706 0.025 0.040740740740740744
0 0.353125 0.4148148148148148 0.025 0.040740740740740744
0 0.275 0.39305555555555555 0.025 0.040740740740740744
0 0.7854166666666667 0.637962962962963 0.025 0.040740740740740744
0 0.690625 0.6106481481481482 0.025 0.040740740740740744
0 0.5979166666666667 0.5833333333333334 0.025 0.040740740740740744
0 0.50625 0.5578703703703703 0.025 0.040740740740740744
0 0.415625 0.5324074074074074 0.025 0.040740740740740744
0 0.32708333333333334 0.5069444444444444 0.025 0.040740740740740744
0 0.23958333333333334 0.48148148148148145 0.025 0.040740740740740744
0 0.809375 0.7736111111111111 0.025 0.040740740740740744
0 0.703125 0.7416666666666667 0.025 0.040740740740740744
0 0.5979166666666667 0.7111111111111111 0.025 0.040740740740740744
0 0.4947916666666667 0.6800925925925926 0.025 0.040740740740740744
0 0.39375 0.649537037037037 0.025 0.040740740740740744
0 0.29375 0.6208333333333333 0.025 0.040740740740740744
0 0.196875 0.5916666666666667 0.025 0.040740740740740744