0 0.71875 0.24675925925925926 0.025 0.040740740740740744
0 0.6583333333333333 0.23148148148148148 0.025 0.040740740740740744
0 0.5989583333333334 0.2175925925925926 0.025 0.040740740740740744
0 0.5395833333333333 0.20416666666666666 0.025 0.040740740740740744
0 0.48125 0.18888888888888888 0.025 0.040740740740740744
0 0.42291666666666666 0.175 0.025 0.040740740740740744
0 0.365625 0.16157407407407406 0.025 0.040740740740740744
0 0.728125 0.29953703703703705 0.025 0.040740740740740744
0 0.6625 0.28379629629629627 0.025 0.040740740740740744
0 0.5989583333333334 0.26851851851851855 0.025 0.040740740740740744
0 0.5354166666666667 0.25324074074074077 0.025 0.040740740740740744
0 0.471875 0.23796296296296296 0.025 0.040740740740740744
0 0.409375 0.22268518518518518 0.025 0.040740740740740744
0 0.34791666666666665 0.2074074074074074 0.025 0.040740740740740744
0 0.7385416666666667 0.36203703703703705 0.025 0.040740740740740744
0 0.6677083333333333 0.3453703703703704 0.025 0.040740740740740744
0 0.5989583333333334 0.3282407407407407 0.025 0.040740740740740744
0 0.5302083333333333 0.3111111111111111 0.025 0.040740740740740744
0 0.46145833333333336 0.29444444444444445 0.025 0.040740740740740744
0 0.39479166666666665 0.2773148148148148 0.025 0.040740740740740744
0 0.328125 0.2601851851851852 0.025 0.040740740740740744
0 0.7520833333333333 0.43703703703703706 0.025 0.040740740740740744
0 0.675 0.4185185185185185 0.025 0.040740740740740744
0 0.5989583333333334 0.39814814814814814 0.025 0.040740740740740744
0 0.5239583333333333 0.37916666666666665 0.025 0.040740740740740744
0 0.44895833333333335 0.36064814814814816 0.025 0.040740740740740744
0 0.37604166666666666 0.3416666666666667 0.025 0.040740740740740744
0 0.30416666666666664 0.32314814814814813 0.025 0.040740740740740744
0 0.7677083333333333 0.5273148148148148 0.025 0.040740740740740744
0 0.6822916666666666 0.5050925925925925 0.025 0.040740740740740744
0 0.5989583333333334 0.4828703703703704 0.025 0.040740740740740744
0 0.515625 0.46111111111111114 0.025 0.040740740740740744
0 0.434375 0.44027777777777777 0.025 0.040740740740740744
0 0.3541666666666667 0.4185185185185185 0.025 0.040740740740740744
0 0.275 0.39814814814814814 0.025 0.040740740740740744
0 0.7864583333333334 0.6361111111111111 0.025 0.040740740740740744
0 0.6916666666666667 0.6106481481481482 0.025 0.040740740740740744
0 0.5989583333333334 0.5851851851851851 0.025 0.040740740740740744
0 0.5072916666666667 0.5611111111111111 0.025 0.040740740740740744
0 0.4166666666666667 0.5375 0.025 0.040740740740740744
0 0.328125 0.5120370370370371 0.025 0.040740740740740744
0 0.240625 0.487962962962963 0.025 0.040740740740740744
0 0.8104166666666667 0.7736111111111111 0.025 0.040740740740740744
0 0.703125 0.7449074074074075 0.025 0.040740740740740744
0 0.5989583333333334 0.7143518518518519 0.025 0.040740740740740744
0 0.49583333333333335 0.6851851851851852 0.025 0.040740740740740744
0 0.39479166666666665 0.6564814814814814 0.025 0.040740740740740744
0 0.2947916666666667 0.6291666666666667 0.025 0.040740740740740744
0 0.196875 0.6018518518518519 0.025 0.040740740740740744