0 0.21041666666666667 0.7175925925925926 0.020833333333333332 0.03796296296296296
0 0.315625 0.7291666666666666 0.020833333333333332 0.03796296296296296
0 0.41875 0.7384259259259259 0.020833333333333332 0.03796296296296296
0 0.5208333333333334 0.75 0.020833333333333332 0.03796296296296296
0 0.621875 0.7615740740740741 0.020833333333333332 0.03796296296296296
0 0.7208333333333333 0.7708333333333334 0.020833333333333332 0.03796296296296296
0 0.8177083333333334 0.7824074074074074 0.020833333333333332 0.03796296296296296
0 0.253125 0.5685185185185185 0.020833333333333332 0.03796296296296296
0 0.34479166666666666 0.5800925925925926 0.020833333333333332 0.03796296296296296
0 0.4354166666666667 0.5898148148148148 0.020833333333333332 0.03796296296296296
0 0.525 0.600925925925926 0.020833333333333332 0.03796296296296296
0 0.6135416666666667 0.6106481481481482 0.020833333333333332 0.03796296296296296
0 0.7010416666666667 0.6222222222222222 0.020833333333333332 0.03796296296296296
0 0.7864583333333334 0.6314814814814815 0.020833333333333332 0.03796296296296296
0 0.28541666666666665 0.45231481481481484 0.020833333333333332 0.03796296296296296
0 0.36770833333333336 0.4638888888888889 0.020833333333333332 0.03796296296296296
0 0.4479166666666667 0.47314814814814815 0.020833333333333332 0.03796296296296296
0 0.528125 0.4828703703703704 0.020833333333333332 0.03796296296296296
0 0.6072916666666667 0.49444444444444446 0.020833333333333332 0.03796296296296296
0 0.6854166666666667 0.5037037037037037 0.020833333333333332 0.03796296296296296
0 0.7625 0.513425925925926 0.020833333333333332 0.03796296296296296
0 0.31145833333333334 0.36064814814814816 0.020833333333333332 0.03796296296296296
0 0.3854166666666667 0.37037037037037035 0.020833333333333332 0.03796296296296296
0 0.4583333333333333 0.37962962962962965 0.020833333333333332 0.03796296296296296
0 0.5302083333333333 0.38935185185185184 0.020833333333333332 0.03796296296296296
0 0.6020833333333333 0.3990740740740741 0.020833333333333332 0.03796296296296296
0 0.671875 0.4083333333333333 0.020833333333333332 0.03796296296296296
0 0.7427083333333333 0.41805555555555557 0.020833333333333332 0.03796296296296296
0 0.3333333333333333 0.28425925925925927 0.020833333333333332 0.03796296296296296
0 0.4 0.29212962962962963 0.020833333333333332 0.03796296296296296
0 0.4666666666666667 0.3013888888888889 0.020833333333333332 0.03796296296296296
0 0.5322916666666667 0.3111111111111111 0.020833333333333332 0.03796296296296296
0 0.5979166666666667 0.32083333333333336 0.020833333333333332 0.03796296296296296
0 0.6614583333333334 0.3282407407407407 0.020833333333333332 0.03796296296296296
0 0.7260416666666667 0.33796296296296297 0.020833333333333332 0.03796296296296296
0 0.35208333333333336 0.21944444444444444 0.020833333333333332 0.03796296296296296
0 0.4125 0.22916666666666666 0.020833333333333332 0.03796296296296296
0 0.4739583333333333 0.23657407407407408 0.020833333333333332 0.03796296296296296
0 0.534375 0.2462962962962963 0.020833333333333332 0.03796296296296296
0 0.59375 0.2537037037037037 0.020833333333333332 0.03796296296296296
0 0.653125 0.26342592592592595 0.020833333333333332 0.03796296296296296
0 0.7114583333333333 0.2708333333333333 0.020833333333333332 0.03796296296296296
0 0.36666666666666664 0.16620370370370371 0.020833333333333332 0.03796296296296296
0 0.4239583333333333 0.1736111111111111 0.020833333333333332 0.03796296296296296
0 0.48020833333333335 0.18333333333333332 0.020833333333333332 0.03796296296296296
0 0.5354166666666667 0.19074074074074074 0.020833333333333332 0.03796296296296296
0 0.590625 0.1986111111111111 0.020833333333333332 0.03796296296296296
0 0.6458333333333334 0.20601851851851852 0.020833333333333332 0.03796296296296296
0 0.7 0.21574074074074073 0.020833333333333332 0.03796296296296296