0 0.20208333333333334 0.6481481481481481 0.022916666666666665 0.038425925925925926
0 0.303125 0.6708333333333333 0.022916666666666665 0.038425925925925926
0 0.4041666666666667 0.6916666666666667 0.022916666666666665 0.038425925925925926
0 0.50625 0.7125 0.022916666666666665 0.038425925925925926
0 0.6083333333333333 0.7351851851851852 0.022916666666666665 0.038425925925925926
0 0.7114583333333333 0.7560185185185185 0.022916666666666665 0.038425925925925926
0 0.815625 0.7787037037037037 0.022916666666666665 0.038425925925925926
0 0.24583333333333332 0.5226851851851851 0.022916666666666665 0.038425925925925926
0 0.33541666666666664 0.5416666666666666 0.022916666666666665 0.038425925925925926
0 0.425 0.5592592592592592 0.022916666666666665 0.038425925925925926
0 0.515625 0.5782407407407407 0.022916666666666665 0.038425925925925926
0 0.6072916666666667 0.5976851851851852 0.022916666666666665 0.038425925925925926
0 0.6989583333333333 0.6166666666666667 0.022916666666666665 0.038425925925925926
0 0.790625 0.6361111111111111 0.022916666666666665 0.038425925925925926
0 0.28125 0.4217592592592593 0.022916666666666665 0.038425925925925926
0 0.3614583333333333 0.4375 0.022916666666666665 0.038425925925925926
0 0.4427083333333333 0.4546296296296296 0.022916666666666665 0.038425925925925926
0 0.5239583333333333 0.4703703703703704 0.022916666666666665 0.038425925925925926
0 0.60625 0.487962962962963 0.022916666666666665 0.038425925925925926
0 0.6885416666666667 0.5037037037037037 0.022916666666666665 0.038425925925925926
0 0.7708333333333334 0.5208333333333334 0.022916666666666665 0.038425925925925926
0 0.309375 0.3398148148148148 0.022916666666666665 0.038425925925925926
0 0.38333333333333336 0.3537037037037037 0.022916666666666665 0.038425925925925926
0 0.45625 0.3675925925925926 0.022916666666666665 0.038425925925925926
0 0.5302083333333333 0.38333333333333336 0.022916666666666665 0.038425925925925926
0 0.6052083333333333 0.3990740740740741 0.022916666666666665 0.038425925925925926
0 0.6791666666666667 0.412962962962963 0.022916666666666665 0.038425925925925926
0 0.7541666666666667 0.4287037037037037 0.022916666666666665 0.038425925925925926
0 0.3333333333333333 0.26990740740740743 0.022916666666666665 0.038425925925925926
0 0.4010416666666667 0.28379629629629627 0.022916666666666665 0.038425925925925926
0 0.46875 0.2962962962962963 0.022916666666666665 0.038425925925925926
0 0.5364583333333334 0.3101851851851852 0.022916666666666665 0.038425925925925926
0 0.6041666666666666 0.32407407407407407 0.022916666666666665 0.038425925925925926
0 0.6729166666666667 0.33796296296296297 0.022916666666666665 0.038425925925925926
0 0.7416666666666667 0.35 0.022916666666666665 0.038425925925925926
0 0.3541666666666667 0.2125 0.022916666666666665 0.038425925925925926
0 0.415625 0.22453703703703703 0.022916666666666665 0.038425925925925926
0 0.478125 0.23703703703703705 0.022916666666666665 0.038425925925925926
0 0.540625 0.2490740740740741 0.022916666666666665 0.038425925925925926
0 0.603125 0.2611111111111111 0.022916666666666665 0.038425925925925926
0 0.6666666666666666 0.27361111111111114 0.022916666666666665 0.038425925925925926
0 0.7302083333333333 0.28564814814814815 0.022916666666666665 0.038425925925925926
0 0.37083333333333335 0.16203703703703703 0.022916666666666665 0.038425925925925926
0 0.42916666666666664 0.1726851851851852 0.022916666666666665 0.038425925925925926
0 0.4864583333333333 0.18472222222222223 0.022916666666666665 0.038425925925925926
0 0.5447916666666667 0.19490740740740742 0.022916666666666665 0.038425925925925926
0 0.603125 0.2074074074074074 0.022916666666666665 0.038425925925925926
0 0.6614583333333334 0.2175925925925926 0.022916666666666665 0.038425925925925926
0 0.7197916666666667 0.2300925925925926 0.022916666666666665 0.038425925925925926