0 0.20520833333333333 0.7393518518518518 0.020833333333333332 0.03935185185185185
0 0.3104166666666667 0.7472222222222222 0.020833333333333332 0.03935185185185185
0 0.41458333333333336 0.7550925925925925 0.020833333333333332 0.03935185185185185
0 0.515625 0.7606481481481482 0.020833333333333332 0.03935185185185185
0 0.6166666666666667 0.7685185185185185 0.020833333333333332 0.03935185185185185
0 0.715625 0.774537037037037 0.020833333333333332 0.03935185185185185
0 0.8135416666666667 0.7824074074074074 0.020833333333333332 0.03935185185185185
0 0.24375 0.5861111111111111 0.020833333333333332 0.03935185185185185
0 0.33541666666666664 0.5939814814814814 0.020833333333333332 0.03935185185185185
0 0.42604166666666665 0.6 0.020833333333333332 0.03935185185185185
0 0.515625 0.6078703703703704 0.020833333333333332 0.03935185185185185
0 0.6041666666666666 0.6157407407407407 0.020833333333333332 0.03935185185185185
0 0.6916666666666667 0.6217592592592592 0.020833333333333332 0.03935185185185185
0 0.778125 0.6296296296296297 0.020833333333333332 0.03935185185185185
0 0.27291666666666664 0.4666666666666667 0.020833333333333332 0.03935185185185185
0 0.35520833333333335 0.4726851851851852 0.020833333333333332 0.03935185185185185
0 0.43645833333333334 0.48055555555555557 0.020833333333333332 0.03935185185185185
0 0.515625 0.48842592592592593 0.020833333333333332 0.03935185185185185
0 0.5947916666666667 0.49398148148148147 0.020833333333333332 0.03935185185185185
0 0.6729166666666667 0.5018518518518519 0.020833333333333332 0.03935185185185185
0 0.75 0.5078703703703704 0.020833333333333332 0.03935185185185185
0 0.296875 0.3685185185185185 0.020833333333333332 0.03935185185185185
0 0.37083333333333335 0.3763888888888889 0.020833333333333332 0.03935185185185185
0 0.44375 0.38425925925925924 0.020833333333333332 0.03935185185185185
0 0.515625 0.3902777777777778 0.020833333333333332 0.03935185185185185
0 0.5875 0.39814814814814814 0.020833333333333332 0.03935185185185185
0 0.6583333333333333 0.40370370370370373 0.020833333333333332 0.03935185185185185
0 0.728125 0.4115740740740741 0.020833333333333332 0.03935185185185185
0 0.31666666666666665 0.2902777777777778 0.020833333333333332 0.03935185185185185
0 0.38333333333333336 0.2962962962962963 0.020833333333333332 0.03935185185185185
0 0.45 0.3037037037037037 0.020833333333333332 0.03935185185185185
0 0.515625 0.30972222222222223 0.020833333333333332 0.03935185185185185
0 0.58125 0.3175925925925926 0.020833333333333332 0.03935185185185185
0 0.6458333333333334 0.3236111111111111 0.020833333333333332 0.03935185185185185
0 0.709375 0.3296296296296296 0.020833333333333332 0.03935185185185185
0 0.3333333333333333 0.22361111111111112 0.020833333333333332 0.03935185185185185
0 0.39479166666666665 0.23148148148148148 0.020833333333333332 0.03935185185185185
0 0.4552083333333333 0.23703703703703705 0.020833333333333332 0.03935185185185185
0 0.515625 0.24305555555555555 0.020833333333333332 0.03935185185185185
0 0.5760416666666667 0.2490740740740741 0.020833333333333332 0.03935185185185185
0 0.6354166666666666 0.2569444444444444 0.020833333333333332 0.03935185185185185
0 0.69375 0.26296296296296295 0.020833333333333332 0.03935185185185185
0 0.346875 0.1685185185185185 0.020833333333333332 0.03935185185185185
0 0.4041666666666667 0.17453703703703705 0.020833333333333332 0.03935185185185185
0 0.46041666666666664 0.18055555555555555 0.020833333333333332 0.03935185185185185
0 0.515625 0.18611111111111112 0.020833333333333332 0.03935185185185185
0 0.5708333333333333 0.19212962962962962 0.020833333333333332 0.03935185185185185
0 0.6260416666666667 0.19814814814814816 0.020833333333333332 0.03935185185185185
0 0.6802083333333333 0.20601851851851852 0.020833333333333332 0.03935185185185185