0 0.16875 0.8490740740740741 0.03125 0.03888888888888889
0 0.278125 0.8481481481481481 0.03125 0.03888888888888889
0 0.3875 0.8467592592592592 0.03125 0.03888888888888889
0 0.49583333333333335 0.8453703703703703 0.03125 0.03888888888888889
0 0.6052083333333333 0.8439814814814814 0.03125 0.03888888888888889
0 0.7135416666666666 0.8425925925925926 0.03125 0.03888888888888889
0 0.8229166666666666 0.8416666666666667 0.03125 0.03888888888888889
0 0.178125 0.7217592592592592 0.03125 0.03888888888888889
0 0.28229166666666666 0.7203703703703703 0.03125 0.03888888888888889
0 0.3875 0.7189814814814814 0.03125 0.03888888888888889
0 0.49270833333333336 0.7175925925925926 0.03125 0.03888888888888889
0 0.596875 0.7166666666666667 0.03125 0.03888888888888889
0 0.7020833333333333 0.7152777777777778 0.03125 0.03888888888888889
0 0.8072916666666666 0.7138888888888889 0.03125 0.03888888888888889
0 0.18541666666666667 0.6032407407407407 0.03125 0.03888888888888889
0 0.2864583333333333 0.6018518518518519 0.03125 0.03888888888888889
0 0.3875 0.600462962962963 0.03125 0.03888888888888889
0 0.48854166666666665 0.5990740740740741 0.03125 0.03888888888888889
0 0.5895833333333333 0.5981481481481481 0.03125 0.03888888888888889
0 0.690625 0.5981481481481481 0.03125 0.03888888888888889
0 0.7916666666666666 0.5967592592592592 0.03125 0.03888888888888889
0 0.19270833333333334 0.4935185185185185 0.03125 0.03888888888888889
0 0.290625 0.49212962962962964 0.03125 0.03888888888888889
0 0.3885416666666667 0.4912037037037037 0.03125 0.03888888888888889
0 0.48541666666666666 0.4898148148148148 0.03125 0.03888888888888889
0 0.5833333333333334 0.48842592592592593 0.03125 0.03888888888888889
0 0.6802083333333333 0.48703703703703705 0.03125 0.03888888888888889
0 0.778125 0.48703703703703705 0.03125 0.03888888888888889
0 0.2 0.3902777777777778 0.03125 0.03888888888888889
0 0.29375 0.3902777777777778 0.03125 0.03888888888888889
0 0.3885416666666667 0.38935185185185184 0.03125 0.03888888888888889
0 0.4822916666666667 0.38796296296296295 0.03125 0.03888888888888889
0 0.5770833333333333 0.38657407407407407 0.03125 0.03888888888888889
0 0.6708333333333333 0.3851851851851852 0.03125 0.03888888888888889
0 0.765625 0.3837962962962963 0.03125 0.03888888888888889
0 0.20625 0.2949074074074074 0.03125 0.03888888888888889
0 0.29791666666666666 0.29398148148148145 0.03125 0.03888888888888889
0 0.3885416666666667 0.29259259259259257 0.03125 0.03888888888888889
0 0.48020833333333335 0.29259259259259257 0.03125 0.03888888888888889
0 0.5708333333333333 0.2912037037037037 0.03125 0.03888888888888889
0 0.6625 0.2898148148148148 0.03125 0.03888888888888889
0 0.753125 0.28888888888888886 0.03125 0.03888888888888889
0 0.2125 0.20601851851851852 0.03125 0.03888888888888889
0 0.30104166666666665 0.2050925925925926 0.03125 0.03888888888888889
0 0.3885416666666667 0.2037037037037037 0.03125 0.03888888888888889
0 0.47708333333333336 0.2023148148148148 0.03125 0.03888888888888889
0 0.565625 0.20092592592592592 0.03125 0.03888888888888889
0 0.653125 0.20092592592592592 0.03125 0.03888888888888889
0 0.7416666666666667 0.19953703703703704 0.03125 0.03888888888888889