0 0.30520833333333336 0.18009259259259258 0.03125 0.038425925925925926
0 0.28854166666666664 0.25462962962962965 0.03125 0.038425925925925926
0 0.271875 0.3337962962962963 0.03125 0.038425925925925926
0 0.2520833333333333 0.42083333333333334 0.03125 0.038425925925925926
0 0.23125 0.5180555555555556 0.03125 0.038425925925925926
0 0.20729166666666668 0.6240740740740741 0.03125 0.038425925925925926
0 0.18125 0.7430555555555556 0.03125 0.038425925925925926
0 0.38333333333333336 0.18796296296296297 0.03125 0.038425925925925926
0 0.37083333333333335 0.262037037037037 0.03125 0.038425925925925926
0 0.35625 0.3425925925925926 0.03125 0.038425925925925926
0 0.3416666666666667 0.4310185185185185 0.03125 0.038425925925925926
0 0.325 0.5282407407407408 0.03125 0.038425925925925926
0 0.30625 0.6370370370370371 0.03125 0.038425925925925926
0 0.28541666666666665 0.7569444444444444 0.03125 0.038425925925925926
0 0.46145833333333336 0.19583333333333333 0.03125 0.038425925925925926
0 0.45208333333333334 0.26990740740740743 0.03125 0.038425925925925926
0 0.4427083333333333 0.35185185185185186 0.03125 0.038425925925925926
0 0.43125 0.4412037037037037 0.03125 0.038425925925925926
0 0.4197916666666667 0.5398148148148149 0.03125 0.038425925925925926
0 0.40625 0.6481481481481481 0.03125 0.038425925925925926
0 0.390625 0.7712962962962963 0.03125 0.038425925925925926
0 0.540625 0.20324074074074075 0.03125 0.038425925925925926
0 0.5354166666666667 0.27870370370370373 0.03125 0.038425925925925926
0 0.5291666666666667 0.36064814814814816 0.03125 0.038425925925925926
0 0.5229166666666667 0.4513888888888889 0.03125 0.038425925925925926
0 0.515625 0.5509259259259259 0.03125 0.038425925925925926
0 0.5072916666666667 0.6611111111111111 0.03125 0.038425925925925926
0 0.4979166666666667 0.7851851851851852 0.03125 0.038425925925925926
0 0.6208333333333333 0.2111111111111111 0.03125 0.038425925925925926
0 0.6197916666666666 0.2865740740740741 0.03125 0.038425925925925926
0 0.6166666666666667 0.36944444444444446 0.03125 0.038425925925925926
0 0.6145833333333334 0.4615740740740741 0.03125 0.038425925925925926
0 0.6125 0.5615740740740741 0.03125 0.038425925925925926
0 0.609375 0.674074074074074 0.03125 0.038425925925925926
0 0.60625 0.799074074074074 0.03125 0.038425925925925926
0 0.7020833333333333 0.21851851851851853 0.03125 0.038425925925925926
0 0.7041666666666667 0.2953703703703704 0.03125 0.038425925925925926
0 0.70625 0.37962962962962965 0.03125 0.038425925925925926
0 0.7083333333333334 0.47175925925925927 0.03125 0.038425925925925926
0 0.7104166666666667 0.5726851851851852 0.03125 0.038425925925925926
0 0.7125 0.6865740740740741 0.03125 0.038425925925925926
0 0.715625 0.8134259259259259 0.03125 0.038425925925925926
0 0.784375 0.2263888888888889 0.03125 0.038425925925925926
0 0.7895833333333333 0.30416666666666664 0.03125 0.038425925925925926
0 0.7958333333333333 0.3888888888888889 0.03125 0.038425925925925926
0 0.8020833333333334 0.48194444444444445 0.03125 0.038425925925925926
0 0.809375 0.5842592592592593 0.03125 0.038425925925925926
0 0.8177083333333334 0.6995370370370371 0.03125 0.038425925925925926
0 0.8260416666666667 0.8287037037037037 0.03125 0.038425925925925926