0 0.16354166666666667 0.7023148148148148 0.0125 0.03194444444444444
0 0.24166666666666667 0.7074074074074074 0.0125 0.03194444444444444
0 0.31979166666666664 0.7129629629629629 0.0125 0.03194444444444444
0 0.396875 0.7180555555555556 0.0125 0.03194444444444444
0 0.475 0.7236111111111111 0.0125 0.03194444444444444
0 0.5520833333333334 0.7287037037037037 0.0125 0.03194444444444444
0 0.6291666666666667 0.736574074074074 0.0125 0.03194444444444444
0 0.20416666666666666 0.5638888888888889 0.0125 0.03194444444444444
0 0.27395833333333336 0.5689814814814815 0.0125 0.03194444444444444
0 0.34375 0.5745370370370371 0.0125 0.03194444444444444
0 0.41458333333333336 0.5796296296296296 0.0125 0.03194444444444444
0 0.484375 0.5851851851851851 0.0125 0.03194444444444444
0 0.5541666666666667 0.5902777777777778 0.0125 0.03194444444444444
0 0.6239583333333333 0.5958333333333333 0.0125 0.03194444444444444
0 0.23645833333333333 0.45231481481481484 0.0125 0.03194444444444444
0 0.30104166666666665 0.4546296296296296 0.0125 0.03194444444444444
0 0.3645833333333333 0.4601851851851852 0.0125 0.03194444444444444
0 0.428125 0.4652777777777778 0.0125 0.03194444444444444
0 0.49166666666666664 0.4708333333333333 0.0125 0.03194444444444444
0 0.5552083333333333 0.4759259259259259 0.0125 0.03194444444444444
0 0.61875 0.48148148148148145 0.0125 0.03194444444444444
0 0.26458333333333334 0.35648148148148145 0.0125 0.03194444444444444
0 0.3229166666666667 0.36157407407407405 0.0125 0.03194444444444444
0 0.38125 0.36712962962962964 0.0125 0.03194444444444444
0 0.4395833333333333 0.3699074074074074 0.0125 0.03194444444444444
0 0.4979166666666667 0.375 0.0125 0.03194444444444444
0 0.55625 0.3800925925925926 0.0125 0.03194444444444444
0 0.6145833333333334 0.38564814814814813 0.0125 0.03194444444444444
0 0.2875 0.2763888888888889 0.0125 0.03194444444444444
0 0.3416666666666667 0.28194444444444444 0.0125 0.03194444444444444
0 0.3958333333333333 0.2847222222222222 0.0125 0.03194444444444444
0 0.45 0.2898148148148148 0.0125 0.03194444444444444
0 0.503125 0.2953703703703704 0.0125 0.03194444444444444
0 0.5572916666666666 0.29768518518518516 0.0125 0.03194444444444444
0 0.6114583333333333 0.30324074074074076 0.0125 0.03194444444444444
0 0.3072916666666667 0.2074074074074074 0.0125 0.03194444444444444
0 0.3572916666666667 0.21296296296296297 0.0125 0.03194444444444444
0 0.4083333333333333 0.2152777777777778 0.0125 0.03194444444444444
0 0.4583333333333333 0.22083333333333333 0.0125 0.03194444444444444
0 0.5083333333333333 0.22361111111111112 0.0125 0.03194444444444444
0 0.5583333333333333 0.22870370370370371 0.0125 0.03194444444444444
0 0.6083333333333333 0.23148148148148148 0.0125 0.03194444444444444
0 0.325 0.14907407407407408 0.0125 0.03194444444444444
0 0.371875 0.15138888888888888 0.0125 0.03194444444444444
0 0.41875 0.15694444444444444 0.0125 0.03194444444444444
0 0.465625 0.1597222222222222 0.0125 0.03194444444444444
0 0.5125 0.1648148148148148 0.0125 0.03194444444444444
0 0.559375 0.1675925925925926 0.0125 0.03194444444444444
0 0.60625 0.17037037037037037 0.0125 0.03194444444444444