0 0.825 0.8282407407407407 0.029166666666666667 0.03888888888888889
0 0.8052083333333333 0.6856481481481481 0.029166666666666667 0.03888888888888889
0 0.7885416666666667 0.5615740740740741 0.029166666666666667 0.03888888888888889
0 0.7729166666666667 0.449537037037037 0.029166666666666667 0.03888888888888889
0 0.759375 0.3490740740740741 0.029166666666666667 0.03888888888888889
0 0.746875 0.25833333333333336 0.029166666666666667 0.03888888888888889
0 0.7354166666666667 0.17592592592592593 0.029166666666666667 0.03888888888888889
0 0.7166666666666667 0.8282407407407407 0.029166666666666667 0.03888888888888889
0 0.703125 0.6856481481481481 0.029166666666666667 0.03888888888888889
0 0.6927083333333334 0.5601851851851852 0.029166666666666667 0.03888888888888889
0 0.6822916666666666 0.44814814814814813 0.029166666666666667 0.03888888888888889
0 0.6729166666666667 0.3490740740740741 0.029166666666666667 0.03888888888888889
0 0.6645833333333333 0.25833333333333336 0.029166666666666667 0.03888888888888889
0 0.6572916666666667 0.17592592592592593 0.029166666666666667 0.03888888888888889
0 0.6083333333333333 0.8268518518518518 0.029166666666666667 0.03888888888888889
0 0.6020833333333333 0.6856481481481481 0.029166666666666667 0.03888888888888889
0 0.5958333333333333 0.5601851851851852 0.029166666666666667 0.03888888888888889
0 0.5916666666666667 0.44814814814814813 0.029166666666666667 0.03888888888888889
0 0.5875 0.3476851851851852 0.029166666666666667 0.03888888888888889
0 0.5833333333333334 0.25833333333333336 0.029166666666666667 0.03888888888888889
0 0.5791666666666667 0.17592592592592593 0.029166666666666667 0.03888888888888889
0 0.5 0.8268518518518518 0.029166666666666667 0.03888888888888889
0 0.5 0.6856481481481481 0.029166666666666667 0.03888888888888889
0 0.5 0.5601851851851852 0.029166666666666667 0.03888888888888889
0 0.5010416666666667 0.44814814814814813 0.029166666666666667 0.03888888888888889
0 0.5010416666666667 0.3476851851851852 0.029166666666666667 0.03888888888888889
0 0.5010416666666667 0.2569444444444444 0.029166666666666667 0.03888888888888889
0 0.5020833333333333 0.17592592592592593 0.029166666666666667 0.03888888888888889
0 0.39166666666666666 0.825462962962963 0.029166666666666667 0.03888888888888889
0 0.39895833333333336 0.6842592592592592 0.029166666666666667 0.03888888888888889
0 0.4041666666666667 0.5601851851851852 0.029166666666666667 0.03888888888888889
0 0.41041666666666665 0.44814814814814813 0.029166666666666667 0.03888888888888889
0 0.415625 0.3476851851851852 0.029166666666666667 0.03888888888888889
0 0.4197916666666667 0.2569444444444444 0.029166666666666667 0.03888888888888889
0 0.4239583333333333 0.17592592592592593 0.029166666666666667 0.03888888888888889
0 0.2833333333333333 0.825462962962963 0.029166666666666667 0.03888888888888889
0 0.296875 0.6842592592592592 0.029166666666666667 0.03888888888888889
0 0.309375 0.5587962962962963 0.029166666666666667 0.03888888888888889
0 0.31979166666666664 0.44814814814814813 0.029166666666666667 0.03888888888888889
0 0.32916666666666666 0.3476851851851852 0.029166666666666667 0.03888888888888889
0 0.3375 0.2569444444444444 0.029166666666666667 0.03888888888888889
0 0.3458333333333333 0.17592592592592593 0.029166666666666667 0.03888888888888889
0 0.175 0.825462962962963 0.029166666666666667 0.03888888888888889
0 0.19583333333333333 0.6842592592592592 0.029166666666666667 0.03888888888888889
0 0.21354166666666666 0.5587962962962963 0.029166666666666667 0.03888888888888889
0 0.22916666666666666 0.44675925925925924 0.029166666666666667 0.03888888888888889
0 0.24375 0.3476851851851852 0.029166666666666667 0.03888888888888889
0 0.25625 0.2569444444444444 0.029166666666666667 0.03888888888888889
0 0.2677083333333333 0.17453703703703705 0.029166666666666667 0.03888888888888889