0 0.6270833333333333 0.23148148148148148 0.016666666666666666 0.02962962962962963
0 0.5802083333333333 0.22962962962962963 0.016666666666666666 0.02962962962962963
0 0.5322916666666667 0.22777777777777777 0.016666666666666666 0.02962962962962963
0 0.484375 0.22592592592592592 0.016666666666666666 0.02962962962962963
0 0.43645833333333334 0.22407407407407406 0.016666666666666666 0.02962962962962963
0 0.3875 0.22407407407407406 0.016666666666666666 0.02962962962962963
0 0.3385416666666667 0.2222222222222222 0.016666666666666666 0.02962962962962963
0 0.6364583333333333 0.29074074074074074 0.016666666666666666 0.02962962962962963
0 0.5864583333333333 0.28888888888888886 0.016666666666666666 0.02962962962962963
0 0.5364583333333334 0.28703703703703703 0.016666666666666666 0.02962962962962963
0 0.48541666666666666 0.28703703703703703 0.016666666666666666 0.02962962962962963
0 0.434375 0.2851851851851852 0.016666666666666666 0.02962962962962963
0 0.38333333333333336 0.2833333333333333 0.016666666666666666 0.02962962962962963
0 0.3302083333333333 0.2833333333333333 0.016666666666666666 0.02962962962962963
0 0.646875 0.3574074074074074 0.016666666666666666 0.02962962962962963
0 0.5947916666666667 0.35555555555555557 0.016666666666666666 0.02962962962962963
0 0.5416666666666666 0.35555555555555557 0.016666666666666666 0.02962962962962963
0 0.4875 0.3537037037037037 0.016666666666666666 0.02962962962962963
0 0.4322916666666667 0.3537037037037037 0.016666666666666666 0.02962962962962963
0 0.3770833333333333 0.35185185185185186 0.016666666666666666 0.02962962962962963
0 0.321875 0.35185185185185186 0.016666666666666666 0.02962962962962963
0 0.659375 0.43333333333333335 0.016666666666666666 0.02962962962962963
0 0.603125 0.43148148148148147 0.016666666666666666 0.02962962962962963
0 0.5458333333333333 0.43148148148148147 0.016666666666666666 0.02962962962962963
0 0.48854166666666665 0.43148148148148147 0.016666666666666666 0.02962962962962963
0 0.43020833333333336 0.42962962962962964 0.016666666666666666 0.02962962962962963
0 0.371875 0.42962962962962964 0.016666666666666666 0.02962962962962963
0 0.31145833333333334 0.42962962962962964 0.016666666666666666 0.02962962962962963
0 0.6729166666666667 0.5203703703703704 0.016666666666666666 0.02962962962962963
0 0.6135416666666667 0.5185185185185185 0.016666666666666666 0.02962962962962963
0 0.5520833333333334 0.5185185185185185 0.016666666666666666 0.02962962962962963
0 0.490625 0.5185185185185185 0.016666666666666666 0.02962962962962963
0 0.428125 0.5185185185185185 0.016666666666666666 0.02962962962962963
0 0.3645833333333333 0.5185185185185185 0.016666666666666666 0.02962962962962963
0 0.30104166666666665 0.5185185185185185 0.016666666666666666 0.02962962962962963
0 0.6895833333333333 0.6185185185185185 0.016666666666666666 0.02962962962962963
0 0.625 0.6203703703703703 0.016666666666666666 0.02962962962962963
0 0.559375 0.6203703703703703 0.016666666666666666 0.02962962962962963
0 0.49270833333333336 0.6203703703703703 0.016666666666666666 0.02962962962962963
0 0.425 0.6222222222222222 0.016666666666666666 0.02962962962962963
0 0.35625 0.6222222222222222 0.016666666666666666 0.02962962962962963
0 0.2875 0.6222222222222222 0.016666666666666666 0.02962962962962963
0 0.7072916666666667 0.7351851851851852 0.016666666666666666 0.02962962962962963
0 0.6375 0.737037037037037 0.016666666666666666 0.02962962962962963
0 0.5666666666666667 0.7388888888888889 0.016666666666666666 0.02962962962962963
0 0.4947916666666667 0.7407407407407407 0.016666666666666666 0.02962962962962963
0 0.421875 0.7425925925925926 0.016666666666666666 0.02962962962962963
0 0.346875 0.7425925925925926 0.016666666666666666 0.02962962962962963
0 0.271875 0.7444444444444445 0.016666666666666666 0.02962962962962963