0 0.16979166666666667 0.5199074074074074 0.029166666666666667 0.034722222222222224
0 0.24479166666666666 0.5574074074074075 0.029166666666666667 0.034722222222222224
0 0.325 0.5981481481481481 0.029166666666666667 0.034722222222222224
0 0.41041666666666665 0.6416666666666667 0.029166666666666667 0.034722222222222224
0 0.5020833333333333 0.687962962962963 0.029166666666666667 0.034722222222222224
0 0.6010416666666667 0.7375 0.029166666666666667 0.034722222222222224
0 0.7072916666666667 0.7912037037037037 0.029166666666666667 0.034722222222222224
0 0.221875 0.43796296296296294 0.029166666666666667 0.034722222222222224
0 0.2947916666666667 0.47129629629629627 0.029166666666666667 0.034722222222222224
0 0.3729166666666667 0.5060185185185185 0.029166666666666667 0.034722222222222224
0 0.4552083333333333 0.5449074074074074 0.029166666666666667 0.034722222222222224
0 0.54375 0.5847222222222223 0.029166666666666667 0.034722222222222224
0 0.6385416666666667 0.6282407407407408 0.029166666666666667 0.034722222222222224
0 0.7395833333333334 0.6754629629629629 0.029166666666666667 0.034722222222222224
0 0.26979166666666665 0.362962962962963 0.029166666666666667 0.034722222222222224
0 0.340625 0.39305555555555555 0.029166666666666667 0.034722222222222224
0 0.415625 0.42407407407407405 0.029166666666666667 0.034722222222222224
0 0.49583333333333335 0.45787037037037037 0.029166666666666667 0.034722222222222224
0 0.58125 0.49398148148148147 0.029166666666666667 0.034722222222222224
0 0.671875 0.5310185185185186 0.029166666666666667 0.034722222222222224
0 0.76875 0.5722222222222222 0.029166666666666667 0.034722222222222224
0 0.31354166666666666 0.2949074074074074 0.029166666666666667 0.034722222222222224
0 0.38229166666666664 0.32222222222222224 0.029166666666666667 0.034722222222222224
0 0.4552083333333333 0.34953703703703703 0.029166666666666667 0.034722222222222224
0 0.5322916666666667 0.37916666666666665 0.029166666666666667 0.034722222222222224
0 0.6145833333333334 0.41064814814814815 0.029166666666666667 0.034722222222222224
0 0.7020833333333333 0.4439814814814815 0.029166666666666667 0.034722222222222224
0 0.7947916666666667 0.4787037037037037 0.029166666666666667 0.034722222222222224
0 0.353125 0.2324074074074074 0.029166666666666667 0.034722222222222224
0 0.4197916666666667 0.25601851851851853 0.029166666666666667 0.034722222222222224
0 0.490625 0.2810185185185185 0.029166666666666667 0.034722222222222224
0 0.565625 0.3074074074074074 0.029166666666666667 0.034722222222222224
0 0.6447916666666667 0.33564814814814814 0.029166666666666667 0.034722222222222224
0 0.7291666666666666 0.36435185185185187 0.029166666666666667 0.034722222222222224
0 0.8177083333333334 0.39675925925925926 0.029166666666666667 0.034722222222222224
0 0.38958333333333334 0.17546296296296296 0.029166666666666667 0.034722222222222224
0 0.4552083333333333 0.1962962962962963 0.029166666666666667 0.034722222222222224
0 0.5239583333333333 0.21898148148148147 0.029166666666666667 0.034722222222222224
0 0.5958333333333333 0.24259259259259258 0.029166666666666667 0.034722222222222224
0 0.6729166666666667 0.2675925925925926 0.029166666666666667 0.034722222222222224
0 0.753125 0.2935185185185185 0.029166666666666667 0.034722222222222224
0 0.8395833333333333 0.32083333333333336 0.029166666666666667 0.034722222222222224
0 0.42291666666666666 0.12314814814814815 0.029166666666666667 0.034722222222222224
0 0.4864583333333333 0.14166666666666666 0.029166666666666667 0.034722222222222224
0 0.553125 0.16157407407407406 0.029166666666666667 0.034722222222222224
0 0.6239583333333333 0.18287037037037038 0.029166666666666667 0.034722222222222224
0 0.6979166666666666 0.20416666666666666 0.029166666666666667 0.034722222222222224
0 0.7760416666666666 0.22777777777777777 0.029166666666666667 0.034722222222222224
0 0.8583333333333333 0.2523148148148148 0.029166666666666667 0.034722222222222224