0 0.321875 0.7907407407407407 0.016666666666666666 0.03425925925925926
0 0.39375 0.7949074074074074 0.016666666666666666 0.03425925925925926
0 0.4666666666666667 0.7972222222222223 0.016666666666666666 0.03425925925925926
0 0.5395833333333333 0.8013888888888889 0.016666666666666666 0.03425925925925926
0 0.6114583333333333 0.8055555555555556 0.016666666666666666 0.03425925925925926
0 0.684375 0.8078703703703703 0.016666666666666666 0.03425925925925926
0 0.7572916666666667 0.812037037037037 0.016666666666666666 0.03425925925925926
0 0.334375 0.6518518518518519 0.016666666666666666 0.03425925925925926
0 0.4010416666666667 0.6560185185185186 0.016666666666666666 0.03425925925925926
0 0.46770833333333334 0.6583333333333333 0.016666666666666666 0.03425925925925926
0 0.5354166666666667 0.6625 0.016666666666666666 0.03425925925925926
0 0.603125 0.6643518518518519 0.016666666666666666 0.03425925925925926
0 0.6697916666666667 0.6666666666666666 0.016666666666666666 0.03425925925925926
0 0.7375 0.6708333333333333 0.016666666666666666 0.03425925925925926
0 0.34479166666666666 0.5319444444444444 0.016666666666666666 0.03425925925925926
0 0.40729166666666666 0.5342592592592592 0.016666666666666666 0.03425925925925926
0 0.46979166666666666 0.538425925925926 0.016666666666666666 0.03425925925925926
0 0.5322916666666667 0.5407407407407407 0.016666666666666666 0.03425925925925926
0 0.5947916666666667 0.5425925925925926 0.016666666666666666 0.03425925925925926
0 0.6572916666666667 0.5472222222222223 0.016666666666666666 0.03425925925925926
0 0.7197916666666667 0.549074074074074 0.016666666666666666 0.03425925925925926
0 0.353125 0.4273148148148148 0.016666666666666666 0.03425925925925926
0 0.4125 0.43148148148148147 0.016666666666666666 0.03425925925925926
0 0.4708333333333333 0.4337962962962963 0.016666666666666666 0.03425925925925926
0 0.5291666666666667 0.4361111111111111 0.016666666666666666 0.03425925925925926
0 0.5875 0.43796296296296294 0.016666666666666666 0.03425925925925926
0 0.646875 0.44027777777777777 0.016666666666666666 0.03425925925925926
0 0.7052083333333333 0.44212962962962965 0.016666666666666666 0.03425925925925926
0 0.3614583333333333 0.33564814814814814 0.016666666666666666 0.03425925925925926
0 0.4166666666666667 0.3375 0.016666666666666666 0.03425925925925926
0 0.471875 0.3416666666666667 0.016666666666666666 0.03425925925925926
0 0.5260416666666666 0.3439814814814815 0.016666666666666666 0.03425925925925926
0 0.58125 0.34629629629629627 0.016666666666666666 0.03425925925925926
0 0.6364583333333333 0.34814814814814815 0.016666666666666666 0.03425925925925926
0 0.6916666666666667 0.350462962962963 0.016666666666666666 0.03425925925925926
0 0.36875 0.25416666666666665 0.016666666666666666 0.03425925925925926
0 0.42083333333333334 0.2564814814814815 0.016666666666666666 0.03425925925925926
0 0.471875 0.25833333333333336 0.016666666666666666 0.03425925925925926
0 0.5239583333333333 0.26064814814814813 0.016666666666666666 0.03425925925925926
0 0.5760416666666667 0.26296296296296295 0.016666666666666666 0.03425925925925926
0 0.628125 0.26481481481481484 0.016666666666666666 0.03425925925925926
0 0.6802083333333333 0.2671296296296296 0.016666666666666666 0.03425925925925926
0 0.375 0.1814814814814815 0.016666666666666666 0.03425925925925926
0 0.4239583333333333 0.1837962962962963 0.016666666666666666 0.03425925925925926
0 0.47291666666666665 0.18611111111111112 0.016666666666666666 0.03425925925925926
0 0.521875 0.18796296296296297 0.016666666666666666 0.03425925925925926
0 0.571875 0.19027777777777777 0.016666666666666666 0.03425925925925926
0 0.6208333333333333 0.19212962962962962 0.016666666666666666 0.03425925925925926
0 0.6697916666666667 0.19444444444444445 0.016666666666666666 0.03425925925925926