0 0.5041666666666667 0.8416666666666667 0.027083333333333334 0.03194444444444444
0 0.5666666666666667 0.7712962962962963 0.027083333333333334 0.03194444444444444
0 0.6270833333333333 0.7037037037037037 0.027083333333333334 0.03194444444444444
0 0.684375 0.6402777777777777 0.027083333333333334 0.03194444444444444
0 0.7395833333333334 0.5787037037037037 0.027083333333333334 0.03194444444444444
0 0.7916666666666666 0.5194444444444445 0.027083333333333334 0.03194444444444444
0 0.8427083333333333 0.46435185185185185 0.027083333333333334 0.03194444444444444
0 0.4375 0.7643518518518518 0.027083333333333334 0.03194444444444444
0 0.5 0.6976851851851852 0.027083333333333334 0.03194444444444444
0 0.5604166666666667 0.6337962962962963 0.027083333333333334 0.03194444444444444
0 0.6177083333333333 0.5726851851851852 0.027083333333333334 0.03194444444444444
0 0.6729166666666667 0.5148148148148148 0.027083333333333334 0.03194444444444444
0 0.725 0.4583333333333333 0.027083333333333334 0.03194444444444444
0 0.7760416666666666 0.4041666666666667 0.027083333333333334 0.03194444444444444
0 0.37395833333333334 0.6902777777777778 0.027083333333333334 0.03194444444444444
0 0.43645833333333334 0.6277777777777778 0.027083333333333334 0.03194444444444444
0 0.496875 0.5662037037037037 0.027083333333333334 0.03194444444444444
0 0.5541666666666667 0.5087962962962963 0.027083333333333334 0.03194444444444444
0 0.609375 0.4532407407407407 0.027083333333333334 0.03194444444444444
0 0.6614583333333334 0.3990740740740741 0.027083333333333334 0.03194444444444444
0 0.7125 0.3476851851851852 0.027083333333333334 0.03194444444444444
0 0.3145833333333333 0.6203703703703703 0.027083333333333334 0.03194444444444444
0 0.3770833333333333 0.5601851851851852 0.027083333333333334 0.03194444444444444
0 0.43645833333333334 0.5023148148148148 0.027083333333333334 0.03194444444444444
0 0.49375 0.44722222222222224 0.027083333333333334 0.03194444444444444
0 0.5489583333333333 0.39444444444444443 0.027083333333333334 0.03194444444444444
0 0.6010416666666667 0.3425925925925926 0.027083333333333334 0.03194444444444444
0 0.6520833333333333 0.2935185185185185 0.027083333333333334 0.03194444444444444
0 0.25729166666666664 0.5541666666666667 0.027083333333333334 0.03194444444444444
0 0.31979166666666664 0.4976851851851852 0.027083333333333334 0.03194444444444444
0 0.37916666666666665 0.44212962962962965 0.027083333333333334 0.03194444444444444
0 0.4354166666666667 0.38935185185185184 0.027083333333333334 0.03194444444444444
0 0.490625 0.33796296296296297 0.027083333333333334 0.03194444444444444
0 0.54375 0.28888888888888886 0.027083333333333334 0.03194444444444444
0 0.59375 0.24212962962962964 0.027083333333333334 0.03194444444444444
0 0.203125 0.4912037037037037 0.027083333333333334 0.03194444444444444
0 0.26458333333333334 0.4361111111111111 0.027083333333333334 0.03194444444444444
0 0.32395833333333335 0.38472222222222224 0.027083333333333334 0.03194444444444444
0 0.3802083333333333 0.33287037037037037 0.027083333333333334 0.03194444444444444
0 0.4354166666666667 0.2851851851851852 0.027083333333333334 0.03194444444444444
0 0.4875 0.23703703703703705 0.027083333333333334 0.03194444444444444
0 0.5385416666666667 0.19305555555555556 0.027083333333333334 0.03194444444444444
0 0.15208333333333332 0.4310185185185185 0.027083333333333334 0.03194444444444444
0 0.2125 0.37824074074074077 0.027083333333333334 0.03194444444444444
0 0.271875 0.3282407407407407 0.027083333333333334 0.03194444444444444
0 0.328125 0.2800925925925926 0.027083333333333334 0.03194444444444444
0 0.38229166666666664 0.23333333333333334 0.027083333333333334 0.03194444444444444
0 0.434375 0.18796296296296297 0.027083333333333334 0.03194444444444444
0 0.48541666666666666 0.1449074074074074 0.027083333333333334 0.03194444444444444