0 0.7572916666666667 0.1935185185185185 0.029166666666666667 0.03796296296296296
0 0.6770833333333334 0.19074074074074074 0.029166666666666667 0.03796296296296296
0 0.5979166666666667 0.18796296296296297 0.029166666666666667 0.03796296296296296
0 0.51875 0.18518518518518517 0.029166666666666667 0.03796296296296296
0 0.4395833333333333 0.18101851851851852 0.029166666666666667 0.03796296296296296
0 0.3614583333333333 0.1787037037037037 0.029166666666666667 0.03796296296296296
0 0.2833333333333333 0.17592592592592593 0.029166666666666667 0.03796296296296296
0 0.7666666666666667 0.275 0.029166666666666667 0.03796296296296296
0 0.6822916666666666 0.2712962962962963 0.029166666666666667 0.03796296296296296
0 0.5989583333333334 0.2671296296296296 0.029166666666666667 0.03796296296296296
0 0.515625 0.26435185185185184 0.029166666666666667 0.03796296296296296
0 0.43333333333333335 0.26157407407407407 0.029166666666666667 0.03796296296296296
0 0.35104166666666664 0.2574074074074074 0.029166666666666667 0.03796296296296296
0 0.26979166666666665 0.25462962962962965 0.029166666666666667 0.03796296296296296
0 0.7760416666666666 0.3638888888888889 0.029166666666666667 0.03796296296296296
0 0.6875 0.3597222222222222 0.029166666666666667 0.03796296296296296
0 0.6 0.35555555555555557 0.029166666666666667 0.03796296296296296
0 0.5135416666666667 0.35138888888888886 0.029166666666666667 0.03796296296296296
0 0.42604166666666665 0.3472222222222222 0.029166666666666667 0.03796296296296296
0 0.340625 0.3449074074074074 0.029166666666666667 0.03796296296296296
0 0.25416666666666665 0.34074074074074073 0.029166666666666667 0.03796296296296296
0 0.7864583333333334 0.46064814814814814 0.029166666666666667 0.03796296296296296
0 0.69375 0.4564814814814815 0.029166666666666667 0.03796296296296296
0 0.6020833333333333 0.45231481481481484 0.029166666666666667 0.03796296296296296
0 0.5104166666666666 0.44814814814814813 0.029166666666666667 0.03796296296296296
0 0.41875 0.4439814814814815 0.029166666666666667 0.03796296296296296
0 0.328125 0.44027777777777777 0.029166666666666667 0.03796296296296296
0 0.23854166666666668 0.4361111111111111 0.029166666666666667 0.03796296296296296
0 0.7979166666666667 0.5694444444444444 0.029166666666666667 0.03796296296296296
0 0.7010416666666667 0.5652777777777778 0.029166666666666667 0.03796296296296296
0 0.603125 0.5597222222222222 0.029166666666666667 0.03796296296296296
0 0.50625 0.5560185185185185 0.029166666666666667 0.03796296296296296
0 0.41041666666666665 0.5504629629629629 0.029166666666666667 0.03796296296296296
0 0.3145833333333333 0.5462962962962963 0.029166666666666667 0.03796296296296296
0 0.21979166666666666 0.5407407407407407 0.029166666666666667 0.03796296296296296
0 0.8114583333333333 0.6921296296296297 0.029166666666666667 0.03796296296296296
0 0.7083333333333334 0.6851851851851852 0.029166666666666667 0.03796296296296296
0 0.6052083333333333 0.6796296296296296 0.029166666666666667 0.03796296296296296
0 0.503125 0.6759259259259259 0.029166666666666667 0.03796296296296296
0 0.4010416666666667 0.6703703703703704 0.029166666666666667 0.03796296296296296
0 0.3 0.6648148148148149 0.029166666666666667 0.03796296296296296
0 0.2 0.6592592592592592 0.029166666666666667 0.03796296296296296
0 0.8260416666666667 0.8282407407407407 0.029166666666666667 0.03796296296296296
0 0.7166666666666667 0.8212962962962963 0.029166666666666667 0.03796296296296296
0 0.6072916666666667 0.8162037037037037 0.029166666666666667 0.03796296296296296
0 0.49895833333333334 0.8092592592592592 0.029166666666666667 0.03796296296296296
0 0.390625 0.8037037037037037 0.029166666666666667 0.03796296296296296
0 0.2833333333333333 0.7972222222222223 0.029166666666666667 0.03796296296296296
0 0.17708333333333334 0.7916666666666666 0.029166666666666667 0.03796296296296296