0 0.17916666666666667 0.7416666666666667 0.029166666666666667 0.03796296296296296
0 0.28020833333333334 0.7527777777777778 0.029166666666666667 0.03796296296296296
0 0.38333333333333336 0.7648148148148148 0.029166666666666667 0.03796296296296296
0 0.4895833333333333 0.7768518518518519 0.029166666666666667 0.03796296296296296
0 0.5979166666666667 0.7893518518518519 0.029166666666666667 0.03796296296296296
0 0.7104166666666667 0.8013888888888889 0.029166666666666667 0.03796296296296296
0 0.825 0.8148148148148148 0.029166666666666667 0.03796296296296296
0 0.21145833333333333 0.6189814814814815 0.029166666666666667 0.03796296296296296
0 0.30625 0.6268518518518519 0.029166666666666667 0.03796296296296296
0 0.403125 0.6365740740740741 0.029166666666666667 0.03796296296296296
0 0.503125 0.6472222222222223 0.029166666666666667 0.03796296296296296
0 0.6052083333333333 0.6569444444444444 0.029166666666666667 0.03796296296296296
0 0.7104166666666667 0.6675925925925926 0.029166666666666667 0.03796296296296296
0 0.81875 0.6768518518518518 0.029166666666666667 0.03796296296296296
0 0.23958333333333334 0.5092592592592593 0.029166666666666667 0.03796296296296296
0 0.32916666666666666 0.5162037037037037 0.029166666666666667 0.03796296296296296
0 0.42083333333333334 0.524537037037037 0.029166666666666667 0.03796296296296296
0 0.515625 0.5324074074074074 0.029166666666666667 0.03796296296296296
0 0.6114583333333333 0.5393518518518519 0.029166666666666667 0.03796296296296296
0 0.7104166666666667 0.5486111111111112 0.029166666666666667 0.03796296296296296
0 0.8125 0.5569444444444445 0.029166666666666667 0.03796296296296296
0 0.26458333333333334 0.41064814814814815 0.029166666666666667 0.03796296296296296
0 0.35 0.41759259259259257 0.029166666666666667 0.03796296296296296
0 0.4375 0.42314814814814816 0.029166666666666667 0.03796296296296296
0 0.5260416666666666 0.42962962962962964 0.029166666666666667 0.03796296296296296
0 0.6177083333333333 0.4351851851851852 0.029166666666666667 0.03796296296296296
0 0.7114583333333333 0.44166666666666665 0.029166666666666667 0.03796296296296296
0 0.8072916666666666 0.4486111111111111 0.029166666666666667 0.03796296296296296
0 0.2875 0.32314814814814813 0.029166666666666667 0.03796296296296296
0 0.36875 0.3282407407407407 0.029166666666666667 0.03796296296296296
0 0.4510416666666667 0.33240740740740743 0.029166666666666667 0.03796296296296296
0 0.5364583333333334 0.33796296296296297 0.029166666666666667 0.03796296296296296
0 0.6229166666666667 0.34305555555555556 0.029166666666666667 0.03796296296296296
0 0.7114583333333333 0.3472222222222222 0.029166666666666667 0.03796296296296296
0 0.8020833333333334 0.3527777777777778 0.029166666666666667 0.03796296296296296
0 0.3072916666666667 0.24305555555555555 0.029166666666666667 0.03796296296296296
0 0.3854166666666667 0.24722222222222223 0.029166666666666667 0.03796296296296296
0 0.46458333333333335 0.2513888888888889 0.029166666666666667 0.03796296296296296
0 0.5447916666666667 0.25555555555555554 0.029166666666666667 0.03796296296296296
0 0.628125 0.25833333333333336 0.029166666666666667 0.03796296296296296
0 0.7114583333333333 0.262037037037037 0.029166666666666667 0.03796296296296296
0 0.7979166666666667 0.2662037037037037 0.029166666666666667 0.03796296296296296
0 0.3260416666666667 0.17175925925925925 0.029166666666666667 0.03796296296296296
0 0.4010416666666667 0.17453703703703705 0.029166666666666667 0.03796296296296296
0 0.47604166666666664 0.17685185185185184 0.029166666666666667 0.03796296296296296
0 0.553125 0.17962962962962964 0.029166666666666667 0.03796296296296296
0 0.6322916666666667 0.1824074074074074 0.029166666666666667 0.03796296296296296
0 0.7125 0.18518518518518517 0.029166666666666667 0.03796296296296296
0 0.79375 0.18935185185185185 0.029166666666666667 0.03796296296296296