0 0.8135416666666667 0.850462962962963 0.029166666666666667 0.0375
0 0.7916666666666666 0.725462962962963 0.029166666666666667 0.0375
0 0.771875 0.6078703703703704 0.029166666666666667 0.0375
0 0.7520833333333333 0.4986111111111111 0.029166666666666667 0.0375
0 0.734375 0.3958333333333333 0.029166666666666667 0.0375
0 0.7177083333333333 0.3 0.029166666666666667 0.0375
0 0.7020833333333333 0.20925925925925926 0.029166666666666667 0.0375
0 0.7041666666666667 0.8495370370370371 0.029166666666666667 0.0375
0 0.6864583333333333 0.7240740740740741 0.029166666666666667 0.0375
0 0.66875 0.6078703703703704 0.029166666666666667 0.0375
0 0.653125 0.4986111111111111 0.029166666666666667 0.0375
0 0.6385416666666667 0.3958333333333333 0.029166666666666667 0.0375
0 0.625 0.3 0.029166666666666667 0.0375
0 0.6114583333333333 0.20925925925925926 0.029166666666666667 0.0375
0 0.5947916666666667 0.8481481481481481 0.029166666666666667 0.0375
0 0.5802083333333333 0.7226851851851852 0.029166666666666667 0.0375
0 0.5666666666666667 0.6064814814814815 0.029166666666666667 0.0375
0 0.5541666666666667 0.49722222222222223 0.029166666666666667 0.0375
0 0.5427083333333333 0.39444444444444443 0.029166666666666667 0.0375
0 0.5322916666666667 0.3 0.029166666666666667 0.0375
0 0.521875 0.20925925925925926 0.029166666666666667 0.0375
0 0.48541666666666666 0.8467592592592592 0.029166666666666667 0.0375
0 0.475 0.7226851851851852 0.029166666666666667 0.0375
0 0.465625 0.6055555555555555 0.029166666666666667 0.0375
0 0.45625 0.49722222222222223 0.029166666666666667 0.0375
0 0.4479166666666667 0.39444444444444443 0.029166666666666667 0.0375
0 0.4395833333333333 0.2986111111111111 0.029166666666666667 0.0375
0 0.4322916666666667 0.20925925925925926 0.029166666666666667 0.0375
0 0.3770833333333333 0.8453703703703703 0.029166666666666667 0.0375
0 0.3697916666666667 0.7212962962962963 0.029166666666666667 0.0375
0 0.36354166666666665 0.6055555555555555 0.029166666666666667 0.0375
0 0.35833333333333334 0.49583333333333335 0.029166666666666667 0.0375
0 0.353125 0.39444444444444443 0.029166666666666667 0.0375
0 0.34791666666666665 0.2986111111111111 0.029166666666666667 0.0375
0 0.34270833333333334 0.20787037037037037 0.029166666666666667 0.0375
0 0.26875 0.8439814814814814 0.029166666666666667 0.0375
0 0.265625 0.7199074074074074 0.029166666666666667 0.0375
0 0.2625 0.6041666666666666 0.029166666666666667 0.0375
0 0.2604166666666667 0.49444444444444446 0.029166666666666667 0.0375
0 0.25833333333333336 0.39351851851851855 0.029166666666666667 0.0375
0 0.2552083333333333 0.2986111111111111 0.029166666666666667 0.0375
0 0.253125 0.20787037037037037 0.029166666666666667 0.0375
0 0.16041666666666668 0.8425925925925926 0.029166666666666667 0.0375
0 0.16145833333333334 0.7185185185185186 0.029166666666666667 0.0375
0 0.1625 0.6027777777777777 0.029166666666666667 0.0375
0 0.1625 0.49444444444444446 0.029166666666666667 0.0375
0 0.16354166666666667 0.39351851851851855 0.029166666666666667 0.0375
0 0.16354166666666667 0.2972222222222222 0.029166666666666667 0.0375
0 0.16458333333333333 0.20787037037037037 0.029166666666666667 0.0375