0 0.8291666666666667 0.8268518518518518 0.03125 0.0375
0 0.8229166666666666 0.6981481481481482 0.03125 0.0375
0 0.8166666666666667 0.5837962962962963 0.03125 0.0375
0 0.8114583333333333 0.48009259259259257 0.03125 0.0375
0 0.80625 0.387037037037037 0.03125 0.0375
0 0.8020833333333334 0.30324074074074076 0.03125 0.0375
0 0.7979166666666667 0.22685185185185186 0.03125 0.0375
0 0.7177083333333333 0.8106481481481481 0.03125 0.0375
0 0.7177083333333333 0.6842592592592592 0.03125 0.0375
0 0.7177083333333333 0.5712962962962963 0.03125 0.0375
0 0.7177083333333333 0.4699074074074074 0.03125 0.0375
0 0.7166666666666667 0.3773148148148148 0.03125 0.0375
0 0.7166666666666667 0.29444444444444445 0.03125 0.0375
0 0.7166666666666667 0.21805555555555556 0.03125 0.0375
0 0.6083333333333333 0.7958333333333333 0.03125 0.0375
0 0.6145833333333334 0.6703703703703704 0.03125 0.0375
0 0.6197916666666666 0.5587962962962963 0.03125 0.0375
0 0.6239583333333333 0.4587962962962963 0.03125 0.0375
0 0.628125 0.36712962962962964 0.03125 0.0375
0 0.6322916666666667 0.28564814814814815 0.03125 0.0375
0 0.6354166666666666 0.21064814814814814 0.03125 0.0375
0 0.5 0.7805555555555556 0.03125 0.0375
0 0.5125 0.6564814814814814 0.03125 0.0375
0 0.5229166666666667 0.5462962962962963 0.03125 0.0375
0 0.5322916666666667 0.44722222222222224 0.03125 0.0375
0 0.540625 0.35694444444444445 0.03125 0.0375
0 0.5489583333333333 0.27546296296296297 0.03125 0.0375
0 0.55625 0.20185185185185187 0.03125 0.0375
0 0.39375 0.7657407407407407 0.03125 0.0375
0 0.4114583333333333 0.6439814814814815 0.03125 0.0375
0 0.4270833333333333 0.5351851851851852 0.03125 0.0375
0 0.44166666666666665 0.4361111111111111 0.03125 0.0375
0 0.45416666666666666 0.34814814814814815 0.03125 0.0375
0 0.4666666666666667 0.2671296296296296 0.03125 0.0375
0 0.47708333333333336 0.19444444444444445 0.03125 0.0375
0 0.28854166666666664 0.750462962962963 0.03125 0.0375
0 0.3125 0.6305555555555555 0.03125 0.0375
0 0.3333333333333333 0.5226851851851851 0.03125 0.0375
0 0.35208333333333336 0.42592592592592593 0.03125 0.0375
0 0.36875 0.3384259259259259 0.03125 0.0375
0 0.384375 0.25833333333333336 0.03125 0.0375
0 0.39895833333333336 0.18564814814814815 0.03125 0.0375
0 0.184375 0.737037037037037 0.03125 0.0375
0 0.21354166666666666 0.6175925925925926 0.03125 0.0375
0 0.23958333333333334 0.5111111111111111 0.03125 0.0375
0 0.2635416666666667 0.4162037037037037 0.03125 0.0375
0 0.284375 0.3282407407407407 0.03125 0.0375
0 0.30416666666666664 0.24953703703703703 0.03125 0.0375
0 0.32083333333333336 0.17777777777777778 0.03125 0.0375