0 0.6822916666666666 0.2777777777777778 0.016666666666666666 0.02962962962962963
0 0.6364583333333333 0.2740740740740741 0.016666666666666666 0.02962962962962963
0 0.590625 0.26851851851851855 0.016666666666666666 0.02962962962962963
0 0.54375 0.26296296296296295 0.016666666666666666 0.02962962962962963
0 0.496875 0.25925925925925924 0.016666666666666666 0.02962962962962963
0 0.4479166666666667 0.2537037037037037 0.016666666666666666 0.02962962962962963
0 0.39895833333333336 0.24814814814814815 0.016666666666666666 0.02962962962962963
0 0.69375 0.3388888888888889 0.016666666666666666 0.02962962962962963
0 0.6458333333333334 0.3333333333333333 0.016666666666666666 0.02962962962962963
0 0.596875 0.3277777777777778 0.016666666666666666 0.02962962962962963
0 0.546875 0.32407407407407407 0.016666666666666666 0.02962962962962963
0 0.496875 0.31851851851851853 0.016666666666666666 0.02962962962962963
0 0.44583333333333336 0.31296296296296294 0.016666666666666666 0.02962962962962963
0 0.39375 0.30925925925925923 0.016666666666666666 0.02962962962962963
0 0.70625 0.40555555555555556 0.016666666666666666 0.02962962962962963
0 0.6552083333333333 0.4 0.016666666666666666 0.02962962962962963
0 0.6041666666666666 0.3962962962962963 0.016666666666666666 0.02962962962962963
0 0.5510416666666667 0.3907407407407407 0.016666666666666666 0.02962962962962963
0 0.4979166666666667 0.387037037037037 0.016666666666666666 0.02962962962962963
0 0.4427083333333333 0.3814814814814815 0.016666666666666666 0.02962962962962963
0 0.3875 0.37592592592592594 0.016666666666666666 0.02962962962962963
0 0.7208333333333333 0.47962962962962963 0.016666666666666666 0.02962962962962963
0 0.6666666666666666 0.4759259259259259 0.016666666666666666 0.02962962962962963
0 0.6114583333333333 0.4722222222222222 0.016666666666666666 0.02962962962962963
0 0.5552083333333333 0.4685185185185185 0.016666666666666666 0.02962962962962963
0 0.4979166666666667 0.46296296296296297 0.016666666666666666 0.02962962962962963
0 0.440625 0.45925925925925926 0.016666666666666666 0.02962962962962963
0 0.38125 0.45555555555555555 0.016666666666666666 0.02962962962962963
0 0.7375 0.5666666666666667 0.016666666666666666 0.02962962962962963
0 0.6802083333333333 0.562962962962963 0.016666666666666666 0.02962962962962963
0 0.6208333333333333 0.5592592592592592 0.016666666666666666 0.02962962962962963
0 0.5604166666666667 0.5555555555555556 0.016666666666666666 0.02962962962962963
0 0.49895833333333334 0.5518518518518518 0.016666666666666666 0.02962962962962963
0 0.43645833333333334 0.5481481481481482 0.016666666666666666 0.02962962962962963
0 0.3729166666666667 0.5444444444444444 0.016666666666666666 0.02962962962962963
0 0.7572916666666667 0.6666666666666666 0.016666666666666666 0.02962962962962963
0 0.6947916666666667 0.6648148148148149 0.016666666666666666 0.02962962962962963
0 0.63125 0.6611111111111111 0.016666666666666666 0.02962962962962963
0 0.5666666666666667 0.6574074074074074 0.016666666666666666 0.02962962962962963
0 0.5 0.6555555555555556 0.016666666666666666 0.02962962962962963
0 0.4322916666666667 0.6518518518518519 0.016666666666666666 0.02962962962962963
0 0.36354166666666665 0.6481481481481481 0.016666666666666666 0.02962962962962963
0 0.7791666666666667 0.7833333333333333 0.016666666666666666 0.02962962962962963
0 0.7125 0.7814814814814814 0.016666666666666666 0.02962962962962963
0 0.64375 0.7796296296296297 0.016666666666666666 0.02962962962962963
0 0.5729166666666666 0.7777777777777778 0.016666666666666666 0.02962962962962963
0 0.5010416666666667 0.7759259259259259 0.016666666666666666 0.02962962962962963
0 0.428125 0.774074074074074 0.016666666666666666 0.02962962962962963
0 0.35208333333333336 0.7722222222222223 0.016666666666666666 0.02962962962962963