0 0.18020833333333333 0.7837962962962963 0.027083333333333334 0.038425925925925926
0 0.28854166666666664 0.7958333333333333 0.027083333333333334 0.038425925925925926
0 0.39791666666666664 0.8078703703703703 0.027083333333333334 0.038425925925925926
0 0.5072916666666667 0.8194444444444444 0.027083333333333334 0.038425925925925926
0 0.6166666666666667 0.8300925925925926 0.027083333333333334 0.038425925925925926
0 0.7270833333333333 0.8416666666666667 0.027083333333333334 0.038425925925925926
0 0.8364583333333333 0.8537037037037037 0.027083333333333334 0.038425925925925926
0 0.2 0.674537037037037 0.027083333333333334 0.038425925925925926
0 0.30520833333333336 0.6865740740740741 0.027083333333333334 0.038425925925925926
0 0.41041666666666665 0.6967592592592593 0.027083333333333334 0.038425925925925926
0 0.5166666666666667 0.7087962962962963 0.027083333333333334 0.038425925925925926
0 0.621875 0.7189814814814814 0.027083333333333334 0.038425925925925926
0 0.728125 0.7305555555555555 0.027083333333333334 0.038425925925925926
0 0.8354166666666667 0.7412037037037037 0.027083333333333334 0.038425925925925926
0 0.21770833333333334 0.5726851851851852 0.027083333333333334 0.038425925925925926
0 0.31979166666666664 0.5828703703703704 0.027083333333333334 0.038425925925925926
0 0.421875 0.5930555555555556 0.027083333333333334 0.038425925925925926
0 0.525 0.6037037037037037 0.027083333333333334 0.038425925925925926
0 0.6270833333333333 0.6152777777777778 0.027083333333333334 0.038425925925925926
0 0.7302083333333333 0.6259259259259259 0.027083333333333334 0.038425925925925926
0 0.8333333333333334 0.6361111111111111 0.027083333333333334 0.038425925925925926
0 0.23541666666666666 0.47638888888888886 0.027083333333333334 0.038425925925925926
0 0.334375 0.48657407407407405 0.027083333333333334 0.038425925925925926
0 0.43333333333333335 0.49722222222222223 0.027083333333333334 0.038425925925925926
0 0.5322916666666667 0.5074074074074074 0.027083333333333334 0.038425925925925926
0 0.6322916666666667 0.5175925925925926 0.027083333333333334 0.038425925925925926
0 0.73125 0.5282407407407408 0.027083333333333334 0.038425925925925926
0 0.83125 0.538425925925926 0.027083333333333334 0.038425925925925926
0 0.25104166666666666 0.3861111111111111 0.027083333333333334 0.038425925925925926
0 0.346875 0.39490740740740743 0.027083333333333334 0.038425925925925926
0 0.44375 0.40555555555555556 0.027083333333333334 0.038425925925925926
0 0.5395833333333333 0.41574074074074074 0.027083333333333334 0.038425925925925926
0 0.6364583333333333 0.42453703703703705 0.027083333333333334 0.038425925925925926
0 0.7333333333333333 0.43472222222222223 0.027083333333333334 0.038425925925925926
0 0.8302083333333333 0.44537037037037036 0.027083333333333334 0.038425925925925926
0 0.26666666666666666 0.300462962962963 0.027083333333333334 0.038425925925925926
0 0.359375 0.30925925925925923 0.027083333333333334 0.038425925925925926
0 0.453125 0.3194444444444444 0.027083333333333334 0.038425925925925926
0 0.546875 0.3282407407407407 0.027083333333333334 0.038425925925925926
0 0.640625 0.3388888888888889 0.027083333333333334 0.038425925925925926
0 0.734375 0.3476851851851852 0.027083333333333334 0.038425925925925926
0 0.8291666666666667 0.3578703703703704 0.027083333333333334 0.038425925925925926
0 0.28125 0.21898148148148147 0.027083333333333334 0.038425925925925926
0 0.371875 0.22916666666666666 0.027083333333333334 0.038425925925925926
0 0.4625 0.23796296296296296 0.027083333333333334 0.038425925925925926
0 0.553125 0.24722222222222223 0.027083333333333334 0.038425925925925926
0 0.6447916666666667 0.25601851851851853 0.027083333333333334 0.038425925925925926
0 0.7364583333333333 0.26481481481481484 0.027083333333333334 0.038425925925925926
0 0.828125 0.275 0.027083333333333334 0.038425925925925926