0 0.759375 0.19722222222222222 0.029166666666666667 0.03796296296296296
0 0.6802083333333333 0.19305555555555556 0.029166666666666667 0.03796296296296296
0 0.6010416666666667 0.19027777777777777 0.029166666666666667 0.03796296296296296
0 0.5229166666666667 0.18611111111111112 0.029166666666666667 0.03796296296296296
0 0.44375 0.18194444444444444 0.029166666666666667 0.03796296296296296
0 0.365625 0.17916666666666667 0.029166666666666667 0.03796296296296296
0 0.2875 0.17546296296296296 0.029166666666666667 0.03796296296296296
0 0.76875 0.2773148148148148 0.029166666666666667 0.03796296296296296
0 0.6854166666666667 0.27314814814814814 0.029166666666666667 0.03796296296296296
0 0.6020833333333333 0.2689814814814815 0.029166666666666667 0.03796296296296296
0 0.5197916666666667 0.26481481481481484 0.029166666666666667 0.03796296296296296
0 0.4375 0.26064814814814813 0.029166666666666667 0.03796296296296296
0 0.35520833333333335 0.25833333333333336 0.029166666666666667 0.03796296296296296
0 0.27291666666666664 0.25416666666666665 0.029166666666666667 0.03796296296296296
0 0.778125 0.36527777777777776 0.029166666666666667 0.03796296296296296
0 0.690625 0.36157407407407405 0.029166666666666667 0.03796296296296296
0 0.6041666666666666 0.3574074074074074 0.029166666666666667 0.03796296296296296
0 0.5166666666666667 0.35324074074074074 0.029166666666666667 0.03796296296296296
0 0.43020833333333336 0.3476851851851852 0.029166666666666667 0.03796296296296296
0 0.34375 0.3435185185185185 0.029166666666666667 0.03796296296296296
0 0.25833333333333336 0.3398148148148148 0.029166666666666667 0.03796296296296296
0 0.7885416666666667 0.4634259259259259 0.029166666666666667 0.03796296296296296
0 0.696875 0.45787037037037037 0.029166666666666667 0.03796296296296296
0 0.6052083333333333 0.4537037037037037 0.029166666666666667 0.03796296296296296
0 0.5135416666666667 0.44814814814814813 0.029166666666666667 0.03796296296296296
0 0.42291666666666666 0.4444444444444444 0.029166666666666667 0.03796296296296296
0 0.33229166666666665 0.44027777777777777 0.029166666666666667 0.03796296296296296
0 0.24166666666666667 0.43472222222222223 0.029166666666666667 0.03796296296296296
0 0.8 0.5708333333333333 0.029166666666666667 0.03796296296296296
0 0.703125 0.5666666666666667 0.029166666666666667 0.03796296296296296
0 0.60625 0.5611111111111111 0.029166666666666667 0.03796296296296296
0 0.5104166666666666 0.5555555555555556 0.029166666666666667 0.03796296296296296
0 0.41458333333333336 0.5518518518518518 0.029166666666666667 0.03796296296296296
0 0.31875 0.5462962962962963 0.029166666666666667 0.03796296296296296
0 0.22291666666666668 0.5407407407407407 0.029166666666666667 0.03796296296296296
0 0.8135416666666667 0.6930555555555555 0.029166666666666667 0.03796296296296296
0 0.7104166666666667 0.6861111111111111 0.029166666666666667 0.03796296296296296
0 0.6083333333333333 0.6805555555555556 0.029166666666666667 0.03796296296296296
0 0.50625 0.6754629629629629 0.029166666666666667 0.03796296296296296
0 0.4041666666666667 0.6699074074074074 0.029166666666666667 0.03796296296296296
0 0.303125 0.6643518518518519 0.029166666666666667 0.03796296296296296
0 0.20208333333333334 0.6587962962962963 0.029166666666666667 0.03796296296296296
0 0.828125 0.8287037037037037 0.029166666666666667 0.03796296296296296
0 0.71875 0.8222222222222222 0.029166666666666667 0.03796296296296296
0 0.6104166666666667 0.8166666666666667 0.029166666666666667 0.03796296296296296
0 0.5020833333333333 0.8097222222222222 0.029166666666666667 0.03796296296296296
0 0.39375 0.8041666666666667 0.029166666666666667 0.03796296296296296
0 0.2864583333333333 0.7976851851851852 0.029166666666666667 0.03796296296296296
0 0.17916666666666667 0.7921296296296296 0.029166666666666667 0.03796296296296296