0 0.8229166666666666 0.23842592592592593 0.03333333333333333 0.03888888888888889
0 0.7333333333333333 0.2310185185185185 0.03333333333333333 0.03888888888888889
0 0.6427083333333333 0.22268518518518518 0.03333333333333333 0.03888888888888889
0 0.553125 0.2152777777777778 0.03333333333333333 0.03888888888888889
0 0.46458333333333335 0.20833333333333334 0.03333333333333333 0.03888888888888889
0 0.3770833333333333 0.20092592592592592 0.03333333333333333 0.03888888888888889
0 0.28854166666666664 0.1935185185185185 0.03333333333333333 0.03888888888888889
0 0.825 0.32314814814814813 0.03333333333333333 0.03888888888888889
0 0.73125 0.3162037037037037 0.03333333333333333 0.03888888888888889
0 0.6385416666666667 0.3074074074074074 0.03333333333333333 0.03888888888888889
0 0.546875 0.29907407407407405 0.03333333333333333 0.03888888888888889
0 0.4552083333333333 0.2916666666666667 0.03333333333333333 0.03888888888888889
0 0.3645833333333333 0.2833333333333333 0.03333333333333333 0.03888888888888889
0 0.27395833333333336 0.2759259259259259 0.03333333333333333 0.03888888888888889
0 0.8260416666666667 0.41388888888888886 0.03333333333333333 0.03888888888888889
0 0.7302083333333333 0.40555555555555556 0.03333333333333333 0.03888888888888889
0 0.634375 0.3972222222222222 0.03333333333333333 0.03888888888888889
0 0.5385416666666667 0.38842592592592595 0.03333333333333333 0.03888888888888889
0 0.44479166666666664 0.3800925925925926 0.03333333333333333 0.03888888888888889
0 0.35104166666666664 0.37175925925925923 0.03333333333333333 0.03888888888888889
0 0.25729166666666664 0.36342592592592593 0.03333333333333333 0.03888888888888889
0 0.828125 0.5111111111111111 0.03333333333333333 0.03888888888888889
0 0.728125 0.5023148148148148 0.03333333333333333 0.03888888888888889
0 0.6291666666666667 0.4925925925925926 0.03333333333333333 0.03888888888888889
0 0.53125 0.4828703703703704 0.03333333333333333 0.03888888888888889
0 0.43333333333333335 0.47453703703703703 0.03333333333333333 0.03888888888888889
0 0.33645833333333336 0.4648148148148148 0.03333333333333333 0.03888888888888889
0 0.23958333333333334 0.4564814814814815 0.03333333333333333 0.03888888888888889
0 0.8302083333333333 0.6148148148148148 0.03333333333333333 0.03888888888888889
0 0.7270833333333333 0.6055555555555555 0.03333333333333333 0.03888888888888889
0 0.6239583333333333 0.5958333333333333 0.03333333333333333 0.03888888888888889
0 0.5229166666666667 0.5861111111111111 0.03333333333333333 0.03888888888888889
0 0.421875 0.575 0.03333333333333333 0.03888888888888889
0 0.32083333333333336 0.5652777777777778 0.03333333333333333 0.03888888888888889
0 0.221875 0.5555555555555556 0.03333333333333333 0.03888888888888889
0 0.8322916666666667 0.7263888888888889 0.03333333333333333 0.03888888888888889
0 0.725 0.7152777777777778 0.03333333333333333 0.03888888888888889
0 0.61875 0.7046296296296296 0.03333333333333333 0.03888888888888889
0 0.5135416666666667 0.6949074074074074 0.03333333333333333 0.03888888888888889
0 0.4083333333333333 0.6837962962962963 0.03333333333333333 0.03888888888888889
0 0.30416666666666664 0.6731481481481482 0.03333333333333333 0.03888888888888889
0 0.20208333333333334 0.663425925925926 0.03333333333333333 0.03888888888888889
0 0.834375 0.8462962962962963 0.03333333333333333 0.03888888888888889
0 0.7229166666666667 0.8351851851851851 0.03333333333333333 0.03888888888888889
0 0.6125 0.8231481481481482 0.03333333333333333 0.03888888888888889
0 0.503125 0.8125 0.03333333333333333 0.03888888888888889
0 0.39479166666666665 0.8004629629629629 0.03333333333333333 0.03888888888888889
0 0.2875 0.7893518518518519 0.03333333333333333 0.03888888888888889
0 0.18020833333333333 0.7773148148148148 0.03333333333333333 0.03888888888888889