0 0.19583333333333333 0.6976851851851852 0.03333333333333333 0.03796296296296296
0 0.29791666666666666 0.7180555555555556 0.03333333333333333 0.03796296296296296
0 0.403125 0.7393518518518518 0.03333333333333333 0.03796296296296296
0 0.509375 0.7606481481481482 0.03333333333333333 0.03796296296296296
0 0.6177083333333333 0.7819444444444444 0.03333333333333333 0.03796296296296296
0 0.728125 0.8037037037037037 0.03333333333333333 0.03796296296296296
0 0.8395833333333333 0.8263888888888888 0.03333333333333333 0.03796296296296296
0 0.23541666666666666 0.5879629629629629 0.03333333333333333 0.03796296296296296
0 0.3333333333333333 0.6069444444444444 0.03333333333333333 0.03796296296296296
0 0.4322916666666667 0.625 0.03333333333333333 0.03796296296296296
0 0.5333333333333333 0.6439814814814815 0.03333333333333333 0.03796296296296296
0 0.6354166666666666 0.6643518518518519 0.03333333333333333 0.03796296296296296
0 0.7395833333333334 0.6833333333333333 0.03333333333333333 0.03796296296296296
0 0.846875 0.7037037037037037 0.03333333333333333 0.03796296296296296
0 0.271875 0.48935185185185187 0.03333333333333333 0.03796296296296296
0 0.3645833333333333 0.5060185185185185 0.03333333333333333 0.03796296296296296
0 0.4583333333333333 0.5236111111111111 0.03333333333333333 0.03796296296296296
0 0.5541666666666667 0.5402777777777777 0.03333333333333333 0.03796296296296296
0 0.6520833333333333 0.5583333333333333 0.03333333333333333 0.03796296296296296
0 0.7510416666666667 0.5763888888888888 0.03333333333333333 0.03796296296296296
0 0.8520833333333333 0.5939814814814814 0.03333333333333333 0.03796296296296296
0 0.30416666666666664 0.4 0.03333333333333333 0.03796296296296296
0 0.3927083333333333 0.4152777777777778 0.03333333333333333 0.03796296296296296
0 0.4822916666666667 0.4310185185185185 0.03333333333333333 0.03796296296296296
0 0.5739583333333333 0.4462962962962963 0.03333333333333333 0.03796296296296296
0 0.6666666666666666 0.46296296296296297 0.03333333333333333 0.03796296296296296
0 0.7614583333333333 0.4787037037037037 0.03333333333333333 0.03796296296296296
0 0.8572916666666667 0.49537037037037035 0.03333333333333333 0.03796296296296296
0 0.3333333333333333 0.3189814814814815 0.03333333333333333 0.03796296296296296
0 0.41770833333333335 0.3333333333333333 0.03333333333333333 0.03796296296296296
0 0.5041666666666667 0.3476851851851852 0.03333333333333333 0.03796296296296296
0 0.5916666666666667 0.36203703703703705 0.03333333333333333 0.03796296296296296
0 0.6802083333333333 0.3763888888888889 0.03333333333333333 0.03796296296296296
0 0.7697916666666667 0.3902777777777778 0.03333333333333333 0.03796296296296296
0 0.8614583333333333 0.4060185185185185 0.03333333333333333 0.03796296296296296
0 0.36041666666666666 0.24537037037037038 0.03333333333333333 0.03796296296296296
0 0.44166666666666665 0.25833333333333336 0.03333333333333333 0.03796296296296296
0 0.5239583333333333 0.2712962962962963 0.03333333333333333 0.03796296296296296
0 0.6072916666666667 0.2847222222222222 0.03333333333333333 0.03796296296296296
0 0.6927083333333334 0.29768518518518516 0.03333333333333333 0.03796296296296296
0 0.778125 0.3106481481481482 0.03333333333333333 0.03796296296296296
0 0.865625 0.325 0.03333333333333333 0.03796296296296296
0 0.384375 0.17731481481481481 0.03333333333333333 0.03796296296296296
0 0.4625 0.18935185185185185 0.03333333333333333 0.03796296296296296
0 0.5416666666666666 0.2013888888888889 0.03333333333333333 0.03796296296296296
0 0.621875 0.21296296296296297 0.03333333333333333 0.03796296296296296
0 0.703125 0.225 0.03333333333333333 0.03796296296296296
0 0.7864583333333334 0.23796296296296296 0.03333333333333333 0.03796296296296296
0 0.8697916666666666 0.25 0.03333333333333333 0.03796296296296296