0 0.7239583333333334 0.16342592592592592 0.025 0.03935185185185185
0 0.6552083333333333 0.16157407407407406 0.025 0.03935185185185185
0 0.5864583333333333 0.16018518518518518 0.025 0.03935185185185185
0 0.51875 0.15833333333333333 0.025 0.03935185185185185
0 0.4510416666666667 0.15833333333333333 0.025 0.03935185185185185
0 0.38333333333333336 0.15694444444444444 0.025 0.03935185185185185
0 0.315625 0.1550925925925926 0.025 0.03935185185185185
0 0.734375 0.2337962962962963 0.025 0.03935185185185185
0 0.6614583333333334 0.23194444444444445 0.025 0.03935185185185185
0 0.5885416666666666 0.23194444444444445 0.025 0.03935185185185185
0 0.5166666666666667 0.23055555555555557 0.025 0.03935185185185185
0 0.44375 0.22870370370370371 0.025 0.03935185185185185
0 0.371875 0.2273148148148148 0.025 0.03935185185185185
0 0.3 0.22546296296296298 0.025 0.03935185185185185
0 0.746875 0.31527777777777777 0.025 0.03935185185185185
0 0.66875 0.3138888888888889 0.025 0.03935185185185185
0 0.590625 0.31203703703703706 0.025 0.03935185185185185
0 0.5135416666666667 0.3106481481481482 0.025 0.03935185185185185
0 0.43645833333333334 0.3087962962962963 0.025 0.03935185185185185
0 0.359375 0.3074074074074074 0.025 0.03935185185185185
0 0.28229166666666666 0.3055555555555556 0.025 0.03935185185185185
0 0.7614583333333333 0.4083333333333333 0.025 0.03935185185185185
0 0.6770833333333334 0.40694444444444444 0.025 0.03935185185185185
0 0.59375 0.4050925925925926 0.025 0.03935185185185185
0 0.5104166666666666 0.40370370370370373 0.025 0.03935185185185185
0 0.4270833333333333 0.40185185185185185 0.025 0.03935185185185185
0 0.34479166666666666 0.39861111111111114 0.025 0.03935185185185185
0 0.2625 0.3972222222222222 0.025 0.03935185185185185
0 0.778125 0.5180555555555556 0.025 0.03935185185185185
0 0.6864583333333333 0.5162037037037037 0.025 0.03935185185185185
0 0.5958333333333333 0.512962962962963 0.025 0.03935185185185185
0 0.50625 0.5115740740740741 0.025 0.03935185185185185
0 0.4166666666666667 0.5083333333333333 0.025 0.03935185185185185
0 0.32708333333333334 0.5064814814814815 0.025 0.03935185185185185
0 0.23854166666666668 0.5032407407407408 0.025 0.03935185185185185
0 0.796875 0.6472222222222223 0.025 0.03935185185185185
0 0.6979166666666666 0.6439814814814815 0.025 0.03935185185185185
0 0.6 0.6407407407407407 0.025 0.03935185185185185
0 0.5020833333333333 0.6370370370370371 0.025 0.03935185185185185
0 0.4041666666666667 0.6337962962962963 0.025 0.03935185185185185
0 0.3072916666666667 0.6324074074074074 0.025 0.03935185185185185
0 0.21041666666666667 0.6291666666666667 0.025 0.03935185185185185
0 0.8208333333333333 0.799074074074074 0.025 0.03935185185185185
0 0.7125 0.7958333333333333 0.025 0.03935185185185185
0 0.6041666666666666 0.7925925925925926 0.025 0.03935185185185185
0 0.496875 0.7893518518518519 0.025 0.03935185185185185
0 0.38958333333333334 0.7842592592592592 0.025 0.03935185185185185
0 0.2833333333333333 0.7810185185185186 0.025 0.03935185185185185
0 0.17708333333333334 0.7777777777777778 0.025 0.03935185185185185