0 0.7875 0.35185185185185186 0.03958333333333333 0.0412037037037037
0 0.6979166666666666 0.3509259259259259 0.03958333333333333 0.0412037037037037
0 0.6083333333333333 0.35 0.03958333333333333 0.0412037037037037
0 0.51875 0.3486111111111111 0.03958333333333333 0.0412037037037037
0 0.42916666666666664 0.3476851851851852 0.03958333333333333 0.0412037037037037
0 0.3385416666666667 0.34675925925925927 0.03958333333333333 0.0412037037037037
0 0.24895833333333334 0.3453703703703704 0.03958333333333333 0.0412037037037037
0 0.7979166666666667 0.4199074074074074 0.03958333333333333 0.0412037037037037
0 0.7052083333333333 0.41898148148148145 0.03958333333333333 0.0412037037037037
0 0.6125 0.41805555555555557 0.03958333333333333 0.0412037037037037
0 0.51875 0.4166666666666667 0.03958333333333333 0.0412037037037037
0 0.425 0.41574074074074074 0.03958333333333333 0.0412037037037037
0 0.33125 0.41574074074074074 0.03958333333333333 0.0412037037037037
0 0.2375 0.4148148148148148 0.03958333333333333 0.0412037037037037
0 0.8083333333333333 0.4935185185185185 0.03958333333333333 0.0412037037037037
0 0.7125 0.4925925925925926 0.03958333333333333 0.0412037037037037
0 0.615625 0.4912037037037037 0.03958333333333333 0.0412037037037037
0 0.51875 0.4912037037037037 0.03958333333333333 0.0412037037037037
0 0.42083333333333334 0.49027777777777776 0.03958333333333333 0.0412037037037037
0 0.32395833333333335 0.48935185185185187 0.03958333333333333 0.0412037037037037
0 0.22604166666666667 0.487962962962963 0.03958333333333333 0.0412037037037037
0 0.8208333333333333 0.5736111111111111 0.03958333333333333 0.0412037037037037
0 0.7197916666666667 0.5722222222222222 0.03958333333333333 0.0412037037037037
0 0.6197916666666666 0.5712962962962963 0.03958333333333333 0.0412037037037037
0 0.51875 0.5703703703703704 0.03958333333333333 0.0412037037037037
0 0.4166666666666667 0.5703703703703704 0.03958333333333333 0.0412037037037037
0 0.315625 0.5689814814814815 0.03958333333333333 0.0412037037037037
0 0.21354166666666666 0.5680555555555555 0.03958333333333333 0.0412037037037037
0 0.8333333333333334 0.6597222222222222 0.03958333333333333 0.0412037037037037
0 0.728125 0.6587962962962963 0.03958333333333333 0.0412037037037037
0 0.6229166666666667 0.6587962962962963 0.03958333333333333 0.0412037037037037
0 0.5177083333333333 0.6578703703703703 0.03958333333333333 0.0412037037037037
0 0.4125 0.6564814814814814 0.03958333333333333 0.0412037037037037
0 0.30625 0.6555555555555556 0.03958333333333333 0.0412037037037037
0 0.2 0.6555555555555556 0.03958333333333333 0.0412037037037037
0 0.8479166666666667 0.7537037037037037 0.03958333333333333 0.0412037037037037
0 0.7375 0.7537037037037037 0.03958333333333333 0.0412037037037037
0 0.628125 0.7527777777777778 0.03958333333333333 0.0412037037037037
0 0.5177083333333333 0.7527777777777778 0.03958333333333333 0.0412037037037037
0 0.40729166666666666 0.7513888888888889 0.03958333333333333 0.0412037037037037
0 0.29583333333333334 0.750462962962963 0.03958333333333333 0.0412037037037037
0 0.184375 0.750462962962963 0.03958333333333333 0.0412037037037037
0 0.8625 0.8574074074074074 0.03958333333333333 0.0412037037037037
0 0.7479166666666667 0.8574074074074074 0.03958333333333333 0.0412037037037037
0 0.6322916666666667 0.8564814814814815 0.03958333333333333 0.0412037037037037
0 0.5177083333333333 0.8564814814814815 0.03958333333333333 0.0412037037037037
0 0.4010416666666667 0.8550925925925926 0.03958333333333333 0.0412037037037037
0 0.28541666666666665 0.8550925925925926 0.03958333333333333 0.0412037037037037
0 0.16875 0.8541666666666666 0.03958333333333333 0.0412037037037037