0 0.746875 0.20324074074074075 0.029166666666666667 0.037037037037037035
0 0.665625 0.19907407407407407 0.029166666666666667 0.037037037037037035
0 0.5864583333333333 0.19675925925925927 0.029166666666666667 0.037037037037037035
0 0.50625 0.1925925925925926 0.029166666666666667 0.037037037037037035
0 0.428125 0.1884259259259259 0.029166666666666667 0.037037037037037035
0 0.3489583333333333 0.18611111111111112 0.029166666666666667 0.037037037037037035
0 0.271875 0.18194444444444444 0.029166666666666667 0.037037037037037035
0 0.75625 0.2824074074074074 0.029166666666666667 0.037037037037037035
0 0.671875 0.2796296296296296 0.029166666666666667 0.037037037037037035
0 0.5885416666666666 0.2759259259259259 0.029166666666666667 0.037037037037037035
0 0.5052083333333334 0.27175925925925926 0.029166666666666667 0.037037037037037035
0 0.42291666666666666 0.2675925925925926 0.029166666666666667 0.037037037037037035
0 0.340625 0.2638888888888889 0.029166666666666667 0.037037037037037035
0 0.259375 0.25972222222222224 0.029166666666666667 0.037037037037037035
0 0.7666666666666667 0.37083333333333335 0.029166666666666667 0.037037037037037035
0 0.678125 0.36666666666666664 0.029166666666666667 0.037037037037037035
0 0.590625 0.36157407407407405 0.029166666666666667 0.037037037037037035
0 0.503125 0.3574074074074074 0.029166666666666667 0.037037037037037035
0 0.4166666666666667 0.3537037037037037 0.029166666666666667 0.037037037037037035
0 0.33125 0.34953703703703703 0.029166666666666667 0.037037037037037035
0 0.24583333333333332 0.3458333333333333 0.029166666666666667 0.037037037037037035
0 0.778125 0.4685185185185185 0.029166666666666667 0.037037037037037035
0 0.6854166666666667 0.46296296296296297 0.029166666666666667 0.037037037037037035
0 0.5927083333333333 0.45787037037037037 0.029166666666666667 0.037037037037037035
0 0.5010416666666667 0.45231481481481484 0.029166666666666667 0.037037037037037035
0 0.41041666666666665 0.4486111111111111 0.029166666666666667 0.037037037037037035
0 0.32083333333333336 0.44305555555555554 0.029166666666666667 0.037037037037037035
0 0.23125 0.43796296296296294 0.029166666666666667 0.037037037037037035
0 0.790625 0.575 0.029166666666666667 0.037037037037037035
0 0.6927083333333334 0.5699074074074074 0.029166666666666667 0.037037037037037035
0 0.5958333333333333 0.5634259259259259 0.029166666666666667 0.037037037037037035
0 0.49895833333333334 0.5578703703703703 0.029166666666666667 0.037037037037037035
0 0.403125 0.5527777777777778 0.029166666666666667 0.037037037037037035
0 0.30833333333333335 0.5476851851851852 0.029166666666666667 0.037037037037037035
0 0.21458333333333332 0.5421296296296296 0.029166666666666667 0.037037037037037035
0 0.8052083333333333 0.6953703703703704 0.029166666666666667 0.037037037037037035
0 0.7010416666666667 0.6884259259259259 0.029166666666666667 0.037037037037037035
0 0.5989583333333334 0.6819444444444445 0.029166666666666667 0.037037037037037035
0 0.496875 0.6754629629629629 0.029166666666666667 0.037037037037037035
0 0.3958333333333333 0.6689814814814815 0.029166666666666667 0.037037037037037035
0 0.29583333333333334 0.6625 0.029166666666666667 0.037037037037037035
0 0.196875 0.6569444444444444 0.029166666666666667 0.037037037037037035
0 0.8208333333333333 0.8287037037037037 0.029166666666666667 0.037037037037037035
0 0.7114583333333333 0.8217592592592593 0.029166666666666667 0.037037037037037035
0 0.6020833333333333 0.8138888888888889 0.029166666666666667 0.037037037037037035
0 0.49375 0.8060185185185185 0.029166666666666667 0.037037037037037035
0 0.3875 0.799537037037037 0.029166666666666667 0.037037037037037035
0 0.28125 0.7916666666666666 0.029166666666666667 0.037037037037037035
0 0.17604166666666668 0.7851851851851852 0.029166666666666667 0.037037037037037035