0 0.503125 0.5962962962962963 0.03125 0.027777777777777776
0 0.6604166666666667 0.5305555555555556 0.03333333333333333 0.02962962962962963
0 0.7453125 0.6666666666666666 0.034375 0.02962962962962963
0 0.6619791666666667 0.5981481481481481 0.036458333333333336 0.03148148148148148
0 0.34739583333333335 0.6601851851851852 0.03229166666666667 0.02962962962962963
0 0.4244791666666667 0.6620370370370371 0.03229166666666667 0.02962962962962963
0 0.58125 0.5962962962962963 0.035416666666666666 0.02962962962962963
0 0.4239583333333333 0.5962962962962963 0.03125 0.027777777777777776
0 0.5005208333333333 0.5305555555555556 0.030208333333333334 0.027777777777777776
0 0.7416666666666667 0.5324074074074074 0.03125 0.027777777777777776
0 0.6630208333333333 0.6648148148148149 0.034375 0.03148148148148148
0 0.34479166666666666 0.4013888888888889 0.029166666666666667 0.026851851851851852
0 0.8203125 0.5324074074074074 0.03229166666666667 0.027777777777777776
0 0.8244791666666667 0.600925925925926 0.03229166666666667 0.027777777777777776
0 0.5828125 0.6638888888888889 0.034375 0.02962962962962963
0 0.3458333333333333 0.5949074074074074 0.03125 0.028703703703703703
0 0.5807291666666666 0.5310185185185186 0.03229166666666667 0.028703703703703703
0 0.5041666666666667 0.663425925925926 0.03333333333333333 0.028703703703703703
0 0.8260416666666667 0.6680555555555555 0.035416666666666666 0.030555555555555555
0 0.34479166666666666 0.3388888888888889 0.029166666666666667 0.025925925925925925
0 0.4239583333333333 0.5291666666666667 0.03125 0.026851851851851852
0 0.5005208333333333 0.4652777777777778 0.030208333333333334 0.026851851851851852
0 0.74375 0.5995370370370371 0.035416666666666666 0.030555555555555555
0 0.3453125 0.5291666666666667 0.030208333333333334 0.026851851851851852
0 0.34427083333333336 0.2777777777777778 0.030208333333333334 0.025925925925925925
0 0.4947916666666667 0.274537037037037 0.03125 0.028703703703703703
0 0.42291666666666666 0.4652777777777778 0.029166666666666667 0.025
0 0.41875 0.3384259259259259 0.029166666666666667 0.026851851851851852
0 0.659375 0.4652777777777778 0.03125 0.026851851851851852
0 0.421875 0.4013888888888889 0.029166666666666667 0.026851851851851852
0 0.5744791666666667 0.33564814814814814 0.030208333333333334 0.025
0 0.4973958333333333 0.337037037037037 0.028125 0.025925925925925925
0 0.5796875 0.4652777777777778 0.030208333333333334 0.026851851851851852
0 0.6510416666666666 0.2712962962962963 0.029166666666666667 0.025925925925925925
0 0.3458333333333333 0.4638888888888889 0.029166666666666667 0.025925925925925925
0 0.7380208333333333 0.4652777777777778 0.030208333333333334 0.026851851851851852
0 0.49895833333333334 0.4013888888888889 0.029166666666666667 0.025
0 0.81875 0.4652777777777778 0.03125 0.025
0 0.5770833333333333 0.399537037037037 0.029166666666666667 0.025
0 0.41875 0.2763888888888889 0.029166666666666667 0.026851851851851852
0 0.5734375 0.27314814814814814 0.030208333333333334 0.025925925925925925
0 0.65625 0.399537037037037 0.03125 0.026851851851851852
0 0.7302083333333333 0.2712962962962963 0.027083333333333334 0.024074074074074074
0 0.7322916666666667 0.3337962962962963 0.027083333333333334 0.023148148148148147
0 0.8140625 0.399537037037037 0.030208333333333334 0.025
0 0.6541666666666667 0.33564814814814814 0.029166666666666667 0.025
0 0.7364583333333333 0.399537037037037 0.029166666666666667 0.025
0 0.8109375 0.3337962962962963 0.026041666666666668 0.021296296296296296
0 0.8072916666666666 0.26990740740740743 0.027083333333333334 0.023148148148148147