0 0.35104166666666664 0.29074074074074074 0.029166666666666667 0.027314814814814816
0 0.4234375 0.29074074074074074 0.03125 0.021296296296296296
0 0.49583333333333335 0.28935185185185186 0.0265625 0.022685185185185187
0 0.5770833333333333 0.2898148148148148 0.0265625 0.02361111111111111
0 0.6526041666666667 0.2861111111111111 0.028645833333333332 0.022685185185185187
0 0.7328125 0.2865740740740741 0.0265625 0.018518518518518517
0 0.8130208333333333 0.2861111111111111 0.0234375 0.02638888888888889
0 0.3484375 0.3527777777777778 0.0328125 0.024537037037037038
0 0.421875 0.35185185185185186 0.022916666666666665 0.020833333333333332
0 0.4984375 0.34953703703703703 0.021875 0.027314814814814816
0 0.5755208333333334 0.34953703703703703 0.021354166666666667 0.018518518518518517
0 0.6541666666666667 0.35 0.021875 0.019444444444444445
0 0.7354166666666667 0.34814814814814815 0.030208333333333334 0.01990740740740741
0 0.8130208333333333 0.3476851851851852 0.025520833333333333 0.020833333333333332
0 0.3463541666666667 0.41435185185185186 0.03125 0.021296296296296296
0 0.42083333333333334 0.41388888888888886 0.025520833333333333 0.020370370370370372
0 0.4973958333333333 0.41388888888888886 0.023958333333333335 0.024074074074074074
0 0.5776041666666667 0.41435185185185186 0.028645833333333332 0.027777777777777776
0 0.6552083333333333 0.412962962962963 0.029166666666666667 0.027314814814814816
0 0.7395833333333334 0.41574074074074074 0.023958333333333335 0.018055555555555554
0 0.8203125 0.412962962962963 0.023958333333333335 0.024537037037037038
0 0.35104166666666664 0.47824074074074074 0.029166666666666667 0.01990740740740741
0 0.42604166666666665 0.47824074074074074 0.027083333333333334 0.01990740740740741
0 0.4973958333333333 0.4787037037037037 0.029166666666666667 0.02962962962962963
0 0.58125 0.48009259259259257 0.025520833333333333 0.02175925925925926
0 0.6619791666666667 0.48194444444444445 0.025520833333333333 0.025
0 0.7411458333333333 0.4791666666666667 0.022916666666666665 0.02638888888888889
0 0.8213541666666667 0.4828703703703704 0.035416666666666666 0.029166666666666667
0 0.34791666666666665 0.5444444444444444 0.03177083333333333 0.025925925925925925
0 0.4244791666666667 0.5449074074074074 0.0265625 0.025
0 0.5041666666666667 0.5462962962962963 0.0234375 0.027314814814814816
0 0.5833333333333334 0.5486111111111112 0.034375 0.025
0 0.6635416666666667 0.5476851851851852 0.028645833333333332 0.02361111111111111
0 0.746875 0.5476851851851852 0.028645833333333332 0.02361111111111111
0 0.8260416666666667 0.5504629629629629 0.035416666666666666 0.024537037037037038
0 0.3484375 0.6078703703703704 0.030729166666666665 0.032407407407407406
0 0.4276041666666667 0.6111111111111112 0.030208333333333334 0.02361111111111111
0 0.5041666666666667 0.6134259259259259 0.03125 0.02824074074074074
0 0.5807291666666666 0.6138888888888889 0.036458333333333336 0.027314814814814816
0 0.6645833333333333 0.6143518518518518 0.03333333333333333 0.02638888888888889
0 0.7447916666666666 0.6162037037037037 0.03125 0.025925925925925925
0 0.8307291666666666 0.6175925925925926 0.03229166666666667 0.02824074074074074
0 0.3489583333333333 0.674537037037037 0.0296875 0.024074074074074074
0 0.42552083333333335 0.6782407407407407 0.030729166666666665 0.027314814814814816
0 0.5036458333333333 0.6800925925925926 0.03229166666666667 0.026851851851851852
0 0.584375 0.6800925925925926 0.03229166666666667 0.030555555555555555
0 0.6651041666666667 0.6824074074074075 0.029166666666666667 0.02546296296296296
0 0.746875 0.6842592592592592 0.028645833333333332 0.024074074074074074
0 0.8276041666666667 0.6847222222222222 0.03333333333333333 0.023148148148148147