0 0.6645833333333333 0.5995370370370371 0.03333333333333333 0.030555555555555555
0 0.7479166666666667 0.6680555555555555 0.035416666666666666 0.030555555555555555
0 0.42604166666666665 0.663425925925926 0.03125 0.028703703703703703
0 0.5057291666666667 0.6652777777777777 0.03229166666666667 0.028703703703703703
0 0.6625 0.5337962962962963 0.03125 0.026851851851851852
0 0.5859375 0.6666666666666666 0.03229166666666667 0.02962962962962963
0 0.6666666666666666 0.6666666666666666 0.03333333333333333 0.02962962962962963
0 0.7453125 0.6013888888888889 0.03229166666666667 0.028703703703703703
0 0.5052083333333334 0.5981481481481481 0.03125 0.027777777777777776
0 0.5036458333333333 0.5337962962962963 0.030208333333333334 0.026851851851851852
0 0.584375 0.5995370370370371 0.03333333333333333 0.030555555555555555
0 0.5828125 0.5324074074074074 0.030208333333333334 0.027777777777777776
0 0.5015625 0.4666666666666667 0.028125 0.025925925925925925
0 0.3484375 0.6620370370370371 0.03229166666666667 0.027777777777777776
0 0.425 0.5976851851851852 0.03125 0.026851851851851852
0 0.8291666666666667 0.6685185185185185 0.03333333333333333 0.02962962962962963
0 0.34791666666666665 0.5310185185185186 0.029166666666666667 0.025
0 0.7427083333333333 0.5337962962962963 0.03125 0.026851851851851852
0 0.5807291666666666 0.4666666666666667 0.030208333333333334 0.025925925925925925
0 0.5 0.4013888888888889 0.027083333333333334 0.025
0 0.8265625 0.6027777777777777 0.03229166666666667 0.027777777777777776
0 0.3484375 0.5962962962962963 0.030208333333333334 0.025925925925925925
0 0.425 0.5324074074074074 0.03125 0.025925925925925925
0 0.4234375 0.4027777777777778 0.026041666666666668 0.024074074074074074
0 0.8239583333333333 0.5337962962962963 0.03125 0.028703703703703703
0 0.5796875 0.4013888888888889 0.028125 0.025
0 0.6572916666666667 0.4013888888888889 0.029166666666666667 0.026851851851851852
0 0.6614583333333334 0.4652777777777778 0.027083333333333334 0.025
0 0.4239583333333333 0.4671296296296296 0.029166666666666667 0.025
0 0.7411458333333333 0.4671296296296296 0.028125 0.025
0 0.7317708333333334 0.27314814814814814 0.026041666666666668 0.022222222222222223
0 0.5760416666666667 0.337037037037037 0.027083333333333334 0.024074074074074074
0 0.3453125 0.3416666666666667 0.026041666666666668 0.024074074074074074
0 0.4197916666666667 0.3402777777777778 0.025 0.021296296296296296
0 0.7322916666666667 0.3351851851851852 0.025 0.022222222222222223
0 0.3494791666666667 0.4666666666666667 0.026041666666666668 0.024074074074074074
0 0.3453125 0.2810185185185185 0.028125 0.023148148148148147
0 0.8130208333333333 0.3351851851851852 0.026041666666666668 0.022222222222222223
0 0.8177083333333334 0.4009259259259259 0.027083333333333334 0.024074074074074074
0 0.8197916666666667 0.4671296296296296 0.029166666666666667 0.025
0 0.7380208333333333 0.4009259259259259 0.026041666666666668 0.024074074074074074
0 0.4197916666666667 0.2791666666666667 0.025 0.021296296296296296
0 0.6536458333333334 0.27314814814814814 0.028125 0.024074074074074074
0 0.3458333333333333 0.4027777777777778 0.027083333333333334 0.024074074074074074
0 0.4973958333333333 0.2759259259259259 0.026041666666666668 0.022222222222222223
0 0.575 0.274537037037037 0.029166666666666667 0.023148148148148147
0 0.4979166666666667 0.3388888888888889 0.025 0.022222222222222223
0 0.6552083333333333 0.337037037037037 0.027083333333333334 0.024074074074074074
0 0.8098958333333334 0.2712962962962963 0.026041666666666668 0.022222222222222223