0 0.5869791666666667 0.6685185185185185 0.03229166666666667 0.02962962962962963
0 0.6666666666666666 0.6027777777777777 0.03125 0.02962962962962963
0 0.7505208333333333 0.6712962962962963 0.03229166666666667 0.02962962962962963
0 0.5864583333333333 0.6013888888888889 0.03125 0.028703703703703703
0 0.8317708333333333 0.6731481481481482 0.03229166666666667 0.03148148148148148
0 0.8302083333333333 0.6046296296296296 0.03125 0.02962962962962963
0 0.6635416666666667 0.5356481481481481 0.03125 0.028703703703703703
0 0.5067708333333333 0.6680555555555555 0.03229166666666667 0.028703703703703703
0 0.66875 0.6699074074074074 0.03333333333333333 0.030555555555555555
0 0.50625 0.6027777777777777 0.03125 0.027777777777777776
0 0.7479166666666667 0.6041666666666666 0.03333333333333333 0.030555555555555555
0 0.5854166666666667 0.5356481481481481 0.03125 0.028703703703703703
0 0.5052083333333334 0.5356481481481481 0.03125 0.026851851851851852
0 0.5046875 0.4699074074074074 0.030208333333333334 0.026851851851851852
0 0.5828125 0.4699074074074074 0.030208333333333334 0.026851851851851852
0 0.5828125 0.4041666666666667 0.028125 0.026851851851851852
0 0.42916666666666664 0.6666666666666666 0.03333333333333333 0.027777777777777776
0 0.65625 0.2759259259259259 0.03125 0.027777777777777776
0 0.5786458333333333 0.2777777777777778 0.030208333333333334 0.027777777777777776
0 0.5807291666666666 0.3402777777777778 0.030208333333333334 0.026851851851851852
0 0.35 0.6652777777777777 0.03333333333333333 0.028703703703703703
0 0.4265625 0.4699074074074074 0.028125 0.026851851851851852
0 0.7453125 0.5370370370370371 0.030208333333333334 0.027777777777777776
0 0.6614583333333334 0.4041666666666667 0.027083333333333334 0.025
0 0.6630208333333333 0.4699074074074074 0.030208333333333334 0.026851851851851852
0 0.4270833333333333 0.6013888888888889 0.03125 0.026851851851851852
0 0.35 0.4074074074074074 0.027083333333333334 0.024074074074074074
0 0.659375 0.3384259259259259 0.029166666666666667 0.026851851851851852
0 0.42604166666666665 0.4060185185185185 0.029166666666666667 0.023148148148148147
0 0.5015625 0.40555555555555556 0.028125 0.025925925925925925
0 0.4265625 0.5356481481481481 0.030208333333333334 0.025
0 0.42291666666666666 0.34305555555555556 0.027083333333333334 0.023148148148148147
0 0.5 0.3416666666666667 0.027083333333333334 0.024074074074074074
0 0.35104166666666664 0.4699074074074074 0.029166666666666667 0.025
0 0.3494791666666667 0.600925925925926 0.030208333333333334 0.025925925925925925
0 0.49895833333333334 0.2791666666666667 0.029166666666666667 0.025
0 0.42239583333333336 0.2810185185185185 0.028125 0.023148148148148147
0 0.3494791666666667 0.5351851851851852 0.030208333333333334 0.025925925925925925
0 0.3489583333333333 0.3449074074074074 0.029166666666666667 0.023148148148148147
0 0.7432291666666667 0.4685185185185185 0.030208333333333334 0.025925925925925925
0 0.34739583333333335 0.2824074074074074 0.030208333333333334 0.025925925925925925
0 0.8270833333333333 0.5356481481481481 0.029166666666666667 0.028703703703703703
0 0.7291666666666666 0.3384259259259259 0.027083333333333334 0.026851851851851852
0 0.7375 0.4027777777777778 0.03125 0.025925925925925925
0 0.73125 0.274537037037037 0.029166666666666667 0.028703703703703703
0 0.8203125 0.46944444444444444 0.030208333333333334 0.02962962962962963
0 0.8078125 0.274537037037037 0.030208333333333334 0.026851851851851852
0 0.8197916666666667 0.3388888888888889 0.0375 0.02962962962962963
0 0.8078125 0.4041666666666667 0.028125 0.025