0 0.34375 0.2902777777777778 0.0265625 0.028703703703703703
0 0.421875 0.29212962962962963 0.020833333333333332 0.02361111111111111
0 0.5010416666666667 0.2916666666666667 0.024479166666666666 0.022685185185185187
0 0.5802083333333333 0.2865740740740741 0.0234375 0.02361111111111111
0 0.65625 0.28888888888888886 0.028125 0.023148148148148147
0 0.7338541666666667 0.2851851851851852 0.0265625 0.020370370370370372
0 0.8145833333333333 0.2865740740740741 0.0265625 0.020833333333333332
0 0.34791666666666665 0.3541666666666667 0.024479166666666666 0.020833333333333332
0 0.42291666666666666 0.35185185185185186 0.022916666666666665 0.016666666666666666
0 0.5010416666666667 0.3527777777777778 0.0296875 0.018518518518518517
0 0.5807291666666666 0.350462962962963 0.024479166666666666 0.018055555555555554
0 0.6541666666666667 0.35 0.033854166666666664 0.01898148148148148
0 0.7348958333333333 0.34953703703703703 0.029166666666666667 0.018055555555555554
0 0.8177083333333334 0.3509259259259259 0.03333333333333333 0.01898148148148148
0 0.34739583333333335 0.4152777777777778 0.019270833333333334 0.016666666666666666
0 0.4239583333333333 0.41574074074074074 0.015104166666666667 0.017592592592592594
0 0.49895833333333334 0.41435185185185186 0.030208333333333334 0.01898148148148148
0 0.5796875 0.4148148148148148 0.022916666666666665 0.01990740740740741
0 0.6609375 0.4148148148148148 0.025520833333333333 0.017592592592592594
0 0.7411458333333333 0.41435185185185186 0.036458333333333336 0.01898148148148148
0 0.8177083333333334 0.4134259259259259 0.0234375 0.013425925925925926
0 0.34791666666666665 0.4787037037037037 0.024479166666666666 0.025
0 0.4244791666666667 0.4777777777777778 0.025520833333333333 0.01712962962962963
0 0.5020833333333333 0.4791666666666667 0.027083333333333334 0.022222222222222223
0 0.5786458333333333 0.47962962962962963 0.030208333333333334 0.021296296296296296
0 0.6604166666666667 0.4787037037037037 0.03229166666666667 0.023148148148148147
0 0.7401041666666667 0.48148148148148145 0.034375 0.02638888888888889
0 0.821875 0.4824074074074074 0.034375 0.022222222222222223
0 0.34791666666666665 0.5462962962962963 0.022395833333333334 0.018518518518518517
0 0.425 0.5425925925925926 0.0296875 0.020370370370370372
0 0.5015625 0.5435185185185185 0.0234375 0.01990740740740741
0 0.5854166666666667 0.5449074074074074 0.0296875 0.034722222222222224
0 0.6640625 0.5467592592592593 0.025 0.025925925925925925
0 0.7458333333333333 0.5458333333333333 0.03125 0.02638888888888889
0 0.8260416666666667 0.5472222222222223 0.030208333333333334 0.023148148148148147
0 0.3494791666666667 0.6083333333333333 0.025520833333333333 0.022685185185185187
0 0.428125 0.6106481481481482 0.029166666666666667 0.018518518518518517
0 0.5067708333333333 0.612037037037037 0.021875 0.02361111111111111
0 0.5838541666666667 0.611574074074074 0.029166666666666667 0.020833333333333332
0 0.6645833333333333 0.6143518518518518 0.035416666666666666 0.025925925925925925
0 0.7442708333333333 0.6143518518518518 0.030729166666666665 0.025925925925925925
0 0.8286458333333333 0.6157407407407407 0.0328125 0.01990740740740741
0 0.3494791666666667 0.6726851851851852 0.0328125 0.026851851851851852
0 0.4270833333333333 0.6763888888888889 0.03125 0.021296296296296296
0 0.5072916666666667 0.6763888888888889 0.030208333333333334 0.02546296296296296
0 0.590625 0.6787037037037037 0.030729166666666665 0.02361111111111111
0 0.6692708333333334 0.6833333333333333 0.03958333333333333 0.02824074074074074
0 0.7489583333333333 0.6861111111111111 0.030729166666666665 0.024074074074074074
0 0.8307291666666666 0.6842592592592592 0.035416666666666666 0.022685185185185187