0 0.34479166666666666 0.29305555555555557 0.028645833333333332 0.02361111111111111
0 0.4239583333333333 0.29212962962962963 0.022395833333333334 0.02175925925925926
0 0.4979166666666667 0.2902777777777778 0.030208333333333334 0.018518518518518517
0 0.5776041666666667 0.28703703703703703 0.034895833333333334 0.022222222222222223
0 0.6505208333333333 0.2861111111111111 0.029166666666666667 0.020370370370370372
0 0.73125 0.28425925925925927 0.03125 0.02546296296296296
0 0.8098958333333334 0.2847222222222222 0.0359375 0.02175925925925926
0 0.3489583333333333 0.3527777777777778 0.03177083333333333 0.024537037037037038
0 0.4197916666666667 0.3537037037037037 0.0265625 0.024074074074074074
0 0.5015625 0.3523148148148148 0.022916666666666665 0.02361111111111111
0 0.5770833333333333 0.34953703703703703 0.0359375 0.025
0 0.6588541666666666 0.35138888888888886 0.028125 0.02824074074074074
0 0.7338541666666667 0.3490740740740741 0.024479166666666666 0.021296296296296296
0 0.8182291666666667 0.34953703703703703 0.024479166666666666 0.018518518518518517
0 0.34791666666666665 0.41574074074074074 0.0296875 0.024537037037037038
0 0.42552083333333335 0.41712962962962963 0.020833333333333332 0.025
0 0.49947916666666664 0.4166666666666667 0.028645833333333332 0.021296296296296296
0 0.5817708333333333 0.4162037037037037 0.0265625 0.029166666666666667
0 0.6572916666666667 0.4166666666666667 0.025520833333333333 0.023148148148148147
0 0.740625 0.4148148148148148 0.028125 0.02638888888888889
0 0.8197916666666667 0.4162037037037037 0.022916666666666665 0.025
0 0.34791666666666665 0.4787037037037037 0.024479166666666666 0.022685185185185187
0 0.421875 0.48009259259259257 0.022916666666666665 0.021296296296296296
0 0.5046875 0.48194444444444445 0.0265625 0.029166666666666667
0 0.5802083333333333 0.48194444444444445 0.040625 0.032407407407407406
0 0.6640625 0.48148148148148145 0.029166666666666667 0.028703703703703703
0 0.7421875 0.48194444444444445 0.022395833333333334 0.020833333333333332
0 0.8213541666666667 0.48194444444444445 0.028125 0.020833333333333332
0 0.3484375 0.5439814814814815 0.030729166666666665 0.026851851851851852
0 0.4276041666666667 0.5439814814814815 0.022916666666666665 0.018518518518518517
0 0.503125 0.5439814814814815 0.029166666666666667 0.023148148148148147
0 0.5833333333333334 0.5462962962962963 0.027083333333333334 0.016666666666666666
0 0.6645833333333333 0.5453703703703704 0.026041666666666668 0.020833333333333332
0 0.7463541666666667 0.5486111111111112 0.028125 0.032407407407407406
0 0.8234375 0.549537037037037 0.0328125 0.022685185185185187
0 0.35260416666666666 0.6101851851851852 0.041666666666666664 0.024074074074074074
0 0.4244791666666667 0.6097222222222223 0.028645833333333332 0.023148148148148147
0 0.5104166666666666 0.6134259259259259 0.0203125 0.022685185185185187
0 0.5854166666666667 0.6138888888888889 0.0265625 0.023148148148148147
0 0.6661458333333333 0.6134259259259259 0.028645833333333332 0.031018518518518518
0 0.7447916666666666 0.6148148148148148 0.027083333333333334 0.025
0 0.8276041666666667 0.6171296296296296 0.024479166666666666 0.022685185185185187
0 0.3494791666666667 0.675 0.0328125 0.026851851851851852
0 0.4276041666666667 0.6773148148148148 0.025 0.025
0 0.5057291666666667 0.6768518518518518 0.0296875 0.024537037037037038
0 0.5875 0.6796296296296296 0.03125 0.02361111111111111
0 0.6697916666666667 0.6800925925925926 0.03229166666666667 0.02638888888888889
0 0.7458333333333333 0.6824074074074075 0.03229166666666667 0.025
0 0.8260416666666667 0.6851851851851852 0.03333333333333333 0.02638888888888889