0 0.3453125 0.29444444444444445 0.021875 0.020370370370370372
0 0.41770833333333335 0.29212962962962963 0.0234375 0.020833333333333332
0 0.49895833333333334 0.28935185185185186 0.028125 0.021296296296296296
0 0.5760416666666667 0.28888888888888886 0.017708333333333333 0.020833333333333332
0 0.6526041666666667 0.2861111111111111 0.028125 0.018518518518518517
0 0.734375 0.2851851851851852 0.024479166666666666 0.020833333333333332
0 0.8098958333333334 0.28564814814814815 0.030208333333333334 0.019444444444444445
0 0.346875 0.3537037037037037 0.022916666666666665 0.02175925925925926
0 0.4239583333333333 0.35185185185185186 0.030208333333333334 0.018055555555555554
0 0.49583333333333335 0.35185185185185186 0.028645833333333332 0.02546296296296296
0 0.5791666666666667 0.35324074074074074 0.019791666666666666 0.02175925925925926
0 0.6578125 0.350462962962963 0.0296875 0.022685185185185187
0 0.7348958333333333 0.35 0.0234375 0.02175925925925926
0 0.8166666666666667 0.3490740740740741 0.023958333333333335 0.020370370370370372
0 0.3489583333333333 0.4152777777777778 0.027083333333333334 0.02361111111111111
0 0.42239583333333336 0.4148148148148148 0.022395833333333334 0.018518518518518517
0 0.4984375 0.41712962962962963 0.0234375 0.01898148148148148
0 0.5848958333333333 0.4148148148148148 0.017708333333333333 0.020370370370370372
0 0.6625 0.4152777777777778 0.023958333333333335 0.021296296296296296
0 0.7395833333333334 0.41759259259259257 0.034895833333333334 0.01990740740740741
0 0.821875 0.4162037037037037 0.025520833333333333 0.02175925925925926
0 0.3484375 0.4777777777777778 0.026041666666666668 0.02361111111111111
0 0.4239583333333333 0.48194444444444445 0.028125 0.01990740740740741
0 0.5 0.48009259259259257 0.028645833333333332 0.020370370370370372
0 0.5791666666666667 0.48009259259259257 0.026041666666666668 0.024074074074074074
0 0.6619791666666667 0.48148148148148145 0.021875 0.024537037037037038
0 0.7427083333333333 0.48148148148148145 0.025520833333333333 0.022685185185185187
0 0.821875 0.4824074074074074 0.030208333333333334 0.01898148148148148
0 0.3484375 0.5444444444444444 0.026041666666666668 0.01990740740740741
0 0.42916666666666664 0.5472222222222223 0.03177083333333333 0.022222222222222223
0 0.5057291666666667 0.5458333333333333 0.024479166666666666 0.022222222222222223
0 0.5859375 0.5458333333333333 0.034895833333333334 0.020833333333333332
0 0.6625 0.5458333333333333 0.026041666666666668 0.025
0 0.75 0.5472222222222223 0.03177083333333333 0.02361111111111111
0 0.825 0.5481481481481482 0.027604166666666666 0.019444444444444445
0 0.3484375 0.6111111111111112 0.028125 0.025925925925925925
0 0.42864583333333334 0.6111111111111112 0.030729166666666665 0.022685185185185187
0 0.5067708333333333 0.6138888888888889 0.030208333333333334 0.02638888888888889
0 0.5828125 0.6143518518518518 0.027083333333333334 0.019444444444444445
0 0.66875 0.6152777777777778 0.025520833333333333 0.022685185185185187
0 0.74375 0.6180555555555556 0.030208333333333334 0.018518518518518517
0 0.828125 0.6189814814814815 0.030208333333333334 0.022685185185185187
0 0.34791666666666665 0.675 0.027604166666666666 0.023148148148148147
0 0.4317708333333333 0.6759259259259259 0.030208333333333334 0.02546296296296296
0 0.5041666666666667 0.6782407407407407 0.027604166666666666 0.02175925925925926
0 0.5848958333333333 0.6800925925925926 0.03333333333333333 0.02175925925925926
0 0.6697916666666667 0.6828703703703703 0.03125 0.031018518518518518
0 0.7489583333333333 0.6824074074074075 0.027083333333333334 0.022222222222222223
0 0.8302083333333333 0.6861111111111111 0.027604166666666666 0.02175925925925926