0 0.5880208333333333 0.6685185185185185 0.03229166666666667 0.02962962962962963
0 0.5072916666666667 0.6685185185185185 0.03125 0.02962962962962963
0 0.8317708333333333 0.6726851851851852 0.03229166666666667 0.030555555555555555
0 0.50625 0.6013888888888889 0.03125 0.028703703703703703
0 0.5864583333333333 0.6027777777777777 0.03125 0.027777777777777776
0 0.8255208333333334 0.5370370370370371 0.03229166666666667 0.027777777777777776
0 0.4265625 0.600925925925926 0.030208333333333334 0.027777777777777776
0 0.8296875 0.6041666666666666 0.03229166666666667 0.028703703703703703
0 0.42916666666666664 0.6666666666666666 0.03125 0.027777777777777776
0 0.5052083333333334 0.5356481481481481 0.03125 0.028703703703703703
0 0.5052083333333334 0.4699074074074074 0.029166666666666667 0.026851851851851852
0 0.35052083333333334 0.6652777777777777 0.03229166666666667 0.028703703703703703
0 0.8239583333333333 0.4699074074074074 0.03125 0.026851851851851852
0 0.7432291666666667 0.4699074074074074 0.030208333333333334 0.026851851851851852
0 0.3494791666666667 0.4074074074074074 0.030208333333333334 0.025925925925925925
0 0.42604166666666665 0.4699074074074074 0.029166666666666667 0.026851851851851852
0 0.49947916666666664 0.2791666666666667 0.030208333333333334 0.026851851851851852
0 0.4270833333333333 0.5356481481481481 0.029166666666666667 0.026851851851851852
0 0.7348958333333333 0.274537037037037 0.028125 0.026851851851851852
0 0.5010416666666667 0.3416666666666667 0.029166666666666667 0.025925925925925925
0 0.42604166666666665 0.4060185185185185 0.029166666666666667 0.025
0 0.35104166666666664 0.47129629629629627 0.029166666666666667 0.025925925925925925
0 0.7458333333333333 0.5370370370370371 0.03125 0.027777777777777776
0 0.42291666666666666 0.34305555555555556 0.027083333333333334 0.023148148148148147
0 0.7510416666666667 0.6712962962962963 0.035416666666666666 0.03148148148148148
0 0.35 0.600925925925926 0.029166666666666667 0.025925925925925925
0 0.7364583333333333 0.3384259259259259 0.029166666666666667 0.025
0 0.81875 0.4023148148148148 0.029166666666666667 0.025
0 0.35 0.5351851851851852 0.029166666666666667 0.025925925925925925
0 0.815625 0.3384259259259259 0.029166666666666667 0.026851851851851852
0 0.7411458333333333 0.4041666666666667 0.028125 0.025
0 0.5041666666666667 0.40555555555555556 0.027083333333333334 0.025925925925925925
0 0.8114583333333333 0.274537037037037 0.025 0.023148148148148147
0 0.42291666666666666 0.2810185185185185 0.027083333333333334 0.023148148148148147
0 0.3489583333333333 0.3449074074074074 0.029166666666666667 0.025
0 0.7489583333333333 0.6046296296296296 0.035416666666666666 0.02962962962962963
0 0.34791666666666665 0.28379629629629627 0.029166666666666667 0.025
0 0.6677083333333333 0.538425925925926 0.03125 0.028703703703703703
0 0.6682291666666667 0.6694444444444444 0.03229166666666667 0.02962962962962963
0 0.5817708333333333 0.5356481481481481 0.030208333333333334 0.028703703703703703
0 0.6666666666666666 0.6013888888888889 0.03125 0.028703703703703703
0 0.665625 0.46944444444444444 0.03125 0.02962962962962963
0 0.5729166666666666 0.3388888888888889 0.027083333333333334 0.025925925925925925
0 0.5755208333333334 0.4041666666666667 0.026041666666666668 0.026851851851851852
0 0.5802083333333333 0.4699074074074074 0.027083333333333334 0.026851851851851852
0 0.5708333333333333 0.2777777777777778 0.029166666666666667 0.027777777777777776
0 0.6614583333333334 0.274537037037037 0.03333333333333333 0.030555555555555555
0 0.6614583333333334 0.4046296296296296 0.03333333333333333 0.02962962962962963
0 0.6614583333333334 0.3388888888888889 0.03333333333333333 0.02962962962962963