0 0.4270833333333333 0.6648148148148149 0.03125 0.02962962962962963
0 0.5869791666666667 0.6680555555555555 0.03229166666666667 0.028703703703703703
0 0.5057291666666667 0.6666666666666666 0.03229166666666667 0.02962962962962963
0 0.7473958333333334 0.6027777777777777 0.03229166666666667 0.02962962962962963
0 0.3489583333333333 0.663425925925926 0.03125 0.028703703703703703
0 0.5057291666666667 0.600925925925926 0.03229166666666667 0.027777777777777776
0 0.75 0.6694444444444444 0.035416666666666666 0.02962962962962963
0 0.8302083333333333 0.6712962962962963 0.03333333333333333 0.03148148148148148
0 0.42604166666666665 0.5995370370370371 0.03125 0.028703703703703703
0 0.8286458333333333 0.6027777777777777 0.034375 0.02962962962962963
0 0.5859375 0.600925925925926 0.03229166666666667 0.02962962962962963
0 0.3489583333333333 0.5981481481481481 0.03125 0.027777777777777776
0 0.8244791666666667 0.5356481481481481 0.03229166666666667 0.028703703703703703
0 0.3489583333333333 0.5337962962962963 0.03125 0.026851851851851852
0 0.34739583333333335 0.4041666666666667 0.028125 0.026851851851851852
0 0.5859375 0.5337962962962963 0.030208333333333334 0.026851851851851852
0 0.4239583333333333 0.4041666666666667 0.029166666666666667 0.025
0 0.3458333333333333 0.3435185185185185 0.029166666666666667 0.025925925925925925
0 0.42552083333333335 0.5337962962962963 0.03229166666666667 0.028703703703703703
0 0.5046875 0.5337962962962963 0.030208333333333334 0.026851851851851852
0 0.7322916666666667 0.27314814814814814 0.029166666666666667 0.025925925925925925
0 0.7421875 0.46805555555555556 0.028125 0.026851851851851852
0 0.42239583333333336 0.3416666666666667 0.028125 0.024074074074074074
0 0.3453125 0.2824074074074074 0.030208333333333334 0.025925925925925925
0 0.3494791666666667 0.46805555555555556 0.030208333333333334 0.025
0 0.8203125 0.46805555555555556 0.030208333333333334 0.026851851851851852
0 0.42552083333333335 0.46805555555555556 0.030208333333333334 0.025
0 0.5041666666666667 0.46805555555555556 0.03125 0.026851851851851852
0 0.7447916666666666 0.5356481481481481 0.029166666666666667 0.028703703703703703
0 0.5 0.3402777777777778 0.03125 0.026851851851851852
0 0.7385416666666667 0.4013888888888889 0.029166666666666667 0.023148148148148147
0 0.5010416666666667 0.4027777777777778 0.029166666666666667 0.025925925925925925
0 0.42239583333333336 0.2791666666666667 0.026041666666666668 0.023148148148148147
0 0.58125 0.4027777777777778 0.03125 0.025925925925925925
0 0.8104166666666667 0.2726851851851852 0.027083333333333334 0.023148148148148147
0 0.7348958333333333 0.337037037037037 0.030208333333333334 0.025925925925925925
0 0.5822916666666667 0.46805555555555556 0.029166666666666667 0.026851851851851852
0 0.8135416666666667 0.33564814814814814 0.027083333333333334 0.025
0 0.8177083333333334 0.4013888888888889 0.027083333333333334 0.023148148148148147
0 0.6666666666666666 0.5356481481481481 0.03125 0.028703703703703703
0 0.6666666666666666 0.6013888888888889 0.03125 0.028703703703703703
0 0.6677083333333333 0.6666666666666666 0.03125 0.02962962962962963
0 0.6625 0.4685185185185185 0.03125 0.02962962962962963
0 0.4984375 0.2777777777777778 0.026041666666666668 0.024074074074074074
0 0.6614583333333334 0.4041666666666667 0.029166666666666667 0.026851851851851852
0 0.578125 0.3384259259259259 0.028125 0.026851851851851852
0 0.6572916666666667 0.3384259259259259 0.029166666666666667 0.028703703703703703
0 0.6619791666666667 0.274537037037037 0.03229166666666667 0.030555555555555555
0 0.5776041666666667 0.2759259259259259 0.03854166666666667 0.032407407407407406