0 0.34479166666666666 0.29259259259259257 0.0515625 0.02824074074074074
0 0.425 0.2916666666666667 0.03125 0.026851851851851852
0 0.49895833333333334 0.2875 0.0421875 0.03425925925925926
0 0.5765625 0.28703703703703703 0.0421875 0.03333333333333333
0 0.6567708333333333 0.28564814814814815 0.0375 0.031018518518518518
0 0.7395833333333334 0.28703703703703703 0.03802083333333333 0.03518518518518519
0 0.8104166666666667 0.28425925925925927 0.042708333333333334 0.04027777777777778
0 0.34791666666666665 0.35509259259259257 0.04010416666666667 0.03148148148148148
0 0.4234375 0.3523148148148148 0.03958333333333333 0.03148148148148148
0 0.4973958333333333 0.35 0.036458333333333336 0.029166666666666667
0 0.5817708333333333 0.3523148148148148 0.03854166666666667 0.032407407407407406
0 0.6619791666666667 0.35138888888888886 0.030208333333333334 0.027777777777777776
0 0.734375 0.350462962962963 0.03333333333333333 0.02361111111111111
0 0.8151041666666666 0.34814814814814815 0.041666666666666664 0.025925925925925925
0 0.3484375 0.41759259259259257 0.033854166666666664 0.03009259259259259
0 0.42239583333333336 0.41574074074074074 0.028645833333333332 0.024537037037037038
0 0.4984375 0.4148148148148148 0.03177083333333333 0.022685185185185187
0 0.578125 0.412962962962963 0.03125 0.03333333333333333
0 0.6552083333333333 0.41435185185185186 0.0328125 0.02546296296296296
0 0.7380208333333333 0.412962962962963 0.035416666666666666 0.020370370370370372
0 0.8166666666666667 0.4152777777777778 0.0375 0.02175925925925926
0 0.3489583333333333 0.4791666666666667 0.034895833333333334 0.033796296296296297
0 0.42604166666666665 0.48009259259259257 0.0265625 0.02546296296296296
0 0.49947916666666664 0.4791666666666667 0.0359375 0.027314814814814816
0 0.5828125 0.48194444444444445 0.027083333333333334 0.028703703703703703
0 0.6640625 0.48194444444444445 0.036458333333333336 0.025
0 0.7380208333333333 0.48055555555555557 0.03333333333333333 0.02824074074074074
0 0.8229166666666666 0.4810185185185185 0.0453125 0.03518518518518519
0 0.346875 0.5439814814814815 0.0328125 0.031018518518518518
0 0.428125 0.5458333333333333 0.0375 0.030555555555555555
0 0.5078125 0.5476851851851852 0.0234375 0.018518518518518517
0 0.5838541666666667 0.549074074074074 0.03333333333333333 0.022685185185185187
0 0.6630208333333333 0.5467592592592593 0.033854166666666664 0.024074074074074074
0 0.7458333333333333 0.5481481481481482 0.0359375 0.02546296296296296
0 0.8234375 0.549537037037037 0.03958333333333333 0.03148148148148148
0 0.35052083333333334 0.611574074074074 0.0421875 0.027777777777777776
0 0.425 0.6125 0.03125 0.025925925925925925
0 0.5046875 0.6125 0.03958333333333333 0.02824074074074074
0 0.584375 0.6138888888888889 0.0484375 0.022685185185185187
0 0.6666666666666666 0.6143518518518518 0.034375 0.027777777777777776
0 0.7510416666666667 0.6185185185185185 0.04375 0.027777777777777776
0 0.8296875 0.6175925925925926 0.040625 0.02361111111111111
0 0.3489583333333333 0.674074074074074 0.034895833333333334 0.031018518518518518
0 0.4265625 0.6763888888888889 0.0328125 0.02962962962962963
0 0.503125 0.6814814814814815 0.043229166666666666 0.02546296296296296
0 0.584375 0.6796296296296296 0.043229166666666666 0.025925925925925925
0 0.6677083333333333 0.6833333333333333 0.03177083333333333 0.02175925925925926
0 0.7494791666666667 0.6847222222222222 0.04010416666666667 0.024074074074074074
0 0.8291666666666667 0.6865740740740741 0.030208333333333334 0.02824074074074074