0 0.34479166666666666 0.2898148148148148 0.03854166666666667 0.02824074074074074
0 0.4171875 0.2902777777777778 0.03177083333333333 0.03425925925925926
0 0.4953125 0.28935185185185186 0.03125 0.027314814814814816
0 0.5739583333333333 0.28888888888888886 0.0265625 0.02638888888888889
0 0.6541666666666667 0.29259259259259257 0.0328125 0.024537037037037038
0 0.7276041666666667 0.28703703703703703 0.025520833333333333 0.020833333333333332
0 0.8114583333333333 0.28703703703703703 0.028645833333333332 0.018518518518518517
0 0.3489583333333333 0.35648148148148145 0.0265625 0.033796296296296297
0 0.421875 0.35509259259259257 0.022916666666666665 0.026851851851851852
0 0.5041666666666667 0.35462962962962963 0.028645833333333332 0.023148148148148147
0 0.5786458333333333 0.35138888888888886 0.0234375 0.030555555555555555
0 0.6739583333333333 0.35648148148148145 0.030729166666666665 0.02962962962962963
0 0.7369791666666666 0.35462962962962963 0.033854166666666664 0.03194444444444444
0 0.8192708333333333 0.3490740740740741 0.033854166666666664 0.02824074074074074
0 0.3458333333333333 0.41574074074074074 0.022395833333333334 0.022685185185185187
0 0.42604166666666665 0.41712962962962963 0.0265625 0.020370370370370372
0 0.503125 0.41388888888888886 0.018229166666666668 0.023148148148148147
0 0.5817708333333333 0.4148148148148148 0.021354166666666667 0.020833333333333332
0 0.6619791666666667 0.4162037037037037 0.027604166666666666 0.023148148148148147
0 0.7510416666666667 0.4148148148148148 0.026041666666666668 0.022685185185185187
0 0.8208333333333333 0.41805555555555557 0.0390625 0.024074074074074074
0 0.3463541666666667 0.4787037037037037 0.03177083333333333 0.026851851851851852
0 0.42291666666666666 0.48009259259259257 0.0328125 0.02962962962962963
0 0.5083333333333333 0.47962962962962963 0.03125 0.02638888888888889
0 0.5802083333333333 0.47962962962962963 0.028645833333333332 0.028703703703703703
0 0.6635416666666667 0.4810185185185185 0.026041666666666668 0.022222222222222223
0 0.7489583333333333 0.48055555555555557 0.034375 0.02824074074074074
0 0.8338541666666667 0.49444444444444446 0.0375 0.02824074074074074
0 0.3494791666666667 0.5462962962962963 0.035416666666666666 0.029166666666666667
0 0.4270833333333333 0.5453703703703704 0.026041666666666668 0.023148148148148147
0 0.5015625 0.5467592592592593 0.025520833333333333 0.02361111111111111
0 0.5822916666666667 0.5449074074074074 0.030208333333333334 0.024074074074074074
0 0.6625 0.5472222222222223 0.028645833333333332 0.024537037037037038
0 0.7463541666666667 0.55 0.03177083333333333 0.02824074074074074
0 0.8453125 0.5504629629629629 0.027083333333333334 0.02175925925925926
0 0.3458333333333333 0.6101851851851852 0.030729166666666665 0.029166666666666667
0 0.42239583333333336 0.6125 0.021354166666666667 0.024537037037037038
0 0.5109375 0.6111111111111112 0.03125 0.026851851851851852
0 0.5817708333333333 0.6143518518518518 0.03177083333333333 0.02824074074074074
0 0.6703125 0.6148148148148148 0.033854166666666664 0.026851851851851852
0 0.746875 0.6175925925925926 0.0328125 0.030555555555555555
0 0.8296875 0.6152777777777778 0.033854166666666664 0.025925925925925925
0 0.35 0.6759259259259259 0.03854166666666667 0.030555555555555555
0 0.4296875 0.6782407407407407 0.041666666666666664 0.027777777777777776
0 0.5088541666666667 0.6796296296296296 0.0296875 0.026851851851851852
0 0.5890625 0.6819444444444445 0.0359375 0.03333333333333333
0 0.6671875 0.6837962962962963 0.04010416666666667 0.02361111111111111
0 0.7494791666666667 0.6861111111111111 0.035416666666666666 0.021296296296296296
0 0.8364583333333333 0.6851851851851852 0.046875 0.03194444444444444