0 0.5869791666666667 0.6699074074074074 0.03229166666666667 0.030555555555555555
0 0.6671875 0.6041666666666666 0.03229166666666667 0.028703703703703703
0 0.5072916666666667 0.6685185185185185 0.03125 0.027777777777777776
0 0.75 0.6726851851851852 0.03125 0.030555555555555555
0 0.42864583333333334 0.6666666666666666 0.030208333333333334 0.02962962962962963
0 0.83125 0.6731481481481482 0.03125 0.02962962962962963
0 0.6682291666666667 0.6712962962962963 0.03229166666666667 0.02962962962962963
0 0.5864583333333333 0.6027777777777777 0.03125 0.027777777777777776
0 0.7442708333333333 0.5370370370370371 0.030208333333333334 0.027777777777777776
0 0.7432291666666667 0.4699074074074074 0.030208333333333334 0.026851851851851852
0 0.7479166666666667 0.6055555555555555 0.03333333333333333 0.02962962962962963
0 0.65625 0.2759259259259259 0.03125 0.027777777777777776
0 0.35 0.6652777777777777 0.03125 0.028703703703703703
0 0.6640625 0.5356481481481481 0.030208333333333334 0.026851851851851852
0 0.5765625 0.2777777777777778 0.030208333333333334 0.027777777777777776
0 0.8244791666666667 0.538425925925926 0.030208333333333334 0.026851851851851852
0 0.734375 0.274537037037037 0.029166666666666667 0.026851851851851852
0 0.3458333333333333 0.2824074074074074 0.029166666666666667 0.027777777777777776
0 0.8296875 0.6041666666666666 0.03229166666666667 0.028703703703703703
0 0.7416666666666667 0.4041666666666667 0.027083333333333334 0.026851851851851852
0 0.8239583333333333 0.4699074074074074 0.03125 0.026851851851851852
0 0.7369791666666666 0.3384259259259259 0.030208333333333334 0.026851851851851852
0 0.5802083333333333 0.4041666666666667 0.029166666666666667 0.025
0 0.6640625 0.4699074074074074 0.030208333333333334 0.026851851851851852
0 0.5791666666666667 0.3402777777777778 0.029166666666666667 0.026851851851851852
0 0.8192708333333333 0.4041666666666667 0.030208333333333334 0.025
0 0.5822916666666667 0.4699074074074074 0.029166666666666667 0.023148148148148147
0 0.8161458333333333 0.3384259259259259 0.030208333333333334 0.026851851851851852
0 0.35 0.600925925925926 0.027083333333333334 0.025925925925925925
0 0.5 0.3402777777777778 0.027083333333333334 0.026851851851851852
0 0.3494791666666667 0.5337962962962963 0.026041666666666668 0.025
0 0.3494791666666667 0.4060185185185185 0.026041666666666668 0.023148148148148147
0 0.659375 0.3402777777777778 0.029166666666666667 0.026851851851851852
0 0.8114583333333333 0.274537037037037 0.027083333333333334 0.026851851851851852
0 0.5057291666666667 0.6013888888888889 0.030208333333333334 0.026851851851851852
0 0.5854166666666667 0.5356481481481481 0.029166666666666667 0.025
0 0.34791666666666665 0.3449074074074074 0.029166666666666667 0.026851851851851852
0 0.35052083333333334 0.4699074074074074 0.026041666666666668 0.023148148148148147
0 0.5010416666666667 0.4060185185185185 0.029166666666666667 0.026851851851851852
0 0.49895833333333334 0.2791666666666667 0.029166666666666667 0.026851851851851852
0 0.42604166666666665 0.600925925925926 0.03125 0.027777777777777776
0 0.6619791666666667 0.4041666666666667 0.030208333333333334 0.025
0 0.4270833333333333 0.5370370370370371 0.029166666666666667 0.027777777777777776
0 0.4244791666666667 0.4074074074074074 0.026041666666666668 0.025925925925925925
0 0.4270833333333333 0.4726851851851852 0.029166666666666667 0.026851851851851852
0 0.5041666666666667 0.47175925925925927 0.027083333333333334 0.025
0 0.5052083333333334 0.538425925925926 0.03125 0.026851851851851852
0 0.425 0.3416666666666667 0.03125 0.02962962962962963
0 0.425 0.28055555555555556 0.03125 0.03148148148148148