0 0.346875 0.2916666666666667 0.016666666666666666 0.02638888888888889
0 0.4192708333333333 0.29212962962962963 0.029166666666666667 0.019444444444444445
0 0.5119791666666667 0.2916666666666667 0.029166666666666667 0.020370370370370372
0 0.5802083333333333 0.28935185185185186 0.024479166666666666 0.02361111111111111
0 0.6536458333333334 0.28703703703703703 0.020833333333333332 0.01898148148148148
0 0.7359375 0.2861111111111111 0.0203125 0.01574074074074074
0 0.8125 0.28564814814814815 0.019270833333333334 0.016666666666666666
0 0.34791666666666665 0.3527777777777778 0.018229166666666668 0.020833333333333332
0 0.4192708333333333 0.3509259259259259 0.029166666666666667 0.017592592592592594
0 0.4953125 0.3523148148148148 0.0265625 0.018518518518518517
0 0.5776041666666667 0.3541666666666667 0.021354166666666667 0.018055555555555554
0 0.6598958333333333 0.35 0.020833333333333332 0.018055555555555554
0 0.7369791666666666 0.34953703703703703 0.022916666666666665 0.024074074074074074
0 0.8166666666666667 0.34953703703703703 0.028125 0.016203703703703703
0 0.34739583333333335 0.41712962962962963 0.017708333333333333 0.02824074074074074
0 0.4239583333333333 0.41712962962962963 0.022916666666666665 0.018518518518518517
0 0.503125 0.4148148148148148 0.029166666666666667 0.02175925925925926
0 0.578125 0.41435185185185186 0.025 0.020833333333333332
0 0.6625 0.4185185185185185 0.03854166666666667 0.02546296296296296
0 0.7395833333333334 0.41388888888888886 0.0265625 0.022222222222222223
0 0.8182291666666667 0.4152777777777778 0.0265625 0.01898148148148148
0 0.34791666666666665 0.47824074074074074 0.0234375 0.023148148148148147
0 0.4270833333333333 0.4810185185185185 0.018229166666666668 0.020833333333333332
0 0.5036458333333333 0.4810185185185185 0.020833333333333332 0.020833333333333332
0 0.5817708333333333 0.4787037037037037 0.018229166666666668 0.024074074074074074
0 0.6859375 0.48564814814814816 0.022395833333333334 0.024537037037037038
0 0.7463541666666667 0.4847222222222222 0.021875 0.02638888888888889
0 0.821875 0.4824074074074074 0.0265625 0.023148148148148147
0 0.3463541666666667 0.5435185185185185 0.024479166666666666 0.022685185185185187
0 0.4265625 0.5439814814814815 0.028125 0.02175925925925926
0 0.5041666666666667 0.5462962962962963 0.025 0.02546296296296296
0 0.5796875 0.5453703703703704 0.03229166666666667 0.01898148148148148
0 0.6791666666666667 0.5462962962962963 0.019270833333333334 0.022222222222222223
0 0.7552083333333334 0.5435185185185185 0.021875 0.020833333333333332
0 0.8317708333333333 0.5407407407407407 0.025520833333333333 0.020833333333333332
0 0.3484375 0.6101851851851852 0.023958333333333335 0.02638888888888889
0 0.425 0.6138888888888889 0.027604166666666666 0.02361111111111111
0 0.503125 0.612037037037037 0.029166666666666667 0.024074074074074074
0 0.5817708333333333 0.6171296296296296 0.0359375 0.024537037037037038
0 0.66875 0.6162037037037037 0.03802083333333333 0.025
0 0.3463541666666667 0.6791666666666667 0.0328125 0.021296296296296296
0 0.42916666666666664 0.6791666666666667 0.035416666666666666 0.02546296296296296
0 0.5057291666666667 0.6800925925925926 0.034375 0.02546296296296296
0 0.5875 0.6819444444444445 0.0296875 0.026851851851851852
0 0.6703125 0.6819444444444445 0.028125 0.025