0 0.34791666666666665 0.29305555555555557 0.026041666666666668 0.022685185185185187
0 0.42291666666666666 0.2912037037037037 0.0265625 0.022685185185185187
0 0.4947916666666667 0.29074074074074074 0.024479166666666666 0.02361111111111111
0 0.5786458333333333 0.287962962962963 0.027604166666666666 0.024074074074074074
0 0.6520833333333333 0.2875 0.023958333333333335 0.020833333333333332
0 0.7364583333333333 0.2861111111111111 0.023958333333333335 0.020370370370370372
0 0.8125 0.28564814814814815 0.026041666666666668 0.019444444444444445
0 0.34739583333333335 0.3537037037037037 0.024479166666666666 0.022685185185185187
0 0.41875 0.35324074074074074 0.0265625 0.023148148148148147
0 0.5015625 0.35324074074074074 0.028125 0.02361111111111111
0 0.5697916666666667 0.3490740740740741 0.021354166666666667 0.023148148148148147
0 0.6536458333333334 0.350462962962963 0.0359375 0.02175925925925926
0 0.7395833333333334 0.350462962962963 0.033854166666666664 0.019444444444444445
0 0.8140625 0.34814814814814815 0.022916666666666665 0.020833333333333332
0 0.3484375 0.41574074074074074 0.023958333333333335 0.023148148148148147
0 0.428125 0.4152777777777778 0.028125 0.02175925925925926
0 0.49635416666666665 0.4152777777777778 0.028125 0.020370370370370372
0 0.5666666666666667 0.41388888888888886 0.022916666666666665 0.015277777777777777
0 0.6572916666666667 0.412962962962963 0.029166666666666667 0.021296296296296296
0 0.7401041666666667 0.41435185185185186 0.027083333333333334 0.020370370370370372
0 0.8177083333333334 0.41712962962962963 0.021875 0.01898148148148148
0 0.3494791666666667 0.48055555555555557 0.024479166666666666 0.018055555555555554
0 0.4270833333333333 0.48055555555555557 0.025520833333333333 0.022222222222222223
0 0.5 0.4810185185185185 0.0265625 0.020833333333333332
0 0.575 0.48148148148148145 0.020833333333333332 0.01990740740740741
0 0.6588541666666666 0.48009259259259257 0.029166666666666667 0.023148148148148147
0 0.7421875 0.48148148148148145 0.029166666666666667 0.024074074074074074
0 0.8239583333333333 0.48194444444444445 0.030208333333333334 0.02638888888888889
0 0.34427083333333336 0.5421296296296296 0.025 0.022222222222222223
0 0.4234375 0.5416666666666666 0.027083333333333334 0.021296296296296296
0 0.5005208333333333 0.5467592592592593 0.027083333333333334 0.021296296296296296
0 0.5791666666666667 0.5444444444444444 0.025 0.022685185185185187
0 0.6588541666666666 0.5444444444444444 0.026041666666666668 0.022685185185185187
0 0.7421875 0.5444444444444444 0.024479166666666666 0.026851851851851852
0 0.8234375 0.5472222222222223 0.027604166666666666 0.020833333333333332
0 0.34791666666666665 0.6087962962962963 0.025 0.022685185185185187
0 0.421875 0.611574074074074 0.028645833333333332 0.02175925925925926
0 0.5036458333333333 0.6134259259259259 0.029166666666666667 0.020370370370370372
0 0.5859375 0.6129629629629629 0.026041666666666668 0.023148148148148147
0 0.665625 0.611574074074074 0.033854166666666664 0.03009259259259259
0 0.7463541666666667 0.6143518518518518 0.03333333333333333 0.02638888888888889
0 0.8265625 0.6152777777777778 0.03125 0.025925925925925925
0 0.346875 0.6736111111111112 0.033854166666666664 0.02638888888888889
0 0.425 0.6763888888888889 0.0390625 0.028703703703703703
0 0.50625 0.6777777777777778 0.030729166666666665 0.02546296296296296
0 0.5854166666666667 0.6787037037037037 0.034895833333333334 0.027777777777777776
0 0.66875 0.6814814814814815 0.0265625 0.029166666666666667
0 0.7479166666666667 0.6842592592592592 0.033854166666666664 0.02361111111111111
0 0.8296875 0.6842592592592592 0.025 0.025925925925925925