0 0.34739583333333335 0.29305555555555557 0.03177083333333333 0.027314814814814816
0 0.42083333333333334 0.2884259259259259 0.0296875 0.024074074074074074
0 0.49895833333333334 0.287962962962963 0.03958333333333333 0.026851851851851852
0 0.5796875 0.287962962962963 0.0296875 0.025
0 0.65625 0.2833333333333333 0.027083333333333334 0.024074074074074074
0 0.7375 0.28703703703703703 0.028125 0.025
0 0.8114583333333333 0.2847222222222222 0.029166666666666667 0.020370370370370372
0 0.3453125 0.3527777777777778 0.03854166666666667 0.022222222222222223
0 0.42552083333333335 0.35138888888888886 0.027604166666666666 0.024074074074074074
0 0.49947916666666664 0.3509259259259259 0.025520833333333333 0.022685185185185187
0 0.5791666666666667 0.35 0.029166666666666667 0.02546296296296296
0 0.6609375 0.3509259259259259 0.034375 0.022685185185185187
0 0.7354166666666667 0.350462962962963 0.0328125 0.024537037037037038
0 0.8161458333333333 0.3490740740740741 0.030208333333333334 0.019444444444444445
0 0.346875 0.41574074074074074 0.030729166666666665 0.024537037037037038
0 0.425 0.4148148148148148 0.03177083333333333 0.022685185185185187
0 0.5015625 0.4152777777777778 0.027083333333333334 0.02546296296296296
0 0.5807291666666666 0.4148148148148148 0.034375 0.02638888888888889
0 0.6614583333333334 0.41574074074074074 0.0328125 0.022685185185185187
0 0.7375 0.412962962962963 0.027083333333333334 0.020370370370370372
0 0.81875 0.41435185185185186 0.03229166666666667 0.01990740740740741
0 0.34791666666666665 0.4773148148148148 0.030729166666666665 0.024074074074074074
0 0.42135416666666664 0.4791666666666667 0.03333333333333333 0.019444444444444445
0 0.5057291666666667 0.47824074074074074 0.028125 0.024074074074074074
0 0.5791666666666667 0.47962962962962963 0.029166666666666667 0.02175925925925926
0 0.6614583333333334 0.48148148148148145 0.029166666666666667 0.024074074074074074
0 0.7427083333333333 0.48055555555555557 0.03125 0.02175925925925926
0 0.8255208333333334 0.4824074074074074 0.028125 0.022222222222222223
0 0.3489583333333333 0.5449074074074074 0.028125 0.024537037037037038
0 0.4265625 0.5435185185185185 0.025520833333333333 0.024074074074074074
0 0.5020833333333333 0.5444444444444444 0.0234375 0.01990740740740741
0 0.5869791666666667 0.5467592592592593 0.026041666666666668 0.022222222222222223
0 0.6661458333333333 0.5453703703703704 0.030729166666666665 0.02175925925925926
0 0.7442708333333333 0.5476851851851852 0.025520833333333333 0.018518518518518517
0 0.8286458333333333 0.5481481481481482 0.027083333333333334 0.022685185185185187
0 0.346875 0.6078703703703704 0.0328125 0.028703703703703703
0 0.4234375 0.6111111111111112 0.030208333333333334 0.023148148148148147
0 0.5109375 0.6125 0.0296875 0.03194444444444444
0 0.58125 0.6138888888888889 0.03958333333333333 0.02638888888888889
0 0.6661458333333333 0.6143518518518518 0.025 0.02962962962962963
0 0.74375 0.6162037037037037 0.028645833333333332 0.025
0 0.8286458333333333 0.6166666666666667 0.034375 0.03009259259259259
0 0.346875 0.6763888888888889 0.030729166666666665 0.024074074074074074
0 0.4244791666666667 0.6759259259259259 0.0328125 0.025
0 0.5020833333333333 0.6777777777777778 0.03177083333333333 0.02638888888888889
0 0.5838541666666667 0.6805555555555556 0.030729166666666665 0.027777777777777776
0 0.6666666666666666 0.6796296296296296 0.03177083333333333 0.024074074074074074
0 0.7421875 0.6805555555555556 0.0375 0.024074074074074074
0 0.8317708333333333 0.6842592592592592 0.0359375 0.023148148148148147