0 0.8270833333333333 0.6013888888888889 0.03333333333333333 0.030555555555555555
0 0.42552083333333335 0.663425925925926 0.03229166666666667 0.028703703703703703
0 0.503125 0.5337962962962963 0.03125 0.028703703703703703
0 0.5057291666666667 0.6648148148148149 0.03229166666666667 0.02962962962962963
0 0.5046875 0.5981481481481481 0.03229166666666667 0.02962962962962963
0 0.425 0.5981481481481481 0.03125 0.02962962962962963
0 0.3484375 0.6620370370370371 0.03229166666666667 0.02962962962962963
0 0.8239583333333333 0.5342592592592592 0.03125 0.02962962962962963
0 0.3484375 0.5324074074074074 0.030208333333333334 0.027777777777777776
0 0.5015625 0.4666666666666667 0.030208333333333334 0.027777777777777776
0 0.3484375 0.5962962962962963 0.03229166666666667 0.02962962962962963
0 0.5859375 0.6666666666666666 0.03229166666666667 0.02962962962962963
0 0.425 0.5324074074074074 0.03125 0.027777777777777776
0 0.584375 0.5981481481481481 0.03333333333333333 0.02962962962962963
0 0.3453125 0.4027777777777778 0.028125 0.025925925925925925
0 0.4244791666666667 0.4666666666666667 0.030208333333333334 0.027777777777777776
0 0.8302083333333333 0.6699074074074074 0.03333333333333333 0.030555555555555555
0 0.3453125 0.3421296296296296 0.028125 0.025
0 0.4234375 0.4023148148148148 0.028125 0.025
0 0.5817708333333333 0.5324074074074074 0.030208333333333334 0.027777777777777776
0 0.6666666666666666 0.6666666666666666 0.03333333333333333 0.02962962962962963
0 0.3484375 0.4666666666666667 0.030208333333333334 0.025925925925925925
0 0.8203125 0.4666666666666667 0.030208333333333334 0.025925925925925925
0 0.5807291666666666 0.4013888888888889 0.030208333333333334 0.026851851851851852
0 0.58125 0.4666666666666667 0.03125 0.027777777777777776
0 0.4197916666666667 0.3402777777777778 0.027083333333333334 0.023148148148148147
0 0.8177083333333334 0.4009259259259259 0.029166666666666667 0.025925925925925925
0 0.7307291666666667 0.2712962962962963 0.026041666666666668 0.024074074074074074
0 0.34479166666666666 0.28055555555555556 0.029166666666666667 0.024074074074074074
0 0.5005208333333333 0.4027777777777778 0.030208333333333334 0.025925925925925925
0 0.7416666666666667 0.46805555555555556 0.029166666666666667 0.026851851851851852
0 0.6640625 0.5995370370370371 0.03229166666666667 0.028703703703703703
0 0.49895833333333334 0.3388888888888889 0.029166666666666667 0.025925925925925925
0 0.7442708333333333 0.5337962962962963 0.030208333333333334 0.028703703703703703
0 0.7375 0.4013888888888889 0.025 0.023148148148148147
0 0.8125 0.3337962962962963 0.027083333333333334 0.023148148148148147
0 0.7328125 0.33564814814814814 0.028125 0.023148148148148147
0 0.8083333333333333 0.2712962962962963 0.027083333333333334 0.024074074074074074
0 0.4203125 0.2777777777777778 0.026041666666666668 0.022222222222222223
0 0.575 0.337037037037037 0.029166666666666667 0.025925925925925925
0 0.4984375 0.2763888888888889 0.026041666666666668 0.023148148148148147
0 0.7494791666666667 0.600925925925926 0.030208333333333334 0.027777777777777776
0 0.6630208333333333 0.4685185185185185 0.030208333333333334 0.027777777777777776
0 0.6578125 0.4009259259259259 0.028125 0.027777777777777776
0 0.6666666666666666 0.5337962962962963 0.03125 0.028703703703703703
0 0.7494791666666667 0.6685185185185185 0.03229166666666667 0.027777777777777776
0 0.6494791666666667 0.33564814814814814 0.026041666666666668 0.026851851851851852
0 0.6541666666666667 0.2726851851851852 0.035416666666666666 0.030555555555555555
0 0.56875 0.274537037037037 0.03125 0.028703703703703703