0 0.5864583333333333 0.6685185185185185 0.03125 0.03148148148148148
0 0.4265625 0.6666666666666666 0.03229166666666667 0.02962962962962963
0 0.5057291666666667 0.6666666666666666 0.03229166666666667 0.02962962962962963
0 0.6661458333333333 0.600925925925926 0.03229166666666667 0.02962962962962963
0 0.6677083333333333 0.6685185185185185 0.035416666666666666 0.03148148148148148
0 0.75 0.6699074074074074 0.0375 0.032407407407407406
0 0.3489583333333333 0.6638888888888889 0.03125 0.02962962962962963
0 0.5854166666666667 0.600925925925926 0.03333333333333333 0.03148148148148148
0 0.5057291666666667 0.600925925925926 0.03229166666666667 0.027777777777777776
0 0.42552083333333335 0.5995370370370371 0.030208333333333334 0.028703703703703703
0 0.7473958333333334 0.6027777777777777 0.034375 0.03148148148148148
0 0.4234375 0.4041666666666667 0.028125 0.026851851851851852
0 0.3489583333333333 0.5981481481481481 0.03125 0.02962962962962963
0 0.6635416666666667 0.5356481481481481 0.03125 0.028703703703703703
0 0.3489583333333333 0.5337962962962963 0.03125 0.026851851851851852
0 0.5046875 0.5356481481481481 0.03229166666666667 0.028703703703703703
0 0.34739583333333335 0.4041666666666667 0.028125 0.026851851851851852
0 0.5822916666666667 0.46805555555555556 0.029166666666666667 0.026851851851851852
0 0.421875 0.3416666666666667 0.027083333333333334 0.024074074074074074
0 0.425 0.5337962962962963 0.03125 0.028703703703703703
0 0.5854166666666667 0.5351851851851852 0.03125 0.027777777777777776
0 0.5036458333333333 0.46805555555555556 0.030208333333333334 0.026851851851851852
0 0.3458333333333333 0.3435185185185185 0.029166666666666667 0.025925925925925925
0 0.4244791666666667 0.46805555555555556 0.030208333333333334 0.026851851851851852
0 0.3494791666666667 0.46805555555555556 0.030208333333333334 0.025
0 0.6630208333333333 0.46805555555555556 0.030208333333333334 0.026851851851851852
0 0.8296875 0.4685185185185185 0.030208333333333334 0.02962962962962963
0 0.3458333333333333 0.2824074074074074 0.029166666666666667 0.025925925925925925
0 0.5005208333333333 0.4027777777777778 0.030208333333333334 0.024074074074074074
0 0.5817708333333333 0.4023148148148148 0.030208333333333334 0.025
0 0.6609375 0.4027777777777778 0.030208333333333334 0.025925925925925925
0 0.4203125 0.2791666666666667 0.026041666666666668 0.023148148148148147
0 0.8328125 0.6712962962962963 0.034375 0.03333333333333333
0 0.5 0.3402777777777778 0.027083333333333334 0.025
0 0.81875 0.4027777777777778 0.03125 0.027777777777777776
0 0.8114583333333333 0.2726851851851852 0.029166666666666667 0.026851851851851852
0 0.7432291666666667 0.5356481481481481 0.03229166666666667 0.028703703703703703
0 0.8260416666666667 0.600925925925926 0.029166666666666667 0.027777777777777776
0 0.5791666666666667 0.3388888888888889 0.029166666666666667 0.025925925925925925
0 0.5765625 0.2763888888888889 0.028125 0.025
0 0.7427083333333333 0.4027777777777778 0.029166666666666667 0.025925925925925925
0 0.8130208333333333 0.337037037037037 0.03229166666666667 0.027777777777777776
0 0.4984375 0.2777777777777778 0.026041666666666668 0.024074074074074074
0 0.6557291666666667 0.3384259259259259 0.030208333333333334 0.028703703703703703
0 0.8255208333333334 0.5370370370370371 0.030208333333333334 0.02962962962962963
0 0.7364583333333333 0.337037037037037 0.029166666666666667 0.025925925925925925
0 0.7385416666666667 0.4685185185185185 0.029166666666666667 0.027777777777777776
0 0.7375 0.274537037037037 0.03125 0.030555555555555555
0 0.6489583333333333 0.274537037037037 0.03125 0.030555555555555555