0 0.7479166666666667 0.6680555555555555 0.035416666666666666 0.030555555555555555
0 0.6635416666666667 0.5995370370370371 0.03333333333333333 0.030555555555555555
0 0.42552083333333335 0.663425925925926 0.03229166666666667 0.028703703703703703
0 0.5057291666666667 0.6652777777777777 0.03229166666666667 0.028703703703703703
0 0.6619791666666667 0.5324074074074074 0.030208333333333334 0.027777777777777776
0 0.5822916666666667 0.5981481481481481 0.03333333333333333 0.02962962962962963
0 0.5041666666666667 0.5981481481481481 0.03125 0.027777777777777776
0 0.6661458333333333 0.6666666666666666 0.034375 0.02962962962962963
0 0.503125 0.5324074074074074 0.03125 0.027777777777777776
0 0.8229166666666666 0.5337962962962963 0.03125 0.028703703703703703
0 0.7447916666666666 0.600925925925926 0.03333333333333333 0.027777777777777776
0 0.5859375 0.6648148148148149 0.034375 0.02962962962962963
0 0.5010416666666667 0.4652777777777778 0.029166666666666667 0.026851851851851852
0 0.425 0.5981481481481481 0.03125 0.027777777777777776
0 0.3484375 0.6620370370370371 0.03229166666666667 0.02962962962962963
0 0.8291666666666667 0.6685185185185185 0.035416666666666666 0.03148148148148148
0 0.5822916666666667 0.5324074074074074 0.029166666666666667 0.025925925925925925
0 0.34791666666666665 0.5962962962962963 0.03125 0.027777777777777776
0 0.7427083333333333 0.5337962962962963 0.03125 0.028703703703703703
0 0.34791666666666665 0.5310185185185186 0.029166666666666667 0.026851851851851852
0 0.425 0.5324074074074074 0.03125 0.025925925925925925
0 0.8255208333333334 0.600925925925926 0.03229166666666667 0.027777777777777776
0 0.4239583333333333 0.4666666666666667 0.029166666666666667 0.025925925925925925
0 0.5807291666666666 0.4652777777777778 0.030208333333333334 0.026851851851851852
0 0.42291666666666666 0.4027777777777778 0.027083333333333334 0.024074074074074074
0 0.740625 0.4666666666666667 0.029166666666666667 0.025925925925925925
0 0.3484375 0.4666666666666667 0.030208333333333334 0.025925925925925925
0 0.8192708333333333 0.4652777777777778 0.030208333333333334 0.025
0 0.6614583333333334 0.4652777777777778 0.029166666666666667 0.025
0 0.5 0.4013888888888889 0.027083333333333334 0.025
0 0.34479166666666666 0.3416666666666667 0.027083333333333334 0.024074074074074074
0 0.5791666666666667 0.4013888888888889 0.029166666666666667 0.026851851851851852
0 0.6567708333333333 0.4009259259259259 0.030208333333333334 0.025925925925925925
0 0.8166666666666667 0.399537037037037 0.029166666666666667 0.025
0 0.3453125 0.4023148148148148 0.028125 0.025
0 0.6520833333333333 0.2726851851851852 0.029166666666666667 0.025
0 0.7369791666666666 0.4009259259259259 0.030208333333333334 0.025925925925925925
0 0.7317708333333334 0.33564814814814814 0.026041666666666668 0.023148148148148147
0 0.5760416666666667 0.337037037037037 0.027083333333333334 0.024074074074074074
0 0.496875 0.2763888888888889 0.029166666666666667 0.025
0 0.4197916666666667 0.3402777777777778 0.025 0.021296296296296296
0 0.7307291666666667 0.2712962962962963 0.026041666666666668 0.022222222222222223
0 0.4973958333333333 0.3384259259259259 0.028125 0.023148148148148147
0 0.34479166666666666 0.2810185185185185 0.029166666666666667 0.025
0 0.5744791666666667 0.274537037037037 0.030208333333333334 0.025
0 0.4197916666666667 0.2777777777777778 0.027083333333333334 0.022222222222222223
0 0.8119791666666667 0.3337962962962963 0.026041666666666668 0.023148148148148147
0 0.6546875 0.337037037037037 0.026041666666666668 0.024074074074074074
0 0.8083333333333333 0.2712962962962963 0.027083333333333334 0.022222222222222223