0 0.34479166666666666 0.2916666666666667 0.021875 0.024074074074074074
0 0.421875 0.2916666666666667 0.022395833333333334 0.016203703703703703
0 0.49895833333333334 0.28888888888888886 0.0265625 0.018518518518518517
0 0.5755208333333334 0.2865740740740741 0.0234375 0.018055555555555554
0 0.6557291666666667 0.2851851851851852 0.026041666666666668 0.021296296296296296
0 0.734375 0.28564814814814815 0.028645833333333332 0.022222222222222223
0 0.8130208333333333 0.28425925925925927 0.025520833333333333 0.019444444444444445
0 0.34739583333333335 0.35324074074074074 0.024479166666666666 0.021296296296296296
0 0.421875 0.35138888888888886 0.0234375 0.018055555555555554
0 0.4984375 0.350462962962963 0.0296875 0.020370370370370372
0 0.5765625 0.3490740740740741 0.030729166666666665 0.025
0 0.6572916666666667 0.3509259259259259 0.03177083333333333 0.020833333333333332
0 0.7348958333333333 0.3490740740740741 0.027083333333333334 0.019444444444444445
0 0.815625 0.35138888888888886 0.03333333333333333 0.02175925925925926
0 0.34791666666666665 0.4148148148148148 0.030729166666666665 0.026851851851851852
0 0.42239583333333336 0.4162037037037037 0.030208333333333334 0.02546296296296296
0 0.5015625 0.41574074074074074 0.03125 0.020370370370370372
0 0.5796875 0.4152777777777778 0.03177083333333333 0.027314814814814816
0 0.6552083333333333 0.41435185185185186 0.028125 0.027777777777777776
0 0.7364583333333333 0.4134259259259259 0.027604166666666666 0.032407407407407406
0 0.81875 0.4148148148148148 0.025520833333333333 0.020370370370370372
0 0.3484375 0.48055555555555557 0.0265625 0.024537037037037038
0 0.42552083333333335 0.4787037037037037 0.025520833333333333 0.024074074074074074
0 0.5015625 0.48009259259259257 0.0359375 0.025
0 0.584375 0.4828703703703704 0.03177083333333333 0.026851851851851852
0 0.6619791666666667 0.48055555555555557 0.04114583333333333 0.03009259259259259
0 0.7416666666666667 0.4810185185185185 0.040625 0.027314814814814816
0 0.8208333333333333 0.48055555555555557 0.04635416666666667 0.03194444444444444
0 0.3489583333333333 0.5425925925925926 0.034375 0.022685185185185187
0 0.4276041666666667 0.5458333333333333 0.03229166666666667 0.022685185185185187
0 0.503125 0.5481481481481482 0.04375 0.025
0 0.5864583333333333 0.5472222222222223 0.027083333333333334 0.026851851851851852
0 0.6635416666666667 0.5476851851851852 0.03333333333333333 0.026851851851851852
0 0.7432291666666667 0.549074074074074 0.034895833333333334 0.029166666666666667
0 0.821875 0.5518518518518518 0.033854166666666664 0.025
0 0.3489583333333333 0.612037037037037 0.0375 0.03148148148148148
0 0.42604166666666665 0.6111111111111112 0.035416666666666666 0.029166666666666667
0 0.5104166666666666 0.6138888888888889 0.0328125 0.02638888888888889
0 0.5869791666666667 0.611574074074074 0.0375 0.030555555555555555
0 0.6640625 0.6175925925925926 0.03854166666666667 0.025925925925925925
0 0.75 0.6175925925925926 0.034375 0.02824074074074074
0 0.8307291666666666 0.6175925925925926 0.04010416666666667 0.02824074074074074
0 0.35208333333333336 0.6777777777777778 0.033854166666666664 0.034722222222222224
0 0.4270833333333333 0.6800925925925926 0.03125 0.028703703703703703
0 0.5020833333333333 0.6768518518518518 0.0328125 0.028703703703703703
0 0.5838541666666667 0.6814814814814815 0.0359375 0.025925925925925925
0 0.6640625 0.6819444444444445 0.049479166666666664 0.03287037037037037
0 0.7515625 0.6819444444444445 0.04010416666666667 0.030555555555555555
0 0.8302083333333333 0.6865740740740741 0.03697916666666667 0.02546296296296296