0 0.42864583333333334 0.6652777777777777 0.03229166666666667 0.028703703703703703
0 0.83125 0.6712962962962963 0.035416666666666666 0.03148148148148148
0 0.7505208333333333 0.6699074074074074 0.03229166666666667 0.030555555555555555
0 0.5057291666666667 0.600925925925926 0.03229166666666667 0.027777777777777776
0 0.5067708333333333 0.6666666666666666 0.03229166666666667 0.027777777777777776
0 0.5875 0.6685185185185185 0.03333333333333333 0.02962962962962963
0 0.66875 0.6685185185185185 0.03333333333333333 0.02962962962962963
0 0.7489583333333333 0.6046296296296296 0.03333333333333333 0.02962962962962963
0 0.3494791666666667 0.6638888888888889 0.03229166666666667 0.02962962962962963
0 0.8291666666666667 0.6041666666666666 0.03333333333333333 0.028703703703703703
0 0.3489583333333333 0.5337962962962963 0.03125 0.026851851851851852
0 0.4265625 0.5995370370370371 0.03229166666666667 0.028703703703703703
0 0.8244791666666667 0.5356481481481481 0.03229166666666667 0.026851851851851852
0 0.3489583333333333 0.5995370370370371 0.03125 0.026851851851851852
0 0.7447916666666666 0.5356481481481481 0.03125 0.028703703703703703
0 0.42604166666666665 0.4699074074074074 0.029166666666666667 0.025
0 0.5052083333333334 0.5351851851851852 0.03125 0.027777777777777776
0 0.7432291666666667 0.4685185185185185 0.030208333333333334 0.025925925925925925
0 0.42604166666666665 0.5337962962962963 0.029166666666666667 0.026851851851851852
0 0.5052083333333334 0.4685185185185185 0.027083333333333334 0.024074074074074074
0 0.8234375 0.4685185185185185 0.030208333333333334 0.025925925925925925
0 0.35 0.4699074074074074 0.029166666666666667 0.026851851851851852
0 0.42604166666666665 0.40555555555555556 0.027083333333333334 0.024074074074074074
0 0.3489583333333333 0.4060185185185185 0.029166666666666667 0.023148148148148147
0 0.5817708333333333 0.6013888888888889 0.030208333333333334 0.026851851851851852
0 0.5010416666666667 0.3402777777777778 0.029166666666666667 0.023148148148148147
0 0.4234375 0.3416666666666667 0.028125 0.024074074074074074
0 0.7390625 0.4027777777777778 0.028125 0.024074074074074074
0 0.8182291666666667 0.4027777777777778 0.026041666666666668 0.022222222222222223
0 0.7328125 0.274537037037037 0.026041666666666668 0.023148148148148147
0 0.7359375 0.3384259259259259 0.028125 0.023148148148148147
0 0.4234375 0.2791666666666667 0.026041666666666668 0.021296296296296296
0 0.8114583333333333 0.27314814814814814 0.025 0.022222222222222223
0 0.8140625 0.337037037037037 0.023958333333333335 0.022222222222222223
0 0.3494791666666667 0.3435185185185185 0.026041666666666668 0.022222222222222223
0 0.34739583333333335 0.2824074074074074 0.021875 0.018518518518518517
0 0.503125 0.4041666666666667 0.029166666666666667 0.025
0 0.6682291666666667 0.6027777777777777 0.03229166666666667 0.02962962962962963
0 0.49947916666666664 0.2777777777777778 0.026041666666666668 0.024074074074074074
0 0.6677083333333333 0.5370370370370371 0.03125 0.027777777777777776
0 0.5802083333333333 0.2763888888888889 0.027083333333333334 0.026851851851851852
0 0.65625 0.4027777777777778 0.03125 0.025925925925925925
0 0.6677083333333333 0.4685185185185185 0.027083333333333334 0.025925925925925925
0 0.5828125 0.5351851851851852 0.034375 0.02962962962962963
0 0.5796875 0.4699074074074074 0.034375 0.030555555555555555
0 0.6614583333333334 0.3384259259259259 0.029166666666666667 0.023148148148148147
0 0.6609375 0.2759259259259259 0.034375 0.027777777777777776
0 0.5786458333333333 0.3402777777777778 0.03229166666666667 0.028703703703703703
0 0.5791666666666667 0.4041666666666667 0.03958333333333333 0.03425925925925926