0 0.7473958333333334 0.6680555555555555 0.034375 0.030555555555555555
0 0.6614583333333334 0.5324074074074074 0.03125 0.027777777777777776
0 0.5015625 0.5324074074074074 0.030208333333333334 0.027777777777777776
0 0.5822916666666667 0.5981481481481481 0.03333333333333333 0.02962962962962963
0 0.6630208333333333 0.5995370370370371 0.034375 0.030555555555555555
0 0.425 0.5976851851851852 0.03125 0.028703703703703703
0 0.42552083333333335 0.6620370370370371 0.03229166666666667 0.02962962962962963
0 0.5046875 0.6638888888888889 0.03229166666666667 0.02962962962962963
0 0.8223958333333333 0.5337962962962963 0.03229166666666667 0.028703703703703703
0 0.665625 0.6652777777777777 0.035416666666666666 0.030555555555555555
0 0.5036458333333333 0.5981481481481481 0.03229166666666667 0.027777777777777776
0 0.7421875 0.5337962962962963 0.03229166666666667 0.028703703703703703
0 0.3484375 0.6620370370370371 0.03229166666666667 0.02962962962962963
0 0.5848958333333333 0.6648148148148149 0.034375 0.02962962962962963
0 0.58125 0.5324074074074074 0.03125 0.027777777777777776
0 0.74375 0.600925925925926 0.03333333333333333 0.027777777777777776
0 0.825 0.600925925925926 0.03333333333333333 0.027777777777777776
0 0.5005208333333333 0.4652777777777778 0.030208333333333334 0.026851851851851852
0 0.34739583333333335 0.5962962962962963 0.03229166666666667 0.027777777777777776
0 0.4244791666666667 0.5324074074074074 0.030208333333333334 0.027777777777777776
0 0.8270833333333333 0.6685185185185185 0.035416666666666666 0.03148148148148148
0 0.34739583333333335 0.5305555555555556 0.030208333333333334 0.027777777777777776
0 0.7390625 0.4652777777777778 0.030208333333333334 0.026851851851851852
0 0.4239583333333333 0.4652777777777778 0.029166666666666667 0.025
0 0.34479166666666666 0.3402777777777778 0.029166666666666667 0.025
0 0.4942708333333333 0.2763888888888889 0.030208333333333334 0.026851851851851852
0 0.496875 0.3384259259259259 0.029166666666666667 0.026851851851851852
0 0.421875 0.4027777777777778 0.027083333333333334 0.024074074074074074
0 0.34479166666666666 0.4027777777777778 0.029166666666666667 0.025925925925925925
0 0.34427083333333336 0.2791666666666667 0.030208333333333334 0.025
0 0.5807291666666666 0.4652777777777778 0.030208333333333334 0.026851851851851852
0 0.6604166666666667 0.4652777777777778 0.03125 0.026851851851851852
0 0.34739583333333335 0.4652777777777778 0.030208333333333334 0.026851851851851852
0 0.4192708333333333 0.3402777777777778 0.026041666666666668 0.023148148148148147
0 0.8192708333333333 0.4652777777777778 0.030208333333333334 0.026851851851851852
0 0.4984375 0.4013888888888889 0.026041666666666668 0.023148148148148147
0 0.6567708333333333 0.4009259259259259 0.030208333333333334 0.025925925925925925
0 0.5791666666666667 0.4013888888888889 0.029166666666666667 0.026851851851851852
0 0.8161458333333333 0.399537037037037 0.030208333333333334 0.025
0 0.4192708333333333 0.2773148148148148 0.028125 0.025
0 0.7317708333333334 0.33564814814814814 0.026041666666666668 0.023148148148148147
0 0.7369791666666666 0.4009259259259259 0.030208333333333334 0.025925925925925925
0 0.5760416666666667 0.337037037037037 0.027083333333333334 0.024074074074074074
0 0.8109375 0.3337962962962963 0.026041666666666668 0.023148148148148147
0 0.7302083333333333 0.27175925925925926 0.027083333333333334 0.025
0 0.8072916666666666 0.26990740740740743 0.029166666666666667 0.023148148148148147
0 0.5729166666666666 0.274537037037037 0.03125 0.026851851851851852
0 0.6546875 0.33564814814814814 0.026041666666666668 0.026851851851851852
0 0.6442708333333333 0.27314814814814814 0.030208333333333334 0.027777777777777776