0 0.34739583333333335 0.29212962962962963 0.027083333333333334 0.02638888888888889
0 0.421875 0.28888888888888886 0.03229166666666667 0.028703703703703703
0 0.5005208333333333 0.2884259259259259 0.030729166666666665 0.02361111111111111
0 0.578125 0.287962962962963 0.033854166666666664 0.024537037037037038
0 0.6557291666666667 0.2875 0.0390625 0.024074074074074074
0 0.7364583333333333 0.28425925925925927 0.027083333333333334 0.03287037037037037
0 0.8135416666666667 0.2875 0.028645833333333332 0.02638888888888889
0 0.34739583333333335 0.3537037037037037 0.034375 0.031018518518518518
0 0.4234375 0.35324074074074074 0.034375 0.027777777777777776
0 0.5005208333333333 0.350462962962963 0.035416666666666666 0.022222222222222223
0 0.5796875 0.3509259259259259 0.043229166666666666 0.029166666666666667
0 0.659375 0.35138888888888886 0.0375 0.024537037037037038
0 0.7375 0.3490740740740741 0.03802083333333333 0.026851851851851852
0 0.8161458333333333 0.34953703703703703 0.04114583333333333 0.025925925925925925
0 0.346875 0.4152777777777778 0.0296875 0.024537037037037038
0 0.42552083333333335 0.4148148148148148 0.03958333333333333 0.024074074074074074
0 0.503125 0.4134259259259259 0.03177083333333333 0.024074074074074074
0 0.5822916666666667 0.4148148148148148 0.03125 0.024074074074074074
0 0.6572916666666667 0.41388888888888886 0.044270833333333336 0.02175925925925926
0 0.740625 0.4162037037037037 0.03177083333333333 0.025925925925925925
0 0.8182291666666667 0.41435185185185186 0.03854166666666667 0.02824074074074074
0 0.35052083333333334 0.47962962962962963 0.036458333333333336 0.02546296296296296
0 0.42864583333333334 0.4810185185185185 0.028645833333333332 0.022685185185185187
0 0.503125 0.4787037037037037 0.03177083333333333 0.024074074074074074
0 0.5838541666666667 0.48148148148148145 0.030729166666666665 0.02175925925925926
0 0.6625 0.48148148148148145 0.0359375 0.025925925925925925
0 0.74375 0.48055555555555557 0.025 0.017592592592592594
0 0.821875 0.48333333333333334 0.03333333333333333 0.023148148148148147
0 0.3463541666666667 0.5444444444444444 0.0375 0.026851851851851852
0 0.4270833333333333 0.5462962962962963 0.029166666666666667 0.023148148148148147
0 0.5015625 0.5439814814814815 0.030208333333333334 0.020833333333333332
0 0.5848958333333333 0.5467592592592593 0.04479166666666667 0.027777777777777776
0 0.6640625 0.5476851851851852 0.036458333333333336 0.025925925925925925
0 0.7458333333333333 0.5476851851851852 0.03697916666666667 0.033796296296296297
0 0.825 0.5523148148148148 0.03333333333333333 0.01990740740740741
0 0.35208333333333336 0.6092592592592593 0.034375 0.023148148148148147
0 0.4265625 0.6111111111111112 0.0328125 0.02175925925925926
0 0.50625 0.6148148148148148 0.03125 0.02962962962962963
0 0.5859375 0.6134259259259259 0.0265625 0.022222222222222223
0 0.6682291666666667 0.6148148148148148 0.034375 0.02546296296296296
0 0.7494791666666667 0.6175925925925926 0.040625 0.02546296296296296
0 0.8302083333333333 0.6175925925925926 0.04375 0.028703703703703703
0 0.34739583333333335 0.6759259259259259 0.0328125 0.01990740740740741
0 0.43020833333333336 0.6773148148148148 0.03229166666666667 0.024074074074074074
0 0.5072916666666667 0.6777777777777778 0.029166666666666667 0.023148148148148147
0 0.590625 0.6791666666666667 0.04791666666666667 0.03333333333333333
0 0.6697916666666667 0.6837962962962963 0.041666666666666664 0.024074074074074074
0 0.7536458333333333 0.6856481481481481 0.03802083333333333 0.02361111111111111
0 0.8338541666666667 0.6875 0.034375 0.024074074074074074