0 0.34739583333333335 0.29444444444444445 0.017708333333333333 0.011574074074074073
0 0.346875 0.3560185185185185 0.0140625 0.012962962962962963
0 0.42604166666666665 0.29444444444444445 0.013020833333333334 0.012962962962962963
0 0.42552083333333335 0.35555555555555557 0.011979166666666667 0.011574074074074073
0 0.34791666666666665 0.4185185185185185 0.014583333333333334 0.012037037037037037
0 0.425 0.41759259259259257 0.017708333333333333 0.012037037037037037
0 0.34791666666666665 0.48148148148148145 0.0125 0.016666666666666666
0 0.425 0.48148148148148145 0.013541666666666667 0.012962962962962963
0 0.3484375 0.5449074074074074 0.013541666666666667 0.012037037037037037
0 0.428125 0.5467592592592593 0.013541666666666667 0.017592592592592594
0 0.35052083333333334 0.6125 0.015625 0.012962962962962963
0 0.3489583333333333 0.6763888888888889 0.016666666666666666 0.016666666666666666
0 0.42604166666666665 0.6125 0.023958333333333335 0.018518518518518517
0 0.42916666666666664 0.6800925925925926 0.015625 0.016666666666666666
0 0.5083333333333333 0.6814814814814815 0.014583333333333334 0.01574074074074074
0 0.5067708333333333 0.6148148148148148 0.013541666666666667 0.013888888888888888
0 0.5067708333333333 0.5486111111111112 0.015625 0.012037037037037037
0 0.503125 0.48333333333333334 0.016666666666666666 0.014814814814814815
0 0.5052083333333334 0.41805555555555557 0.016666666666666666 0.016666666666666666
0 0.5875 0.6814814814814815 0.0125 0.01574074074074074
0 0.6703125 0.6837962962962963 0.0140625 0.018055555555555554
0 0.7515625 0.6865740740740741 0.0125 0.011111111111111112
0 0.8317708333333333 0.6875 0.015104166666666667 0.011574074074074073
0 0.5859375 0.6143518518518518 0.01875 0.014814814814814815
0 0.6671875 0.6152777777777778 0.0171875 0.014351851851851852
0 0.7494791666666667 0.6175925925925926 0.0203125 0.01574074074074074
0 0.8291666666666667 0.6180555555555556 0.015104166666666667 0.014814814814814815
0 0.8255208333333334 0.5509259259259259 0.017708333333333333 0.012037037037037037
0 0.7458333333333333 0.5509259259259259 0.014583333333333334 0.011111111111111112
0 0.8239583333333333 0.4824074074074074 0.015625 0.014351851851851852
0 0.7442708333333333 0.48333333333333334 0.0171875 0.012037037037037037
0 0.6619791666666667 0.4828703703703704 0.018229166666666668 0.016203703703703703
0 0.6567708333333333 0.28935185185185186 0.013020833333333334 0.016666666666666666
0 0.7348958333333333 0.2884259259259259 0.013020833333333334 0.013888888888888888
0 0.8125 0.2884259259259259 0.016145833333333335 0.016203703703703703
0 0.8213541666666667 0.41805555555555557 0.011979166666666667 0.013425925925925926
0 0.7416666666666667 0.41759259259259257 0.0140625 0.010185185185185186
0 0.815625 0.35185185185185186 0.0125 0.012962962962962963
0 0.7385416666666667 0.3523148148148148 0.011458333333333333 0.009259259259259259
0 0.6588541666666666 0.3527777777777778 0.0125 0.009259259259259259
0 0.6619791666666667 0.41712962962962963 0.016145833333333335 0.010648148148148148
0 0.50625 0.29212962962962963 0.009375 0.012962962962962963
0 0.5760416666666667 0.29074074074074074 0.015104166666666667 0.008796296296296297
0 0.5072916666666667 0.3560185185185185 0.013020833333333334 0.011574074074074073
0 0.5744791666666667 0.3527777777777778 0.016666666666666666 0.014814814814814815
0 0.5765625 0.4199074074074074 0.013020833333333334 0.012962962962962963
0 0.5817708333333333 0.48055555555555557 0.016666666666666666 0.0125
0 0.5828125 0.5472222222222223 0.0125 0.016203703703703703
0 0.6645833333333333 0.5472222222222223 0.016145833333333335 0.011574074074074073