0 0.6671875 0.6027777777777777 0.03229166666666667 0.02962962962962963
0 0.7505208333333333 0.6726851851851852 0.03229166666666667 0.030555555555555555
0 0.6635416666666667 0.5356481481481481 0.03125 0.028703703703703703
0 0.5875 0.6685185185185185 0.03333333333333333 0.02962962962962963
0 0.8317708333333333 0.6731481481481482 0.03229166666666667 0.02962962962962963
0 0.5822916666666667 0.40555555555555556 0.029166666666666667 0.025925925925925925
0 0.5864583333333333 0.6027777777777777 0.03125 0.027777777777777776
0 0.584375 0.4699074074074074 0.029166666666666667 0.026851851851851852
0 0.5057291666666667 0.47129629629629627 0.030208333333333334 0.027777777777777776
0 0.6682291666666667 0.6712962962962963 0.03229166666666667 0.02962962962962963
0 0.7479166666666667 0.6055555555555555 0.03333333333333333 0.02962962962962963
0 0.7432291666666667 0.4699074074074074 0.030208333333333334 0.026851851851851852
0 0.65625 0.2759259259259259 0.03125 0.027777777777777776
0 0.6604166666666667 0.4041666666666667 0.029166666666666667 0.026851851851851852
0 0.5 0.2791666666666667 0.03125 0.028703703703703703
0 0.7447916666666666 0.5370370370370371 0.03125 0.027777777777777776
0 0.5770833333333333 0.2777777777777778 0.03125 0.027777777777777776
0 0.6630208333333333 0.4699074074074074 0.030208333333333334 0.028703703703703703
0 0.5010416666666667 0.3416666666666667 0.029166666666666667 0.025925925925925925
0 0.42604166666666665 0.47129629629629627 0.029166666666666667 0.025925925925925925
0 0.5041666666666667 0.4060185185185185 0.029166666666666667 0.026851851851851852
0 0.5802083333333333 0.3402777777777778 0.029166666666666667 0.026851851851851852
0 0.5859375 0.5370370370370371 0.030208333333333334 0.027777777777777776
0 0.8296875 0.6055555555555555 0.03229166666666667 0.02962962962962963
0 0.8234375 0.4699074074074074 0.030208333333333334 0.026851851851851852
0 0.5072916666666667 0.6685185185185185 0.03333333333333333 0.02962962962962963
0 0.50625 0.6027777777777777 0.03125 0.025925925925925925
0 0.7348958333333333 0.2759259259259259 0.030208333333333334 0.025925925925925925
0 0.34791666666666665 0.2824074074074074 0.029166666666666667 0.025925925925925925
0 0.42864583333333334 0.6666666666666666 0.03229166666666667 0.027777777777777776
0 0.8244791666666667 0.538425925925926 0.030208333333333334 0.026851851851851852
0 0.4234375 0.28055555555555556 0.030208333333333334 0.027777777777777776
0 0.7411458333333333 0.4041666666666667 0.028125 0.026851851851851852
0 0.5057291666666667 0.5370370370370371 0.03229166666666667 0.025925925925925925
0 0.8192708333333333 0.4041666666666667 0.030208333333333334 0.025
0 0.35 0.6666666666666666 0.03125 0.027777777777777776
0 0.3489583333333333 0.5351851851851852 0.03125 0.027777777777777776
0 0.42604166666666665 0.40694444444444444 0.029166666666666667 0.025
0 0.4270833333333333 0.6013888888888889 0.03125 0.026851851851851852
0 0.3494791666666667 0.600925925925926 0.030208333333333334 0.025925925925925925
0 0.35 0.47129629629629627 0.029166666666666667 0.025925925925925925
0 0.4265625 0.5356481481481481 0.030208333333333334 0.026851851851851852
0 0.7369791666666666 0.3388888888888889 0.030208333333333334 0.025925925925925925
0 0.6578125 0.3402777777777778 0.030208333333333334 0.026851851851851852
0 0.3484375 0.40694444444444444 0.030208333333333334 0.025
0 0.8140625 0.3384259259259259 0.030208333333333334 0.026851851851851852
0 0.8114583333333333 0.274537037037037 0.029166666666666667 0.026851851851851852
0 0.4239583333333333 0.3435185185185185 0.029166666666666667 0.025925925925925925
0 0.34791666666666665 0.3449074074074074 0.029166666666666667 0.023148148148148147