0 0.6661458333333333 0.6041666666666666 0.03229166666666667 0.030555555555555555
0 0.42604166666666665 0.5356481481481481 0.029166666666666667 0.028703703703703703
0 0.5046875 0.5370370370370371 0.030208333333333334 0.027777777777777776
0 0.5057291666666667 0.6027777777777777 0.03229166666666667 0.02962962962962963
0 0.5864583333333333 0.6699074074074074 0.03125 0.030555555555555555
0 0.5859375 0.6027777777777777 0.03229166666666667 0.03148148148148148
0 0.6635416666666667 0.5356481481481481 0.03125 0.030555555555555555
0 0.4265625 0.6027777777777777 0.030208333333333334 0.02962962962962963
0 0.5067708333333333 0.6699074074074074 0.03229166666666667 0.030555555555555555
0 0.5046875 0.47129629629629627 0.030208333333333334 0.02962962962962963
0 0.7494791666666667 0.6726851851851852 0.03229166666666667 0.030555555555555555
0 0.83125 0.6731481481481482 0.03125 0.02962962962962963
0 0.7473958333333334 0.6055555555555555 0.034375 0.03148148148148148
0 0.4270833333333333 0.6680555555555555 0.03125 0.030555555555555555
0 0.42552083333333335 0.47129629629629627 0.030208333333333334 0.027777777777777776
0 0.3458333333333333 0.2824074074074074 0.03125 0.02962962962962963
0 0.35 0.5356481481481481 0.029166666666666667 0.028703703703703703
0 0.7427083333333333 0.46944444444444444 0.03125 0.02962962962962963
0 0.7442708333333333 0.5370370370370371 0.03229166666666667 0.02962962962962963
0 0.6682291666666667 0.6699074074074074 0.03229166666666667 0.030555555555555555
0 0.8291666666666667 0.6055555555555555 0.03333333333333333 0.02962962962962963
0 0.3494791666666667 0.600925925925926 0.030208333333333334 0.027777777777777776
0 0.4984375 0.2791666666666667 0.03229166666666667 0.030555555555555555
0 0.5005208333333333 0.40555555555555556 0.030208333333333334 0.02962962962962963
0 0.825 0.5370370370370371 0.03333333333333333 0.03148148148148148
0 0.5765625 0.2777777777777778 0.03229166666666667 0.03148148148148148
0 0.5848958333333333 0.5370370370370371 0.03229166666666667 0.02962962962962963
0 0.421875 0.28055555555555556 0.03125 0.02962962962962963
0 0.35 0.47129629629629627 0.029166666666666667 0.027777777777777776
0 0.5817708333333333 0.47129629629629627 0.030208333333333334 0.027777777777777776
0 0.3489583333333333 0.4074074074074074 0.029166666666666667 0.025925925925925925
0 0.35 0.6666666666666666 0.03125 0.02962962962962963
0 0.5 0.3416666666666667 0.03125 0.03148148148148148
0 0.8239583333333333 0.4699074074074074 0.03125 0.030555555555555555
0 0.4234375 0.3435185185185185 0.030208333333333334 0.027777777777777776
0 0.5796875 0.3402777777777778 0.030208333333333334 0.028703703703703703
0 0.65625 0.2763888888888889 0.03125 0.030555555555555555
0 0.6619791666666667 0.4041666666666667 0.030208333333333334 0.028703703703703703
0 0.42552083333333335 0.4074074074074074 0.030208333333333334 0.027777777777777776
0 0.7421875 0.4041666666666667 0.030208333333333334 0.028703703703703703
0 0.5817708333333333 0.40555555555555556 0.030208333333333334 0.027777777777777776
0 0.6635416666666667 0.4699074074074074 0.03125 0.028703703703703703
0 0.659375 0.3402777777777778 0.03125 0.028703703703703703
0 0.34791666666666665 0.3449074074074074 0.03125 0.028703703703703703
0 0.8197916666666667 0.4027777777777778 0.03125 0.03148148148148148
0 0.8135416666666667 0.2763888888888889 0.03125 0.030555555555555555
0 0.7307291666666667 0.3388888888888889 0.030208333333333334 0.027777777777777776
0 0.8182291666666667 0.3388888888888889 0.03229166666666667 0.03148148148148148
0 0.7302083333333333 0.2777777777777778 0.03125 0.02962962962962963