0 0.34791666666666665 0.2935185185185185 0.013541666666666667 0.013888888888888888
0 0.4239583333333333 0.2935185185185185 0.008854166666666666 0.009722222222222222
0 0.5005208333333333 0.29074074074074074 0.010416666666666666 0.009722222222222222
0 0.578125 0.29074074074074074 0.011458333333333333 0.010185185185185186
0 0.65625 0.2884259259259259 0.011979166666666667 0.011574074074074073
0 0.7338541666666667 0.2875 0.011979166666666667 0.009722222222222222
0 0.8109375 0.28703703703703703 0.010416666666666666 0.007407407407407408
0 0.3489583333333333 0.35694444444444445 0.0109375 0.009259259259259259
0 0.4244791666666667 0.35509259259259257 0.011979166666666667 0.010185185185185186
0 0.5010416666666667 0.3541666666666667 0.0171875 0.012037037037037037
0 0.5786458333333333 0.35324074074074074 0.013020833333333334 0.008796296296296297
0 0.6583333333333333 0.3527777777777778 0.008333333333333333 0.00787037037037037
0 0.7364583333333333 0.35185185185185186 0.010416666666666666 0.0060185185185185185
0 0.815625 0.35185185185185186 0.009375 0.008796296296296297
0 0.3494791666666667 0.41759259259259257 0.016145833333333335 0.009722222222222222
0 0.42604166666666665 0.41712962962962963 0.007291666666666667 0.005555555555555556
0 0.503125 0.41898148148148145 0.010416666666666666 0.008333333333333333
0 0.5817708333333333 0.41759259259259257 0.0140625 0.009722222222222222
0 0.6598958333333333 0.41759259259259257 0.007291666666666667 0.008333333333333333
0 0.740625 0.41759259259259257 0.009375 0.008796296296296297
0 0.81875 0.41759259259259257 0.011458333333333333 0.010185185185185186
0 0.35052083333333334 0.48148148148148145 0.013541666666666667 0.010648148148148148
0 0.4270833333333333 0.48148148148148145 0.010416666666666666 0.00787037037037037
0 0.5046875 0.4828703703703704 0.010416666666666666 0.009722222222222222
0 0.5828125 0.4828703703703704 0.009895833333333333 0.008796296296296297
0 0.6625 0.4824074074074074 0.009375 0.008796296296296297
0 0.7427083333333333 0.4828703703703704 0.008854166666666666 0.010185185185185186
0 0.8223958333333333 0.4837962962962963 0.013020833333333334 0.009722222222222222
0 0.3484375 0.5462962962962963 0.007291666666666667 0.008333333333333333
0 0.4276041666666667 0.5476851851851852 0.008333333333333333 0.009259259259259259
0 0.5046875 0.5481481481481482 0.010416666666666666 0.007407407407407408
0 0.584375 0.5476851851851852 0.011458333333333333 0.009259259259259259
0 0.6630208333333333 0.5481481481481482 0.009375 0.010648148148148148
0 0.7463541666666667 0.5509259259259259 0.009895833333333333 0.012037037037037037
0 0.8244791666666667 0.5513888888888889 0.014583333333333334 0.013888888888888888
0 0.3489583333333333 0.611574074074074 0.016666666666666666 0.012037037037037037
0 0.4270833333333333 0.611574074074074 0.011458333333333333 0.013425925925925926
0 0.50625 0.6134259259259259 0.013020833333333334 0.008796296296296297
0 0.5854166666666667 0.6148148148148148 0.0109375 0.011574074074074073
0 0.6661458333333333 0.6157407407407407 0.011979166666666667 0.013888888888888888
0 0.7463541666666667 0.6194444444444445 0.015625 0.0125
0 0.8291666666666667 0.6194444444444445 0.0140625 0.013888888888888888
0 0.3489583333333333 0.6782407407407407 0.011979166666666667 0.0125
0 0.428125 0.6787037037037037 0.016666666666666666 0.011574074074074073
0 0.5067708333333333 0.6814814814814815 0.011979166666666667 0.012037037037037037
0 0.5869791666666667 0.6824074074074075 0.011979166666666667 0.011574074074074073
0 0.6677083333333333 0.6833333333333333 0.013541666666666667 0.012037037037037037
0 0.75 0.6847222222222222 0.013541666666666667 0.013425925925925926
0 0.8307291666666666 0.6875 0.013020833333333334 0.015277777777777777