0 0.34427083333333336 0.2912037037037037 0.020833333333333332 0.020833333333333332
0 0.4197916666666667 0.2912037037037037 0.021354166666666667 0.017592592592592594
0 0.5005208333333333 0.2902777777777778 0.017708333333333333 0.019444444444444445
0 0.578125 0.287962962962963 0.021875 0.014351851851851852
0 0.6552083333333333 0.2861111111111111 0.016666666666666666 0.016666666666666666
0 0.7338541666666667 0.287962962962963 0.01875 0.01712962962962963
0 0.8119791666666667 0.2865740740740741 0.016666666666666666 0.013888888888888888
0 0.35052083333333334 0.35462962962962963 0.0265625 0.017592592592592594
0 0.4234375 0.35324074074074074 0.025520833333333333 0.01990740740740741
0 0.5015625 0.35185185185185186 0.0265625 0.016666666666666666
0 0.5776041666666667 0.3523148148148148 0.022916666666666665 0.01712962962962963
0 0.6609375 0.35 0.022916666666666665 0.018518518518518517
0 0.7338541666666667 0.3523148148148148 0.022916666666666665 0.01712962962962963
0 0.815625 0.35 0.021875 0.023148148148148147
0 0.3484375 0.4162037037037037 0.027083333333333334 0.019444444444444445
0 0.4244791666666667 0.4166666666666667 0.025520833333333333 0.01990740740740741
0 0.49947916666666664 0.41574074074074074 0.027083333333333334 0.020370370370370372
0 0.5796875 0.4134259259259259 0.0234375 0.02638888888888889
0 0.6552083333333333 0.412962962962963 0.020833333333333332 0.01898148148148148
0 0.7401041666666667 0.41759259259259257 0.024479166666666666 0.02175925925925926
0 0.8192708333333333 0.41435185185185186 0.019791666666666666 0.016203703703703703
0 0.35104166666666664 0.48055555555555557 0.025520833333333333 0.022222222222222223
0 0.4276041666666667 0.48148148148148145 0.022916666666666665 0.01574074074074074
0 0.5026041666666666 0.48009259259259257 0.024479166666666666 0.025
0 0.58125 0.4810185185185185 0.030208333333333334 0.019444444444444445
0 0.6640625 0.4824074074074074 0.029166666666666667 0.02175925925925926
0 0.7401041666666667 0.48148148148148145 0.030729166666666665 0.02175925925925926
0 0.8208333333333333 0.48194444444444445 0.022916666666666665 0.024537037037037038
0 0.35104166666666664 0.5435185185185185 0.0296875 0.02175925925925926
0 0.42552083333333335 0.5453703703703704 0.034375 0.025925925925925925
0 0.5036458333333333 0.5458333333333333 0.035416666666666666 0.018518518518518517
0 0.5848958333333333 0.5467592592592593 0.03333333333333333 0.02638888888888889
0 0.6630208333333333 0.5486111111111112 0.027083333333333334 0.017592592592592594
0 0.74375 0.549537037037037 0.0265625 0.025925925925925925
0 0.8244791666666667 0.5476851851851852 0.030208333333333334 0.020833333333333332
0 0.35052083333333334 0.6083333333333333 0.028645833333333332 0.02175925925925926
0 0.42552083333333335 0.6092592592592593 0.0234375 0.023148148148148147
0 0.5052083333333334 0.6106481481481482 0.020833333333333332 0.020370370370370372
0 0.5864583333333333 0.6157407407407407 0.0390625 0.024537037037037038
0 0.6645833333333333 0.6134259259259259 0.030729166666666665 0.027777777777777776
0 0.7484375 0.6148148148148148 0.033854166666666664 0.022685185185185187
0 0.8265625 0.6171296296296296 0.03229166666666667 0.026851851851851852
0 0.3453125 0.675 0.033854166666666664 0.029166666666666667
0 0.4239583333333333 0.6777777777777778 0.033854166666666664 0.028703703703703703
0 0.5052083333333334 0.6768518518518518 0.03177083333333333 0.03425925925925926
0 0.5848958333333333 0.6796296296296296 0.0265625 0.02638888888888889
0 0.6651041666666667 0.6805555555555556 0.027083333333333334 0.02824074074074074
0 0.746875 0.6810185185185185 0.030729166666666665 0.028703703703703703
0 0.8270833333333333 0.6833333333333333 0.030729166666666665 0.02546296296296296