0 0.34427083333333336 0.2949074074074074 0.0171875 0.024074074074074074
0 0.4239583333333333 0.2912037037037037 0.0203125 0.018518518518518517
0 0.4979166666666667 0.2884259259259259 0.028125 0.018055555555555554
0 0.578125 0.2884259259259259 0.025520833333333333 0.018055555555555554
0 0.6567708333333333 0.2875 0.0171875 0.016666666666666666
0 0.7354166666666667 0.2861111111111111 0.023958333333333335 0.018518518518518517
0 0.8098958333333334 0.28425925925925927 0.0203125 0.015277777777777777
0 0.3453125 0.3537037037037037 0.017708333333333333 0.01898148148148148
0 0.4203125 0.3527777777777778 0.015625 0.020833333333333332
0 0.4979166666666667 0.35185185185185186 0.021875 0.020833333333333332
0 0.5791666666666667 0.35 0.0265625 0.022222222222222223
0 0.6630208333333333 0.35138888888888886 0.029166666666666667 0.023148148148148147
0 0.7364583333333333 0.35 0.019270833333333334 0.016666666666666666
0 0.815625 0.34953703703703703 0.025520833333333333 0.01990740740740741
0 0.3484375 0.4162037037037037 0.026041666666666668 0.020833333333333332
0 0.421875 0.4148148148148148 0.024479166666666666 0.016666666666666666
0 0.5 0.41712962962962963 0.022395833333333334 0.01898148148148148
0 0.5807291666666666 0.4148148148148148 0.03333333333333333 0.02361111111111111
0 0.6588541666666666 0.41574074074074074 0.019270833333333334 0.018055555555555554
0 0.7390625 0.4148148148148148 0.020833333333333332 0.020370370370370372
0 0.8192708333333333 0.4152777777777778 0.022395833333333334 0.01574074074074074
0 0.3494791666666667 0.48055555555555557 0.017708333333333333 0.0125
0 0.42239583333333336 0.4787037037037037 0.019791666666666666 0.01574074074074074
0 0.5036458333333333 0.4791666666666667 0.017708333333333333 0.01712962962962963
0 0.5786458333333333 0.47962962962962963 0.027083333333333334 0.019444444444444445
0 0.6625 0.4810185185185185 0.027604166666666666 0.020833333333333332
0 0.7432291666666667 0.48148148148148145 0.027083333333333334 0.01990740740740741
0 0.8223958333333333 0.4824074074074074 0.027083333333333334 0.018055555555555554
0 0.34791666666666665 0.5421296296296296 0.025520833333333333 0.02175925925925926
0 0.42552083333333335 0.5458333333333333 0.03177083333333333 0.018518518518518517
0 0.5020833333333333 0.5453703703703704 0.022916666666666665 0.01712962962962963
0 0.5833333333333334 0.5472222222222223 0.030208333333333334 0.023148148148148147
0 0.6661458333333333 0.5472222222222223 0.025 0.021296296296296296
0 0.7442708333333333 0.549074074074074 0.025520833333333333 0.022685185185185187
0 0.8260416666666667 0.549074074074074 0.025520833333333333 0.025
0 0.3489583333333333 0.6092592592592593 0.025 0.022222222222222223
0 0.4270833333333333 0.611574074074074 0.022916666666666665 0.023148148148148147
0 0.5046875 0.6111111111111112 0.019270833333333334 0.018518518518518517
0 0.5848958333333333 0.6125 0.0171875 0.01990740740740741
0 0.6692708333333334 0.6157407407407407 0.0234375 0.023148148148148147
0 0.7473958333333334 0.6175925925925926 0.025 0.020833333333333332
0 0.8286458333333333 0.6157407407407407 0.021354166666666667 0.021296296296296296
0 0.346875 0.675 0.0203125 0.025925925925925925
0 0.4234375 0.6754629629629629 0.023958333333333335 0.019444444444444445
0 0.5041666666666667 0.6768518518518518 0.028645833333333332 0.02638888888888889
0 0.5869791666666667 0.6791666666666667 0.030208333333333334 0.025
0 0.6677083333333333 0.6828703703703703 0.021875 0.017592592592592594
0 0.7479166666666667 0.6847222222222222 0.0265625 0.021296296296296296
0 0.8296875 0.6865740740740741 0.027604166666666666 0.018518518518518517