0 0.6666666666666666 0.6041666666666666 0.03125 0.030555555555555555
0 0.6635416666666667 0.5370370370370371 0.03125 0.02962962962962963
0 0.83125 0.6731481481481482 0.03125 0.02962962962962963
0 0.75 0.6726851851851852 0.03125 0.030555555555555555
0 0.5869791666666667 0.6699074074074074 0.03229166666666667 0.030555555555555555
0 0.5859375 0.6027777777777777 0.03229166666666667 0.027777777777777776
0 0.5828125 0.47129629629629627 0.030208333333333334 0.027777777777777776
0 0.5046875 0.4699074074074074 0.030208333333333334 0.028703703703703703
0 0.5067708333333333 0.6685185185185185 0.03229166666666667 0.02962962962962963
0 0.5859375 0.5356481481481481 0.030208333333333334 0.028703703703703703
0 0.7479166666666667 0.6055555555555555 0.03333333333333333 0.03148148148148148
0 0.6682291666666667 0.6712962962962963 0.03229166666666667 0.02962962962962963
0 0.65625 0.2759259259259259 0.03125 0.027777777777777776
0 0.7427083333333333 0.4699074074074074 0.03125 0.028703703703703703
0 0.50625 0.6027777777777777 0.03125 0.027777777777777776
0 0.7447916666666666 0.5370370370370371 0.03125 0.027777777777777776
0 0.42552083333333335 0.4699074074074074 0.030208333333333334 0.028703703703703703
0 0.5765625 0.2777777777777778 0.030208333333333334 0.02962962962962963
0 0.6635416666666667 0.4699074074074074 0.03125 0.028703703703703703
0 0.5791666666666667 0.3402777777777778 0.029166666666666667 0.028703703703703703
0 0.5817708333333333 0.40555555555555556 0.030208333333333334 0.027777777777777776
0 0.6609375 0.4041666666666667 0.030208333333333334 0.026851851851851852
0 0.5052083333333334 0.5370370370370371 0.03125 0.027777777777777776
0 0.8296875 0.6055555555555555 0.03229166666666667 0.02962962962962963
0 0.8234375 0.4699074074074074 0.030208333333333334 0.026851851851851852
0 0.42916666666666664 0.6680555555555555 0.03125 0.028703703703703703
0 0.5010416666666667 0.40555555555555556 0.029166666666666667 0.027777777777777776
0 0.825 0.538425925925926 0.03125 0.026851851851851852
0 0.4984375 0.2791666666666667 0.030208333333333334 0.028703703703703703
0 0.42864583333333334 0.6013888888888889 0.030208333333333334 0.026851851851851852
0 0.7348958333333333 0.274537037037037 0.030208333333333334 0.026851851851851852
0 0.7411458333333333 0.4041666666666667 0.028125 0.026851851851851852
0 0.6578125 0.3402777777777778 0.030208333333333334 0.026851851851851852
0 0.5 0.3416666666666667 0.03125 0.027777777777777776
0 0.4270833333333333 0.5356481481481481 0.029166666666666667 0.026851851851851852
0 0.8192708333333333 0.4041666666666667 0.030208333333333334 0.026851851851851852
0 0.8114583333333333 0.274537037037037 0.029166666666666667 0.026851851851851852
0 0.7364583333333333 0.3388888888888889 0.029166666666666667 0.025925925925925925
0 0.8140625 0.3384259259259259 0.030208333333333334 0.026851851851851852
0 0.421875 0.4041666666666667 0.03125 0.028703703703703703
0 0.35572916666666665 0.6666666666666666 0.030208333333333334 0.025925925925925925
0 0.4239583333333333 0.2791666666666667 0.035416666666666666 0.030555555555555555
0 0.4244791666666667 0.3435185185185185 0.036458333333333336 0.03148148148148148
0 0.34322916666666664 0.5370370370370371 0.03125 0.02962962962962963
0 0.35 0.6013888888888889 0.0375 0.032407407407407406
0 0.3359375 0.3490740740740741 0.028125 0.028703703703703703
0 0.3296875 0.28425925925925927 0.03229166666666667 0.03148148148148148
0 0.33489583333333334 0.4078703703703704 0.0359375 0.025
0 0.34010416666666665 0.4726851851851852 0.034375 0.027777777777777776