0 0.34739583333333335 0.29074074074074074 0.030208333333333334 0.025925925925925925
0 0.42239583333333336 0.2898148148148148 0.0359375 0.024537037037037038
0 0.4979166666666667 0.287962962962963 0.0328125 0.023148148148148147
0 0.5786458333333333 0.28888888888888886 0.036458333333333336 0.032407407407407406
0 0.6588541666666666 0.28564814814814815 0.027083333333333334 0.018055555555555554
0 0.7380208333333333 0.2875 0.03229166666666667 0.027314814814814816
0 0.8135416666666667 0.2851851851851852 0.03125 0.022685185185185187
0 0.3494791666666667 0.35509259259259257 0.030729166666666665 0.02361111111111111
0 0.4276041666666667 0.35324074074074074 0.028125 0.024074074074074074
0 0.5015625 0.35462962962962963 0.029166666666666667 0.021296296296296296
0 0.5791666666666667 0.35 0.0234375 0.022222222222222223
0 0.6572916666666667 0.35185185185185186 0.035416666666666666 0.02175925925925926
0 0.7380208333333333 0.3509259259259259 0.027083333333333334 0.02175925925925926
0 0.8171875 0.35138888888888886 0.029166666666666667 0.020370370370370372
0 0.3489583333333333 0.41388888888888886 0.029166666666666667 0.020833333333333332
0 0.4265625 0.41759259259259257 0.034895833333333334 0.02638888888888889
0 0.5020833333333333 0.41435185185185186 0.030208333333333334 0.01898148148148148
0 0.5786458333333333 0.41805555555555557 0.04010416666666667 0.025
0 0.6619791666666667 0.41388888888888886 0.0265625 0.020833333333333332
0 0.7421875 0.41574074074074074 0.0265625 0.020370370370370372
0 0.8182291666666667 0.4152777777777778 0.03177083333333333 0.021296296296296296
0 0.353125 0.48009259259259257 0.042708333333333334 0.032407407407407406
0 0.43020833333333336 0.48055555555555557 0.027604166666666666 0.026851851851851852
0 0.50625 0.4824074074074074 0.027083333333333334 0.02824074074074074
0 0.5817708333333333 0.4791666666666667 0.03177083333333333 0.02638888888888889
0 0.6630208333333333 0.48194444444444445 0.035416666666666666 0.03194444444444444
0 0.7421875 0.48148148148148145 0.03333333333333333 0.031018518518518518
0 0.821875 0.4828703703703704 0.034375 0.02546296296296296
0 0.34739583333333335 0.5453703703703704 0.03333333333333333 0.02962962962962963
0 0.4270833333333333 0.5467592592592593 0.030208333333333334 0.026851851851851852
0 0.5057291666666667 0.549074074074074 0.03697916666666667 0.031018518518518518
0 0.5854166666666667 0.5476851851851852 0.027083333333333334 0.028703703703703703
0 0.6609375 0.5486111111111112 0.033854166666666664 0.03194444444444444
0 0.7458333333333333 0.5486111111111112 0.03125 0.02824074074074074
0 0.8270833333333333 0.5532407407407407 0.03854166666666667 0.03333333333333333
0 0.3484375 0.6111111111111112 0.034895833333333334 0.03009259259259259
0 0.42604166666666665 0.6106481481481482 0.027604166666666666 0.027314814814814816
0 0.5052083333333334 0.6134259259259259 0.029166666666666667 0.03287037037037037
0 0.5822916666666667 0.6152777777777778 0.030729166666666665 0.030555555555555555
0 0.6661458333333333 0.6148148148148148 0.041666666666666664 0.03333333333333333
0 0.7458333333333333 0.6203703703703703 0.04114583333333333 0.026851851851851852
0 0.8307291666666666 0.6185185185185185 0.028125 0.024074074074074074
0 0.3515625 0.674537037037037 0.03697916666666667 0.032407407407407406
0 0.4322916666666667 0.6782407407407407 0.0375 0.03333333333333333
0 0.5072916666666667 0.6796296296296296 0.036458333333333336 0.030555555555555555
0 0.5869791666666667 0.6787037037037037 0.043229166666666666 0.032407407407407406
0 0.66875 0.6824074074074075 0.03177083333333333 0.02638888888888889
0 0.7484375 0.6833333333333333 0.030729166666666665 0.027777777777777776
0 0.8317708333333333 0.6851851851851852 0.03697916666666667 0.02824074074074074