0 0.7489583333333333 0.6699074074074074 0.035416666666666666 0.030555555555555555
0 0.4270833333333333 0.6648148148148149 0.03125 0.02962962962962963
0 0.7458333333333333 0.6027777777777777 0.03333333333333333 0.02962962962962963
0 0.8302083333333333 0.6712962962962963 0.03333333333333333 0.03148148148148148
0 0.6666666666666666 0.600925925925926 0.03125 0.02962962962962963
0 0.6682291666666667 0.6685185185185185 0.03229166666666667 0.02962962962962963
0 0.3489583333333333 0.6638888888888889 0.03125 0.02962962962962963
0 0.5744791666666667 0.2759259259259259 0.030208333333333334 0.027777777777777776
0 0.3484375 0.5337962962962963 0.030208333333333334 0.026851851851851852
0 0.3489583333333333 0.5981481481481481 0.03125 0.027777777777777776
0 0.6630208333333333 0.5337962962962963 0.030208333333333334 0.026851851851851852
0 0.6536458333333334 0.274537037037037 0.030208333333333334 0.026851851851851852
0 0.42552083333333335 0.5995370370370371 0.03229166666666667 0.028703703703703703
0 0.8286458333333333 0.6041666666666666 0.03229166666666667 0.028703703703703703
0 0.50625 0.6666666666666666 0.03125 0.027777777777777776
0 0.8244791666666667 0.5356481481481481 0.03229166666666667 0.028703703703703703
0 0.7432291666666667 0.5356481481481481 0.030208333333333334 0.028703703703703703
0 0.425 0.5337962962962963 0.03125 0.028703703703703703
0 0.42239583333333336 0.3421296296296296 0.028125 0.025
0 0.4239583333333333 0.4041666666666667 0.027083333333333334 0.025
0 0.4244791666666667 0.4685185185185185 0.030208333333333334 0.025925925925925925
0 0.34791666666666665 0.4041666666666667 0.029166666666666667 0.025
0 0.6567708333333333 0.4027777777777778 0.030208333333333334 0.025925925925925925
0 0.3489583333333333 0.46805555555555556 0.029166666666666667 0.025
0 0.5796875 0.4027777777777778 0.028125 0.025925925925925925
0 0.5760416666666667 0.3384259259259259 0.029166666666666667 0.026851851851851852
0 0.3453125 0.2824074074074074 0.030208333333333334 0.025925925925925925
0 0.7421875 0.46805555555555556 0.030208333333333334 0.026851851851851852
0 0.5817708333333333 0.46805555555555556 0.030208333333333334 0.026851851851851852
0 0.65625 0.3384259259259259 0.03125 0.026851851851851852
0 0.6625 0.46805555555555556 0.03125 0.026851851851851852
0 0.8223958333333333 0.46805555555555556 0.030208333333333334 0.026851851851851852
0 0.34739583333333335 0.3435185185185185 0.028125 0.025925925925925925
0 0.7322916666666667 0.27314814814814814 0.027083333333333334 0.024074074074074074
0 0.421875 0.2824074074074074 0.029166666666666667 0.025925925925925925
0 0.7385416666666667 0.4013888888888889 0.027083333333333334 0.025
0 0.7348958333333333 0.3365740740740741 0.028125 0.025
0 0.8177083333333334 0.4013888888888889 0.027083333333333334 0.023148148148148147
0 0.8135416666666667 0.33564814814814814 0.027083333333333334 0.025
0 0.8104166666666667 0.2726851851851852 0.027083333333333334 0.023148148148148147
0 0.5880208333333333 0.6666666666666666 0.03229166666666667 0.027777777777777776
0 0.5057291666666667 0.5995370370370371 0.03229166666666667 0.030555555555555555
0 0.5911458333333334 0.5995370370370371 0.030208333333333334 0.028703703703703703
0 0.5854166666666667 0.5337962962962963 0.03125 0.028703703703703703
0 0.5046875 0.5337962962962963 0.030208333333333334 0.028703703703703703
0 0.5010416666666667 0.2777777777777778 0.03125 0.02962962962962963
0 0.503125 0.4699074074074074 0.03125 0.028703703703703703
0 0.5010416666666667 0.4041666666666667 0.029166666666666667 0.028703703703703703
0 0.4979166666666667 0.3402777777777778 0.027083333333333334 0.025