0 0.728125 0.2935185185185185 0.03333333333333333 0.03333333333333333
0 0.65625 0.2949074074074074 0.03333333333333333 0.03333333333333333
0 0.584375 0.29583333333333334 0.03333333333333333 0.03333333333333333
0 0.5125 0.29583333333333334 0.03333333333333333 0.03333333333333333
0 0.44166666666666665 0.2967592592592593 0.03333333333333333 0.03333333333333333
0 0.37083333333333335 0.29814814814814816 0.03333333333333333 0.03333333333333333
0 0.3 0.29814814814814816 0.03333333333333333 0.03333333333333333
0 0.7364583333333333 0.35185185185185186 0.03333333333333333 0.03333333333333333
0 0.6625 0.35324074074074074 0.03333333333333333 0.03333333333333333
0 0.5875 0.35324074074074074 0.03333333333333333 0.03333333333333333
0 0.5135416666666667 0.3541666666666667 0.03333333333333333 0.03333333333333333
0 0.43854166666666666 0.35509259259259257 0.03333333333333333 0.03333333333333333
0 0.3645833333333333 0.35509259259259257 0.03333333333333333 0.03333333333333333
0 0.290625 0.35648148148148145 0.03333333333333333 0.03333333333333333
0 0.746875 0.41574074074074074 0.03333333333333333 0.03333333333333333
0 0.66875 0.4166666666666667 0.03333333333333333 0.03333333333333333
0 0.590625 0.4166666666666667 0.03333333333333333 0.03333333333333333
0 0.5135416666666667 0.41759259259259257 0.03333333333333333 0.03333333333333333
0 0.4354166666666667 0.41759259259259257 0.03333333333333333 0.03333333333333333
0 0.35833333333333334 0.4185185185185185 0.03333333333333333 0.03333333333333333
0 0.28125 0.4185185185185185 0.03333333333333333 0.03333333333333333
0 0.7583333333333333 0.4842592592592593 0.03333333333333333 0.03333333333333333
0 0.6760416666666667 0.48518518518518516 0.03333333333333333 0.03333333333333333
0 0.5947916666666667 0.48518518518518516 0.03333333333333333 0.03333333333333333
0 0.5135416666666667 0.48657407407407405 0.03333333333333333 0.03333333333333333
0 0.4322916666666667 0.48657407407407405 0.03333333333333333 0.03333333333333333
0 0.35208333333333336 0.4875 0.03333333333333333 0.03333333333333333
0 0.271875 0.4875 0.03333333333333333 0.03333333333333333
0 0.7697916666666667 0.5601851851851852 0.03333333333333333 0.03333333333333333
0 0.684375 0.5601851851851852 0.03333333333333333 0.03333333333333333
0 0.5989583333333334 0.5615740740740741 0.03333333333333333 0.03333333333333333
0 0.5135416666666667 0.5615740740740741 0.03333333333333333 0.03333333333333333
0 0.42916666666666664 0.5625 0.03333333333333333 0.03333333333333333
0 0.34479166666666666 0.5625 0.03333333333333333 0.03333333333333333
0 0.2604166666666667 0.5634259259259259 0.03333333333333333 0.03333333333333333
0 0.7833333333333333 0.6435185185185185 0.03333333333333333 0.03333333333333333
0 0.6927083333333334 0.6435185185185185 0.03333333333333333 0.03333333333333333
0 0.603125 0.6449074074074074 0.03333333333333333 0.03333333333333333
0 0.5145833333333333 0.6449074074074074 0.03333333333333333 0.03333333333333333
0 0.425 0.6449074074074074 0.03333333333333333 0.03333333333333333
0 0.33645833333333336 0.6458333333333334 0.03333333333333333 0.03333333333333333
0 0.24791666666666667 0.6458333333333334 0.03333333333333333 0.03333333333333333
0 0.7979166666666667 0.7351851851851852 0.03333333333333333 0.03333333333333333
0 0.703125 0.736574074074074 0.03333333333333333 0.03333333333333333
0 0.6083333333333333 0.736574074074074 0.03333333333333333 0.03333333333333333
0 0.5145833333333333 0.736574074074074 0.03333333333333333 0.03333333333333333
0 0.42083333333333334 0.736574074074074 0.03333333333333333 0.03333333333333333
0 0.328125 0.736574074074074 0.03333333333333333 0.03333333333333333
0 0.234375 0.7375 0.03333333333333333 0.03333333333333333