0 0.446875 0.17962962962962964 0.0125 0.022222222222222223
0 0.41770833333333335 0.21851851851851853 0.0125 0.022222222222222223
0 0.3875 0.2574074074074074 0.0125 0.022222222222222223
0 0.35520833333333335 0.3 0.0125 0.022222222222222223
0 0.321875 0.34444444444444444 0.0125 0.022222222222222223
0 0.2864583333333333 0.3925925925925926 0.0125 0.022222222222222223
0 0.24791666666666667 0.4425925925925926 0.0125 0.022222222222222223
0 0.4791666666666667 0.2111111111111111 0.0125 0.022222222222222223
0 0.4510416666666667 0.25 0.0125 0.022222222222222223
0 0.42083333333333334 0.29259259259259257 0.0125 0.022222222222222223
0 0.38958333333333334 0.337037037037037 0.0125 0.022222222222222223
0 0.35625 0.38333333333333336 0.0125 0.022222222222222223
0 0.32083333333333336 0.43333333333333335 0.0125 0.022222222222222223
0 0.28229166666666666 0.48518518518518516 0.0125 0.022222222222222223
0 0.5135416666666667 0.24259259259259258 0.0125 0.022222222222222223
0 0.4864583333333333 0.2851851851851852 0.0125 0.022222222222222223
0 0.45625 0.3277777777777778 0.0125 0.022222222222222223
0 0.425 0.37407407407407406 0.0125 0.022222222222222223
0 0.39166666666666666 0.42407407407407405 0.0125 0.022222222222222223
0 0.35625 0.4759259259259259 0.0125 0.022222222222222223
0 0.31875 0.5314814814814814 0.0125 0.022222222222222223
0 0.55 0.2777777777777778 0.0125 0.022222222222222223
0 0.521875 0.32037037037037036 0.0125 0.022222222222222223
0 0.49270833333333336 0.36666666666666664 0.0125 0.022222222222222223
0 0.4625 0.4148148148148148 0.0125 0.022222222222222223
0 0.42916666666666664 0.4666666666666667 0.0125 0.022222222222222223
0 0.39375 0.5222222222222223 0.0125 0.022222222222222223
0 0.3572916666666667 0.5796296296296296 0.0125 0.022222222222222223
0 0.5875 0.31296296296296294 0.0125 0.022222222222222223
0 0.5604166666666667 0.3574074074074074 0.0125 0.022222222222222223
0 0.53125 0.40555555555555556 0.0125 0.022222222222222223
0 0.5010416666666667 0.45740740740740743 0.0125 0.022222222222222223
0 0.46875 0.5111111111111111 0.0125 0.022222222222222223
0 0.434375 0.5685185185185185 0.0125 0.022222222222222223
0 0.396875 0.6296296296296297 0.0125 0.022222222222222223
0 0.6270833333333333 0.35 0.0125 0.022222222222222223
0 0.6 0.39814814814814814 0.0125 0.022222222222222223
0 0.571875 0.44814814814814813 0.0125 0.022222222222222223
0 0.5416666666666666 0.5018518518518519 0.0125 0.022222222222222223
0 0.509375 0.5574074074074075 0.0125 0.022222222222222223
0 0.47604166666666664 0.6185185185185185 0.0125 0.022222222222222223
0 0.4395833333333333 0.6833333333333333 0.0125 0.022222222222222223
0 0.6677083333333333 0.3888888888888889 0.0125 0.022222222222222223
0 0.6416666666666667 0.4388888888888889 0.0125 0.022222222222222223
0 0.6145833333333334 0.49074074074074076 0.0125 0.022222222222222223
0 0.584375 0.5481481481481482 0.0125 0.022222222222222223
0 0.553125 0.6074074074074074 0.0125 0.022222222222222223
0 0.5197916666666667 0.6722222222222223 0.0125 0.022222222222222223
0 0.48333333333333334 0.7407407407407407 0.0125 0.022222222222222223