0 0.6958333333333333 0.3384259259259259 0.029166666666666667 0.029166666666666667
0 0.63125 0.3384259259259259 0.029166666666666667 0.029166666666666667
0 0.5666666666666667 0.3384259259259259 0.029166666666666667 0.029166666666666667
0 0.5010416666666667 0.3398148148148148 0.029166666666666667 0.029166666666666667
0 0.43645833333333334 0.3398148148148148 0.029166666666666667 0.029166666666666667
0 0.37083333333333335 0.3398148148148148 0.029166666666666667 0.029166666666666667
0 0.30625 0.34074074074074073 0.029166666666666667 0.029166666666666667
0 0.7041666666666667 0.3907407407407407 0.029166666666666667 0.029166666666666667
0 0.6375 0.39166666666666666 0.029166666666666667 0.029166666666666667
0 0.5697916666666667 0.39166666666666666 0.029166666666666667 0.029166666666666667
0 0.5020833333333333 0.39166666666666666 0.029166666666666667 0.029166666666666667
0 0.434375 0.3925925925925926 0.029166666666666667 0.029166666666666667
0 0.36666666666666664 0.3925925925925926 0.029166666666666667 0.029166666666666667
0 0.2989583333333333 0.39351851851851855 0.029166666666666667 0.029166666666666667
0 0.7135416666666666 0.44814814814814813 0.029166666666666667 0.029166666666666667
0 0.64375 0.44907407407407407 0.029166666666666667 0.029166666666666667
0 0.5729166666666666 0.44907407407407407 0.029166666666666667 0.029166666666666667
0 0.503125 0.44907407407407407 0.029166666666666667 0.029166666666666667
0 0.4322916666666667 0.45 0.029166666666666667 0.029166666666666667
0 0.3614583333333333 0.45 0.029166666666666667 0.029166666666666667
0 0.290625 0.45092592592592595 0.029166666666666667 0.029166666666666667
0 0.7239583333333334 0.5101851851851852 0.029166666666666667 0.029166666666666667
0 0.65 0.5101851851851852 0.029166666666666667 0.029166666666666667
0 0.5770833333333333 0.5115740740740741 0.029166666666666667 0.029166666666666667
0 0.5041666666666667 0.5115740740740741 0.029166666666666667 0.029166666666666667
0 0.43020833333333336 0.5125 0.029166666666666667 0.029166666666666667
0 0.35625 0.5125 0.029166666666666667 0.029166666666666667
0 0.28229166666666666 0.513425925925926 0.029166666666666667 0.029166666666666667
0 0.734375 0.5782407407407407 0.029166666666666667 0.029166666666666667
0 0.6583333333333333 0.5782407407407407 0.029166666666666667 0.029166666666666667
0 0.58125 0.5791666666666667 0.029166666666666667 0.029166666666666667
0 0.5041666666666667 0.5791666666666667 0.029166666666666667 0.029166666666666667
0 0.4270833333333333 0.5800925925925926 0.029166666666666667 0.029166666666666667
0 0.35 0.5814814814814815 0.029166666666666667 0.029166666666666667
0 0.27291666666666664 0.5814814814814815 0.029166666666666667 0.029166666666666667
0 0.746875 0.6518518518518519 0.029166666666666667 0.029166666666666667
0 0.6666666666666666 0.6518518518518519 0.029166666666666667 0.029166666666666667
0 0.5864583333333333 0.6532407407407408 0.029166666666666667 0.029166666666666667
0 0.5052083333333334 0.6541666666666667 0.029166666666666667 0.029166666666666667
0 0.425 0.6541666666666667 0.029166666666666667 0.029166666666666667
0 0.34375 0.6550925925925926 0.029166666666666667 0.029166666666666667
0 0.2625 0.6564814814814814 0.029166666666666667 0.029166666666666667
0 0.759375 0.7333333333333333 0.029166666666666667 0.029166666666666667
0 0.675 0.7342592592592593 0.029166666666666667 0.029166666666666667
0 0.590625 0.7351851851851852 0.029166666666666667 0.029166666666666667
0 0.50625 0.7351851851851852 0.029166666666666667 0.029166666666666667
0 0.421875 0.736574074074074 0.029166666666666667 0.029166666666666667
0 0.33645833333333336 0.7375 0.029166666666666667 0.029166666666666667
0 0.2520833333333333 0.7384259259259259 0.029166666666666667 0.029166666666666667