0 0.275 0.21342592592592594 0.035416666666666666 0.03518518518518519
0 0.35104166666666664 0.2101851851851852 0.035416666666666666 0.03518518518518519
0 0.428125 0.2074074074074074 0.035416666666666666 0.03518518518518519
0 0.5041666666666667 0.20324074074074075 0.035416666666666666 0.03518518518518519
0 0.58125 0.2 0.035416666666666666 0.03518518518518519
0 0.6583333333333333 0.19675925925925927 0.035416666666666666 0.03518518518518519
0 0.734375 0.1935185185185185 0.035416666666666666 0.03518518518518519
0 0.2677083333333333 0.26851851851851855 0.035416666666666666 0.03518518518518519
0 0.346875 0.26481481481481484 0.035416666666666666 0.03518518518518519
0 0.4270833333333333 0.26157407407407407 0.035416666666666666 0.03518518518518519
0 0.50625 0.25833333333333336 0.035416666666666666 0.03518518518518519
0 0.5864583333333333 0.2550925925925926 0.035416666666666666 0.03518518518518519
0 0.665625 0.2518518518518518 0.035416666666666666 0.03518518518518519
0 0.7458333333333333 0.24814814814814815 0.035416666666666666 0.03518518518518519
0 0.259375 0.3282407407407407 0.035416666666666666 0.03518518518518519
0 0.34270833333333334 0.325 0.035416666666666666 0.03518518518518519
0 0.425 0.32083333333333336 0.035416666666666666 0.03518518518518519
0 0.5083333333333333 0.3175925925925926 0.035416666666666666 0.03518518518518519
0 0.5916666666666667 0.3148148148148148 0.035416666666666666 0.03518518518518519
0 0.675 0.3101851851851852 0.035416666666666666 0.03518518518518519
0 0.7583333333333333 0.3074074074074074 0.035416666666666666 0.03518518518518519
0 0.25104166666666666 0.3925925925925926 0.035416666666666666 0.03518518518518519
0 0.3375 0.38981481481481484 0.035416666666666666 0.03518518518518519
0 0.4239583333333333 0.38657407407407407 0.035416666666666666 0.03518518518518519
0 0.5104166666666666 0.3824074074074074 0.035416666666666666 0.03518518518518519
0 0.5979166666666667 0.37916666666666665 0.035416666666666666 0.03518518518518519
0 0.684375 0.375 0.035416666666666666 0.03518518518518519
0 0.771875 0.37175925925925923 0.035416666666666666 0.03518518518518519
0 0.24166666666666667 0.4648148148148148 0.035416666666666666 0.03518518518518519
0 0.33229166666666665 0.4601851851851852 0.035416666666666666 0.03518518518518519
0 0.42291666666666666 0.4564814814814815 0.035416666666666666 0.03518518518518519
0 0.5135416666666667 0.4532407407407407 0.035416666666666666 0.03518518518518519
0 0.6041666666666666 0.44907407407407407 0.035416666666666666 0.03518518518518519
0 0.6947916666666667 0.4449074074074074 0.035416666666666666 0.03518518518518519
0 0.7854166666666667 0.44166666666666665 0.035416666666666666 0.03518518518518519
0 0.23125 0.5416666666666666 0.035416666666666666 0.03518518518518519
0 0.3260416666666667 0.538425925925926 0.035416666666666666 0.03518518518518519
0 0.42083333333333334 0.5342592592592592 0.035416666666666666 0.03518518518518519
0 0.5166666666666667 0.5300925925925926 0.035416666666666666 0.03518518518518519
0 0.6114583333333333 0.5259259259259259 0.035416666666666666 0.03518518518518519
0 0.70625 0.5217592592592593 0.035416666666666666 0.03518518518518519
0 0.8020833333333334 0.5185185185185185 0.035416666666666666 0.03518518518518519
0 0.21979166666666666 0.6282407407407408 0.035416666666666666 0.03518518518518519
0 0.31979166666666664 0.6240740740740741 0.035416666666666666 0.03518518518518519
0 0.4197916666666667 0.6199074074074075 0.035416666666666666 0.03518518518518519
0 0.5197916666666667 0.6157407407407407 0.035416666666666666 0.03518518518518519
0 0.6197916666666666 0.611574074074074 0.035416666666666666 0.03518518518518519
0 0.7197916666666667 0.6074074074074074 0.035416666666666666 0.03518518518518519
0 0.8197916666666667 0.6032407407407407 0.035416666666666666 0.03518518518518519