0 0.7270833333333333 0.17916666666666667 0.025 0.03333333333333333
0 0.659375 0.17777777777777778 0.025 0.03333333333333333
0 0.5916666666666667 0.175 0.025 0.03333333333333333
0 0.5239583333333333 0.17222222222222222 0.025 0.03333333333333333
0 0.45625 0.16944444444444445 0.025 0.03333333333333333
0 0.3875 0.16666666666666666 0.025 0.03333333333333333
0 0.31979166666666664 0.1638888888888889 0.025 0.03333333333333333
0 0.7375 0.24305555555555555 0.025 0.03333333333333333
0 0.6666666666666666 0.24166666666666667 0.025 0.03333333333333333
0 0.5958333333333333 0.2388888888888889 0.025 0.03333333333333333
0 0.525 0.2361111111111111 0.025 0.03333333333333333
0 0.453125 0.23333333333333334 0.025 0.03333333333333333
0 0.38229166666666664 0.23055555555555557 0.025 0.03333333333333333
0 0.3104166666666667 0.22777777777777777 0.025 0.03333333333333333
0 0.7489583333333333 0.3138888888888889 0.025 0.03333333333333333
0 0.675 0.3111111111111111 0.025 0.03333333333333333
0 0.6010416666666667 0.30972222222222223 0.025 0.03333333333333333
0 0.5260416666666666 0.30694444444444446 0.025 0.03333333333333333
0 0.4510416666666667 0.30416666666666664 0.025 0.03333333333333333
0 0.37604166666666666 0.3013888888888889 0.025 0.03333333333333333
0 0.3 0.2986111111111111 0.025 0.03333333333333333
0 0.7625 0.39166666666666666 0.025 0.03333333333333333
0 0.684375 0.3902777777777778 0.025 0.03333333333333333
0 0.6052083333333333 0.3875 0.025 0.03333333333333333
0 0.5270833333333333 0.38472222222222224 0.025 0.03333333333333333
0 0.4479166666666667 0.3819444444444444 0.025 0.03333333333333333
0 0.36875 0.37916666666666665 0.025 0.03333333333333333
0 0.28958333333333336 0.3763888888888889 0.025 0.03333333333333333
0 0.7770833333333333 0.4791666666666667 0.025 0.03333333333333333
0 0.6947916666666667 0.47638888888888886 0.025 0.03333333333333333
0 0.6114583333333333 0.4736111111111111 0.025 0.03333333333333333
0 0.528125 0.4708333333333333 0.025 0.03333333333333333
0 0.44479166666666664 0.46805555555555556 0.025 0.03333333333333333
0 0.3614583333333333 0.4652777777777778 0.025 0.03333333333333333
0 0.27708333333333335 0.4638888888888889 0.025 0.03333333333333333
0 0.7927083333333333 0.5763888888888888 0.025 0.03333333333333333
0 0.7052083333333333 0.5736111111111111 0.025 0.03333333333333333
0 0.6177083333333333 0.5708333333333333 0.025 0.03333333333333333
0 0.5291666666666667 0.5680555555555555 0.025 0.03333333333333333
0 0.44166666666666665 0.5652777777777778 0.025 0.03333333333333333
0 0.35208333333333336 0.5625 0.025 0.03333333333333333
0 0.2635416666666667 0.5611111111111111 0.025 0.03333333333333333
0 0.8114583333333333 0.6861111111111111 0.025 0.03333333333333333
0 0.71875 0.6833333333333333 0.025 0.03333333333333333
0 0.625 0.6805555555555556 0.025 0.03333333333333333
0 0.53125 0.6777777777777778 0.025 0.03333333333333333
0 0.4375 0.675 0.025 0.03333333333333333
0 0.34270833333333334 0.6722222222222223 0.025 0.03333333333333333
0 0.24791666666666667 0.6708333333333333 0.025 0.03333333333333333