0 0.20625 0.700925925925926 0.03125 0.03148148148148148
0 0.2947916666666667 0.700925925925926 0.03125 0.03148148148148148
0 0.384375 0.700925925925926 0.03125 0.03148148148148148
0 0.47291666666666665 0.700925925925926 0.03125 0.03148148148148148
0 0.5625 0.7 0.03125 0.03148148148148148
0 0.6520833333333333 0.7 0.03125 0.03148148148148148
0 0.7427083333333333 0.7 0.03125 0.03148148148148148
0 0.21770833333333334 0.6125 0.03125 0.03148148148148148
0 0.303125 0.6125 0.03125 0.03148148148148148
0 0.3885416666666667 0.6125 0.03125 0.03148148148148148
0 0.4739583333333333 0.6125 0.03125 0.03148148148148148
0 0.5604166666666667 0.611574074074074 0.03125 0.03148148148148148
0 0.646875 0.611574074074074 0.03125 0.03148148148148148
0 0.7333333333333333 0.611574074074074 0.03125 0.03148148148148148
0 0.22916666666666666 0.5314814814814814 0.03125 0.03148148148148148
0 0.3104166666666667 0.5314814814814814 0.03125 0.03148148148148148
0 0.3927083333333333 0.5300925925925926 0.03125 0.03148148148148148
0 0.47604166666666664 0.5300925925925926 0.03125 0.03148148148148148
0 0.5583333333333333 0.5300925925925926 0.03125 0.03148148148148148
0 0.6416666666666667 0.5291666666666667 0.03125 0.03148148148148148
0 0.725 0.5291666666666667 0.03125 0.03148148148148148
0 0.23854166666666668 0.4564814814814815 0.03125 0.03148148148148148
0 0.3177083333333333 0.4550925925925926 0.03125 0.03148148148148148
0 0.396875 0.4550925925925926 0.03125 0.03148148148148148
0 0.47708333333333336 0.45416666666666666 0.03125 0.03148148148148148
0 0.55625 0.45416666666666666 0.03125 0.03148148148148148
0 0.6364583333333333 0.4532407407407407 0.03125 0.03148148148148148
0 0.7166666666666667 0.4532407407407407 0.03125 0.03148148148148148
0 0.24791666666666667 0.3851851851851852 0.03125 0.03148148148148148
0 0.325 0.3851851851851852 0.03125 0.03148148148148148
0 0.4010416666666667 0.38425925925925924 0.03125 0.03148148148148148
0 0.478125 0.38333333333333336 0.03125 0.03148148148148148
0 0.5552083333333333 0.38333333333333336 0.03125 0.03148148148148148
0 0.6322916666666667 0.3824074074074074 0.03125 0.03148148148148148
0 0.709375 0.3824074074074074 0.03125 0.03148148148148148
0 0.25729166666666664 0.3199074074074074 0.03125 0.03148148148148148
0 0.3302083333333333 0.31851851851851853 0.03125 0.03148148148148148
0 0.4041666666666667 0.31851851851851853 0.03125 0.03148148148148148
0 0.4791666666666667 0.3175925925925926 0.03125 0.03148148148148148
0 0.553125 0.3175925925925926 0.03125 0.03148148148148148
0 0.628125 0.31666666666666665 0.03125 0.03148148148148148
0 0.7020833333333333 0.31574074074074077 0.03125 0.03148148148148148
0 0.26458333333333334 0.25833333333333336 0.03125 0.03148148148148148
0 0.33645833333333336 0.2574074074074074 0.03125 0.03148148148148148
0 0.4083333333333333 0.2574074074074074 0.03125 0.03148148148148148
0 0.48020833333333335 0.2564814814814815 0.03125 0.03148148148148148
0 0.5520833333333334 0.2550925925925926 0.03125 0.03148148148148148
0 0.6239583333333333 0.2550925925925926 0.03125 0.03148148148148148
0 0.6958333333333333 0.25416666666666665 0.03125 0.03148148148148148