0 0.7041666666666667 0.1986111111111111 0.025 0.03333333333333333
0 0.6364583333333333 0.19722222222222222 0.025 0.03333333333333333
0 0.56875 0.19722222222222222 0.025 0.03333333333333333
0 0.5010416666666667 0.19583333333333333 0.025 0.03333333333333333
0 0.4322916666666667 0.19583333333333333 0.025 0.03333333333333333
0 0.3645833333333333 0.19583333333333333 0.025 0.03333333333333333
0 0.296875 0.19444444444444445 0.025 0.03333333333333333
0 0.7145833333333333 0.2625 0.025 0.03333333333333333
0 0.6427083333333333 0.2625 0.025 0.03333333333333333
0 0.571875 0.2611111111111111 0.025 0.03333333333333333
0 0.5 0.2611111111111111 0.025 0.03333333333333333
0 0.42916666666666664 0.2611111111111111 0.025 0.03333333333333333
0 0.35833333333333334 0.25972222222222224 0.025 0.03333333333333333
0 0.2864583333333333 0.25972222222222224 0.025 0.03333333333333333
0 0.725 0.3333333333333333 0.025 0.03333333333333333
0 0.65 0.3333333333333333 0.025 0.03333333333333333
0 0.575 0.3333333333333333 0.025 0.03333333333333333
0 0.5 0.33194444444444443 0.025 0.03333333333333333
0 0.425 0.33194444444444443 0.025 0.03333333333333333
0 0.35 0.33055555555555555 0.025 0.03333333333333333
0 0.275 0.33055555555555555 0.025 0.03333333333333333
0 0.7375 0.4125 0.025 0.03333333333333333
0 0.6583333333333333 0.4125 0.025 0.03333333333333333
0 0.5791666666666667 0.4111111111111111 0.025 0.03333333333333333
0 0.5 0.4111111111111111 0.025 0.03333333333333333
0 0.42083333333333334 0.4097222222222222 0.025 0.03333333333333333
0 0.3416666666666667 0.4097222222222222 0.025 0.03333333333333333
0 0.2635416666666667 0.4097222222222222 0.025 0.03333333333333333
0 0.7510416666666667 0.5013888888888889 0.025 0.03333333333333333
0 0.6666666666666666 0.5 0.025 0.03333333333333333
0 0.5833333333333334 0.5 0.025 0.03333333333333333
0 0.5 0.4986111111111111 0.025 0.03333333333333333
0 0.4166666666666667 0.4986111111111111 0.025 0.03333333333333333
0 0.3333333333333333 0.49722222222222223 0.025 0.03333333333333333
0 0.24895833333333334 0.49722222222222223 0.025 0.03333333333333333
0 0.765625 0.6 0.025 0.03333333333333333
0 0.6770833333333334 0.5986111111111111 0.025 0.03333333333333333
0 0.5885416666666666 0.5986111111111111 0.025 0.03333333333333333
0 0.5 0.5972222222222222 0.025 0.03333333333333333
0 0.4114583333333333 0.5972222222222222 0.025 0.03333333333333333
0 0.3229166666666667 0.5958333333333333 0.025 0.03333333333333333
0 0.234375 0.5958333333333333 0.025 0.03333333333333333
0 0.7822916666666667 0.7111111111111111 0.025 0.03333333333333333
0 0.6885416666666667 0.7097222222222223 0.025 0.03333333333333333
0 0.59375 0.7097222222222223 0.025 0.03333333333333333
0 0.5 0.7083333333333334 0.025 0.03333333333333333
0 0.40520833333333334 0.7083333333333334 0.025 0.03333333333333333
0 0.3104166666666667 0.7069444444444445 0.025 0.03333333333333333
0 0.21666666666666667 0.7069444444444445 0.025 0.03333333333333333