0 0.734375 0.1537037037037037 0.020833333333333332 0.03518518518518519
0 0.6614583333333334 0.1537037037037037 0.020833333333333332 0.03518518518518519
0 0.5885416666666666 0.1537037037037037 0.020833333333333332 0.03518518518518519
0 0.5166666666666667 0.15231481481481482 0.020833333333333332 0.03518518518518519
0 0.44375 0.15231481481481482 0.020833333333333332 0.03518518518518519
0 0.37083333333333335 0.15231481481481482 0.020833333333333332 0.03518518518518519
0 0.2989583333333333 0.15231481481481482 0.020833333333333332 0.03518518518518519
0 0.7427083333333333 0.23425925925925925 0.020833333333333332 0.03518518518518519
0 0.6677083333333333 0.23425925925925925 0.020833333333333332 0.03518518518518519
0 0.5916666666666667 0.2324074074074074 0.020833333333333332 0.03518518518518519
0 0.5166666666666667 0.2324074074074074 0.020833333333333332 0.03518518518518519
0 0.440625 0.2324074074074074 0.020833333333333332 0.03518518518518519
0 0.365625 0.2324074074074074 0.020833333333333332 0.03518518518518519
0 0.290625 0.23055555555555557 0.020833333333333332 0.03518518518518519
0 0.7520833333333333 0.32175925925925924 0.020833333333333332 0.03518518518518519
0 0.6739583333333333 0.3199074074074074 0.020833333333333332 0.03518518518518519
0 0.5947916666666667 0.3199074074074074 0.020833333333333332 0.03518518518518519
0 0.5166666666666667 0.3199074074074074 0.020833333333333332 0.03518518518518519
0 0.4375 0.31805555555555554 0.020833333333333332 0.03518518518518519
0 0.359375 0.31805555555555554 0.020833333333333332 0.03518518518518519
0 0.28125 0.31805555555555554 0.020833333333333332 0.03518518518518519
0 0.7625 0.4162037037037037 0.020833333333333332 0.03518518518518519
0 0.6802083333333333 0.41435185185185186 0.020833333333333332 0.03518518518518519
0 0.5979166666666667 0.41435185185185186 0.020833333333333332 0.03518518518518519
0 0.5166666666666667 0.4125 0.020833333333333332 0.03518518518518519
0 0.434375 0.4125 0.020833333333333332 0.03518518518518519
0 0.353125 0.4125 0.020833333333333332 0.03518518518518519
0 0.271875 0.41064814814814815 0.020833333333333332 0.03518518518518519
0 0.7729166666666667 0.5175925925925926 0.020833333333333332 0.03518518518518519
0 0.6875 0.5175925925925926 0.020833333333333332 0.03518518518518519
0 0.6020833333333333 0.5157407407407407 0.020833333333333332 0.03518518518518519
0 0.5166666666666667 0.5157407407407407 0.020833333333333332 0.03518518518518519
0 0.43125 0.5138888888888888 0.020833333333333332 0.03518518518518519
0 0.3458333333333333 0.5138888888888888 0.020833333333333332 0.03518518518518519
0 0.26145833333333335 0.5120370370370371 0.020833333333333332 0.03518518518518519
0 0.784375 0.6291666666666667 0.020833333333333332 0.03518518518518519
0 0.6947916666666667 0.6277777777777778 0.020833333333333332 0.03518518518518519
0 0.6052083333333333 0.6277777777777778 0.020833333333333332 0.03518518518518519
0 0.5166666666666667 0.6259259259259259 0.020833333333333332 0.03518518518518519
0 0.4270833333333333 0.6259259259259259 0.020833333333333332 0.03518518518518519
0 0.3385416666666667 0.6240740740740741 0.020833333333333332 0.03518518518518519
0 0.25 0.6240740740740741 0.020833333333333332 0.03518518518518519
0 0.796875 0.7518518518518519 0.020833333333333332 0.03518518518518519
0 0.703125 0.75 0.020833333333333332 0.03518518518518519
0 0.609375 0.75 0.020833333333333332 0.03518518518518519
0 0.5166666666666667 0.7481481481481481 0.020833333333333332 0.03518518518518519
0 0.42291666666666666 0.7462962962962963 0.020833333333333332 0.03518518518518519
0 0.3302083333333333 0.7462962962962963 0.020833333333333332 0.03518518518518519
0 0.2375 0.7449074074074075 0.020833333333333332 0.03518518518518519