0 0.309375 0.6486111111111111 0.020833333333333332 0.027777777777777776
0 0.384375 0.6486111111111111 0.020833333333333332 0.027777777777777776
0 0.46041666666666664 0.6486111111111111 0.020833333333333332 0.027777777777777776
0 0.5364583333333334 0.6486111111111111 0.020833333333333332 0.027777777777777776
0 0.6135416666666667 0.6486111111111111 0.020833333333333332 0.027777777777777776
0 0.6916666666666667 0.6472222222222223 0.020833333333333332 0.027777777777777776
0 0.76875 0.6472222222222223 0.020833333333333332 0.027777777777777776
0 0.31979166666666664 0.5611111111111111 0.020833333333333332 0.027777777777777776
0 0.39166666666666666 0.5611111111111111 0.020833333333333332 0.027777777777777776
0 0.4635416666666667 0.5611111111111111 0.020833333333333332 0.027777777777777776
0 0.5364583333333334 0.5597222222222222 0.020833333333333332 0.027777777777777776
0 0.609375 0.5597222222222222 0.020833333333333332 0.027777777777777776
0 0.6833333333333333 0.5597222222222222 0.020833333333333332 0.027777777777777776
0 0.7572916666666667 0.5597222222222222 0.020833333333333332 0.027777777777777776
0 0.32916666666666666 0.48194444444444445 0.020833333333333332 0.027777777777777776
0 0.39791666666666664 0.48194444444444445 0.020833333333333332 0.027777777777777776
0 0.4666666666666667 0.48055555555555557 0.020833333333333332 0.027777777777777776
0 0.5364583333333334 0.48055555555555557 0.020833333333333332 0.027777777777777776
0 0.6052083333333333 0.48055555555555557 0.020833333333333332 0.027777777777777776
0 0.6760416666666667 0.4791666666666667 0.020833333333333332 0.027777777777777776
0 0.746875 0.4791666666666667 0.020833333333333332 0.027777777777777776
0 0.3385416666666667 0.4097222222222222 0.020833333333333332 0.027777777777777776
0 0.403125 0.4097222222222222 0.020833333333333332 0.027777777777777776
0 0.46979166666666666 0.4083333333333333 0.020833333333333332 0.027777777777777776
0 0.5354166666666667 0.4083333333333333 0.020833333333333332 0.027777777777777776
0 0.6020833333333333 0.40694444444444444 0.020833333333333332 0.027777777777777776
0 0.66875 0.40694444444444444 0.020833333333333332 0.027777777777777776
0 0.7364583333333333 0.40555555555555556 0.020833333333333332 0.027777777777777776
0 0.3458333333333333 0.34444444444444444 0.020833333333333332 0.027777777777777776
0 0.409375 0.34305555555555556 0.020833333333333332 0.027777777777777776
0 0.471875 0.34305555555555556 0.020833333333333332 0.027777777777777776
0 0.5354166666666667 0.3416666666666667 0.020833333333333332 0.027777777777777776
0 0.5989583333333334 0.3402777777777778 0.020833333333333332 0.027777777777777776
0 0.6635416666666667 0.3402777777777778 0.020833333333333332 0.027777777777777776
0 0.7270833333333333 0.3388888888888889 0.020833333333333332 0.027777777777777776
0 0.353125 0.2833333333333333 0.020833333333333332 0.027777777777777776
0 0.41354166666666664 0.2833333333333333 0.020833333333333332 0.027777777777777776
0 0.4739583333333333 0.28194444444444444 0.020833333333333332 0.027777777777777776
0 0.5354166666666667 0.28055555555555556 0.020833333333333332 0.027777777777777776
0 0.5958333333333333 0.2791666666666667 0.020833333333333332 0.027777777777777776
0 0.6572916666666667 0.2791666666666667 0.020833333333333332 0.027777777777777776
0 0.7197916666666667 0.2777777777777778 0.020833333333333332 0.027777777777777776
0 0.36041666666666666 0.22777777777777777 0.020833333333333332 0.027777777777777776
0 0.41770833333333335 0.2263888888888889 0.020833333333333332 0.027777777777777776
0 0.47604166666666664 0.2263888888888889 0.020833333333333332 0.027777777777777776
0 0.534375 0.225 0.020833333333333332 0.027777777777777776
0 0.59375 0.22361111111111112 0.020833333333333332 0.027777777777777776
0 0.6520833333333333 0.2222222222222222 0.020833333333333332 0.027777777777777776
0 0.7114583333333333 0.22083333333333333 0.020833333333333332 0.027777777777777776