0 0.7260416666666667 0.8319444444444445 0.020833333333333332 0.027777777777777776
0 0.7177083333333333 0.7444444444444445 0.020833333333333332 0.027777777777777776
0 0.709375 0.6638888888888889 0.020833333333333332 0.027777777777777776
0 0.7020833333333333 0.5875 0.020833333333333332 0.027777777777777776
0 0.6958333333333333 0.5166666666666667 0.020833333333333332 0.027777777777777776
0 0.6885416666666667 0.45 0.020833333333333332 0.027777777777777776
0 0.6833333333333333 0.3861111111111111 0.020833333333333332 0.027777777777777776
0 0.6489583333333333 0.8305555555555556 0.020833333333333332 0.027777777777777776
0 0.64375 0.7444444444444445 0.020833333333333332 0.027777777777777776
0 0.6385416666666667 0.6625 0.020833333333333332 0.027777777777777776
0 0.6333333333333333 0.5875 0.020833333333333332 0.027777777777777776
0 0.628125 0.5152777777777777 0.020833333333333332 0.027777777777777776
0 0.6239583333333333 0.4486111111111111 0.020833333333333332 0.027777777777777776
0 0.6197916666666666 0.38472222222222224 0.020833333333333332 0.027777777777777776
0 0.5729166666666666 0.8291666666666667 0.020833333333333332 0.027777777777777776
0 0.5697916666666667 0.7430555555555556 0.020833333333333332 0.027777777777777776
0 0.5666666666666667 0.6625 0.020833333333333332 0.027777777777777776
0 0.5635416666666667 0.5861111111111111 0.020833333333333332 0.027777777777777776
0 0.5604166666666667 0.5152777777777777 0.020833333333333332 0.027777777777777776
0 0.5583333333333333 0.44722222222222224 0.020833333333333332 0.027777777777777776
0 0.55625 0.38333333333333336 0.020833333333333332 0.027777777777777776
0 0.49583333333333335 0.8291666666666667 0.020833333333333332 0.027777777777777776
0 0.49583333333333335 0.7416666666666667 0.020833333333333332 0.027777777777777776
0 0.4947916666666667 0.6611111111111111 0.020833333333333332 0.027777777777777776
0 0.49375 0.5847222222222223 0.020833333333333332 0.027777777777777776
0 0.49375 0.5138888888888888 0.020833333333333332 0.027777777777777776
0 0.49270833333333336 0.44583333333333336 0.020833333333333332 0.027777777777777776
0 0.49270833333333336 0.38333333333333336 0.020833333333333332 0.027777777777777776
0 0.4197916666666667 0.8277777777777777 0.020833333333333332 0.027777777777777776
0 0.42083333333333334 0.7416666666666667 0.020833333333333332 0.027777777777777776
0 0.42291666666666666 0.6597222222222222 0.020833333333333332 0.027777777777777776
0 0.4239583333333333 0.5847222222222223 0.020833333333333332 0.027777777777777776
0 0.42604166666666665 0.5125 0.020833333333333332 0.027777777777777776
0 0.4270833333333333 0.44583333333333336 0.020833333333333332 0.027777777777777776
0 0.428125 0.3819444444444444 0.020833333333333332 0.027777777777777776
0 0.34270833333333334 0.8263888888888888 0.020833333333333332 0.027777777777777776
0 0.346875 0.7402777777777778 0.020833333333333332 0.027777777777777776
0 0.35104166666666664 0.6597222222222222 0.020833333333333332 0.027777777777777776
0 0.35520833333333335 0.5833333333333334 0.020833333333333332 0.027777777777777776
0 0.35833333333333334 0.5111111111111111 0.020833333333333332 0.027777777777777776
0 0.3614583333333333 0.4444444444444444 0.020833333333333332 0.027777777777777776
0 0.3645833333333333 0.38055555555555554 0.020833333333333332 0.027777777777777776
0 0.265625 0.825 0.020833333333333332 0.027777777777777776
0 0.27291666666666664 0.7388888888888889 0.020833333333333332 0.027777777777777776
0 0.2791666666666667 0.6583333333333333 0.020833333333333332 0.027777777777777776
0 0.28541666666666665 0.5819444444444445 0.020833333333333332 0.027777777777777776
0 0.290625 0.5111111111111111 0.020833333333333332 0.027777777777777776
0 0.29583333333333334 0.44305555555555554 0.020833333333333332 0.027777777777777776
0 0.30104166666666665 0.38055555555555554 0.020833333333333332 0.027777777777777776