0 0.33229166666666665 0.6152777777777778 0.01875 0.025
0 0.4083333333333333 0.6111111111111112 0.01875 0.025
0 0.484375 0.6083333333333333 0.01875 0.025
0 0.559375 0.6041666666666666 0.01875 0.025
0 0.634375 0.6 0.01875 0.025
0 0.7083333333333334 0.5972222222222222 0.01875 0.025
0 0.7833333333333333 0.5930555555555556 0.01875 0.025
0 0.3375 0.5319444444444444 0.01875 0.025
0 0.41041666666666665 0.5291666666666667 0.01875 0.025
0 0.4822916666666667 0.525 0.01875 0.025
0 0.553125 0.5222222222222223 0.01875 0.025
0 0.625 0.5194444444444445 0.01875 0.025
0 0.6958333333333333 0.5152777777777777 0.01875 0.025
0 0.7666666666666667 0.5125 0.01875 0.025
0 0.34270833333333334 0.45694444444444443 0.01875 0.025
0 0.4114583333333333 0.45416666666666666 0.01875 0.025
0 0.48020833333333335 0.4513888888888889 0.01875 0.025
0 0.5489583333333333 0.44722222222222224 0.01875 0.025
0 0.6166666666666667 0.4444444444444444 0.01875 0.025
0 0.684375 0.44166666666666665 0.01875 0.025
0 0.7520833333333333 0.4388888888888889 0.01875 0.025
0 0.346875 0.3875 0.01875 0.025
0 0.4125 0.38472222222222224 0.01875 0.025
0 0.478125 0.3819444444444444 0.01875 0.025
0 0.54375 0.37916666666666665 0.01875 0.025
0 0.609375 0.3763888888888889 0.01875 0.025
0 0.6739583333333333 0.3736111111111111 0.01875 0.025
0 0.7385416666666667 0.37083333333333335 0.01875 0.025
0 0.35 0.325 0.01875 0.025
0 0.41354166666666664 0.32222222222222224 0.01875 0.025
0 0.47708333333333336 0.3194444444444444 0.01875 0.025
0 0.5395833333333333 0.31666666666666665 0.01875 0.025
0 0.6020833333333333 0.31527777777777777 0.01875 0.025
0 0.6645833333333333 0.3125 0.01875 0.025
0 0.7260416666666667 0.30972222222222223 0.01875 0.025
0 0.3541666666666667 0.26666666666666666 0.01875 0.025
0 0.41458333333333336 0.2638888888888889 0.01875 0.025
0 0.475 0.2625 0.01875 0.025
0 0.5354166666666667 0.25972222222222224 0.01875 0.025
0 0.5958333333333333 0.2569444444444444 0.01875 0.025
0 0.6552083333333333 0.25555555555555554 0.01875 0.025
0 0.7145833333333333 0.25277777777777777 0.01875 0.025
0 0.3572916666666667 0.21388888888888888 0.01875 0.025
0 0.415625 0.2111111111111111 0.01875 0.025
0 0.4739583333333333 0.20833333333333334 0.01875 0.025
0 0.53125 0.20694444444444443 0.01875 0.025
0 0.5895833333333333 0.20416666666666666 0.01875 0.025
0 0.646875 0.20277777777777778 0.01875 0.025
0 0.7041666666666667 0.2 0.01875 0.025