0 0.7364583333333333 0.09814814814814815 0.035416666666666666 0.03518518518518519
0 0.65625 0.1 0.035416666666666666 0.03518518518518519
0 0.5760416666666667 0.10185185185185185 0.035416666666666666 0.03518518518518519
0 0.49583333333333335 0.1050925925925926 0.035416666666666666 0.03518518518518519
0 0.4166666666666667 0.10740740740740741 0.035416666666666666 0.03518518518518519
0 0.33645833333333336 0.10925925925925926 0.035416666666666666 0.03518518518518519
0 0.25729166666666664 0.1125 0.035416666666666666 0.03518518518518519
0 0.7447916666666666 0.15185185185185185 0.035416666666666666 0.03518518518518519
0 0.6614583333333334 0.1550925925925926 0.035416666666666666 0.03518518518518519
0 0.578125 0.1574074074074074 0.035416666666666666 0.03518518518518519
0 0.4947916666666667 0.15925925925925927 0.035416666666666666 0.03518518518518519
0 0.4125 0.1625 0.035416666666666666 0.03518518518518519
0 0.32916666666666666 0.1648148148148148 0.035416666666666666 0.03518518518518519
0 0.246875 0.1675925925925926 0.035416666666666666 0.03518518518518519
0 0.753125 0.21157407407407408 0.035416666666666666 0.03518518518518519
0 0.6666666666666666 0.21481481481481482 0.035416666666666666 0.03518518518518519
0 0.5802083333333333 0.21666666666666667 0.035416666666666666 0.03518518518518519
0 0.49375 0.21851851851851853 0.035416666666666666 0.03518518518518519
0 0.40729166666666666 0.22175925925925927 0.035416666666666666 0.03518518518518519
0 0.321875 0.22407407407407406 0.035416666666666666 0.03518518518518519
0 0.23541666666666666 0.22685185185185186 0.035416666666666666 0.03518518518518519
0 0.7635416666666667 0.2759259259259259 0.035416666666666666 0.03518518518518519
0 0.6729166666666667 0.27824074074074073 0.035416666666666666 0.03518518518518519
0 0.5822916666666667 0.2814814814814815 0.035416666666666666 0.03518518518518519
0 0.49270833333333336 0.2833333333333333 0.035416666666666666 0.03518518518518519
0 0.403125 0.2865740740740741 0.035416666666666666 0.03518518518518519
0 0.3125 0.2884259259259259 0.035416666666666666 0.03518518518518519
0 0.22291666666666668 0.2916666666666667 0.035416666666666666 0.03518518518518519
0 0.7739583333333333 0.3458333333333333 0.035416666666666666 0.03518518518518519
0 0.6791666666666667 0.3490740740740741 0.035416666666666666 0.03518518518518519
0 0.5854166666666667 0.3509259259259259 0.035416666666666666 0.03518518518518519
0 0.490625 0.3541666666666667 0.035416666666666666 0.03518518518518519
0 0.396875 0.35648148148148145 0.035416666666666666 0.03518518518518519
0 0.303125 0.3592592592592593 0.035416666666666666 0.03518518518518519
0 0.209375 0.3625 0.035416666666666666 0.03518518518518519
0 0.7854166666666667 0.4217592592592593 0.035416666666666666 0.03518518518518519
0 0.6864583333333333 0.425 0.035416666666666666 0.03518518518518519
0 0.5875 0.42824074074074076 0.035416666666666666 0.03518518518518519
0 0.4895833333333333 0.4300925925925926 0.035416666666666666 0.03518518518518519
0 0.39166666666666666 0.43333333333333335 0.035416666666666666 0.03518518518518519
0 0.29270833333333335 0.43657407407407406 0.035416666666666666 0.03518518518518519
0 0.19479166666666667 0.43842592592592594 0.035416666666666666 0.03518518518518519
0 0.7979166666666667 0.5064814814814815 0.035416666666666666 0.03518518518518519
0 0.6947916666666667 0.5092592592592593 0.035416666666666666 0.03518518518518519
0 0.590625 0.5125 0.035416666666666666 0.03518518518518519
0 0.4875 0.5148148148148148 0.035416666666666666 0.03518518518518519
0 0.384375 0.5175925925925926 0.035416666666666666 0.03518518518518519
0 0.28229166666666666 0.5208333333333334 0.035416666666666666 0.03518518518518519
0 0.17916666666666667 0.5231481481481481 0.035416666666666666 0.03518518518518519