0 0.7322916666666667 0.15046296296296297 0.020833333333333332 0.03518518518518519
0 0.6604166666666667 0.15046296296296297 0.020833333333333332 0.03518518518518519
0 0.5885416666666666 0.1486111111111111 0.020833333333333332 0.03518518518518519
0 0.5166666666666667 0.1486111111111111 0.020833333333333332 0.03518518518518519
0 0.44479166666666664 0.14675925925925926 0.020833333333333332 0.03518518518518519
0 0.3729166666666667 0.14675925925925926 0.020833333333333332 0.03518518518518519
0 0.30104166666666665 0.14675925925925926 0.020833333333333332 0.03518518518518519
0 0.740625 0.23055555555555557 0.020833333333333332 0.03518518518518519
0 0.6666666666666666 0.23055555555555557 0.020833333333333332 0.03518518518518519
0 0.5916666666666667 0.22916666666666666 0.020833333333333332 0.03518518518518519
0 0.5166666666666667 0.22916666666666666 0.020833333333333332 0.03518518518518519
0 0.44166666666666665 0.2273148148148148 0.020833333333333332 0.03518518518518519
0 0.36770833333333336 0.2273148148148148 0.020833333333333332 0.03518518518518519
0 0.29270833333333335 0.22546296296296298 0.020833333333333332 0.03518518518518519
0 0.75 0.31805555555555554 0.020833333333333332 0.03518518518518519
0 0.671875 0.3162037037037037 0.020833333333333332 0.03518518518518519
0 0.5947916666666667 0.3162037037037037 0.020833333333333332 0.03518518518518519
0 0.5166666666666667 0.3148148148148148 0.020833333333333332 0.03518518518518519
0 0.43854166666666666 0.3148148148148148 0.020833333333333332 0.03518518518518519
0 0.3614583333333333 0.31296296296296294 0.020833333333333332 0.03518518518518519
0 0.2833333333333333 0.31296296296296294 0.020833333333333332 0.03518518518518519
0 0.7604166666666666 0.4125 0.020833333333333332 0.03518518518518519
0 0.6791666666666667 0.41064814814814815 0.020833333333333332 0.03518518518518519
0 0.5979166666666667 0.40925925925925927 0.020833333333333332 0.03518518518518519
0 0.5166666666666667 0.40925925925925927 0.020833333333333332 0.03518518518518519
0 0.4354166666666667 0.4074074074074074 0.020833333333333332 0.03518518518518519
0 0.3541666666666667 0.4074074074074074 0.020833333333333332 0.03518518518518519
0 0.27395833333333336 0.40555555555555556 0.020833333333333332 0.03518518518518519
0 0.7708333333333334 0.5138888888888888 0.020833333333333332 0.03518518518518519
0 0.6864583333333333 0.5138888888888888 0.020833333333333332 0.03518518518518519
0 0.6010416666666667 0.5120370370370371 0.020833333333333332 0.03518518518518519
0 0.5166666666666667 0.5106481481481482 0.020833333333333332 0.03518518518518519
0 0.4322916666666667 0.5106481481481482 0.020833333333333332 0.03518518518518519
0 0.346875 0.5087962962962963 0.020833333333333332 0.03518518518518519
0 0.2625 0.5087962962962963 0.020833333333333332 0.03518518518518519
0 0.7833333333333333 0.6259259259259259 0.020833333333333332 0.03518518518518519
0 0.69375 0.6259259259259259 0.020833333333333332 0.03518518518518519
0 0.6052083333333333 0.6240740740740741 0.020833333333333332 0.03518518518518519
0 0.5166666666666667 0.6222222222222222 0.020833333333333332 0.03518518518518519
0 0.428125 0.6222222222222222 0.020833333333333332 0.03518518518518519
0 0.33958333333333335 0.6208333333333333 0.020833333333333332 0.03518518518518519
0 0.25104166666666666 0.6208333333333333 0.020833333333333332 0.03518518518518519
0 0.7958333333333333 0.75 0.020833333333333332 0.03518518518518519
0 0.703125 0.7481481481481481 0.020833333333333332 0.03518518518518519
0 0.609375 0.7481481481481481 0.020833333333333332 0.03518518518518519
0 0.5166666666666667 0.7462962962962963 0.020833333333333332 0.03518518518518519
0 0.4239583333333333 0.7449074074074075 0.020833333333333332 0.03518518518518519
0 0.3302083333333333 0.7430555555555556 0.020833333333333332 0.03518518518518519
0 0.2375 0.7430555555555556 0.020833333333333332 0.03518518518518519