0 0.75 0.25925925925925924 0.035416666666666666 0.03518518518518519
0 0.6625 0.2601851851851852 0.035416666666666666 0.03518518518518519
0 0.5770833333333333 0.2601851851851852 0.035416666666666666 0.03518518518518519
0 0.49270833333333336 0.26157407407407407 0.035416666666666666 0.03518518518518519
0 0.41041666666666665 0.26157407407407407 0.035416666666666666 0.03518518518518519
0 0.3302083333333333 0.2625 0.035416666666666666 0.03518518518518519
0 0.25104166666666666 0.2625 0.035416666666666666 0.03518518518518519
0 0.7510416666666667 0.3333333333333333 0.035416666666666666 0.03518518518518519
0 0.6614583333333334 0.3333333333333333 0.035416666666666666 0.03518518518518519
0 0.5729166666666666 0.3333333333333333 0.035416666666666666 0.03518518518518519
0 0.4864583333333333 0.3333333333333333 0.035416666666666666 0.03518518518518519
0 0.40208333333333335 0.3333333333333333 0.035416666666666666 0.03518518518518519
0 0.31875 0.33240740740740743 0.035416666666666666 0.03518518518518519
0 0.2375 0.33240740740740743 0.035416666666666666 0.03518518518518519
0 0.753125 0.4125 0.035416666666666666 0.03518518518518519
0 0.6604166666666667 0.4115740740740741 0.035416666666666666 0.03518518518518519
0 0.56875 0.4101851851851852 0.035416666666666666 0.03518518518518519
0 0.4791666666666667 0.40925925925925927 0.035416666666666666 0.03518518518518519
0 0.3927083333333333 0.4083333333333333 0.035416666666666666 0.03518518518518519
0 0.30625 0.4074074074074074 0.035416666666666666 0.03518518518518519
0 0.22291666666666668 0.4064814814814815 0.035416666666666666 0.03518518518518519
0 0.7552083333333334 0.49675925925925923 0.035416666666666666 0.03518518518518519
0 0.6583333333333333 0.4949074074074074 0.035416666666666666 0.03518518518518519
0 0.5645833333333333 0.4935185185185185 0.035416666666666666 0.03518518518518519
0 0.471875 0.49166666666666664 0.035416666666666666 0.03518518518518519
0 0.38229166666666664 0.4898148148148148 0.035416666666666666 0.03518518518518519
0 0.29375 0.4875 0.035416666666666666 0.03518518518518519
0 0.20729166666666668 0.48518518518518516 0.035416666666666666 0.03518518518518519
0 0.7572916666666667 0.5875 0.035416666666666666 0.03518518518518519
0 0.6572916666666667 0.5842592592592593 0.035416666666666666 0.03518518518518519
0 0.559375 0.5814814814814815 0.035416666666666666 0.03518518518518519
0 0.46458333333333335 0.5791666666666667 0.035416666666666666 0.03518518518518519
0 0.37083333333333335 0.575925925925926 0.035416666666666666 0.03518518518518519
0 0.28020833333333334 0.5731481481481482 0.035416666666666666 0.03518518518518519
0 0.190625 0.5699074074074074 0.035416666666666666 0.03518518518518519
0 0.759375 0.6851851851851852 0.035416666666666666 0.03518518518518519
0 0.6552083333333333 0.6814814814814815 0.035416666666666666 0.03518518518518519
0 0.5541666666666667 0.6759259259259259 0.035416666666666666 0.03518518518518519
0 0.45625 0.6717592592592593 0.035416666666666666 0.03518518518518519
0 0.359375 0.6675925925925926 0.035416666666666666 0.03518518518518519
0 0.265625 0.6648148148148149 0.035416666666666666 0.03518518518518519
0 0.17395833333333333 0.6601851851851852 0.035416666666666666 0.03518518518518519
0 0.7614583333333333 0.7907407407407407 0.035416666666666666 0.03518518518518519
0 0.6541666666666667 0.7842592592592592 0.035416666666666666 0.03518518518518519
0 0.5489583333333333 0.7782407407407408 0.035416666666666666 0.03518518518518519
0 0.446875 0.7731481481481481 0.035416666666666666 0.03518518518518519
0 0.346875 0.7675925925925926 0.035416666666666666 0.03518518518518519
0 0.25 0.7615740740740741 0.035416666666666666 0.03518518518518519
0 0.15520833333333334 0.7564814814814815 0.035416666666666666 0.03518518518518519