0 0.2708333333333333 0.21666666666666667 0.035416666666666666 0.03518518518518519
0 0.3489583333333333 0.21666666666666667 0.035416666666666666 0.03518518518518519
0 0.4270833333333333 0.2175925925925926 0.035416666666666666 0.03518518518518519
0 0.50625 0.2175925925925926 0.035416666666666666 0.03518518518518519
0 0.584375 0.2175925925925926 0.035416666666666666 0.03518518518518519
0 0.6635416666666667 0.2175925925925926 0.035416666666666666 0.03518518518518519
0 0.7427083333333333 0.21851851851851853 0.035416666666666666 0.03518518518518519
0 0.259375 0.27175925925925926 0.035416666666666666 0.03518518518518519
0 0.340625 0.27314814814814814 0.035416666666666666 0.03518518518518519
0 0.421875 0.27314814814814814 0.035416666666666666 0.03518518518518519
0 0.5041666666666667 0.27314814814814814 0.035416666666666666 0.03518518518518519
0 0.5864583333333333 0.2740740740740741 0.035416666666666666 0.03518518518518519
0 0.6677083333333333 0.2740740740740741 0.035416666666666666 0.03518518518518519
0 0.75 0.2740740740740741 0.035416666666666666 0.03518518518518519
0 0.246875 0.33240740740740743 0.035416666666666666 0.03518518518518519
0 0.33125 0.33240740740740743 0.035416666666666666 0.03518518518518519
0 0.4166666666666667 0.3333333333333333 0.035416666666666666 0.03518518518518519
0 0.5020833333333333 0.3333333333333333 0.035416666666666666 0.03518518518518519
0 0.5875 0.3333333333333333 0.035416666666666666 0.03518518518518519
0 0.6729166666666667 0.33425925925925926 0.035416666666666666 0.03518518518518519
0 0.7583333333333333 0.33425925925925926 0.035416666666666666 0.03518518518518519
0 0.23333333333333334 0.39675925925925926 0.035416666666666666 0.03518518518518519
0 0.321875 0.39814814814814814 0.035416666666666666 0.03518518518518519
0 0.41041666666666665 0.39814814814814814 0.035416666666666666 0.03518518518518519
0 0.5 0.3990740740740741 0.035416666666666666 0.03518518518518519
0 0.5885416666666666 0.3990740740740741 0.035416666666666666 0.03518518518518519
0 0.678125 0.4 0.035416666666666666 0.03518518518518519
0 0.7677083333333333 0.4 0.035416666666666666 0.03518518518518519
0 0.21875 0.4685185185185185 0.035416666666666666 0.03518518518518519
0 0.31145833333333334 0.4685185185185185 0.035416666666666666 0.03518518518518519
0 0.4041666666666667 0.4699074074074074 0.035416666666666666 0.03518518518518519
0 0.496875 0.4699074074074074 0.035416666666666666 0.03518518518518519
0 0.590625 0.4708333333333333 0.035416666666666666 0.03518518518518519
0 0.684375 0.47175925925925927 0.035416666666666666 0.03518518518518519
0 0.778125 0.47175925925925927 0.035416666666666666 0.03518518518518519
0 0.20208333333333334 0.5467592592592593 0.035416666666666666 0.03518518518518519
0 0.3 0.5467592592592593 0.035416666666666666 0.03518518518518519
0 0.396875 0.5481481481481482 0.035416666666666666 0.03518518518518519
0 0.4947916666666667 0.549074074074074 0.035416666666666666 0.03518518518518519
0 0.5927083333333333 0.549074074074074 0.035416666666666666 0.03518518518518519
0 0.690625 0.55 0.035416666666666666 0.03518518518518519
0 0.7885416666666667 0.5509259259259259 0.035416666666666666 0.03518518518518519
0 0.184375 0.6324074074074074 0.035416666666666666 0.03518518518518519
0 0.2864583333333333 0.6333333333333333 0.035416666666666666 0.03518518518518519
0 0.38958333333333334 0.6342592592592593 0.035416666666666666 0.03518518518518519
0 0.49166666666666664 0.6351851851851852 0.035416666666666666 0.03518518518518519
0 0.5947916666666667 0.6351851851851852 0.035416666666666666 0.03518518518518519
0 0.6979166666666666 0.6365740740740741 0.035416666666666666 0.03518518518518519
0 0.8010416666666667 0.6375 0.035416666666666666 0.03518518518518519