0 0.7114583333333333 0.3282407407407407 0.03333333333333333 0.03333333333333333
0 0.6385416666666667 0.3314814814814815 0.03333333333333333 0.03333333333333333
0 0.565625 0.3333333333333333 0.03333333333333333 0.03333333333333333
0 0.49375 0.3365740740740741 0.03333333333333333 0.03333333333333333
0 0.42291666666666666 0.3384259259259259 0.03333333333333333 0.03333333333333333
0 0.35208333333333336 0.3416666666666667 0.03333333333333333 0.03333333333333333
0 0.28125 0.3435185185185185 0.03333333333333333 0.03333333333333333
0 0.7197916666666667 0.3907407407407407 0.03333333333333333 0.03333333333333333
0 0.64375 0.3925925925925926 0.03333333333333333 0.03333333333333333
0 0.56875 0.3958333333333333 0.03333333333333333 0.03333333333333333
0 0.49375 0.39814814814814814 0.03333333333333333 0.03333333333333333
0 0.4197916666666667 0.4 0.03333333333333333 0.03333333333333333
0 0.3458333333333333 0.40324074074074073 0.03333333333333333 0.03333333333333333
0 0.27291666666666664 0.4050925925925926 0.03333333333333333 0.03333333333333333
0 0.7291666666666666 0.4583333333333333 0.03333333333333333 0.03333333333333333
0 0.65 0.4601851851851852 0.03333333333333333 0.03333333333333333
0 0.571875 0.4625 0.03333333333333333 0.03333333333333333
0 0.49375 0.4648148148148148 0.03333333333333333 0.03333333333333333
0 0.4166666666666667 0.4675925925925926 0.03333333333333333 0.03333333333333333
0 0.340625 0.4699074074074074 0.03333333333333333 0.03333333333333333
0 0.26458333333333334 0.47175925925925927 0.03333333333333333 0.03333333333333333
0 0.7395833333333334 0.5314814814814814 0.03333333333333333 0.03333333333333333
0 0.6572916666666667 0.5333333333333333 0.03333333333333333 0.03333333333333333
0 0.575 0.5351851851851852 0.03333333333333333 0.03333333333333333
0 0.49375 0.5375 0.03333333333333333 0.03333333333333333
0 0.41354166666666664 0.5398148148148149 0.03333333333333333 0.03333333333333333
0 0.334375 0.5416666666666666 0.03333333333333333 0.03333333333333333
0 0.2552083333333333 0.5435185185185185 0.03333333333333333 0.03333333333333333
0 0.7510416666666667 0.611574074074074 0.03333333333333333 0.03333333333333333
0 0.6645833333333333 0.6134259259259259 0.03333333333333333 0.03333333333333333
0 0.5791666666666667 0.6148148148148148 0.03333333333333333 0.03333333333333333
0 0.49375 0.6166666666666667 0.03333333333333333 0.03333333333333333
0 0.41041666666666665 0.6185185185185185 0.03333333333333333 0.03333333333333333
0 0.32708333333333334 0.6199074074074075 0.03333333333333333 0.03333333333333333
0 0.24479166666666666 0.6217592592592592 0.03333333333333333 0.03333333333333333
0 0.7635416666666667 0.6990740740740741 0.03333333333333333 0.03333333333333333
0 0.6729166666666667 0.7 0.03333333333333333 0.03333333333333333
0 0.5833333333333334 0.7018518518518518 0.03333333333333333 0.03333333333333333
0 0.4947916666666667 0.7032407407407407 0.03333333333333333 0.03333333333333333
0 0.40625 0.7041666666666667 0.03333333333333333 0.03333333333333333
0 0.31979166666666664 0.7064814814814815 0.03333333333333333 0.03333333333333333
0 0.23333333333333334 0.7074074074074074 0.03333333333333333 0.03333333333333333
0 0.7760416666666666 0.7949074074074074 0.03333333333333333 0.03333333333333333
0 0.68125 0.7958333333333333 0.03333333333333333 0.03333333333333333
0 0.5875 0.7967592592592593 0.03333333333333333 0.03333333333333333
0 0.4947916666666667 0.7981481481481482 0.03333333333333333 0.03333333333333333
0 0.40208333333333335 0.799074074074074 0.03333333333333333 0.03333333333333333
0 0.31145833333333334 0.8 0.03333333333333333 0.03333333333333333
0 0.22083333333333333 0.8009259259259259 0.03333333333333333 0.03333333333333333