0 0.6552083333333333 0.18055555555555555 0.025 0.03333333333333333
0 0.5895833333333333 0.18333333333333332 0.025 0.03333333333333333
0 0.521875 0.18611111111111112 0.025 0.03333333333333333
0 0.45416666666666666 0.18888888888888888 0.025 0.03333333333333333
0 0.3854166666666667 0.19166666666666668 0.025 0.03333333333333333
0 0.315625 0.19444444444444445 0.025 0.03333333333333333
0 0.24375 0.19722222222222222 0.025 0.03333333333333333
0 0.6697916666666667 0.24166666666666667 0.025 0.03333333333333333
0 0.6010416666666667 0.24583333333333332 0.025 0.03333333333333333
0 0.53125 0.24861111111111112 0.025 0.03333333333333333
0 0.459375 0.25277777777777777 0.025 0.03333333333333333
0 0.3875 0.25555555555555554 0.025 0.03333333333333333
0 0.31354166666666666 0.25972222222222224 0.025 0.03333333333333333
0 0.23854166666666668 0.2625 0.025 0.03333333333333333
0 0.6864583333333333 0.30972222222222223 0.025 0.03333333333333333
0 0.6135416666666667 0.3138888888888889 0.025 0.03333333333333333
0 0.540625 0.31805555555555554 0.025 0.03333333333333333
0 0.465625 0.32222222222222224 0.025 0.03333333333333333
0 0.38958333333333334 0.3263888888888889 0.025 0.03333333333333333
0 0.3125 0.33194444444444443 0.025 0.03333333333333333
0 0.23333333333333334 0.33611111111111114 0.025 0.03333333333333333
0 0.7041666666666667 0.38472222222222224 0.025 0.03333333333333333
0 0.628125 0.3902777777777778 0.025 0.03333333333333333
0 0.5510416666666667 0.3958333333333333 0.025 0.03333333333333333
0 0.471875 0.4 0.025 0.03333333333333333
0 0.39166666666666666 0.40555555555555556 0.025 0.03333333333333333
0 0.3104166666666667 0.4111111111111111 0.025 0.03333333333333333
0 0.22708333333333333 0.4166666666666667 0.025 0.03333333333333333
0 0.7239583333333334 0.46944444444444444 0.025 0.03333333333333333
0 0.64375 0.475 0.025 0.03333333333333333
0 0.5625 0.48055555555555557 0.025 0.03333333333333333
0 0.4791666666666667 0.4875 0.025 0.03333333333333333
0 0.39479166666666665 0.49444444444444446 0.025 0.03333333333333333
0 0.30833333333333335 0.5 0.025 0.03333333333333333
0 0.21979166666666666 0.5069444444444444 0.025 0.03333333333333333
0 0.746875 0.5625 0.025 0.03333333333333333
0 0.6625 0.5694444444444444 0.025 0.03333333333333333
0 0.5760416666666667 0.5777777777777777 0.025 0.03333333333333333
0 0.4875 0.5847222222222223 0.025 0.03333333333333333
0 0.39791666666666664 0.5930555555555556 0.025 0.03333333333333333
0 0.30625 0.6013888888888889 0.025 0.03333333333333333
0 0.21145833333333333 0.6097222222222223 0.025 0.03333333333333333
0 0.771875 0.6680555555555555 0.025 0.03333333333333333
0 0.6822916666666666 0.6763888888888889 0.025 0.03333333333333333
0 0.590625 0.6861111111111111 0.025 0.03333333333333333
0 0.496875 0.6958333333333333 0.025 0.03333333333333333
0 0.4010416666666667 0.7055555555555556 0.025 0.03333333333333333
0 0.303125 0.7152777777777778 0.025 0.03333333333333333
0 0.203125 0.725 0.025 0.03333333333333333