0 0.7395833333333334 0.1648148148148148 0.035416666666666666 0.03518518518518519
0 0.6614583333333334 0.1675925925925926 0.035416666666666666 0.03518518518518519
0 0.584375 0.17083333333333334 0.035416666666666666 0.03518518518518519
0 0.50625 0.17407407407407408 0.035416666666666666 0.03518518518518519
0 0.42916666666666664 0.17824074074074073 0.035416666666666666 0.03518518518518519
0 0.35104166666666664 0.1814814814814815 0.035416666666666666 0.03518518518518519
0 0.27395833333333336 0.18425925925925926 0.035416666666666666 0.03518518518518519
0 0.7479166666666667 0.21851851851851853 0.035416666666666666 0.03518518518518519
0 0.6677083333333333 0.22175925925925927 0.035416666666666666 0.03518518518518519
0 0.5864583333333333 0.225 0.035416666666666666 0.03518518518518519
0 0.50625 0.22916666666666666 0.035416666666666666 0.03518518518518519
0 0.425 0.2324074074074074 0.035416666666666666 0.03518518518518519
0 0.34479166666666666 0.2351851851851852 0.035416666666666666 0.03518518518518519
0 0.2635416666666667 0.23981481481481481 0.035416666666666666 0.03518518518518519
0 0.7572916666666667 0.27685185185185185 0.035416666666666666 0.03518518518518519
0 0.6739583333333333 0.2800925925925926 0.035416666666666666 0.03518518518518519
0 0.5895833333333333 0.28425925925925927 0.035416666666666666 0.03518518518518519
0 0.5052083333333334 0.2875 0.035416666666666666 0.03518518518518519
0 0.421875 0.2916666666666667 0.035416666666666666 0.03518518518518519
0 0.3375 0.2949074074074074 0.035416666666666666 0.03518518518518519
0 0.253125 0.29907407407407405 0.035416666666666666 0.03518518518518519
0 0.7677083333333333 0.34074074074074073 0.035416666666666666 0.03518518518518519
0 0.6802083333333333 0.3449074074074074 0.035416666666666666 0.03518518518518519
0 0.5927083333333333 0.34814814814814815 0.035416666666666666 0.03518518518518519
0 0.5052083333333334 0.35185185185185186 0.035416666666666666 0.03518518518518519
0 0.41770833333333335 0.35509259259259257 0.035416666666666666 0.03518518518518519
0 0.3302083333333333 0.3592592592592593 0.035416666666666666 0.03518518518518519
0 0.24166666666666667 0.3625 0.035416666666666666 0.03518518518518519
0 0.7791666666666667 0.40925925925925927 0.035416666666666666 0.03518518518518519
0 0.6875 0.4134259259259259 0.035416666666666666 0.03518518518518519
0 0.5958333333333333 0.41759259259259257 0.035416666666666666 0.03518518518518519
0 0.5041666666666667 0.4217592592592593 0.035416666666666666 0.03518518518518519
0 0.4125 0.425 0.035416666666666666 0.03518518518518519
0 0.32083333333333336 0.42916666666666664 0.035416666666666666 0.03518518518518519
0 0.23020833333333332 0.43333333333333335 0.035416666666666666 0.03518518518518519
0 0.790625 0.48518518518518516 0.035416666666666666 0.03518518518518519
0 0.6958333333333333 0.4898148148148148 0.035416666666666666 0.03518518518518519
0 0.6 0.4935185185185185 0.035416666666666666 0.03518518518518519
0 0.5041666666666667 0.4981481481481482 0.035416666666666666 0.03518518518518519
0 0.4083333333333333 0.5018518518518519 0.035416666666666666 0.03518518518518519
0 0.3125 0.5064814814814815 0.035416666666666666 0.03518518518518519
0 0.215625 0.5101851851851852 0.035416666666666666 0.03518518518518519
0 0.8041666666666667 0.5685185185185185 0.035416666666666666 0.03518518518518519
0 0.7041666666666667 0.5731481481481482 0.035416666666666666 0.03518518518518519
0 0.6041666666666666 0.5768518518518518 0.035416666666666666 0.03518518518518519
0 0.503125 0.5814814814814815 0.035416666666666666 0.03518518518518519
0 0.40208333333333335 0.5851851851851851 0.035416666666666666 0.03518518518518519
0 0.3020833333333333 0.5907407407407408 0.035416666666666666 0.03518518518518519
0 0.20104166666666667 0.5949074074074074 0.035416666666666666 0.03518518518518519