0 0.7354166666666667 0.26342592592592595 0.03333333333333333 0.03333333333333333
0 0.6635416666666667 0.25925925925925924 0.03333333333333333 0.03333333333333333
0 0.5895833333333333 0.2550925925925926 0.03333333333333333 0.03333333333333333
0 0.5125 0.25 0.03333333333333333 0.03333333333333333
0 0.43333333333333335 0.2449074074074074 0.03333333333333333 0.03333333333333333
0 0.35208333333333336 0.23981481481481481 0.03333333333333333 0.03333333333333333
0 0.26666666666666666 0.23425925925925925 0.03333333333333333 0.03333333333333333
0 0.7489583333333333 0.32916666666666666 0.03333333333333333 0.03333333333333333
0 0.675 0.325 0.03333333333333333 0.03333333333333333
0 0.5989583333333334 0.32175925925925924 0.03333333333333333 0.03333333333333333
0 0.5197916666666667 0.3175925925925926 0.03333333333333333 0.03333333333333333
0 0.43854166666666666 0.31342592592592594 0.03333333333333333 0.03333333333333333
0 0.3541666666666667 0.30925925925925923 0.03333333333333333 0.03333333333333333
0 0.26666666666666666 0.3050925925925926 0.03333333333333333 0.03333333333333333
0 0.7635416666666667 0.39814814814814814 0.03333333333333333 0.03333333333333333
0 0.6875 0.3958333333333333 0.03333333333333333 0.03333333333333333
0 0.609375 0.3925925925925926 0.03333333333333333 0.03333333333333333
0 0.528125 0.3907407407407407 0.03333333333333333 0.03333333333333333
0 0.44375 0.3875 0.03333333333333333 0.03333333333333333
0 0.35625 0.38425925925925924 0.03333333333333333 0.03333333333333333
0 0.26666666666666666 0.3814814814814815 0.03333333333333333 0.03333333333333333
0 0.7791666666666667 0.47175925925925927 0.03333333333333333 0.03333333333333333
0 0.7010416666666667 0.4699074074074074 0.03333333333333333 0.03333333333333333
0 0.6197916666666666 0.4685185185185185 0.03333333333333333 0.03333333333333333
0 0.5364583333333334 0.4675925925925926 0.03333333333333333 0.03333333333333333
0 0.44895833333333335 0.46574074074074073 0.03333333333333333 0.03333333333333333
0 0.359375 0.4648148148148148 0.03333333333333333 0.03333333333333333
0 0.26666666666666666 0.4625 0.03333333333333333 0.03333333333333333
0 0.7947916666666667 0.55 0.03333333333333333 0.03333333333333333
0 0.7145833333333333 0.55 0.03333333333333333 0.03333333333333333
0 0.63125 0.55 0.03333333333333333 0.03333333333333333
0 0.5447916666666667 0.55 0.03333333333333333 0.03333333333333333
0 0.4552083333333333 0.55 0.03333333333333333 0.03333333333333333
0 0.3625 0.549074074074074 0.03333333333333333 0.03333333333333333
0 0.265625 0.549074074074074 0.03333333333333333 0.03333333333333333
0 0.8125 0.6333333333333333 0.03333333333333333 0.03333333333333333
0 0.7302083333333333 0.6342592592592593 0.03333333333333333 0.03333333333333333
0 0.64375 0.6365740740740741 0.03333333333333333 0.03333333333333333
0 0.5552083333333333 0.6375 0.03333333333333333 0.03333333333333333
0 0.4625 0.6398148148148148 0.03333333333333333 0.03333333333333333
0 0.365625 0.6416666666666667 0.03333333333333333 0.03333333333333333
0 0.265625 0.6425925925925926 0.03333333333333333 0.03333333333333333
0 0.83125 0.7231481481481481 0.03333333333333333 0.03333333333333333
0 0.7458333333333333 0.725925925925926 0.03333333333333333 0.03333333333333333
0 0.6572916666666667 0.7291666666666666 0.03333333333333333 0.03333333333333333
0 0.565625 0.7324074074074074 0.03333333333333333 0.03333333333333333
0 0.46875 0.736574074074074 0.03333333333333333 0.03333333333333333
0 0.3697916666666667 0.7398148148148148 0.03333333333333333 0.03333333333333333
0 0.265625 0.7435185185185185 0.03333333333333333 0.03333333333333333