0 0.7802083333333333 0.2564814814814815 0.035416666666666666 0.03518518518518519
0 0.6916666666666667 0.2518518518518518 0.035416666666666666 0.03518518518518519
0 0.6052083333333333 0.24675925925925926 0.035416666666666666 0.03518518518518519
0 0.5208333333333334 0.24259259259259258 0.035416666666666666 0.03518518518518519
0 0.43854166666666666 0.2375 0.035416666666666666 0.03518518518518519
0 0.35833333333333334 0.23333333333333334 0.035416666666666666 0.03518518518518519
0 0.28020833333333334 0.22916666666666666 0.035416666666666666 0.03518518518518519
0 0.7770833333333333 0.3314814814814815 0.035416666666666666 0.03518518518518519
0 0.6854166666666667 0.325 0.035416666666666666 0.03518518518518519
0 0.5958333333333333 0.3199074074074074 0.035416666666666666 0.03518518518518519
0 0.509375 0.31342592592592594 0.035416666666666666 0.03518518518518519
0 0.425 0.30833333333333335 0.035416666666666666 0.03518518518518519
0 0.3416666666666667 0.30324074074074076 0.035416666666666666 0.03518518518518519
0 0.2604166666666667 0.29814814814814816 0.035416666666666666 0.03518518518518519
0 0.7729166666666667 0.4115740740740741 0.035416666666666666 0.03518518518518519
0 0.678125 0.4041666666666667 0.035416666666666666 0.03518518518518519
0 0.5864583333333333 0.39675925925925926 0.035416666666666666 0.03518518518518519
0 0.496875 0.3907407407407407 0.035416666666666666 0.03518518518518519
0 0.409375 0.38333333333333336 0.035416666666666666 0.03518518518518519
0 0.32395833333333335 0.3768518518518518 0.035416666666666666 0.03518518518518519
0 0.240625 0.37083333333333335 0.035416666666666666 0.03518518518518519
0 0.76875 0.49675925925925923 0.035416666666666666 0.03518518518518519
0 0.6708333333333333 0.48842592592592593 0.035416666666666666 0.03518518518518519
0 0.5760416666666667 0.48009259259259257 0.035416666666666666 0.03518518518518519
0 0.48333333333333334 0.47175925925925927 0.035416666666666666 0.03518518518518519
0 0.3927083333333333 0.4648148148148148 0.035416666666666666 0.03518518518518519
0 0.30520833333333336 0.4564814814814815 0.035416666666666666 0.03518518518518519
0 0.21875 0.44907407407407407 0.035416666666666666 0.03518518518518519
0 0.7645833333333333 0.5898148148148148 0.035416666666666666 0.03518518518518519
0 0.6635416666666667 0.5791666666666667 0.035416666666666666 0.03518518518518519
0 0.5645833333333333 0.5699074074074074 0.035416666666666666 0.03518518518518519
0 0.46875 0.5592592592592592 0.035416666666666666 0.03518518518518519
0 0.375 0.55 0.035416666666666666 0.03518518518518519
0 0.284375 0.5416666666666666 0.035416666666666666 0.03518518518518519
0 0.19583333333333333 0.5324074074074074 0.035416666666666666 0.03518518518518519
0 0.7604166666666666 0.6884259259259259 0.035416666666666666 0.03518518518518519
0 0.6552083333333333 0.6768518518518518 0.035416666666666666 0.03518518518518519
0 0.5520833333333334 0.6657407407407407 0.035416666666666666 0.03518518518518519
0 0.453125 0.6541666666666667 0.035416666666666666 0.03518518518518519
0 0.35625 0.6425925925925926 0.035416666666666666 0.03518518518518519
0 0.2625 0.6324074074074074 0.035416666666666666 0.03518518518518519
0 0.17083333333333334 0.6217592592592592 0.035416666666666666 0.03518518518518519
0 0.7552083333333334 0.7967592592592593 0.035416666666666666 0.03518518518518519
0 0.6458333333333334 0.7824074074074074 0.035416666666666666 0.03518518518518519
0 0.5395833333333333 0.7685185185185185 0.035416666666666666 0.03518518518518519
0 0.43645833333333334 0.7550925925925925 0.035416666666666666 0.03518518518518519
0 0.33645833333333336 0.7425925925925926 0.035416666666666666 0.03518518518518519
0 0.23958333333333334 0.7300925925925926 0.035416666666666666 0.03518518518518519
0 0.14479166666666668 0.7175925925925926 0.035416666666666666 0.03518518518518519