0 0.30520833333333336 0.6472222222222223 0.020833333333333332 0.027777777777777776
0 0.38229166666666664 0.6458333333333334 0.020833333333333332 0.027777777777777776
0 0.459375 0.6444444444444445 0.020833333333333332 0.027777777777777776
0 0.5364583333333334 0.6444444444444445 0.020833333333333332 0.027777777777777776
0 0.6145833333333334 0.6430555555555556 0.020833333333333332 0.027777777777777776
0 0.69375 0.6416666666666667 0.020833333333333332 0.027777777777777776
0 0.7729166666666667 0.6402777777777777 0.020833333333333332 0.027777777777777776
0 0.3145833333333333 0.5569444444444445 0.020833333333333332 0.027777777777777776
0 0.3885416666666667 0.5555555555555556 0.020833333333333332 0.027777777777777776
0 0.46145833333333336 0.5555555555555556 0.020833333333333332 0.027777777777777776
0 0.5354166666666667 0.5541666666666667 0.020833333333333332 0.027777777777777776
0 0.6104166666666667 0.5527777777777778 0.020833333333333332 0.027777777777777776
0 0.6854166666666667 0.5513888888888889 0.020833333333333332 0.027777777777777776
0 0.7604166666666666 0.55 0.020833333333333332 0.027777777777777776
0 0.32395833333333335 0.47638888888888886 0.020833333333333332 0.027777777777777776
0 0.39375 0.475 0.020833333333333332 0.027777777777777776
0 0.4635416666666667 0.4736111111111111 0.020833333333333332 0.027777777777777776
0 0.534375 0.4722222222222222 0.020833333333333332 0.027777777777777776
0 0.6052083333333333 0.4708333333333333 0.020833333333333332 0.027777777777777776
0 0.6770833333333334 0.46944444444444444 0.020833333333333332 0.027777777777777776
0 0.7489583333333333 0.4666666666666667 0.020833333333333332 0.027777777777777776
0 0.33229166666666665 0.4013888888888889 0.020833333333333332 0.027777777777777776
0 0.39895833333333336 0.4 0.020833333333333332 0.027777777777777776
0 0.465625 0.39861111111111114 0.020833333333333332 0.027777777777777776
0 0.5333333333333333 0.3972222222222222 0.020833333333333332 0.027777777777777776
0 0.6020833333333333 0.3958333333333333 0.020833333333333332 0.027777777777777776
0 0.6697916666666667 0.39305555555555555 0.020833333333333332 0.027777777777777776
0 0.7385416666666667 0.39166666666666666 0.020833333333333332 0.027777777777777776
0 0.33958333333333335 0.3333333333333333 0.020833333333333332 0.027777777777777776
0 0.4041666666666667 0.33194444444444443 0.020833333333333332 0.027777777777777776
0 0.46770833333333334 0.33055555555555555 0.020833333333333332 0.027777777777777776
0 0.5333333333333333 0.32916666666666666 0.020833333333333332 0.027777777777777776
0 0.5979166666666667 0.3263888888888889 0.020833333333333332 0.027777777777777776
0 0.6635416666666667 0.325 0.020833333333333332 0.027777777777777776
0 0.7291666666666666 0.3236111111111111 0.020833333333333332 0.027777777777777776
0 0.346875 0.2708333333333333 0.020833333333333332 0.027777777777777776
0 0.4083333333333333 0.26944444444444443 0.020833333333333332 0.027777777777777776
0 0.46979166666666666 0.26805555555555555 0.020833333333333332 0.027777777777777776
0 0.5322916666666667 0.2652777777777778 0.020833333333333332 0.027777777777777776
0 0.5947916666666667 0.2638888888888889 0.020833333333333332 0.027777777777777776
0 0.6572916666666667 0.2625 0.020833333333333332 0.027777777777777776
0 0.7208333333333333 0.25972222222222224 0.020833333333333332 0.027777777777777776
0 0.353125 0.21388888888888888 0.020833333333333332 0.027777777777777776
0 0.4125 0.2111111111111111 0.020833333333333332 0.027777777777777776
0 0.471875 0.20972222222222223 0.020833333333333332 0.027777777777777776
0 0.53125 0.20694444444444443 0.020833333333333332 0.027777777777777776
0 0.5916666666666667 0.20555555555555555 0.020833333333333332 0.027777777777777776
0 0.6520833333333333 0.20416666666666666 0.020833333333333332 0.027777777777777776
0 0.7125 0.2013888888888889 0.020833333333333332 0.027777777777777776