0 0.6989583333333333 0.12916666666666668 0.022916666666666665 0.03425925925925926
0 0.625 0.12777777777777777 0.022916666666666665 0.03425925925925926
0 0.55 0.12638888888888888 0.022916666666666665 0.03425925925925926
0 0.475 0.12453703703703704 0.022916666666666665 0.03425925925925926
0 0.39895833333333336 0.12314814814814815 0.022916666666666665 0.03425925925925926
0 0.3229166666666667 0.12129629629629629 0.022916666666666665 0.03425925925925926
0 0.246875 0.11990740740740741 0.022916666666666665 0.03425925925925926
0 0.709375 0.20555555555555555 0.022916666666666665 0.03425925925925926
0 0.6333333333333333 0.20416666666666666 0.022916666666666665 0.03425925925925926
0 0.5552083333333333 0.20416666666666666 0.022916666666666665 0.03425925925925926
0 0.47708333333333336 0.2023148148148148 0.022916666666666665 0.03425925925925926
0 0.39895833333333336 0.20092592592592592 0.022916666666666665 0.03425925925925926
0 0.31979166666666664 0.19953703703703704 0.022916666666666665 0.03425925925925926
0 0.240625 0.19768518518518519 0.022916666666666665 0.03425925925925926
0 0.721875 0.287962962962963 0.022916666666666665 0.03425925925925926
0 0.6416666666666667 0.287962962962963 0.022916666666666665 0.03425925925925926
0 0.5614583333333333 0.2865740740740741 0.022916666666666665 0.03425925925925926
0 0.48020833333333335 0.2851851851851852 0.022916666666666665 0.03425925925925926
0 0.39895833333333336 0.2851851851851852 0.022916666666666665 0.03425925925925926
0 0.3177083333333333 0.2833333333333333 0.022916666666666665 0.03425925925925926
0 0.234375 0.2833333333333333 0.022916666666666665 0.03425925925925926
0 0.734375 0.3787037037037037 0.022916666666666665 0.03425925925925926
0 0.6510416666666666 0.3768518518518518 0.022916666666666665 0.03425925925925926
0 0.5677083333333334 0.3768518518518518 0.022916666666666665 0.03425925925925926
0 0.48333333333333334 0.37546296296296294 0.022916666666666665 0.03425925925925926
0 0.39895833333333336 0.37546296296296294 0.022916666666666665 0.03425925925925926
0 0.31354166666666666 0.3736111111111111 0.022916666666666665 0.03425925925925926
0 0.228125 0.3736111111111111 0.022916666666666665 0.03425925925925926
0 0.7479166666666667 0.475 0.022916666666666665 0.03425925925925926
0 0.6614583333333334 0.475 0.022916666666666665 0.03425925925925926
0 0.575 0.4736111111111111 0.022916666666666665 0.03425925925925926
0 0.4875 0.4736111111111111 0.022916666666666665 0.03425925925925926
0 0.39895833333333336 0.4736111111111111 0.022916666666666665 0.03425925925925926
0 0.3104166666666667 0.4736111111111111 0.022916666666666665 0.03425925925925926
0 0.22083333333333333 0.47175925925925927 0.022916666666666665 0.03425925925925926
0 0.7625 0.5796296296296296 0.022916666666666665 0.03425925925925926
0 0.6729166666666667 0.5796296296296296 0.022916666666666665 0.03425925925925926
0 0.5822916666666667 0.5796296296296296 0.022916666666666665 0.03425925925925926
0 0.490625 0.5796296296296296 0.022916666666666665 0.03425925925925926
0 0.39895833333333336 0.5796296296296296 0.022916666666666665 0.03425925925925926
0 0.30625 0.5796296296296296 0.022916666666666665 0.03425925925925926
0 0.21354166666666666 0.5796296296296296 0.022916666666666665 0.03425925925925926
0 0.7791666666666667 0.6949074074074074 0.022916666666666665 0.03425925925925926
0 0.6854166666666667 0.6949074074074074 0.022916666666666665 0.03425925925925926
0 0.590625 0.6949074074074074 0.022916666666666665 0.03425925925925926
0 0.4947916666666667 0.6949074074074074 0.022916666666666665 0.03425925925925926
0 0.39895833333333336 0.6962962962962963 0.022916666666666665 0.03425925925925926
0 0.3020833333333333 0.6962962962962963 0.022916666666666665 0.03425925925925926
0 0.20520833333333333 0.6962962962962963 0.022916666666666665 0.03425925925925926