0 0.603125 0.25555555555555554 0.014583333333333334 0.025925925925925925
0 0.5552083333333333 0.25555555555555554 0.014583333333333334 0.025925925925925925
0 0.5083333333333333 0.25555555555555554 0.014583333333333334 0.025925925925925925
0 0.46041666666666664 0.25555555555555554 0.014583333333333334 0.025925925925925925
0 0.4125 0.25555555555555554 0.014583333333333334 0.025925925925925925
0 0.3645833333333333 0.25555555555555554 0.014583333333333334 0.025925925925925925
0 0.31666666666666665 0.25555555555555554 0.014583333333333334 0.025925925925925925
0 0.6072916666666667 0.31851851851851853 0.014583333333333334 0.025925925925925925
0 0.5583333333333333 0.31851851851851853 0.014583333333333334 0.025925925925925925
0 0.509375 0.31851851851851853 0.014583333333333334 0.025925925925925925
0 0.46041666666666664 0.31851851851851853 0.014583333333333334 0.025925925925925925
0 0.41041666666666665 0.32037037037037036 0.014583333333333334 0.025925925925925925
0 0.36041666666666666 0.32037037037037036 0.014583333333333334 0.025925925925925925
0 0.3104166666666667 0.32037037037037036 0.014583333333333334 0.025925925925925925
0 0.6125 0.387037037037037 0.014583333333333334 0.025925925925925925
0 0.5614583333333333 0.387037037037037 0.014583333333333334 0.025925925925925925
0 0.5104166666666666 0.387037037037037 0.014583333333333334 0.025925925925925925
0 0.459375 0.387037037037037 0.014583333333333334 0.025925925925925925
0 0.4083333333333333 0.3888888888888889 0.014583333333333334 0.025925925925925925
0 0.35625 0.3888888888888889 0.014583333333333334 0.025925925925925925
0 0.30520833333333336 0.3888888888888889 0.014583333333333334 0.025925925925925925
0 0.6177083333333333 0.45925925925925926 0.014583333333333334 0.025925925925925925
0 0.5645833333333333 0.45925925925925926 0.014583333333333334 0.025925925925925925
0 0.5125 0.46111111111111114 0.014583333333333334 0.025925925925925925
0 0.459375 0.46111111111111114 0.014583333333333334 0.025925925925925925
0 0.40625 0.46111111111111114 0.014583333333333334 0.025925925925925925
0 0.35208333333333336 0.46296296296296297 0.014583333333333334 0.025925925925925925
0 0.2989583333333333 0.46296296296296297 0.014583333333333334 0.025925925925925925
0 0.6229166666666667 0.5388888888888889 0.014583333333333334 0.025925925925925925
0 0.56875 0.5388888888888889 0.014583333333333334 0.025925925925925925
0 0.5135416666666667 0.5388888888888889 0.014583333333333334 0.025925925925925925
0 0.4583333333333333 0.5407407407407407 0.014583333333333334 0.025925925925925925
0 0.403125 0.5407407407407407 0.014583333333333334 0.025925925925925925
0 0.34791666666666665 0.5425925925925926 0.014583333333333334 0.025925925925925925
0 0.2916666666666667 0.5425925925925926 0.014583333333333334 0.025925925925925925
0 0.6291666666666667 0.6222222222222222 0.014583333333333334 0.025925925925925925
0 0.571875 0.6240740740740741 0.014583333333333334 0.025925925925925925
0 0.515625 0.6259259259259259 0.014583333333333334 0.025925925925925925
0 0.4583333333333333 0.6259259259259259 0.014583333333333334 0.025925925925925925
0 0.4 0.6277777777777778 0.014583333333333334 0.025925925925925925
0 0.34270833333333334 0.6277777777777778 0.014583333333333334 0.025925925925925925
0 0.284375 0.6296296296296297 0.014583333333333334 0.025925925925925925
0 0.6354166666666666 0.7148148148148148 0.014583333333333334 0.025925925925925925
0 0.5760416666666667 0.7166666666666667 0.014583333333333334 0.025925925925925925
0 0.5166666666666667 0.7185185185185186 0.014583333333333334 0.025925925925925925
0 0.45729166666666665 0.7185185185185186 0.014583333333333334 0.025925925925925925
0 0.396875 0.7203703703703703 0.014583333333333334 0.025925925925925925
0 0.3375 0.7222222222222222 0.014583333333333334 0.025925925925925925
0 0.2760416666666667 0.7240740740740741 0.014583333333333334 0.025925925925925925