0 0.2375 0.6532407407407408 0.03333333333333333 0.03333333333333333
0 0.33541666666666664 0.6541666666666667 0.03333333333333333 0.03333333333333333
0 0.43333333333333335 0.6550925925925926 0.03333333333333333 0.03333333333333333
0 0.5302083333333333 0.6550925925925926 0.03333333333333333 0.03333333333333333
0 0.6270833333333333 0.6564814814814814 0.03333333333333333 0.03333333333333333
0 0.7239583333333334 0.6574074074074074 0.03333333333333333 0.03333333333333333
0 0.8208333333333333 0.6574074074074074 0.03333333333333333 0.03333333333333333
0 0.24583333333333332 0.5615740740740741 0.03333333333333333 0.03333333333333333
0 0.3416666666666667 0.5625 0.03333333333333333 0.03333333333333333
0 0.4354166666666667 0.5625 0.03333333333333333 0.03333333333333333
0 0.5302083333333333 0.5634259259259259 0.03333333333333333 0.03333333333333333
0 0.6239583333333333 0.5648148148148148 0.03333333333333333 0.03333333333333333
0 0.7166666666666667 0.5657407407407408 0.03333333333333333 0.03333333333333333
0 0.809375 0.5666666666666667 0.03333333333333333 0.03333333333333333
0 0.2552083333333333 0.475 0.03333333333333333 0.03333333333333333
0 0.346875 0.4759259259259259 0.03333333333333333 0.03333333333333333
0 0.43854166666666666 0.47685185185185186 0.03333333333333333 0.03333333333333333
0 0.5291666666666667 0.47824074074074074 0.03333333333333333 0.03333333333333333
0 0.6197916666666666 0.4791666666666667 0.03333333333333333 0.03333333333333333
0 0.7104166666666667 0.48009259259259257 0.03333333333333333 0.03333333333333333
0 0.8 0.48148148148148145 0.03333333333333333 0.03333333333333333
0 0.2625 0.39351851851851855 0.03333333333333333 0.03333333333333333
0 0.35208333333333336 0.3958333333333333 0.03333333333333333 0.03333333333333333
0 0.440625 0.39675925925925926 0.03333333333333333 0.03333333333333333
0 0.528125 0.39814814814814814 0.03333333333333333 0.03333333333333333
0 0.6166666666666667 0.3990740740740741 0.03333333333333333 0.03333333333333333
0 0.7041666666666667 0.4 0.03333333333333333 0.03333333333333333
0 0.790625 0.4009259259259259 0.03333333333333333 0.03333333333333333
0 0.2708333333333333 0.31851851851851853 0.03333333333333333 0.03333333333333333
0 0.35625 0.3199074074074074 0.03333333333333333 0.03333333333333333
0 0.4427083333333333 0.32083333333333336 0.03333333333333333 0.03333333333333333
0 0.528125 0.32175925925925924 0.03333333333333333 0.03333333333333333
0 0.6125 0.32314814814814813 0.03333333333333333 0.03333333333333333
0 0.6979166666666666 0.325 0.03333333333333333 0.03333333333333333
0 0.7822916666666667 0.32592592592592595 0.03333333333333333 0.03333333333333333
0 0.27708333333333335 0.24675925925925926 0.03333333333333333 0.03333333333333333
0 0.3614583333333333 0.2490740740740741 0.03333333333333333 0.03333333333333333
0 0.44479166666666664 0.25 0.03333333333333333 0.03333333333333333
0 0.5270833333333333 0.25092592592592594 0.03333333333333333 0.03333333333333333
0 0.609375 0.2518518518518518 0.03333333333333333 0.03333333333333333
0 0.6916666666666667 0.25416666666666665 0.03333333333333333 0.03333333333333333
0 0.7739583333333333 0.2550925925925926 0.03333333333333333 0.03333333333333333
0 0.284375 0.18009259259259258 0.03333333333333333 0.03333333333333333
0 0.365625 0.1814814814814815 0.03333333333333333 0.03333333333333333
0 0.44583333333333336 0.18333333333333332 0.03333333333333333 0.03333333333333333
0 0.5270833333333333 0.18425925925925926 0.03333333333333333 0.03333333333333333
0 0.6072916666666667 0.18518518518518517 0.03333333333333333 0.03333333333333333
0 0.6864583333333333 0.1875 0.03333333333333333 0.03333333333333333
0 0.7666666666666667 0.1884259259259259 0.03333333333333333 0.03333333333333333