0 0.30416666666666664 0.6458333333333334 0.020833333333333332 0.027777777777777776
0 0.3802083333333333 0.6458333333333334 0.020833333333333332 0.027777777777777776
0 0.45625 0.6472222222222223 0.020833333333333332 0.027777777777777776
0 0.5333333333333333 0.6472222222222223 0.020833333333333332 0.027777777777777776
0 0.6104166666666667 0.6472222222222223 0.020833333333333332 0.027777777777777776
0 0.6895833333333333 0.6486111111111111 0.020833333333333332 0.027777777777777776
0 0.76875 0.6486111111111111 0.020833333333333332 0.027777777777777776
0 0.315625 0.5597222222222222 0.020833333333333332 0.027777777777777776
0 0.3875 0.5597222222222222 0.020833333333333332 0.027777777777777776
0 0.46041666666666664 0.5597222222222222 0.020833333333333332 0.027777777777777776
0 0.5333333333333333 0.5597222222222222 0.020833333333333332 0.027777777777777776
0 0.6072916666666667 0.5597222222222222 0.020833333333333332 0.027777777777777776
0 0.6822916666666666 0.5597222222222222 0.020833333333333332 0.027777777777777776
0 0.7572916666666667 0.5597222222222222 0.020833333333333332 0.027777777777777776
0 0.325 0.48055555555555557 0.020833333333333332 0.027777777777777776
0 0.39375 0.48055555555555557 0.020833333333333332 0.027777777777777776
0 0.4635416666666667 0.4791666666666667 0.020833333333333332 0.027777777777777776
0 0.5333333333333333 0.4791666666666667 0.020833333333333332 0.027777777777777776
0 0.6041666666666666 0.4791666666666667 0.020833333333333332 0.027777777777777776
0 0.6760416666666667 0.4791666666666667 0.020833333333333332 0.027777777777777776
0 0.7479166666666667 0.4777777777777778 0.020833333333333332 0.027777777777777776
0 0.334375 0.4083333333333333 0.020833333333333332 0.027777777777777776
0 0.4 0.4083333333333333 0.020833333333333332 0.027777777777777776
0 0.4666666666666667 0.40694444444444444 0.020833333333333332 0.027777777777777776
0 0.5333333333333333 0.40694444444444444 0.020833333333333332 0.027777777777777776
0 0.6010416666666667 0.40555555555555556 0.020833333333333332 0.027777777777777776
0 0.6697916666666667 0.40555555555555556 0.020833333333333332 0.027777777777777776
0 0.7385416666666667 0.4041666666666667 0.020833333333333332 0.027777777777777776
0 0.34270833333333334 0.3416666666666667 0.020833333333333332 0.027777777777777776
0 0.40625 0.3416666666666667 0.020833333333333332 0.027777777777777776
0 0.46979166666666666 0.3402777777777778 0.020833333333333332 0.027777777777777776
0 0.534375 0.3388888888888889 0.020833333333333332 0.027777777777777776
0 0.5989583333333334 0.3388888888888889 0.020833333333333332 0.027777777777777776
0 0.6645833333333333 0.3375 0.020833333333333332 0.027777777777777776
0 0.7302083333333333 0.33611111111111114 0.020833333333333332 0.027777777777777776
0 0.35104166666666664 0.28055555555555556 0.020833333333333332 0.027777777777777776
0 0.4114583333333333 0.28055555555555556 0.020833333333333332 0.027777777777777776
0 0.47291666666666665 0.2791666666666667 0.020833333333333332 0.027777777777777776
0 0.534375 0.2777777777777778 0.020833333333333332 0.027777777777777776
0 0.596875 0.2763888888888889 0.020833333333333332 0.027777777777777776
0 0.659375 0.275 0.020833333333333332 0.027777777777777776
0 0.7229166666666667 0.27361111111111114 0.020833333333333332 0.027777777777777776
0 0.3572916666666667 0.225 0.020833333333333332 0.027777777777777776
0 0.4166666666666667 0.22361111111111112 0.020833333333333332 0.027777777777777776
0 0.475 0.2222222222222222 0.020833333333333332 0.027777777777777776
0 0.534375 0.22083333333333333 0.020833333333333332 0.027777777777777776
0 0.5947916666666667 0.21944444444444444 0.020833333333333332 0.027777777777777776
0 0.6541666666666667 0.21805555555555556 0.020833333333333332 0.027777777777777776
0 0.715625 0.21666666666666667 0.020833333333333332 0.027777777777777776