0 0.753125 0.1884259259259259 0.035416666666666666 0.03518518518518519
0 0.675 0.19074074074074074 0.035416666666666666 0.03518518518518519
0 0.596875 0.1935185185185185 0.035416666666666666 0.03518518518518519
0 0.51875 0.19583333333333333 0.035416666666666666 0.03518518518518519
0 0.44166666666666665 0.19907407407407407 0.035416666666666666 0.03518518518518519
0 0.3645833333333333 0.20092592592592592 0.035416666666666666 0.03518518518518519
0 0.2875 0.20416666666666666 0.035416666666666666 0.03518518518518519
0 0.7635416666666667 0.24259259259259258 0.035416666666666666 0.03518518518518519
0 0.6822916666666666 0.24583333333333332 0.035416666666666666 0.03518518518518519
0 0.6010416666666667 0.2490740740740741 0.035416666666666666 0.03518518518518519
0 0.5197916666666667 0.25092592592592594 0.035416666666666666 0.03518518518518519
0 0.4395833333333333 0.25416666666666665 0.035416666666666666 0.03518518518518519
0 0.35833333333333334 0.2564814814814815 0.035416666666666666 0.03518518518518519
0 0.2791666666666667 0.25925925925925924 0.035416666666666666 0.03518518518518519
0 0.7739583333333333 0.30324074074074076 0.035416666666666666 0.03518518518518519
0 0.6895833333333333 0.3050925925925926 0.035416666666666666 0.03518518518518519
0 0.6052083333333333 0.30833333333333335 0.035416666666666666 0.03518518518518519
0 0.5208333333333334 0.3101851851851852 0.035416666666666666 0.03518518518518519
0 0.43645833333333334 0.31342592592592594 0.035416666666666666 0.03518518518518519
0 0.353125 0.31666666666666665 0.035416666666666666 0.03518518518518519
0 0.26979166666666665 0.31851851851851853 0.035416666666666666 0.03518518518518519
0 0.7864583333333334 0.3675925925925926 0.035416666666666666 0.03518518518518519
0 0.6979166666666666 0.3699074074074074 0.035416666666666666 0.03518518518518519
0 0.609375 0.3731481481481482 0.035416666666666666 0.03518518518518519
0 0.521875 0.37592592592592594 0.035416666666666666 0.03518518518518519
0 0.43333333333333335 0.37824074074074077 0.035416666666666666 0.03518518518518519
0 0.346875 0.3814814814814815 0.035416666666666666 0.03518518518518519
0 0.259375 0.38333333333333336 0.035416666666666666 0.03518518518518519
0 0.7989583333333333 0.43842592592592594 0.035416666666666666 0.03518518518518519
0 0.70625 0.44074074074074077 0.035416666666666666 0.03518518518518519
0 0.6145833333333334 0.44351851851851853 0.035416666666666666 0.03518518518518519
0 0.521875 0.44583333333333336 0.035416666666666666 0.03518518518518519
0 0.43020833333333336 0.44907407407407407 0.035416666666666666 0.03518518518518519
0 0.33958333333333335 0.45185185185185184 0.035416666666666666 0.03518518518518519
0 0.24791666666666667 0.45416666666666666 0.035416666666666666 0.03518518518518519
0 0.8135416666666667 0.5157407407407407 0.035416666666666666 0.03518518518518519
0 0.7166666666666667 0.5185185185185185 0.035416666666666666 0.03518518518518519
0 0.6197916666666666 0.5208333333333334 0.035416666666666666 0.03518518518518519
0 0.5229166666666667 0.524074074074074 0.035416666666666666 0.03518518518518519
0 0.4270833333333333 0.5259259259259259 0.035416666666666666 0.03518518518518519
0 0.33125 0.5291666666666667 0.035416666666666666 0.03518518518518519
0 0.23645833333333333 0.5324074074074074 0.035416666666666666 0.03518518518518519
0 0.8291666666666667 0.600925925925926 0.035416666666666666 0.03518518518518519
0 0.7270833333333333 0.6032407407407407 0.035416666666666666 0.03518518518518519
0 0.625 0.6064814814814815 0.035416666666666666 0.03518518518518519
0 0.5239583333333333 0.6092592592592593 0.035416666666666666 0.03518518518518519
0 0.4239583333333333 0.611574074074074 0.035416666666666666 0.03518518518518519
0 0.3229166666666667 0.6148148148148148 0.035416666666666666 0.03518518518518519
0 0.22291666666666668 0.6166666666666667 0.035416666666666666 0.03518518518518519