0 0.7083333333333334 0.16527777777777777 0.022916666666666665 0.03425925925925926
0 0.6333333333333333 0.16342592592592592 0.022916666666666665 0.03425925925925926
0 0.5572916666666666 0.16203703703703703 0.022916666666666665 0.03425925925925926
0 0.48020833333333335 0.16203703703703703 0.022916666666666665 0.03425925925925926
0 0.403125 0.16064814814814815 0.022916666666666665 0.03425925925925926
0 0.3260416666666667 0.16064814814814815 0.022916666666666665 0.03425925925925926
0 0.24791666666666667 0.1587962962962963 0.022916666666666665 0.03425925925925926
0 0.7197916666666667 0.24444444444444444 0.022916666666666665 0.03425925925925926
0 0.6416666666666667 0.24444444444444444 0.022916666666666665 0.03425925925925926
0 0.5635416666666667 0.24305555555555555 0.022916666666666665 0.03425925925925926
0 0.48333333333333334 0.24305555555555555 0.022916666666666665 0.03425925925925926
0 0.4041666666666667 0.2412037037037037 0.022916666666666665 0.03425925925925926
0 0.3229166666666667 0.2412037037037037 0.022916666666666665 0.03425925925925926
0 0.24270833333333333 0.23981481481481481 0.022916666666666665 0.03425925925925926
0 0.7322916666666667 0.3300925925925926 0.022916666666666665 0.03425925925925926
0 0.6510416666666666 0.3300925925925926 0.022916666666666665 0.03425925925925926
0 0.5697916666666667 0.3300925925925926 0.022916666666666665 0.03425925925925926
0 0.4875 0.3300925925925926 0.022916666666666665 0.03425925925925926
0 0.4041666666666667 0.3287037037037037 0.022916666666666665 0.03425925925925926
0 0.32083333333333336 0.3287037037037037 0.022916666666666665 0.03425925925925926
0 0.23645833333333333 0.3287037037037037 0.022916666666666665 0.03425925925925926
0 0.7458333333333333 0.4236111111111111 0.022916666666666665 0.03425925925925926
0 0.6614583333333334 0.4236111111111111 0.022916666666666665 0.03425925925925926
0 0.5760416666666667 0.4236111111111111 0.022916666666666665 0.03425925925925926
0 0.490625 0.4236111111111111 0.022916666666666665 0.03425925925925926
0 0.40520833333333334 0.4236111111111111 0.022916666666666665 0.03425925925925926
0 0.3177083333333333 0.4236111111111111 0.022916666666666665 0.03425925925925926
0 0.23020833333333332 0.4236111111111111 0.022916666666666665 0.03425925925925926
0 0.759375 0.5231481481481481 0.022916666666666665 0.03425925925925926
0 0.671875 0.525 0.022916666666666665 0.03425925925925926
0 0.584375 0.525 0.022916666666666665 0.03425925925925926
0 0.4947916666666667 0.525 0.022916666666666665 0.03425925925925926
0 0.40520833333333334 0.525 0.022916666666666665 0.03425925925925926
0 0.3145833333333333 0.525 0.022916666666666665 0.03425925925925926
0 0.22395833333333334 0.5263888888888889 0.022916666666666665 0.03425925925925926
0 0.775 0.6324074074074074 0.022916666666666665 0.03425925925925926
0 0.684375 0.6337962962962963 0.022916666666666665 0.03425925925925926
0 0.5916666666666667 0.6337962962962963 0.022916666666666665 0.03425925925925926
0 0.49895833333333334 0.6356481481481482 0.022916666666666665 0.03425925925925926
0 0.40625 0.6356481481481482 0.022916666666666665 0.03425925925925926
0 0.31145833333333334 0.6370370370370371 0.022916666666666665 0.03425925925925926
0 0.21666666666666667 0.6370370370370371 0.022916666666666665 0.03425925925925926
0 0.7916666666666666 0.7509259259259259 0.022916666666666665 0.03425925925925926
0 0.696875 0.7523148148148148 0.022916666666666665 0.03425925925925926
0 0.6010416666666667 0.7537037037037037 0.022916666666666665 0.03425925925925926
0 0.5041666666666667 0.7555555555555555 0.022916666666666665 0.03425925925925926
0 0.40625 0.7569444444444444 0.022916666666666665 0.03425925925925926
0 0.30833333333333335 0.7569444444444444 0.022916666666666665 0.03425925925925926
0 0.20833333333333334 0.7587962962962963 0.022916666666666665 0.03425925925925926