0 0.265625 0.2 0.035416666666666666 0.03518518518518519
0 0.34270833333333334 0.20092592592592592 0.035416666666666666 0.03518518518518519
0 0.4197916666666667 0.20185185185185187 0.035416666666666666 0.03518518518518519
0 0.4979166666666667 0.20324074074074075 0.035416666666666666 0.03518518518518519
0 0.575 0.20324074074074075 0.035416666666666666 0.03518518518518519
0 0.6520833333333333 0.20416666666666666 0.035416666666666666 0.03518518518518519
0 0.7302083333333333 0.2050925925925926 0.035416666666666666 0.03518518518518519
0 0.2552083333333333 0.25416666666666665 0.035416666666666666 0.03518518518518519
0 0.33541666666666664 0.2550925925925926 0.035416666666666666 0.03518518518518519
0 0.415625 0.2564814814814815 0.035416666666666666 0.03518518518518519
0 0.496875 0.2574074074074074 0.035416666666666666 0.03518518518518519
0 0.5770833333333333 0.2574074074074074 0.035416666666666666 0.03518518518518519
0 0.6572916666666667 0.25833333333333336 0.035416666666666666 0.03518518518518519
0 0.7385416666666667 0.25925925925925924 0.035416666666666666 0.03518518518518519
0 0.24270833333333333 0.31342592592592594 0.035416666666666666 0.03518518518518519
0 0.32708333333333334 0.3148148148148148 0.035416666666666666 0.03518518518518519
0 0.4114583333333333 0.3148148148148148 0.035416666666666666 0.03518518518518519
0 0.4947916666666667 0.31574074074074077 0.035416666666666666 0.03518518518518519
0 0.5791666666666667 0.31666666666666665 0.035416666666666666 0.03518518518518519
0 0.6635416666666667 0.3175925925925926 0.035416666666666666 0.03518518518518519
0 0.7479166666666667 0.31851851851851853 0.035416666666666666 0.03518518518518519
0 0.23020833333333332 0.3768518518518518 0.035416666666666666 0.03518518518518519
0 0.3177083333333333 0.37824074074074077 0.035416666666666666 0.03518518518518519
0 0.40625 0.37916666666666665 0.035416666666666666 0.03518518518518519
0 0.49375 0.3800925925925926 0.035416666666666666 0.03518518518518519
0 0.5822916666666667 0.3814814814814815 0.035416666666666666 0.03518518518518519
0 0.6697916666666667 0.3824074074074074 0.035416666666666666 0.03518518518518519
0 0.7583333333333333 0.38333333333333336 0.035416666666666666 0.03518518518518519
0 0.215625 0.44814814814814813 0.035416666666666666 0.03518518518518519
0 0.30833333333333335 0.44907407407407407 0.035416666666666666 0.03518518518518519
0 0.4 0.45 0.035416666666666666 0.03518518518518519
0 0.49270833333333336 0.45092592592592595 0.035416666666666666 0.03518518518518519
0 0.5854166666666667 0.45185185185185184 0.035416666666666666 0.03518518518518519
0 0.6770833333333334 0.4532407407407407 0.035416666666666666 0.03518518518518519
0 0.7697916666666667 0.45416666666666666 0.035416666666666666 0.03518518518518519
0 0.2 0.525 0.035416666666666666 0.03518518518518519
0 0.296875 0.5268518518518519 0.035416666666666666 0.03518518518518519
0 0.39375 0.5282407407407408 0.035416666666666666 0.03518518518518519
0 0.490625 0.5291666666666667 0.035416666666666666 0.03518518518518519
0 0.5885416666666666 0.5300925925925926 0.035416666666666666 0.03518518518518519
0 0.6854166666666667 0.5314814814814814 0.035416666666666666 0.03518518518518519
0 0.7822916666666667 0.5324074074074074 0.035416666666666666 0.03518518518518519
0 0.18229166666666666 0.611574074074074 0.035416666666666666 0.03518518518518519
0 0.284375 0.6125 0.035416666666666666 0.03518518518518519
0 0.38645833333333335 0.6134259259259259 0.035416666666666666 0.03518518518518519
0 0.4895833333333333 0.6157407407407407 0.035416666666666666 0.03518518518518519
0 0.5916666666666667 0.6166666666666667 0.035416666666666666 0.03518518518518519
0 0.69375 0.6175925925925926 0.035416666666666666 0.03518518518518519
0 0.796875 0.6185185185185185 0.035416666666666666 0.03518518518518519