0 0.3072916666666667 0.6513888888888889 0.020833333333333332 0.027777777777777776
0 0.384375 0.6527777777777778 0.020833333333333332 0.027777777777777776
0 0.46145833333333336 0.6527777777777778 0.020833333333333332 0.027777777777777776
0 0.5385416666666667 0.6527777777777778 0.020833333333333332 0.027777777777777776
0 0.6166666666666667 0.6527777777777778 0.020833333333333332 0.027777777777777776
0 0.6958333333333333 0.6527777777777778 0.020833333333333332 0.027777777777777776
0 0.7739583333333333 0.6527777777777778 0.020833333333333332 0.027777777777777776
0 0.31875 0.5638888888888889 0.020833333333333332 0.027777777777777776
0 0.39166666666666666 0.5638888888888889 0.020833333333333332 0.027777777777777776
0 0.46458333333333335 0.5638888888888889 0.020833333333333332 0.027777777777777776
0 0.5385416666666667 0.5638888888888889 0.020833333333333332 0.027777777777777776
0 0.6125 0.5638888888888889 0.020833333333333332 0.027777777777777776
0 0.6875 0.5638888888888889 0.020833333333333332 0.027777777777777776
0 0.7625 0.5638888888888889 0.020833333333333332 0.027777777777777776
0 0.328125 0.4847222222222222 0.020833333333333332 0.027777777777777776
0 0.39791666666666664 0.4847222222222222 0.020833333333333332 0.027777777777777776
0 0.46770833333333334 0.48333333333333334 0.020833333333333332 0.027777777777777776
0 0.5385416666666667 0.48333333333333334 0.020833333333333332 0.027777777777777776
0 0.609375 0.48333333333333334 0.020833333333333332 0.027777777777777776
0 0.6802083333333333 0.48333333333333334 0.020833333333333332 0.027777777777777776
0 0.7520833333333333 0.48194444444444445 0.020833333333333332 0.027777777777777776
0 0.3375 0.4111111111111111 0.020833333333333332 0.027777777777777776
0 0.4041666666666667 0.4111111111111111 0.020833333333333332 0.027777777777777776
0 0.4708333333333333 0.4111111111111111 0.020833333333333332 0.027777777777777776
0 0.5385416666666667 0.4097222222222222 0.020833333333333332 0.027777777777777776
0 0.60625 0.4097222222222222 0.020833333333333332 0.027777777777777776
0 0.6739583333333333 0.4097222222222222 0.020833333333333332 0.027777777777777776
0 0.7427083333333333 0.4083333333333333 0.020833333333333332 0.027777777777777776
0 0.3458333333333333 0.34444444444444444 0.020833333333333332 0.027777777777777776
0 0.409375 0.34444444444444444 0.020833333333333332 0.027777777777777776
0 0.4739583333333333 0.34305555555555556 0.020833333333333332 0.027777777777777776
0 0.5375 0.34305555555555556 0.020833333333333332 0.027777777777777776
0 0.603125 0.34305555555555556 0.020833333333333332 0.027777777777777776
0 0.6677083333333333 0.3416666666666667 0.020833333333333332 0.027777777777777776
0 0.7333333333333333 0.3416666666666667 0.020833333333333332 0.027777777777777776
0 0.353125 0.2833333333333333 0.020833333333333332 0.027777777777777776
0 0.41458333333333336 0.2833333333333333 0.020833333333333332 0.027777777777777776
0 0.47604166666666664 0.28194444444444444 0.020833333333333332 0.027777777777777776
0 0.5375 0.28194444444444444 0.020833333333333332 0.027777777777777776
0 0.6 0.28055555555555556 0.020833333333333332 0.027777777777777776
0 0.6625 0.2791666666666667 0.020833333333333332 0.027777777777777776
0 0.725 0.2791666666666667 0.020833333333333332 0.027777777777777776
0 0.36041666666666666 0.22777777777777777 0.020833333333333332 0.027777777777777776
0 0.41875 0.2263888888888889 0.020833333333333332 0.027777777777777776
0 0.478125 0.225 0.020833333333333332 0.027777777777777776
0 0.5375 0.225 0.020833333333333332 0.027777777777777776
0 0.5979166666666667 0.22361111111111112 0.020833333333333332 0.027777777777777776
0 0.6572916666666667 0.2222222222222222 0.020833333333333332 0.027777777777777776
0 0.7177083333333333 0.2222222222222222 0.020833333333333332 0.027777777777777776