0 0.7208333333333333 0.17824074074074073 0.035416666666666666 0.03518518518518519
0 0.6427083333333333 0.18009259259259258 0.035416666666666666 0.03518518518518519
0 0.5645833333333333 0.1824074074074074 0.035416666666666666 0.03518518518518519
0 0.4864583333333333 0.18425925925925926 0.035416666666666666 0.03518518518518519
0 0.4083333333333333 0.1865740740740741 0.035416666666666666 0.03518518518518519
0 0.3302083333333333 0.1884259259259259 0.035416666666666666 0.03518518518518519
0 0.253125 0.19074074074074074 0.035416666666666666 0.03518518518518519
0 0.728125 0.2324074074074074 0.035416666666666666 0.03518518518518519
0 0.6458333333333334 0.23425925925925925 0.035416666666666666 0.03518518518518519
0 0.5645833333333333 0.23657407407407408 0.035416666666666666 0.03518518518518519
0 0.48333333333333334 0.23842592592592593 0.035416666666666666 0.03518518518518519
0 0.40208333333333335 0.24074074074074073 0.035416666666666666 0.03518518518518519
0 0.32083333333333336 0.24166666666666667 0.035416666666666666 0.03518518518518519
0 0.240625 0.24351851851851852 0.035416666666666666 0.03518518518518519
0 0.7354166666666667 0.29074074074074074 0.035416666666666666 0.03518518518518519
0 0.65 0.29259259259259257 0.035416666666666666 0.03518518518518519
0 0.5645833333333333 0.2949074074074074 0.035416666666666666 0.03518518518518519
0 0.48020833333333335 0.2967592592592593 0.035416666666666666 0.03518518518518519
0 0.3958333333333333 0.29907407407407405 0.035416666666666666 0.03518518518518519
0 0.31145833333333334 0.30092592592592593 0.035416666666666666 0.03518518518518519
0 0.22708333333333333 0.30185185185185187 0.035416666666666666 0.03518518518518519
0 0.74375 0.35509259259259257 0.035416666666666666 0.03518518518518519
0 0.6541666666666667 0.35648148148148145 0.035416666666666666 0.03518518518518519
0 0.565625 0.35833333333333334 0.035416666666666666 0.03518518518518519
0 0.47708333333333336 0.36018518518518516 0.035416666666666666 0.03518518518518519
0 0.3885416666666667 0.3625 0.035416666666666666 0.03518518518518519
0 0.3 0.3648148148148148 0.035416666666666666 0.03518518518518519
0 0.2125 0.36666666666666664 0.035416666666666666 0.03518518518518519
0 0.7520833333333333 0.425 0.035416666666666666 0.03518518518518519
0 0.6583333333333333 0.42592592592592593 0.035416666666666666 0.03518518518518519
0 0.565625 0.42824074074074076 0.035416666666666666 0.03518518518518519
0 0.47291666666666665 0.4300925925925926 0.035416666666666666 0.03518518518518519
0 0.3802083333333333 0.4324074074074074 0.035416666666666666 0.03518518518518519
0 0.28854166666666664 0.43425925925925923 0.035416666666666666 0.03518518518518519
0 0.19583333333333333 0.4351851851851852 0.035416666666666666 0.03518518518518519
0 0.7625 0.5009259259259259 0.035416666666666666 0.03518518518518519
0 0.6635416666666667 0.5032407407407408 0.035416666666666666 0.03518518518518519
0 0.565625 0.5050925925925925 0.035416666666666666 0.03518518518518519
0 0.46875 0.5074074074074074 0.035416666666666666 0.03518518518518519
0 0.371875 0.5083333333333333 0.035416666666666666 0.03518518518518519
0 0.275 0.5101851851851852 0.035416666666666666 0.03518518518518519
0 0.178125 0.5125 0.035416666666666666 0.03518518518518519
0 0.7729166666666667 0.586574074074074 0.035416666666666666 0.03518518518518519
0 0.6697916666666667 0.5884259259259259 0.035416666666666666 0.03518518518518519
0 0.5666666666666667 0.5898148148148148 0.035416666666666666 0.03518518518518519
0 0.46458333333333335 0.5916666666666667 0.035416666666666666 0.03518518518518519
0 0.3625 0.5935185185185186 0.035416666666666666 0.03518518518518519
0 0.2604166666666667 0.5949074074074074 0.035416666666666666 0.03518518518518519
0 0.159375 0.5967592592592592 0.035416666666666666 0.03518518518518519