0 0.30416666666666664 0.6472222222222223 0.020833333333333332 0.027777777777777776
0 0.3802083333333333 0.6472222222222223 0.020833333333333332 0.027777777777777776
0 0.45625 0.6472222222222223 0.020833333333333332 0.027777777777777776
0 0.5333333333333333 0.6458333333333334 0.020833333333333332 0.027777777777777776
0 0.6114583333333333 0.6458333333333334 0.020833333333333332 0.027777777777777776
0 0.6895833333333333 0.6458333333333334 0.020833333333333332 0.027777777777777776
0 0.76875 0.6458333333333334 0.020833333333333332 0.027777777777777776
0 0.31354166666666666 0.5611111111111111 0.020833333333333332 0.027777777777777776
0 0.38645833333333335 0.5611111111111111 0.020833333333333332 0.027777777777777776
0 0.459375 0.5597222222222222 0.020833333333333332 0.027777777777777776
0 0.5322916666666667 0.5597222222222222 0.020833333333333332 0.027777777777777776
0 0.60625 0.5583333333333333 0.020833333333333332 0.027777777777777776
0 0.68125 0.5583333333333333 0.020833333333333332 0.027777777777777776
0 0.75625 0.5569444444444445 0.020833333333333332 0.027777777777777776
0 0.3229166666666667 0.48333333333333334 0.020833333333333332 0.027777777777777776
0 0.39166666666666666 0.48194444444444445 0.020833333333333332 0.027777777777777776
0 0.46145833333333336 0.48055555555555557 0.020833333333333332 0.027777777777777776
0 0.5322916666666667 0.4791666666666667 0.020833333333333332 0.027777777777777776
0 0.603125 0.4791666666666667 0.020833333333333332 0.027777777777777776
0 0.6739583333333333 0.4777777777777778 0.020833333333333332 0.027777777777777776
0 0.7458333333333333 0.47638888888888886 0.020833333333333332 0.027777777777777776
0 0.3302083333333333 0.4111111111111111 0.020833333333333332 0.027777777777777776
0 0.396875 0.4097222222222222 0.020833333333333332 0.027777777777777776
0 0.4635416666666667 0.4083333333333333 0.020833333333333332 0.027777777777777776
0 0.53125 0.40694444444444444 0.020833333333333332 0.027777777777777776
0 0.5989583333333334 0.40555555555555556 0.020833333333333332 0.027777777777777776
0 0.6677083333333333 0.4041666666666667 0.020833333333333332 0.027777777777777776
0 0.7364583333333333 0.4041666666666667 0.020833333333333332 0.027777777777777776
0 0.3385416666666667 0.34444444444444444 0.020833333333333332 0.027777777777777776
0 0.40208333333333335 0.34305555555555556 0.020833333333333332 0.027777777777777776
0 0.4666666666666667 0.3416666666666667 0.020833333333333332 0.027777777777777776
0 0.53125 0.3402777777777778 0.020833333333333332 0.027777777777777776
0 0.5958333333333333 0.3388888888888889 0.020833333333333332 0.027777777777777776
0 0.6614583333333334 0.3375 0.020833333333333332 0.027777777777777776
0 0.7270833333333333 0.33611111111111114 0.020833333333333332 0.027777777777777776
0 0.34479166666666666 0.2833333333333333 0.020833333333333332 0.027777777777777776
0 0.40625 0.28194444444444444 0.020833333333333332 0.027777777777777776
0 0.46770833333333334 0.28055555555555556 0.020833333333333332 0.027777777777777776
0 0.5302083333333333 0.2791666666666667 0.020833333333333332 0.027777777777777776
0 0.5927083333333333 0.2777777777777778 0.020833333333333332 0.027777777777777776
0 0.65625 0.275 0.020833333333333332 0.027777777777777776
0 0.71875 0.27361111111111114 0.020833333333333332 0.027777777777777776
0 0.35104166666666664 0.2263888888888889 0.020833333333333332 0.027777777777777776
0 0.41041666666666665 0.225 0.020833333333333332 0.027777777777777776
0 0.46979166666666666 0.22361111111111112 0.020833333333333332 0.027777777777777776
0 0.5302083333333333 0.2222222222222222 0.020833333333333332 0.027777777777777776
0 0.5895833333333333 0.21944444444444444 0.020833333333333332 0.027777777777777776
0 0.6510416666666666 0.21805555555555556 0.020833333333333332 0.027777777777777776
0 0.7114583333333333 0.21666666666666667 0.020833333333333332 0.027777777777777776