0 0.6895833333333333 0.24814814814814815 0.03125 0.03148148148148148
0 0.6197916666666666 0.24814814814814815 0.03125 0.03148148148148148
0 0.5479166666666667 0.24814814814814815 0.03125 0.03148148148148148
0 0.4739583333333333 0.24814814814814815 0.03125 0.03148148148148148
0 0.396875 0.24814814814814815 0.03125 0.03148148148148148
0 0.3177083333333333 0.24814814814814815 0.03125 0.03148148148148148
0 0.23645833333333333 0.24814814814814815 0.03125 0.03148148148148148
0 0.7052083333333333 0.3101851851851852 0.03125 0.03148148148148148
0 0.6333333333333333 0.31157407407407406 0.03125 0.03148148148148148
0 0.559375 0.3125 0.03125 0.03148148148148148
0 0.48333333333333334 0.31342592592592594 0.03125 0.03148148148148148
0 0.40520833333333334 0.3148148148148148 0.03125 0.03148148148148148
0 0.32395833333333335 0.31574074074074077 0.03125 0.03148148148148148
0 0.23958333333333334 0.31666666666666665 0.03125 0.03148148148148148
0 0.7197916666666667 0.3768518518518518 0.03125 0.03148148148148148
0 0.646875 0.37916666666666665 0.03125 0.03148148148148148
0 0.571875 0.3814814814814815 0.03125 0.03148148148148148
0 0.49375 0.38333333333333336 0.03125 0.03148148148148148
0 0.41354166666666664 0.3851851851851852 0.03125 0.03148148148148148
0 0.3302083333333333 0.3875 0.03125 0.03148148148148148
0 0.24375 0.3907407407407407 0.03125 0.03148148148148148
0 0.7364583333333333 0.44583333333333336 0.03125 0.03148148148148148
0 0.6614583333333334 0.45 0.03125 0.03148148148148148
0 0.584375 0.4532407407407407 0.03125 0.03148148148148148
0 0.5052083333333334 0.4564814814814815 0.03125 0.03148148148148148
0 0.42291666666666666 0.4601851851851852 0.03125 0.03148148148148148
0 0.3375 0.4634259259259259 0.03125 0.03148148148148148
0 0.24895833333333334 0.4675925925925926 0.03125 0.03148148148148148
0 0.7541666666666667 0.5199074074074074 0.03125 0.03148148148148148
0 0.6770833333333334 0.524074074074074 0.03125 0.03148148148148148
0 0.5979166666666667 0.5291666666666667 0.03125 0.03148148148148148
0 0.5166666666666667 0.5342592592592592 0.03125 0.03148148148148148
0 0.4322916666666667 0.5398148148148149 0.03125 0.03148148148148148
0 0.34375 0.5449074074074074 0.03125 0.03148148148148148
0 0.253125 0.55 0.03125 0.03148148148148148
0 0.771875 0.5967592592592592 0.03125 0.03148148148148148
0 0.69375 0.6032407407407407 0.03125 0.03148148148148148
0 0.6125 0.6092592592592593 0.03125 0.03148148148148148
0 0.5291666666666667 0.6157407407407407 0.03125 0.03148148148148148
0 0.44166666666666665 0.6231481481481481 0.03125 0.03148148148148148
0 0.35208333333333336 0.6300925925925925 0.03125 0.03148148148148148
0 0.25833333333333336 0.6375 0.03125 0.03148148148148148
0 0.790625 0.6782407407407407 0.03125 0.03148148148148148
0 0.7114583333333333 0.6865740740740741 0.03125 0.03148148148148148
0 0.628125 0.6949074074074074 0.03125 0.03148148148148148
0 0.5416666666666666 0.7032407407407407 0.03125 0.03148148148148148
0 0.45208333333333334 0.711574074074074 0.03125 0.03148148148148148
0 0.359375 0.7208333333333333 0.03125 0.03148148148148148
0 0.2635416666666667 0.7291666666666666 0.03125 0.03148148148148148