0 0.2989583333333333 0.6486111111111111 0.020833333333333332 0.027777777777777776
0 0.375 0.6458333333333334 0.020833333333333332 0.027777777777777776
0 0.45208333333333334 0.6444444444444445 0.020833333333333332 0.027777777777777776
0 0.5302083333333333 0.6416666666666667 0.020833333333333332 0.027777777777777776
0 0.6083333333333333 0.6402777777777777 0.020833333333333332 0.027777777777777776
0 0.6875 0.6388888888888888 0.020833333333333332 0.027777777777777776
0 0.7677083333333333 0.6361111111111111 0.020833333333333332 0.027777777777777776
0 0.309375 0.5583333333333333 0.020833333333333332 0.027777777777777776
0 0.38229166666666664 0.5569444444444445 0.020833333333333332 0.027777777777777776
0 0.4552083333333333 0.5541666666666667 0.020833333333333332 0.027777777777777776
0 0.5291666666666667 0.5513888888888889 0.020833333333333332 0.027777777777777776
0 0.6041666666666666 0.55 0.020833333333333332 0.027777777777777776
0 0.6791666666666667 0.5472222222222223 0.020833333333333332 0.027777777777777776
0 0.7552083333333334 0.5444444444444444 0.020833333333333332 0.027777777777777776
0 0.31875 0.4777777777777778 0.020833333333333332 0.027777777777777776
0 0.3875 0.475 0.020833333333333332 0.027777777777777776
0 0.45729166666666665 0.4722222222222222 0.020833333333333332 0.027777777777777776
0 0.528125 0.4708333333333333 0.020833333333333332 0.027777777777777776
0 0.5989583333333334 0.46805555555555556 0.020833333333333332 0.027777777777777776
0 0.6708333333333333 0.4652777777777778 0.020833333333333332 0.027777777777777776
0 0.74375 0.4625 0.020833333333333332 0.027777777777777776
0 0.32708333333333334 0.4041666666666667 0.020833333333333332 0.027777777777777776
0 0.39375 0.4013888888888889 0.020833333333333332 0.027777777777777776
0 0.46041666666666664 0.39861111111111114 0.020833333333333332 0.027777777777777776
0 0.5270833333333333 0.3958333333333333 0.020833333333333332 0.027777777777777776
0 0.5958333333333333 0.39305555555555555 0.020833333333333332 0.027777777777777776
0 0.6635416666666667 0.3902777777777778 0.020833333333333332 0.027777777777777776
0 0.7333333333333333 0.3875 0.020833333333333332 0.027777777777777776
0 0.33541666666666664 0.33611111111111114 0.020833333333333332 0.027777777777777776
0 0.39895833333333336 0.3333333333333333 0.020833333333333332 0.027777777777777776
0 0.4625 0.33055555555555555 0.020833333333333332 0.027777777777777776
0 0.5270833333333333 0.3277777777777778 0.020833333333333332 0.027777777777777776
0 0.5916666666666667 0.325 0.020833333333333332 0.027777777777777776
0 0.6572916666666667 0.32222222222222224 0.020833333333333332 0.027777777777777776
0 0.7229166666666667 0.3194444444444444 0.020833333333333332 0.027777777777777776
0 0.34270833333333334 0.275 0.020833333333333332 0.027777777777777776
0 0.403125 0.2708333333333333 0.020833333333333332 0.027777777777777776
0 0.46458333333333335 0.26805555555555555 0.020833333333333332 0.027777777777777776
0 0.5260416666666666 0.2652777777777778 0.020833333333333332 0.027777777777777776
0 0.5885416666666666 0.2625 0.020833333333333332 0.027777777777777776
0 0.6510416666666666 0.25972222222222224 0.020833333333333332 0.027777777777777776
0 0.7145833333333333 0.25555555555555554 0.020833333333333332 0.027777777777777776
0 0.3489583333333333 0.21666666666666667 0.020833333333333332 0.027777777777777776
0 0.40729166666666666 0.21388888888888888 0.020833333333333332 0.027777777777777776
0 0.4666666666666667 0.2111111111111111 0.020833333333333332 0.027777777777777776
0 0.5260416666666666 0.20833333333333334 0.020833333333333332 0.027777777777777776
0 0.5854166666666667 0.20416666666666666 0.020833333333333332 0.027777777777777776
0 0.6458333333333334 0.2013888888888889 0.020833333333333332 0.027777777777777776
0 0.70625 0.1986111111111111 0.020833333333333332 0.027777777777777776