0 0.6458333333333334 0.2462962962962963 0.014583333333333334 0.025925925925925925
0 0.5947916666666667 0.24444444444444444 0.014583333333333334 0.025925925925925925
0 0.5447916666666667 0.24259259259259258 0.014583333333333334 0.025925925925925925
0 0.4947916666666667 0.24074074074074073 0.014583333333333334 0.025925925925925925
0 0.44375 0.2388888888888889 0.014583333333333334 0.025925925925925925
0 0.3927083333333333 0.2388888888888889 0.014583333333333334 0.025925925925925925
0 0.3416666666666667 0.23703703703703705 0.014583333333333334 0.025925925925925925
0 0.65 0.3111111111111111 0.014583333333333334 0.025925925925925925
0 0.5979166666666667 0.30925925925925923 0.014583333333333334 0.025925925925925925
0 0.5458333333333333 0.3074074074074074 0.014583333333333334 0.025925925925925925
0 0.49375 0.3055555555555556 0.014583333333333334 0.025925925925925925
0 0.440625 0.3037037037037037 0.014583333333333334 0.025925925925925925
0 0.3885416666666667 0.3037037037037037 0.014583333333333334 0.025925925925925925
0 0.33541666666666664 0.30185185185185187 0.014583333333333334 0.025925925925925925
0 0.6552083333333333 0.37962962962962965 0.014583333333333334 0.025925925925925925
0 0.6010416666666667 0.37777777777777777 0.014583333333333334 0.025925925925925925
0 0.546875 0.37777777777777777 0.014583333333333334 0.025925925925925925
0 0.49270833333333336 0.37592592592592594 0.014583333333333334 0.025925925925925925
0 0.43854166666666666 0.37407407407407406 0.014583333333333334 0.025925925925925925
0 0.38333333333333336 0.37222222222222223 0.014583333333333334 0.025925925925925925
0 0.32916666666666666 0.37037037037037035 0.014583333333333334 0.025925925925925925
0 0.6604166666666667 0.4537037037037037 0.014583333333333334 0.025925925925925925
0 0.6041666666666666 0.4537037037037037 0.014583333333333334 0.025925925925925925
0 0.5479166666666667 0.45185185185185184 0.014583333333333334 0.025925925925925925
0 0.49166666666666664 0.45 0.014583333333333334 0.025925925925925925
0 0.4354166666666667 0.45 0.014583333333333334 0.025925925925925925
0 0.378125 0.44814814814814813 0.014583333333333334 0.025925925925925925
0 0.321875 0.4462962962962963 0.014583333333333334 0.025925925925925925
0 0.6666666666666666 0.5351851851851852 0.014583333333333334 0.025925925925925925
0 0.6083333333333333 0.5333333333333333 0.014583333333333334 0.025925925925925925
0 0.55 0.5333333333333333 0.014583333333333334 0.025925925925925925
0 0.490625 0.5314814814814814 0.014583333333333334 0.025925925925925925
0 0.4322916666666667 0.5296296296296297 0.014583333333333334 0.025925925925925925
0 0.3729166666666667 0.5296296296296297 0.014583333333333334 0.025925925925925925
0 0.31354166666666666 0.5277777777777778 0.014583333333333334 0.025925925925925925
0 0.6729166666666667 0.6222222222222222 0.014583333333333334 0.025925925925925925
0 0.6114583333333333 0.6222222222222222 0.014583333333333334 0.025925925925925925
0 0.5510416666666667 0.6203703703703703 0.014583333333333334 0.025925925925925925
0 0.4895833333333333 0.6185185185185185 0.014583333333333334 0.025925925925925925
0 0.428125 0.6185185185185185 0.014583333333333334 0.025925925925925925
0 0.36666666666666664 0.6166666666666667 0.014583333333333334 0.025925925925925925
0 0.30520833333333336 0.6166666666666667 0.014583333333333334 0.025925925925925925
0 0.6791666666666667 0.7185185185185186 0.014583333333333334 0.025925925925925925
0 0.615625 0.7166666666666667 0.014583333333333334 0.025925925925925925
0 0.5520833333333334 0.7166666666666667 0.014583333333333334 0.025925925925925925
0 0.48854166666666665 0.7148148148148148 0.014583333333333334 0.025925925925925925
0 0.425 0.7148148148148148 0.014583333333333334 0.025925925925925925
0 0.36041666666666666 0.7129629629629629 0.014583333333333334 0.025925925925925925
0 0.29583333333333334 0.7129629629629629 0.014583333333333334 0.025925925925925925