0 0.8010416666666667 0.15046296296296297 0.020833333333333332 0.03518518518518519
0 0.7291666666666666 0.15231481481481482 0.020833333333333332 0.03518518518518519
0 0.65625 0.15231481481481482 0.020833333333333332 0.03518518518518519
0 0.584375 0.15231481481481482 0.020833333333333332 0.03518518518518519
0 0.5125 0.15231481481481482 0.020833333333333332 0.03518518518518519
0 0.44166666666666665 0.15231481481481482 0.020833333333333332 0.03518518518518519
0 0.3697916666666667 0.15231481481481482 0.020833333333333332 0.03518518518518519
0 0.8020833333333334 0.23055555555555557 0.020833333333333332 0.03518518518518519
0 0.7260416666666667 0.23055555555555557 0.020833333333333332 0.03518518518518519
0 0.6510416666666666 0.23055555555555557 0.020833333333333332 0.03518518518518519
0 0.5760416666666667 0.23055555555555557 0.020833333333333332 0.03518518518518519
0 0.5020833333333333 0.23055555555555557 0.020833333333333332 0.03518518518518519
0 0.4270833333333333 0.23055555555555557 0.020833333333333332 0.03518518518518519
0 0.353125 0.23055555555555557 0.020833333333333332 0.03518518518518519
0 0.8020833333333334 0.3162037037037037 0.020833333333333332 0.03518518518518519
0 0.7239583333333334 0.3162037037037037 0.020833333333333332 0.03518518518518519
0 0.6458333333333334 0.3162037037037037 0.020833333333333332 0.03518518518518519
0 0.5677083333333334 0.3162037037037037 0.020833333333333332 0.03518518518518519
0 0.4895833333333333 0.3162037037037037 0.020833333333333332 0.03518518518518519
0 0.4125 0.3162037037037037 0.020833333333333332 0.03518518518518519
0 0.33541666666666664 0.3162037037037037 0.020833333333333332 0.03518518518518519
0 0.803125 0.41064814814814815 0.020833333333333332 0.03518518518518519
0 0.7208333333333333 0.41064814814814815 0.020833333333333332 0.03518518518518519
0 0.6395833333333333 0.41064814814814815 0.020833333333333332 0.03518518518518519
0 0.5583333333333333 0.41064814814814815 0.020833333333333332 0.03518518518518519
0 0.47708333333333336 0.41064814814814815 0.020833333333333332 0.03518518518518519
0 0.3958333333333333 0.41064814814814815 0.020833333333333332 0.03518518518518519
0 0.315625 0.40925925925925927 0.020833333333333332 0.03518518518518519
0 0.803125 0.5138888888888888 0.020833333333333332 0.03518518518518519
0 0.7177083333333333 0.5138888888888888 0.020833333333333332 0.03518518518518519
0 0.6322916666666667 0.5120370370370371 0.020833333333333332 0.03518518518518519
0 0.5479166666666667 0.5120370370370371 0.020833333333333332 0.03518518518518519
0 0.4625 0.5120370370370371 0.020833333333333332 0.03518518518518519
0 0.378125 0.5120370370370371 0.020833333333333332 0.03518518518518519
0 0.2947916666666667 0.5106481481481482 0.020833333333333332 0.03518518518518519
0 0.8041666666666667 0.6259259259259259 0.020833333333333332 0.03518518518518519
0 0.7145833333333333 0.6259259259259259 0.020833333333333332 0.03518518518518519
0 0.625 0.6240740740740741 0.020833333333333332 0.03518518518518519
0 0.5364583333333334 0.6240740740740741 0.020833333333333332 0.03518518518518519
0 0.446875 0.6222222222222222 0.020833333333333332 0.03518518518518519
0 0.359375 0.6222222222222222 0.020833333333333332 0.03518518518518519
0 0.2708333333333333 0.6222222222222222 0.020833333333333332 0.03518518518518519
0 0.8052083333333333 0.75 0.020833333333333332 0.03518518518518519
0 0.7104166666666667 0.7481481481481481 0.020833333333333332 0.03518518518518519
0 0.6166666666666667 0.7481481481481481 0.020833333333333332 0.03518518518518519
0 0.5229166666666667 0.7462962962962963 0.020833333333333332 0.03518518518518519
0 0.43020833333333336 0.7449074074074075 0.020833333333333332 0.03518518518518519
0 0.3375 0.7449074074074075 0.020833333333333332 0.03518518518518519
0 0.24583333333333332 0.7430555555555556 0.020833333333333332 0.03518518518518519