0 0.2947916666666667 0.1962962962962963 0.01875 0.03333333333333333
0 0.28958333333333336 0.2777777777777778 0.01875 0.03333333333333333
0 0.2833333333333333 0.36666666666666664 0.01875 0.03333333333333333
0 0.27708333333333335 0.46111111111111114 0.01875 0.03333333333333333
0 0.2708333333333333 0.562962962962963 0.01875 0.03333333333333333
0 0.2635416666666667 0.674074074074074 0.01875 0.03333333333333333
0 0.2552083333333333 0.7925925925925926 0.01875 0.03333333333333333
0 0.35520833333333335 0.1962962962962963 0.01875 0.03333333333333333
0 0.35208333333333336 0.2777777777777778 0.01875 0.03333333333333333
0 0.3489583333333333 0.36666666666666664 0.01875 0.03333333333333333
0 0.34479166666666666 0.46111111111111114 0.01875 0.03333333333333333
0 0.340625 0.562962962962963 0.01875 0.03333333333333333
0 0.33645833333333336 0.6722222222222223 0.01875 0.03333333333333333
0 0.33125 0.7925925925925926 0.01875 0.03333333333333333
0 0.415625 0.1962962962962963 0.01875 0.03333333333333333
0 0.41458333333333336 0.2777777777777778 0.01875 0.03333333333333333
0 0.41354166666666664 0.36666666666666664 0.01875 0.03333333333333333
0 0.4125 0.46111111111111114 0.01875 0.03333333333333333
0 0.41041666666666665 0.5611111111111111 0.01875 0.03333333333333333
0 0.409375 0.6722222222222223 0.01875 0.03333333333333333
0 0.40729166666666666 0.7907407407407407 0.01875 0.03333333333333333
0 0.47604166666666664 0.1962962962962963 0.01875 0.03333333333333333
0 0.47708333333333336 0.2777777777777778 0.01875 0.03333333333333333
0 0.478125 0.36666666666666664 0.01875 0.03333333333333333
0 0.4791666666666667 0.45925925925925926 0.01875 0.03333333333333333
0 0.48020833333333335 0.5611111111111111 0.01875 0.03333333333333333
0 0.4822916666666667 0.6703703703703704 0.01875 0.03333333333333333
0 0.48333333333333334 0.7888888888888889 0.01875 0.03333333333333333
0 0.5364583333333334 0.1962962962962963 0.01875 0.03333333333333333
0 0.5395833333333333 0.2777777777777778 0.01875 0.03333333333333333
0 0.5427083333333333 0.3648148148148148 0.01875 0.03333333333333333
0 0.5458333333333333 0.45925925925925926 0.01875 0.03333333333333333
0 0.55 0.5611111111111111 0.01875 0.03333333333333333
0 0.5541666666666667 0.6703703703703704 0.01875 0.03333333333333333
0 0.5583333333333333 0.7888888888888889 0.01875 0.03333333333333333
0 0.596875 0.1962962962962963 0.01875 0.03333333333333333
0 0.6020833333333333 0.2777777777777778 0.01875 0.03333333333333333
0 0.6072916666666667 0.3648148148148148 0.01875 0.03333333333333333
0 0.6125 0.45925925925925926 0.01875 0.03333333333333333
0 0.61875 0.5611111111111111 0.01875 0.03333333333333333
0 0.6260416666666667 0.6685185185185185 0.01875 0.03333333333333333
0 0.6333333333333333 0.7870370370370371 0.01875 0.03333333333333333
0 0.65625 0.1962962962962963 0.01875 0.03333333333333333
0 0.6635416666666667 0.2777777777777778 0.01875 0.03333333333333333
0 0.6708333333333333 0.3648148148148148 0.01875 0.03333333333333333
0 0.6791666666666667 0.45925925925925926 0.01875 0.03333333333333333
0 0.6885416666666667 0.5592592592592592 0.01875 0.03333333333333333
0 0.6979166666666666 0.6685185185185185 0.01875 0.03333333333333333
0 0.7083333333333334 0.7870370370370371 0.01875 0.03333333333333333