0 0.29375 0.6458333333333334 0.020833333333333332 0.027777777777777776
0 0.37083333333333335 0.6444444444444445 0.020833333333333332 0.027777777777777776
0 0.4479166666666667 0.6430555555555556 0.020833333333333332 0.027777777777777776
0 0.525 0.6430555555555556 0.020833333333333332 0.027777777777777776
0 0.6041666666666666 0.6416666666666667 0.020833333333333332 0.027777777777777776
0 0.6833333333333333 0.6416666666666667 0.020833333333333332 0.027777777777777776
0 0.7635416666666667 0.6402777777777777 0.020833333333333332 0.027777777777777776
0 0.30416666666666664 0.5555555555555556 0.020833333333333332 0.027777777777777776
0 0.378125 0.5555555555555556 0.020833333333333332 0.027777777777777776
0 0.4510416666666667 0.5541666666666667 0.020833333333333332 0.027777777777777776
0 0.525 0.5527777777777778 0.020833333333333332 0.027777777777777776
0 0.6 0.5513888888888889 0.020833333333333332 0.027777777777777776
0 0.6760416666666667 0.55 0.020833333333333332 0.027777777777777776
0 0.7520833333333333 0.5486111111111112 0.020833333333333332 0.027777777777777776
0 0.3145833333333333 0.475 0.020833333333333332 0.027777777777777776
0 0.384375 0.4736111111111111 0.020833333333333332 0.027777777777777776
0 0.45416666666666666 0.4722222222222222 0.020833333333333332 0.027777777777777776
0 0.525 0.4708333333333333 0.020833333333333332 0.027777777777777776
0 0.596875 0.46944444444444444 0.020833333333333332 0.027777777777777776
0 0.66875 0.46805555555555556 0.020833333333333332 0.027777777777777776
0 0.7416666666666667 0.4652777777777778 0.020833333333333332 0.027777777777777776
0 0.32395833333333335 0.4 0.020833333333333332 0.027777777777777776
0 0.390625 0.39861111111111114 0.020833333333333332 0.027777777777777776
0 0.45729166666666665 0.3972222222222222 0.020833333333333332 0.027777777777777776
0 0.525 0.3958333333333333 0.020833333333333332 0.027777777777777776
0 0.59375 0.39305555555555555 0.020833333333333332 0.027777777777777776
0 0.6625 0.39166666666666666 0.020833333333333332 0.027777777777777776
0 0.7322916666666667 0.3902777777777778 0.020833333333333332 0.027777777777777776
0 0.33229166666666665 0.33194444444444443 0.020833333333333332 0.027777777777777776
0 0.3958333333333333 0.33055555555555555 0.020833333333333332 0.027777777777777776
0 0.46041666666666664 0.32916666666666666 0.020833333333333332 0.027777777777777776
0 0.525 0.3263888888888889 0.020833333333333332 0.027777777777777776
0 0.590625 0.325 0.020833333333333332 0.027777777777777776
0 0.6572916666666667 0.32222222222222224 0.020833333333333332 0.027777777777777776
0 0.7229166666666667 0.32083333333333336 0.020833333333333332 0.027777777777777776
0 0.33958333333333335 0.26944444444444443 0.020833333333333332 0.027777777777777776
0 0.4010416666666667 0.26805555555555555 0.020833333333333332 0.027777777777777776
0 0.4635416666666667 0.2652777777777778 0.020833333333333332 0.027777777777777776
0 0.525 0.2638888888888889 0.020833333333333332 0.027777777777777776
0 0.5885416666666666 0.2611111111111111 0.020833333333333332 0.027777777777777776
0 0.6520833333333333 0.25972222222222224 0.020833333333333332 0.027777777777777776
0 0.715625 0.2569444444444444 0.020833333333333332 0.027777777777777776
0 0.346875 0.2111111111111111 0.020833333333333332 0.027777777777777776
0 0.40625 0.20972222222222223 0.020833333333333332 0.027777777777777776
0 0.465625 0.20694444444444443 0.020833333333333332 0.027777777777777776
0 0.525 0.20555555555555555 0.020833333333333332 0.027777777777777776
0 0.5854166666666667 0.20277777777777778 0.020833333333333332 0.027777777777777776
0 0.646875 0.2 0.020833333333333332 0.027777777777777776
0 0.7083333333333334 0.1986111111111111 0.020833333333333332 0.027777777777777776