0 0.7333333333333333 0.23842592592592593 0.03333333333333333 0.03333333333333333
0 0.659375 0.2351851851851852 0.03333333333333333 0.03333333333333333
0 0.584375 0.23148148148148148 0.03333333333333333 0.03333333333333333
0 0.5083333333333333 0.22824074074074074 0.03333333333333333 0.03333333333333333
0 0.42916666666666664 0.225 0.03333333333333333 0.03333333333333333
0 0.35 0.22175925925925927 0.03333333333333333 0.03333333333333333
0 0.2677083333333333 0.2175925925925926 0.03333333333333333 0.03333333333333333
0 0.7458333333333333 0.30092592592592593 0.03333333333333333 0.03333333333333333
0 0.6697916666666667 0.29907407407407405 0.03333333333333333 0.03333333333333333
0 0.5916666666666667 0.29583333333333334 0.03333333333333333 0.03333333333333333
0 0.5125 0.29259259259259257 0.03333333333333333 0.03333333333333333
0 0.4322916666666667 0.29074074074074074 0.03333333333333333 0.03333333333333333
0 0.3489583333333333 0.2875 0.03333333333333333 0.03333333333333333
0 0.26458333333333334 0.28425925925925927 0.03333333333333333 0.03333333333333333
0 0.7583333333333333 0.3685185185185185 0.03333333333333333 0.03333333333333333
0 0.6802083333333333 0.36666666666666664 0.03333333333333333 0.03333333333333333
0 0.6 0.3648148148148148 0.03333333333333333 0.03333333333333333
0 0.51875 0.3625 0.03333333333333333 0.03333333333333333
0 0.434375 0.36018518518518516 0.03333333333333333 0.03333333333333333
0 0.3489583333333333 0.3574074074074074 0.03333333333333333 0.03333333333333333
0 0.26145833333333335 0.35509259259259257 0.03333333333333333 0.03333333333333333
0 0.7729166666666667 0.44074074074074077 0.03333333333333333 0.03333333333333333
0 0.6916666666666667 0.43842592592592594 0.03333333333333333 0.03333333333333333
0 0.6083333333333333 0.4375 0.03333333333333333 0.03333333333333333
0 0.5239583333333333 0.43657407407407406 0.03333333333333333 0.03333333333333333
0 0.4375 0.43425925925925923 0.03333333333333333 0.03333333333333333
0 0.3489583333333333 0.43333333333333335 0.03333333333333333 0.03333333333333333
0 0.25833333333333336 0.4324074074074074 0.03333333333333333 0.03333333333333333
0 0.7875 0.5166666666666667 0.03333333333333333 0.03333333333333333
0 0.7041666666666667 0.5166666666666667 0.03333333333333333 0.03333333333333333
0 0.6177083333333333 0.5166666666666667 0.03333333333333333 0.03333333333333333
0 0.5302083333333333 0.5157407407407407 0.03333333333333333 0.03333333333333333
0 0.440625 0.5157407407407407 0.03333333333333333 0.03333333333333333
0 0.34791666666666665 0.5148148148148148 0.03333333333333333 0.03333333333333333
0 0.25416666666666665 0.5148148148148148 0.03333333333333333 0.03333333333333333
0 0.8041666666666667 0.6 0.03333333333333333 0.03333333333333333
0 0.7166666666666667 0.6 0.03333333333333333 0.03333333333333333
0 0.628125 0.600925925925926 0.03333333333333333 0.03333333333333333
0 0.5364583333333334 0.600925925925926 0.03333333333333333 0.03333333333333333
0 0.44375 0.6018518518518519 0.03333333333333333 0.03333333333333333
0 0.34791666666666665 0.6018518518518519 0.03333333333333333 0.03333333333333333
0 0.25 0.6032407407407407 0.03333333333333333 0.03333333333333333
0 0.8208333333333333 0.6898148148148148 0.03333333333333333 0.03333333333333333
0 0.73125 0.6907407407407408 0.03333333333333333 0.03333333333333333
0 0.6385416666666667 0.6925925925925925 0.03333333333333333 0.03333333333333333
0 0.54375 0.6935185185185185 0.03333333333333333 0.03333333333333333
0 0.446875 0.6958333333333333 0.03333333333333333 0.03333333333333333
0 0.34791666666666665 0.6981481481481482 0.03333333333333333 0.03333333333333333
0 0.24479166666666666 0.6990740740740741 0.03333333333333333 0.03333333333333333