0 0.7302083333333333 0.22685185185185186 0.03333333333333333 0.03333333333333333
0 0.6572916666666667 0.22824074074074074 0.03333333333333333 0.03333333333333333
0 0.584375 0.22824074074074074 0.03333333333333333 0.03333333333333333
0 0.5114583333333333 0.22916666666666666 0.03333333333333333 0.03333333333333333
0 0.43854166666666666 0.22916666666666666 0.03333333333333333 0.03333333333333333
0 0.365625 0.2300925925925926 0.03333333333333333 0.03333333333333333
0 0.2916666666666667 0.23148148148148148 0.03333333333333333 0.03333333333333333
0 0.7395833333333334 0.27685185185185185 0.03333333333333333 0.03333333333333333
0 0.6645833333333333 0.27824074074074073 0.03333333333333333 0.03333333333333333
0 0.5885416666666666 0.2791666666666667 0.03333333333333333 0.03333333333333333
0 0.5125 0.2791666666666667 0.03333333333333333 0.03333333333333333
0 0.43645833333333334 0.2800925925925926 0.03333333333333333 0.03333333333333333
0 0.36041666666666666 0.2814814814814815 0.03333333333333333 0.03333333333333333
0 0.2833333333333333 0.2814814814814815 0.03333333333333333 0.03333333333333333
0 0.7510416666666667 0.33240740740740743 0.03333333333333333 0.03333333333333333
0 0.671875 0.33240740740740743 0.03333333333333333 0.03333333333333333
0 0.5927083333333333 0.3333333333333333 0.03333333333333333 0.03333333333333333
0 0.5135416666666667 0.33425925925925926 0.03333333333333333 0.03333333333333333
0 0.434375 0.3351851851851852 0.03333333333333333 0.03333333333333333
0 0.3541666666666667 0.3351851851851852 0.03333333333333333 0.03333333333333333
0 0.275 0.3365740740740741 0.03333333333333333 0.03333333333333333
0 0.7625 0.3907407407407407 0.03333333333333333 0.03333333333333333
0 0.6802083333333333 0.39166666666666666 0.03333333333333333 0.03333333333333333
0 0.5979166666666667 0.3925925925925926 0.03333333333333333 0.03333333333333333
0 0.5145833333333333 0.39351851851851855 0.03333333333333333 0.03333333333333333
0 0.4322916666666667 0.39490740740740743 0.03333333333333333 0.03333333333333333
0 0.3489583333333333 0.3958333333333333 0.03333333333333333 0.03333333333333333
0 0.26458333333333334 0.39675925925925926 0.03333333333333333 0.03333333333333333
0 0.7760416666666666 0.4564814814814815 0.03333333333333333 0.03333333333333333
0 0.6895833333333333 0.45740740740740743 0.03333333333333333 0.03333333333333333
0 0.603125 0.4583333333333333 0.03333333333333333 0.03333333333333333
0 0.515625 0.45925925925925926 0.03333333333333333 0.03333333333333333
0 0.42916666666666664 0.4601851851851852 0.03333333333333333 0.03333333333333333
0 0.3416666666666667 0.4615740740740741 0.03333333333333333 0.03333333333333333
0 0.25416666666666665 0.4625 0.03333333333333333 0.03333333333333333
0 0.7895833333333333 0.5268518518518519 0.03333333333333333 0.03333333333333333
0 0.6989583333333333 0.5291666666666667 0.03333333333333333 0.03333333333333333
0 0.6083333333333333 0.5300925925925926 0.03333333333333333 0.03333333333333333
0 0.5177083333333333 0.5314814814814814 0.03333333333333333 0.03333333333333333
0 0.42604166666666665 0.5324074074074074 0.03333333333333333 0.03333333333333333
0 0.334375 0.5333333333333333 0.03333333333333333 0.03333333333333333
0 0.24166666666666667 0.5342592592592592 0.03333333333333333 0.03333333333333333
0 0.8052083333333333 0.6064814814814815 0.03333333333333333 0.03333333333333333
0 0.7104166666666667 0.6074074074074074 0.03333333333333333 0.03333333333333333
0 0.6145833333333334 0.6092592592592593 0.03333333333333333 0.03333333333333333
0 0.51875 0.6101851851851852 0.03333333333333333 0.03333333333333333
0 0.42291666666666666 0.6125 0.03333333333333333 0.03333333333333333
0 0.3260416666666667 0.6134259259259259 0.03333333333333333 0.03333333333333333
0 0.22916666666666666 0.6148148148148148 0.03333333333333333 0.03333333333333333