0 0.703125 0.19305555555555556 0.025 0.03333333333333333
0 0.6354166666666666 0.19305555555555556 0.025 0.03333333333333333
0 0.56875 0.19305555555555556 0.025 0.03333333333333333
0 0.5010416666666667 0.19444444444444445 0.025 0.03333333333333333
0 0.434375 0.19444444444444445 0.025 0.03333333333333333
0 0.36666666666666664 0.19444444444444445 0.025 0.03333333333333333
0 0.3 0.19583333333333333 0.025 0.03333333333333333
0 0.7135416666666666 0.2569444444444444 0.025 0.03333333333333333
0 0.6427083333333333 0.2569444444444444 0.025 0.03333333333333333
0 0.571875 0.25833333333333336 0.025 0.03333333333333333
0 0.5010416666666667 0.25833333333333336 0.025 0.03333333333333333
0 0.43020833333333336 0.25833333333333336 0.025 0.03333333333333333
0 0.36041666666666666 0.25972222222222224 0.025 0.03333333333333333
0 0.28958333333333336 0.25972222222222224 0.025 0.03333333333333333
0 0.7239583333333334 0.3277777777777778 0.025 0.03333333333333333
0 0.6489583333333333 0.32916666666666666 0.025 0.03333333333333333
0 0.575 0.32916666666666666 0.025 0.03333333333333333
0 0.5010416666666667 0.32916666666666666 0.025 0.03333333333333333
0 0.42604166666666665 0.32916666666666666 0.025 0.03333333333333333
0 0.35208333333333336 0.33055555555555555 0.025 0.03333333333333333
0 0.2791666666666667 0.33055555555555555 0.025 0.03333333333333333
0 0.7364583333333333 0.40694444444444444 0.025 0.03333333333333333
0 0.6572916666666667 0.40694444444444444 0.025 0.03333333333333333
0 0.5791666666666667 0.4083333333333333 0.025 0.03333333333333333
0 0.5 0.4083333333333333 0.025 0.03333333333333333
0 0.421875 0.4083333333333333 0.025 0.03333333333333333
0 0.34375 0.4083333333333333 0.025 0.03333333333333333
0 0.26666666666666666 0.4083333333333333 0.025 0.03333333333333333
0 0.75 0.49583333333333335 0.025 0.03333333333333333
0 0.6666666666666666 0.49583333333333335 0.025 0.03333333333333333
0 0.5833333333333334 0.49583333333333335 0.025 0.03333333333333333
0 0.5 0.49583333333333335 0.025 0.03333333333333333
0 0.41770833333333335 0.49583333333333335 0.025 0.03333333333333333
0 0.33541666666666664 0.49583333333333335 0.025 0.03333333333333333
0 0.253125 0.49583333333333335 0.025 0.03333333333333333
0 0.7645833333333333 0.5944444444444444 0.025 0.03333333333333333
0 0.6760416666666667 0.5944444444444444 0.025 0.03333333333333333
0 0.5875 0.5944444444444444 0.025 0.03333333333333333
0 0.5 0.5944444444444444 0.025 0.03333333333333333
0 0.4125 0.5944444444444444 0.025 0.03333333333333333
0 0.32395833333333335 0.5944444444444444 0.025 0.03333333333333333
0 0.2375 0.5944444444444444 0.025 0.03333333333333333
0 0.7822916666666667 0.7055555555555556 0.025 0.03333333333333333
0 0.6875 0.7055555555555556 0.025 0.03333333333333333
0 0.59375 0.7055555555555556 0.025 0.03333333333333333
0 0.5 0.7055555555555556 0.025 0.03333333333333333
0 0.40625 0.7055555555555556 0.025 0.03333333333333333
0 0.3125 0.7055555555555556 0.025 0.03333333333333333
0 0.21979166666666666 0.7055555555555556 0.025 0.03333333333333333