0 0.7322916666666667 0.1537037037037037 0.020833333333333332 0.03518518518518519
0 0.659375 0.1537037037037037 0.020833333333333332 0.03518518518518519
0 0.5875 0.15555555555555556 0.020833333333333332 0.03518518518518519
0 0.515625 0.15555555555555556 0.020833333333333332 0.03518518518518519
0 0.44375 0.15555555555555556 0.020833333333333332 0.03518518518518519
0 0.371875 0.1574074074074074 0.020833333333333332 0.03518518518518519
0 0.3 0.1574074074074074 0.020833333333333332 0.03518518518518519
0 0.740625 0.2324074074074074 0.020833333333333332 0.03518518518518519
0 0.6645833333333333 0.23425925925925925 0.020833333333333332 0.03518518518518519
0 0.5895833333333333 0.23425925925925925 0.020833333333333332 0.03518518518518519
0 0.5145833333333333 0.23425925925925925 0.020833333333333332 0.03518518518518519
0 0.4395833333333333 0.2361111111111111 0.020833333333333332 0.03518518518518519
0 0.365625 0.2361111111111111 0.020833333333333332 0.03518518518518519
0 0.2916666666666667 0.2361111111111111 0.020833333333333332 0.03518518518518519
0 0.7489583333333333 0.3199074074074074 0.020833333333333332 0.03518518518518519
0 0.6708333333333333 0.3199074074074074 0.020833333333333332 0.03518518518518519
0 0.5927083333333333 0.3199074074074074 0.020833333333333332 0.03518518518518519
0 0.5145833333333333 0.3199074074074074 0.020833333333333332 0.03518518518518519
0 0.43645833333333334 0.32175925925925924 0.020833333333333332 0.03518518518518519
0 0.359375 0.32175925925925924 0.020833333333333332 0.03518518518518519
0 0.28125 0.32175925925925924 0.020833333333333332 0.03518518518518519
0 0.759375 0.4125 0.020833333333333332 0.03518518518518519
0 0.6770833333333334 0.4125 0.020833333333333332 0.03518518518518519
0 0.5947916666666667 0.4125 0.020833333333333332 0.03518518518518519
0 0.5135416666666667 0.41435185185185186 0.020833333333333332 0.03518518518518519
0 0.4322916666666667 0.41435185185185186 0.020833333333333332 0.03518518518518519
0 0.35208333333333336 0.41435185185185186 0.020833333333333332 0.03518518518518519
0 0.2708333333333333 0.41435185185185186 0.020833333333333332 0.03518518518518519
0 0.7697916666666667 0.5157407407407407 0.020833333333333332 0.03518518518518519
0 0.684375 0.5157407407407407 0.020833333333333332 0.03518518518518519
0 0.5989583333333334 0.5157407407407407 0.020833333333333332 0.03518518518518519
0 0.5135416666666667 0.5157407407407407 0.020833333333333332 0.03518518518518519
0 0.428125 0.5157407407407407 0.020833333333333332 0.03518518518518519
0 0.34375 0.5157407407407407 0.020833333333333332 0.03518518518518519
0 0.259375 0.5157407407407407 0.020833333333333332 0.03518518518518519
0 0.78125 0.6277777777777778 0.020833333333333332 0.03518518518518519
0 0.6916666666666667 0.6277777777777778 0.020833333333333332 0.03518518518518519
0 0.6020833333333333 0.6277777777777778 0.020833333333333332 0.03518518518518519
0 0.5125 0.6259259259259259 0.020833333333333332 0.03518518518518519
0 0.4239583333333333 0.6259259259259259 0.020833333333333332 0.03518518518518519
0 0.33541666666666664 0.6259259259259259 0.020833333333333332 0.03518518518518519
0 0.246875 0.6259259259259259 0.020833333333333332 0.03518518518518519
0 0.7947916666666667 0.75 0.020833333333333332 0.03518518518518519
0 0.7 0.75 0.020833333333333332 0.03518518518518519
0 0.60625 0.75 0.020833333333333332 0.03518518518518519
0 0.5125 0.75 0.020833333333333332 0.03518518518518519
0 0.41875 0.7481481481481481 0.020833333333333332 0.03518518518518519
0 0.3260416666666667 0.7481481481481481 0.020833333333333332 0.03518518518518519
0 0.23333333333333334 0.7481481481481481 0.020833333333333332 0.03518518518518519