0 0.33541666666666664 0.6055555555555555 0.020833333333333332 0.027777777777777776
0 0.4125 0.5958333333333333 0.020833333333333332 0.027777777777777776
0 0.4875 0.5861111111111111 0.020833333333333332 0.027777777777777776
0 0.5625 0.575 0.020833333333333332 0.027777777777777776
0 0.6364583333333333 0.5652777777777778 0.020833333333333332 0.027777777777777776
0 0.7104166666666667 0.5555555555555556 0.020833333333333332 0.027777777777777776
0 0.7833333333333333 0.5458333333333333 0.020833333333333332 0.027777777777777776
0 0.33645833333333336 0.5222222222222223 0.020833333333333332 0.027777777777777776
0 0.4083333333333333 0.5125 0.020833333333333332 0.027777777777777776
0 0.48125 0.5027777777777778 0.020833333333333332 0.027777777777777776
0 0.5520833333333334 0.49444444444444446 0.020833333333333332 0.027777777777777776
0 0.6229166666666667 0.4847222222222222 0.020833333333333332 0.027777777777777776
0 0.6927083333333334 0.47638888888888886 0.020833333333333332 0.027777777777777776
0 0.7625 0.4666666666666667 0.020833333333333332 0.027777777777777776
0 0.33645833333333336 0.44583333333333336 0.020833333333333332 0.027777777777777776
0 0.40625 0.4375 0.020833333333333332 0.027777777777777776
0 0.475 0.42777777777777776 0.020833333333333332 0.027777777777777776
0 0.5427083333333333 0.41944444444444445 0.020833333333333332 0.027777777777777776
0 0.6104166666666667 0.4111111111111111 0.020833333333333332 0.027777777777777776
0 0.6770833333333334 0.4027777777777778 0.020833333333333332 0.027777777777777776
0 0.74375 0.39444444444444443 0.020833333333333332 0.027777777777777776
0 0.3375 0.3763888888888889 0.020833333333333332 0.027777777777777776
0 0.403125 0.3680555555555556 0.020833333333333332 0.027777777777777776
0 0.46875 0.3597222222222222 0.020833333333333332 0.027777777777777776
0 0.534375 0.3527777777777778 0.020833333333333332 0.027777777777777776
0 0.5989583333333334 0.34444444444444444 0.020833333333333332 0.027777777777777776
0 0.6625 0.33611111111111114 0.020833333333333332 0.027777777777777776
0 0.7260416666666667 0.32916666666666666 0.020833333333333332 0.027777777777777776
0 0.3375 0.3125 0.020833333333333332 0.027777777777777776
0 0.4010416666666667 0.30416666666666664 0.020833333333333332 0.027777777777777776
0 0.4635416666666667 0.2972222222222222 0.020833333333333332 0.027777777777777776
0 0.5260416666666666 0.2902777777777778 0.020833333333333332 0.027777777777777776
0 0.5885416666666666 0.2833333333333333 0.020833333333333332 0.027777777777777776
0 0.65 0.275 0.020833333333333332 0.027777777777777776
0 0.7104166666666667 0.26805555555555555 0.020833333333333332 0.027777777777777776
0 0.3375 0.25416666666666665 0.020833333333333332 0.027777777777777776
0 0.39791666666666664 0.24722222222222223 0.020833333333333332 0.027777777777777776
0 0.4583333333333333 0.24027777777777778 0.020833333333333332 0.027777777777777776
0 0.51875 0.23333333333333334 0.020833333333333332 0.027777777777777776
0 0.578125 0.2263888888888889 0.020833333333333332 0.027777777777777776
0 0.6375 0.21944444444444444 0.020833333333333332 0.027777777777777776
0 0.6958333333333333 0.2125 0.020833333333333332 0.027777777777777776
0 0.3375 0.2 0.020833333333333332 0.027777777777777776
0 0.3958333333333333 0.19305555555555556 0.020833333333333332 0.027777777777777776
0 0.45416666666666666 0.18611111111111112 0.020833333333333332 0.027777777777777776
0 0.5125 0.18055555555555555 0.020833333333333332 0.027777777777777776
0 0.5697916666666667 0.1736111111111111 0.020833333333333332 0.027777777777777776
0 0.6260416666666667 0.16805555555555557 0.020833333333333332 0.027777777777777776
0 0.6833333333333333 0.16111111111111112 0.020833333333333332 0.027777777777777776