0 0.7635416666666667 0.2518518518518518 0.035416666666666666 0.03518518518518519
0 0.6885416666666667 0.2490740740740741 0.035416666666666666 0.03518518518518519
0 0.6104166666666667 0.24583333333333332 0.035416666666666666 0.03518518518518519
0 0.5291666666666667 0.24166666666666667 0.035416666666666666 0.03518518518518519
0 0.44479166666666664 0.23842592592592593 0.035416666666666666 0.03518518518518519
0 0.35833333333333334 0.23425925925925925 0.035416666666666666 0.03518518518518519
0 0.2677083333333333 0.2300925925925926 0.035416666666666666 0.03518518518518519
0 0.78125 0.32083333333333336 0.035416666666666666 0.03518518518518519
0 0.703125 0.31851851851851853 0.035416666666666666 0.03518518518518519
0 0.6229166666666667 0.31666666666666665 0.035416666666666666 0.03518518518518519
0 0.5395833333333333 0.31342592592592594 0.035416666666666666 0.03518518518518519
0 0.453125 0.31157407407407406 0.035416666666666666 0.03518518518518519
0 0.3625 0.30833333333333335 0.035416666666666666 0.03518518518518519
0 0.26979166666666665 0.3050925925925926 0.035416666666666666 0.03518518518518519
0 0.7989583333333333 0.39351851851851855 0.035416666666666666 0.03518518518518519
0 0.71875 0.3925925925925926 0.035416666666666666 0.03518518518518519
0 0.6364583333333333 0.39166666666666666 0.035416666666666666 0.03518518518518519
0 0.55 0.3907407407407407 0.035416666666666666 0.03518518518518519
0 0.46145833333333336 0.38981481481481484 0.035416666666666666 0.03518518518518519
0 0.36875 0.3875 0.035416666666666666 0.03518518518518519
0 0.271875 0.38657407407407407 0.035416666666666666 0.03518518518518519
0 0.8177083333333334 0.4708333333333333 0.035416666666666666 0.03518518518518519
0 0.7354166666666667 0.47175925925925927 0.035416666666666666 0.03518518518518519
0 0.6510416666666666 0.47175925925925927 0.035416666666666666 0.03518518518518519
0 0.5625 0.47175925925925927 0.035416666666666666 0.03518518518518519
0 0.46979166666666666 0.47314814814814815 0.035416666666666666 0.03518518518518519
0 0.37395833333333334 0.47314814814814815 0.035416666666666666 0.03518518518518519
0 0.27395833333333336 0.47314814814814815 0.035416666666666666 0.03518518518518519
0 0.8385416666666666 0.5541666666666667 0.035416666666666666 0.03518518518518519
0 0.7541666666666667 0.5550925925925926 0.035416666666666666 0.03518518518518519
0 0.665625 0.5574074074074075 0.035416666666666666 0.03518518518518519
0 0.575 0.5592592592592592 0.035416666666666666 0.03518518518518519
0 0.4791666666666667 0.5625 0.035416666666666666 0.03518518518518519
0 0.3802083333333333 0.5648148148148148 0.035416666666666666 0.03518518518518519
0 0.27708333333333335 0.5666666666666667 0.035416666666666666 0.03518518518518519
0 0.8604166666666667 0.6416666666666667 0.035416666666666666 0.03518518518518519
0 0.7729166666666667 0.6458333333333334 0.035416666666666666 0.03518518518518519
0 0.6822916666666666 0.65 0.035416666666666666 0.03518518518518519
0 0.5885416666666666 0.6541666666666667 0.035416666666666666 0.03518518518518519
0 0.4895833333333333 0.6583333333333333 0.035416666666666666 0.03518518518518519
0 0.38645833333333335 0.6625 0.035416666666666666 0.03518518518518519
0 0.2791666666666667 0.6675925925925926 0.035416666666666666 0.03518518518518519
0 0.884375 0.736574074074074 0.035416666666666666 0.03518518518518519
0 0.79375 0.7425925925925926 0.035416666666666666 0.03518518518518519
0 0.7 0.7490740740740741 0.035416666666666666 0.03518518518518519
0 0.603125 0.7550925925925925 0.035416666666666666 0.03518518518518519
0 0.5010416666666667 0.7625 0.035416666666666666 0.03518518518518519
0 0.39375 0.7685185185185185 0.035416666666666666 0.03518518518518519
0 0.28229166666666666 0.7759259259259259 0.035416666666666666 0.03518518518518519