0 0.7291666666666666 0.15 0.0375 0.0375
0 0.65 0.15185185185185185 0.0375 0.0375
0 0.5708333333333333 0.1550925925925926 0.0375 0.0375
0 0.49166666666666664 0.15833333333333333 0.0375 0.0375
0 0.4125 0.16157407407407406 0.0375 0.0375
0 0.3333333333333333 0.1648148148148148 0.0375 0.0375
0 0.25416666666666665 0.1675925925925926 0.0375 0.0375
0 0.740625 0.20185185185185187 0.0375 0.0375
0 0.6583333333333333 0.2050925925925926 0.0375 0.0375
0 0.5760416666666667 0.20833333333333334 0.0375 0.0375
0 0.49270833333333336 0.21157407407407408 0.0375 0.0375
0 0.41041666666666665 0.21481481481481482 0.0375 0.0375
0 0.328125 0.2175925925925926 0.0375 0.0375
0 0.24583333333333332 0.22083333333333333 0.0375 0.0375
0 0.7541666666666667 0.25925925925925924 0.0375 0.0375
0 0.6677083333333333 0.26342592592592595 0.0375 0.0375
0 0.58125 0.26666666666666666 0.0375 0.0375
0 0.4947916666666667 0.26990740740740743 0.0375 0.0375
0 0.4083333333333333 0.27314814814814814 0.0375 0.0375
0 0.3229166666666667 0.2759259259259259 0.0375 0.0375
0 0.23645833333333333 0.2791666666666667 0.0375 0.0375
0 0.76875 0.32314814814814813 0.0375 0.0375
0 0.678125 0.32592592592592595 0.0375 0.0375
0 0.5875 0.32916666666666666 0.0375 0.0375
0 0.496875 0.33240740740740743 0.0375 0.0375
0 0.40625 0.3365740740740741 0.0375 0.0375
0 0.31666666666666665 0.3398148148148148 0.0375 0.0375
0 0.22604166666666667 0.3425925925925926 0.0375 0.0375
0 0.784375 0.39166666666666666 0.0375 0.0375
0 0.6885416666666667 0.3958333333333333 0.0375 0.0375
0 0.59375 0.3990740740740741 0.0375 0.0375
0 0.49895833333333334 0.40185185185185185 0.0375 0.0375
0 0.4041666666666667 0.4064814814814815 0.0375 0.0375
0 0.309375 0.40925925925925927 0.0375 0.0375
0 0.215625 0.4125 0.0375 0.0375
0 0.8010416666666667 0.4685185185185185 0.0375 0.0375
0 0.7010416666666667 0.47175925925925927 0.0375 0.0375
0 0.6010416666666667 0.4759259259259259 0.0375 0.0375
0 0.5020833333333333 0.4791666666666667 0.0375 0.0375
0 0.40208333333333335 0.4824074074074074 0.0375 0.0375
0 0.3020833333333333 0.48657407407407405 0.0375 0.0375
0 0.203125 0.4898148148148148 0.0375 0.0375
0 0.8208333333333333 0.5532407407407407 0.0375 0.0375
0 0.7145833333333333 0.5574074074074075 0.0375 0.0375
0 0.609375 0.5601851851851852 0.0375 0.0375
0 0.5041666666666667 0.5648148148148148 0.0375 0.0375
0 0.39895833333333336 0.5675925925925925 0.0375 0.0375
0 0.2947916666666667 0.5717592592592593 0.0375 0.0375
0 0.18958333333333333 0.575925925925926 0.0375 0.0375