0 0.234375 0.6509259259259259 0.03333333333333333 0.03333333333333333
0 0.33229166666666665 0.6518518518518519 0.03333333333333333 0.03333333333333333
0 0.43020833333333336 0.6518518518518519 0.03333333333333333 0.03333333333333333
0 0.5270833333333333 0.6532407407407408 0.03333333333333333 0.03333333333333333
0 0.625 0.6541666666666667 0.03333333333333333 0.03333333333333333
0 0.721875 0.6550925925925926 0.03333333333333333 0.03333333333333333
0 0.8177083333333334 0.6564814814814814 0.03333333333333333 0.03333333333333333
0 0.24375 0.5592592592592592 0.03333333333333333 0.03333333333333333
0 0.3375 0.5601851851851852 0.03333333333333333 0.03333333333333333
0 0.4322916666666667 0.5615740740740741 0.03333333333333333 0.03333333333333333
0 0.5270833333333333 0.5625 0.03333333333333333 0.03333333333333333
0 0.6208333333333333 0.5634259259259259 0.03333333333333333 0.03333333333333333
0 0.7145833333333333 0.5634259259259259 0.03333333333333333 0.03333333333333333
0 0.8083333333333333 0.5648148148148148 0.03333333333333333 0.03333333333333333
0 0.2520833333333333 0.4740740740740741 0.03333333333333333 0.03333333333333333
0 0.34375 0.475 0.03333333333333333 0.03333333333333333
0 0.434375 0.4759259259259259 0.03333333333333333 0.03333333333333333
0 0.5260416666666666 0.47685185185185186 0.03333333333333333 0.03333333333333333
0 0.6166666666666667 0.47824074074074074 0.03333333333333333 0.03333333333333333
0 0.7083333333333334 0.4791666666666667 0.03333333333333333 0.03333333333333333
0 0.7979166666666667 0.48009259259259257 0.03333333333333333 0.03333333333333333
0 0.259375 0.39351851851851855 0.03333333333333333 0.03333333333333333
0 0.34791666666666665 0.39490740740740743 0.03333333333333333 0.03333333333333333
0 0.4375 0.3958333333333333 0.03333333333333333 0.03333333333333333
0 0.525 0.39675925925925926 0.03333333333333333 0.03333333333333333
0 0.6135416666666667 0.39814814814814814 0.03333333333333333 0.03333333333333333
0 0.7020833333333333 0.3990740740740741 0.03333333333333333 0.03333333333333333
0 0.7895833333333333 0.4 0.03333333333333333 0.03333333333333333
0 0.26666666666666666 0.3175925925925926 0.03333333333333333 0.03333333333333333
0 0.353125 0.31851851851851853 0.03333333333333333 0.03333333333333333
0 0.4395833333333333 0.3199074074074074 0.03333333333333333 0.03333333333333333
0 0.525 0.32175925925925924 0.03333333333333333 0.03333333333333333
0 0.6104166666666667 0.32314814814814813 0.03333333333333333 0.03333333333333333
0 0.6958333333333333 0.32407407407407407 0.03333333333333333 0.03333333333333333
0 0.78125 0.325 0.03333333333333333 0.03333333333333333
0 0.27395833333333336 0.24675925925925926 0.03333333333333333 0.03333333333333333
0 0.3572916666666667 0.24814814814814815 0.03333333333333333 0.03333333333333333
0 0.440625 0.2490740740740741 0.03333333333333333 0.03333333333333333
0 0.5239583333333333 0.25 0.03333333333333333 0.03333333333333333
0 0.6072916666666667 0.25092592592592594 0.03333333333333333 0.03333333333333333
0 0.690625 0.25324074074074077 0.03333333333333333 0.03333333333333333
0 0.7729166666666667 0.25416666666666665 0.03333333333333333 0.03333333333333333
0 0.28020833333333334 0.18009259259259258 0.03333333333333333 0.03333333333333333
0 0.3614583333333333 0.1814814814814815 0.03333333333333333 0.03333333333333333
0 0.4427083333333333 0.1824074074074074 0.03333333333333333 0.03333333333333333
0 0.5239583333333333 0.18333333333333332 0.03333333333333333 0.03333333333333333
0 0.6041666666666666 0.18425925925925926 0.03333333333333333 0.03333333333333333
0 0.6854166666666667 0.18518518518518517 0.03333333333333333 0.03333333333333333
0 0.765625 0.1865740740740741 0.03333333333333333 0.03333333333333333