0 0.184375 0.6217592592592592 0.03125 0.03148148148148148
0 0.26979166666666665 0.625 0.03125 0.03148148148148148
0 0.3572916666666667 0.6268518518518519 0.03125 0.03148148148148148
0 0.44583333333333336 0.6300925925925925 0.03125 0.03148148148148148
0 0.5364583333333334 0.6333333333333333 0.03125 0.03148148148148148
0 0.628125 0.6365740740740741 0.03125 0.03148148148148148
0 0.721875 0.6398148148148148 0.03125 0.03148148148148148
0 0.19479166666666667 0.5365740740740741 0.03125 0.03148148148148148
0 0.278125 0.5375 0.03125 0.03148148148148148
0 0.36354166666666665 0.5398148148148149 0.03125 0.03148148148148148
0 0.4510416666666667 0.5416666666666666 0.03125 0.03148148148148148
0 0.5395833333333333 0.5435185185185185 0.03125 0.03148148148148148
0 0.6291666666666667 0.5458333333333333 0.03125 0.03148148148148148
0 0.721875 0.5481481481481482 0.03125 0.03148148148148148
0 0.20416666666666666 0.4532407407407407 0.03125 0.03148148148148148
0 0.2864583333333333 0.45416666666666666 0.03125 0.03148148148148148
0 0.3697916666666667 0.4550925925925926 0.03125 0.03148148148148148
0 0.4552083333333333 0.45740740740740743 0.03125 0.03148148148148148
0 0.5427083333333333 0.4583333333333333 0.03125 0.03148148148148148
0 0.63125 0.45925925925925926 0.03125 0.03148148148148148
0 0.7208333333333333 0.4601851851851852 0.03125 0.03148148148148148
0 0.21354166666666666 0.37407407407407406 0.03125 0.03148148148148148
0 0.29375 0.37407407407407406 0.03125 0.03148148148148148
0 0.37604166666666666 0.375 0.03125 0.03148148148148148
0 0.46041666666666664 0.375 0.03125 0.03148148148148148
0 0.5447916666666667 0.37592592592592594 0.03125 0.03148148148148148
0 0.6322916666666667 0.37592592592592594 0.03125 0.03148148148148148
0 0.7208333333333333 0.37592592592592594 0.03125 0.03148148148148148
0 0.221875 0.29814814814814816 0.03125 0.03148148148148148
0 0.3020833333333333 0.2967592592592593 0.03125 0.03148148148148148
0 0.38229166666666664 0.2967592592592593 0.03125 0.03148148148148148
0 0.46458333333333335 0.2967592592592593 0.03125 0.03148148148148148
0 0.5479166666666667 0.29583333333333334 0.03125 0.03148148148148148
0 0.6333333333333333 0.29583333333333334 0.03125 0.03148148148148148
0 0.7197916666666667 0.29583333333333334 0.03125 0.03148148148148148
0 0.23125 0.22407407407407406 0.03125 0.03148148148148148
0 0.30833333333333335 0.22314814814814815 0.03125 0.03148148148148148
0 0.3885416666666667 0.22175925925925927 0.03125 0.03148148148148148
0 0.46875 0.22083333333333333 0.03125 0.03148148148148148
0 0.5510416666666667 0.2199074074074074 0.03125 0.03148148148148148
0 0.634375 0.21851851851851853 0.03125 0.03148148148148148
0 0.7197916666666667 0.2175925925925926 0.03125 0.03148148148148148
0 0.23958333333333334 0.15324074074074073 0.03125 0.03148148148148148
0 0.315625 0.15092592592592594 0.03125 0.03148148148148148
0 0.39375 0.15 0.03125 0.03148148148148148
0 0.47291666666666665 0.14814814814814814 0.03125 0.03148148148148148
0 0.553125 0.14675925925925926 0.03125 0.03148148148148148
0 0.6354166666666666 0.1449074074074074 0.03125 0.03148148148148148
0 0.71875 0.14351851851851852 0.03125 0.03148148148148148