0 0.25833333333333336 0.19675925925925927 0.035416666666666666 0.03518518518518519
0 0.3385416666666667 0.1935185185185185 0.035416666666666666 0.03518518518518519
0 0.41770833333333335 0.19074074074074074 0.035416666666666666 0.03518518518518519
0 0.4979166666666667 0.1875 0.035416666666666666 0.03518518518518519
0 0.5770833333333333 0.18425925925925926 0.035416666666666666 0.03518518518518519
0 0.65625 0.1814814814814815 0.035416666666666666 0.03518518518518519
0 0.7364583333333333 0.17824074074074073 0.035416666666666666 0.03518518518518519
0 0.24895833333333334 0.25416666666666665 0.035416666666666666 0.03518518518518519
0 0.33229166666666665 0.25092592592592594 0.035416666666666666 0.03518518518518519
0 0.41458333333333336 0.24814814814814815 0.035416666666666666 0.03518518518518519
0 0.4979166666666667 0.2449074074074074 0.035416666666666666 0.03518518518518519
0 0.5802083333333333 0.24166666666666667 0.035416666666666666 0.03518518518518519
0 0.6635416666666667 0.23842592592592593 0.035416666666666666 0.03518518518518519
0 0.7458333333333333 0.2351851851851852 0.035416666666666666 0.03518518518518519
0 0.23854166666666668 0.31574074074074077 0.035416666666666666 0.03518518518518519
0 0.325 0.3125 0.035416666666666666 0.03518518518518519
0 0.4114583333333333 0.30925925925925923 0.035416666666666666 0.03518518518518519
0 0.4979166666666667 0.30648148148148147 0.035416666666666666 0.03518518518518519
0 0.584375 0.30324074074074076 0.035416666666666666 0.03518518518518519
0 0.6697916666666667 0.3 0.035416666666666666 0.03518518518518519
0 0.75625 0.29583333333333334 0.035416666666666666 0.03518518518518519
0 0.228125 0.38333333333333336 0.035416666666666666 0.03518518518518519
0 0.3177083333333333 0.3800925925925926 0.035416666666666666 0.03518518518518519
0 0.4083333333333333 0.3768518518518518 0.035416666666666666 0.03518518518518519
0 0.4979166666666667 0.3731481481481482 0.035416666666666666 0.03518518518518519
0 0.5875 0.3699074074074074 0.035416666666666666 0.03518518518518519
0 0.678125 0.36666666666666664 0.035416666666666666 0.03518518518518519
0 0.7677083333333333 0.3625 0.035416666666666666 0.03518518518518519
0 0.215625 0.45740740740740743 0.035416666666666666 0.03518518518518519
0 0.3104166666666667 0.45416666666666666 0.035416666666666666 0.03518518518518519
0 0.4041666666666667 0.45 0.035416666666666666 0.03518518518518519
0 0.4979166666666667 0.44675925925925924 0.035416666666666666 0.03518518518518519
0 0.5916666666666667 0.4425925925925926 0.035416666666666666 0.03518518518518519
0 0.6864583333333333 0.4398148148148148 0.035416666666666666 0.03518518518518519
0 0.7802083333333333 0.4351851851851852 0.035416666666666666 0.03518518518518519
0 0.203125 0.5375 0.035416666666666666 0.03518518518518519
0 0.30104166666666665 0.5342592592592592 0.035416666666666666 0.03518518518518519
0 0.4 0.5300925925925926 0.035416666666666666 0.03518518518518519
0 0.4979166666666667 0.5259259259259259 0.035416666666666666 0.03518518518518519
0 0.596875 0.5231481481481481 0.035416666666666666 0.03518518518518519
0 0.6947916666666667 0.5185185185185185 0.035416666666666666 0.03518518518518519
0 0.79375 0.5148148148148148 0.035416666666666666 0.03518518518518519
0 0.18854166666666666 0.6268518518518519 0.035416666666666666 0.03518518518518519
0 0.2916666666666667 0.6231481481481481 0.035416666666666666 0.03518518518518519
0 0.39479166666666665 0.6185185185185185 0.035416666666666666 0.03518518518518519
0 0.49895833333333334 0.6148148148148148 0.035416666666666666 0.03518518518518519
0 0.6020833333333333 0.6101851851851852 0.035416666666666666 0.03518518518518519
0 0.7052083333333333 0.6064814814814815 0.035416666666666666 0.03518518518518519
0 0.8083333333333333 0.6018518518518519 0.035416666666666666 0.03518518518518519