0 0.6729166666666667 0.2 0.025 0.03333333333333333
0 0.6052083333333333 0.20555555555555555 0.025 0.03333333333333333
0 0.5385416666666667 0.2111111111111111 0.025 0.03333333333333333
0 0.4708333333333333 0.21666666666666667 0.025 0.03333333333333333
0 0.4041666666666667 0.22083333333333333 0.025 0.03333333333333333
0 0.3375 0.2263888888888889 0.025 0.03333333333333333
0 0.271875 0.23194444444444445 0.025 0.03333333333333333
0 0.684375 0.2625 0.025 0.03333333333333333
0 0.6135416666666667 0.26805555555555555 0.025 0.03333333333333333
0 0.5427083333333333 0.27361111111111114 0.025 0.03333333333333333
0 0.471875 0.2777777777777778 0.025 0.03333333333333333
0 0.40208333333333335 0.2833333333333333 0.025 0.03333333333333333
0 0.33229166666666665 0.28888888888888886 0.025 0.03333333333333333
0 0.2625 0.29444444444444445 0.025 0.03333333333333333
0 0.6979166666666666 0.33055555555555555 0.025 0.03333333333333333
0 0.6229166666666667 0.33611111111111114 0.025 0.03333333333333333
0 0.5479166666666667 0.3416666666666667 0.025 0.03333333333333333
0 0.47291666666666665 0.3472222222222222 0.025 0.03333333333333333
0 0.39895833333333336 0.3527777777777778 0.025 0.03333333333333333
0 0.3260416666666667 0.35833333333333334 0.025 0.03333333333333333
0 0.2520833333333333 0.3625 0.025 0.03333333333333333
0 0.7125 0.40694444444444444 0.025 0.03333333333333333
0 0.6322916666666667 0.4125 0.025 0.03333333333333333
0 0.553125 0.41805555555555557 0.025 0.03333333333333333
0 0.475 0.4236111111111111 0.025 0.03333333333333333
0 0.396875 0.42916666666666664 0.025 0.03333333333333333
0 0.31875 0.43472222222222223 0.025 0.03333333333333333
0 0.240625 0.44027777777777777 0.025 0.03333333333333333
0 0.728125 0.4930555555555556 0.025 0.03333333333333333
0 0.64375 0.4986111111111111 0.025 0.03333333333333333
0 0.559375 0.5041666666666667 0.025 0.03333333333333333
0 0.47604166666666664 0.5097222222222222 0.025 0.03333333333333333
0 0.3927083333333333 0.5152777777777777 0.025 0.03333333333333333
0 0.3104166666666667 0.5208333333333334 0.025 0.03333333333333333
0 0.228125 0.5263888888888889 0.025 0.03333333333333333
0 0.7458333333333333 0.5902777777777778 0.025 0.03333333333333333
0 0.65625 0.5958333333333333 0.025 0.03333333333333333
0 0.5666666666666667 0.6013888888888889 0.025 0.03333333333333333
0 0.478125 0.6069444444444444 0.025 0.03333333333333333
0 0.38958333333333334 0.6125 0.025 0.03333333333333333
0 0.30104166666666665 0.6180555555555556 0.025 0.03333333333333333
0 0.21354166666666666 0.6236111111111111 0.025 0.03333333333333333
0 0.7666666666666667 0.7013888888888888 0.025 0.03333333333333333
0 0.6708333333333333 0.7069444444444445 0.025 0.03333333333333333
0 0.575 0.7125 0.025 0.03333333333333333
0 0.48020833333333335 0.7180555555555556 0.025 0.03333333333333333
0 0.3854166666666667 0.7236111111111111 0.025 0.03333333333333333
0 0.2916666666666667 0.7291666666666666 0.025 0.03333333333333333
0 0.19791666666666666 0.7347222222222223 0.025 0.03333333333333333