0 0.290625 0.6486111111111111 0.020833333333333332 0.027777777777777776
0 0.3697916666666667 0.6472222222222223 0.020833333333333332 0.027777777777777776
0 0.4479166666666667 0.6458333333333334 0.020833333333333332 0.027777777777777776
0 0.5270833333333333 0.6444444444444445 0.020833333333333332 0.027777777777777776
0 0.6072916666666667 0.6430555555555556 0.020833333333333332 0.027777777777777776
0 0.6875 0.6430555555555556 0.020833333333333332 0.027777777777777776
0 0.76875 0.6416666666666667 0.020833333333333332 0.027777777777777776
0 0.30104166666666665 0.5583333333333333 0.020833333333333332 0.027777777777777776
0 0.37604166666666666 0.5569444444444445 0.020833333333333332 0.027777777777777776
0 0.4510416666666667 0.5555555555555556 0.020833333333333332 0.027777777777777776
0 0.5260416666666666 0.5541666666666667 0.020833333333333332 0.027777777777777776
0 0.6020833333333333 0.5513888888888889 0.020833333333333332 0.027777777777777776
0 0.6791666666666667 0.55 0.020833333333333332 0.027777777777777776
0 0.75625 0.5486111111111112 0.020833333333333332 0.027777777777777776
0 0.31145833333333334 0.47638888888888886 0.020833333333333332 0.027777777777777776
0 0.38229166666666664 0.4736111111111111 0.020833333333333332 0.027777777777777776
0 0.453125 0.4722222222222222 0.020833333333333332 0.027777777777777776
0 0.525 0.4708333333333333 0.020833333333333332 0.027777777777777776
0 0.5979166666666667 0.46944444444444444 0.020833333333333332 0.027777777777777776
0 0.6708333333333333 0.4666666666666667 0.020833333333333332 0.027777777777777776
0 0.74375 0.4652777777777778 0.020833333333333332 0.027777777777777776
0 0.31979166666666664 0.4013888888888889 0.020833333333333332 0.027777777777777776
0 0.3875 0.39861111111111114 0.020833333333333332 0.027777777777777776
0 0.45625 0.3972222222222222 0.020833333333333332 0.027777777777777776
0 0.5239583333333333 0.39444444444444443 0.020833333333333332 0.027777777777777776
0 0.59375 0.39305555555555555 0.020833333333333332 0.027777777777777776
0 0.6635416666666667 0.39166666666666666 0.020833333333333332 0.027777777777777776
0 0.7333333333333333 0.3888888888888889 0.020833333333333332 0.027777777777777776
0 0.32708333333333334 0.33194444444444443 0.020833333333333332 0.027777777777777776
0 0.3927083333333333 0.33055555555555555 0.020833333333333332 0.027777777777777776
0 0.4583333333333333 0.3277777777777778 0.020833333333333332 0.027777777777777776
0 0.5239583333333333 0.3263888888888889 0.020833333333333332 0.027777777777777776
0 0.5895833333333333 0.3236111111111111 0.020833333333333332 0.027777777777777776
0 0.65625 0.32222222222222224 0.020833333333333332 0.027777777777777776
0 0.7229166666666667 0.3194444444444444 0.020833333333333332 0.027777777777777776
0 0.334375 0.26944444444444443 0.020833333333333332 0.027777777777777776
0 0.396875 0.26666666666666666 0.020833333333333332 0.027777777777777776
0 0.459375 0.2652777777777778 0.020833333333333332 0.027777777777777776
0 0.5229166666666667 0.2625 0.020833333333333332 0.027777777777777776
0 0.5864583333333333 0.2611111111111111 0.020833333333333332 0.027777777777777776
0 0.65 0.25833333333333336 0.020833333333333332 0.027777777777777776
0 0.7145833333333333 0.2569444444444444 0.020833333333333332 0.027777777777777776
0 0.3416666666666667 0.2111111111111111 0.020833333333333332 0.027777777777777776
0 0.4010416666666667 0.20833333333333334 0.020833333333333332 0.027777777777777776
0 0.46145833333333336 0.20694444444444443 0.020833333333333332 0.027777777777777776
0 0.521875 0.20416666666666666 0.020833333333333332 0.027777777777777776
0 0.5833333333333334 0.20277777777777778 0.020833333333333332 0.027777777777777776
0 0.64375 0.2 0.020833333333333332 0.027777777777777776
0 0.7052083333333333 0.1986111111111111 0.020833333333333332 0.027777777777777776