0 0.296875 0.18888888888888888 0.01875 0.03333333333333333
0 0.290625 0.27037037037037037 0.01875 0.03333333333333333
0 0.284375 0.3574074074074074 0.01875 0.03333333333333333
0 0.278125 0.45185185185185184 0.01875 0.03333333333333333
0 0.271875 0.5555555555555556 0.01875 0.03333333333333333
0 0.2635416666666667 0.6648148148148149 0.01875 0.03333333333333333
0 0.2552083333333333 0.7851851851851852 0.01875 0.03333333333333333
0 0.3572916666666667 0.18888888888888888 0.01875 0.03333333333333333
0 0.3541666666666667 0.27037037037037037 0.01875 0.03333333333333333
0 0.35 0.3592592592592593 0.01875 0.03333333333333333
0 0.3458333333333333 0.4537037037037037 0.01875 0.03333333333333333
0 0.3416666666666667 0.5555555555555556 0.01875 0.03333333333333333
0 0.3375 0.6648148148148149 0.01875 0.03333333333333333
0 0.33229166666666665 0.7851851851851852 0.01875 0.03333333333333333
0 0.41770833333333335 0.19074074074074074 0.01875 0.03333333333333333
0 0.4166666666666667 0.2722222222222222 0.01875 0.03333333333333333
0 0.41458333333333336 0.3592592592592593 0.01875 0.03333333333333333
0 0.41354166666666664 0.4537037037037037 0.01875 0.03333333333333333
0 0.4125 0.5555555555555556 0.01875 0.03333333333333333
0 0.41041666666666665 0.6648148148148149 0.01875 0.03333333333333333
0 0.4083333333333333 0.7851851851851852 0.01875 0.03333333333333333
0 0.478125 0.1925925925925926 0.01875 0.03333333333333333
0 0.4791666666666667 0.2740740740740741 0.01875 0.03333333333333333
0 0.4791666666666667 0.3611111111111111 0.01875 0.03333333333333333
0 0.48020833333333335 0.4537037037037037 0.01875 0.03333333333333333
0 0.48125 0.5555555555555556 0.01875 0.03333333333333333
0 0.48333333333333334 0.6648148148148149 0.01875 0.03333333333333333
0 0.484375 0.7833333333333333 0.01875 0.03333333333333333
0 0.5375 0.1925925925925926 0.01875 0.03333333333333333
0 0.540625 0.2740740740740741 0.01875 0.03333333333333333
0 0.54375 0.3611111111111111 0.01875 0.03333333333333333
0 0.546875 0.45555555555555555 0.01875 0.03333333333333333
0 0.5510416666666667 0.5555555555555556 0.01875 0.03333333333333333
0 0.5552083333333333 0.6648148148148149 0.01875 0.03333333333333333
0 0.559375 0.7833333333333333 0.01875 0.03333333333333333
0 0.596875 0.19444444444444445 0.01875 0.03333333333333333
0 0.6020833333333333 0.2759259259259259 0.01875 0.03333333333333333
0 0.6072916666666667 0.362962962962963 0.01875 0.03333333333333333
0 0.6135416666666667 0.45555555555555555 0.01875 0.03333333333333333
0 0.6197916666666666 0.5555555555555556 0.01875 0.03333333333333333
0 0.6260416666666667 0.6648148148148149 0.01875 0.03333333333333333
0 0.6333333333333333 0.7833333333333333 0.01875 0.03333333333333333
0 0.65625 0.1962962962962963 0.01875 0.03333333333333333
0 0.6635416666666667 0.2759259259259259 0.01875 0.03333333333333333
0 0.6708333333333333 0.362962962962963 0.01875 0.03333333333333333
0 0.6791666666666667 0.45555555555555555 0.01875 0.03333333333333333
0 0.6875 0.5555555555555556 0.01875 0.03333333333333333
0 0.6979166666666666 0.6648148148148149 0.01875 0.03333333333333333
0 0.7083333333333334 0.7814814814814814 0.01875 0.03333333333333333