0 0.69375 0.15694444444444444 0.025 0.03333333333333333
0 0.625 0.15833333333333333 0.025 0.03333333333333333
0 0.5572916666666666 0.1597222222222222 0.025 0.03333333333333333
0 0.48854166666666665 0.16111111111111112 0.025 0.03333333333333333
0 0.4197916666666667 0.1625 0.025 0.03333333333333333
0 0.35 0.1638888888888889 0.025 0.03333333333333333
0 0.28125 0.16527777777777777 0.025 0.03333333333333333
0 0.7041666666666667 0.22361111111111112 0.025 0.03333333333333333
0 0.6333333333333333 0.225 0.025 0.03333333333333333
0 0.5614583333333333 0.2263888888888889 0.025 0.03333333333333333
0 0.4895833333333333 0.22777777777777777 0.025 0.03333333333333333
0 0.4166666666666667 0.22916666666666666 0.025 0.03333333333333333
0 0.34479166666666666 0.23055555555555557 0.025 0.03333333333333333
0 0.27291666666666664 0.23194444444444445 0.025 0.03333333333333333
0 0.7166666666666667 0.29583333333333334 0.025 0.03333333333333333
0 0.640625 0.2972222222222222 0.025 0.03333333333333333
0 0.565625 0.2986111111111111 0.025 0.03333333333333333
0 0.490625 0.3013888888888889 0.025 0.03333333333333333
0 0.41458333333333336 0.30277777777777776 0.025 0.03333333333333333
0 0.33958333333333335 0.30416666666666664 0.025 0.03333333333333333
0 0.2635416666666667 0.3055555555555556 0.025 0.03333333333333333
0 0.7291666666666666 0.3763888888888889 0.025 0.03333333333333333
0 0.65 0.37777777777777777 0.025 0.03333333333333333
0 0.5708333333333333 0.37916666666666665 0.025 0.03333333333333333
0 0.49166666666666664 0.38055555555555554 0.025 0.03333333333333333
0 0.4125 0.3819444444444444 0.025 0.03333333333333333
0 0.3333333333333333 0.38472222222222224 0.025 0.03333333333333333
0 0.253125 0.3861111111111111 0.025 0.03333333333333333
0 0.7427083333333333 0.4638888888888889 0.025 0.03333333333333333
0 0.659375 0.4666666666666667 0.025 0.03333333333333333
0 0.5760416666666667 0.46805555555555556 0.025 0.03333333333333333
0 0.49270833333333336 0.46944444444444444 0.025 0.03333333333333333
0 0.409375 0.4722222222222222 0.025 0.03333333333333333
0 0.3260416666666667 0.4736111111111111 0.025 0.03333333333333333
0 0.24166666666666667 0.475 0.025 0.03333333333333333
0 0.7583333333333333 0.5625 0.025 0.03333333333333333
0 0.6708333333333333 0.5638888888888889 0.025 0.03333333333333333
0 0.5833333333333334 0.5666666666666667 0.025 0.03333333333333333
0 0.4947916666666667 0.5680555555555555 0.025 0.03333333333333333
0 0.40625 0.5708333333333333 0.025 0.03333333333333333
0 0.3177083333333333 0.5722222222222222 0.025 0.03333333333333333
0 0.22916666666666666 0.575 0.025 0.03333333333333333
0 0.7760416666666666 0.6722222222222223 0.025 0.03333333333333333
0 0.6833333333333333 0.675 0.025 0.03333333333333333
0 0.5895833333333333 0.6777777777777778 0.025 0.03333333333333333
0 0.496875 0.6791666666666667 0.025 0.03333333333333333
0 0.403125 0.6819444444444445 0.025 0.03333333333333333
0 0.309375 0.6833333333333333 0.025 0.03333333333333333
0 0.21458333333333332 0.6861111111111111 0.025 0.03333333333333333