0 0.7302083333333333 0.26481481481481484 0.03333333333333333 0.03333333333333333
0 0.6552083333333333 0.26342592592592595 0.03333333333333333 0.03333333333333333
0 0.58125 0.26342592592592595 0.03333333333333333 0.03333333333333333
0 0.5072916666666667 0.2625 0.03333333333333333 0.03333333333333333
0 0.43333333333333335 0.26157407407407407 0.03333333333333333 0.03333333333333333
0 0.359375 0.26157407407407407 0.03333333333333333 0.03333333333333333
0 0.2864583333333333 0.2601851851851852 0.03333333333333333 0.03333333333333333
0 0.7375 0.32685185185185184 0.03333333333333333 0.03333333333333333
0 0.6604166666666667 0.32592592592592595 0.03333333333333333 0.03333333333333333
0 0.5822916666666667 0.325 0.03333333333333333 0.03333333333333333
0 0.5052083333333334 0.32407407407407407 0.03333333333333333 0.03333333333333333
0 0.428125 0.32314814814814813 0.03333333333333333 0.03333333333333333
0 0.35208333333333336 0.32314814814814813 0.03333333333333333 0.03333333333333333
0 0.2760416666666667 0.32175925925925924 0.03333333333333333 0.03333333333333333
0 0.7458333333333333 0.39351851851851855 0.03333333333333333 0.03333333333333333
0 0.6645833333333333 0.3925925925925926 0.03333333333333333 0.03333333333333333
0 0.584375 0.39166666666666666 0.03333333333333333 0.03333333333333333
0 0.5041666666666667 0.3907407407407407 0.03333333333333333 0.03333333333333333
0 0.4239583333333333 0.38981481481481484 0.03333333333333333 0.03333333333333333
0 0.34479166666666666 0.38842592592592595 0.03333333333333333 0.03333333333333333
0 0.265625 0.3875 0.03333333333333333 0.03333333333333333
0 0.7541666666666667 0.4666666666666667 0.03333333333333333 0.03333333333333333
0 0.6697916666666667 0.46574074074074073 0.03333333333333333 0.03333333333333333
0 0.5854166666666667 0.4634259259259259 0.03333333333333333 0.03333333333333333
0 0.5020833333333333 0.4625 0.03333333333333333 0.03333333333333333
0 0.41875 0.4615740740740741 0.03333333333333333 0.03333333333333333
0 0.33541666666666664 0.4601851851851852 0.03333333333333333 0.03333333333333333
0 0.253125 0.45925925925925926 0.03333333333333333 0.03333333333333333
0 0.7635416666666667 0.5458333333333333 0.03333333333333333 0.03333333333333333
0 0.675 0.5449074074074074 0.03333333333333333 0.03333333333333333
0 0.5875 0.5425925925925926 0.03333333333333333 0.03333333333333333
0 0.5 0.5416666666666666 0.03333333333333333 0.03333333333333333
0 0.4125 0.5398148148148149 0.03333333333333333 0.03333333333333333
0 0.3260416666666667 0.538425925925926 0.03333333333333333 0.03333333333333333
0 0.240625 0.5365740740740741 0.03333333333333333 0.03333333333333333
0 0.7739583333333333 0.6333333333333333 0.03333333333333333 0.03333333333333333
0 0.68125 0.6314814814814815 0.03333333333333333 0.03333333333333333
0 0.5895833333333333 0.6291666666666667 0.03333333333333333 0.03333333333333333
0 0.4979166666666667 0.6268518518518519 0.03333333333333333 0.03333333333333333
0 0.40625 0.625 0.03333333333333333 0.03333333333333333
0 0.31666666666666665 0.6231481481481481 0.03333333333333333 0.03333333333333333
0 0.22604166666666667 0.6217592592592592 0.03333333333333333 0.03333333333333333
0 0.7854166666666667 0.7282407407407407 0.03333333333333333 0.03333333333333333
0 0.6875 0.725925925925926 0.03333333333333333 0.03333333333333333
0 0.5916666666666667 0.7240740740740741 0.03333333333333333 0.03333333333333333
0 0.49583333333333335 0.7208333333333333 0.03333333333333333 0.03333333333333333
0 0.4 0.7185185185185186 0.03333333333333333 0.03333333333333333
0 0.30520833333333336 0.7166666666666667 0.03333333333333333 0.03333333333333333
0 0.21145833333333333 0.7148148148148148 0.03333333333333333 0.03333333333333333