0 0.2989583333333333 0.6472222222222223 0.020833333333333332 0.027777777777777776
0 0.37395833333333334 0.6472222222222223 0.020833333333333332 0.027777777777777776
0 0.4510416666666667 0.6458333333333334 0.020833333333333332 0.027777777777777776
0 0.528125 0.6444444444444445 0.020833333333333332 0.027777777777777776
0 0.60625 0.6444444444444445 0.020833333333333332 0.027777777777777776
0 0.6854166666666667 0.6430555555555556 0.020833333333333332 0.027777777777777776
0 0.7666666666666667 0.6416666666666667 0.020833333333333332 0.027777777777777776
0 0.309375 0.5597222222222222 0.020833333333333332 0.027777777777777776
0 0.38125 0.5583333333333333 0.020833333333333332 0.027777777777777776
0 0.45416666666666666 0.5569444444444445 0.020833333333333332 0.027777777777777776
0 0.5270833333333333 0.5555555555555556 0.020833333333333332 0.027777777777777776
0 0.6020833333333333 0.5541666666666667 0.020833333333333332 0.027777777777777776
0 0.678125 0.5527777777777778 0.020833333333333332 0.027777777777777776
0 0.7541666666666667 0.5513888888888889 0.020833333333333332 0.027777777777777776
0 0.3177083333333333 0.4791666666666667 0.020833333333333332 0.027777777777777776
0 0.38645833333333335 0.4777777777777778 0.020833333333333332 0.027777777777777776
0 0.45625 0.47638888888888886 0.020833333333333332 0.027777777777777776
0 0.5270833333333333 0.4736111111111111 0.020833333333333332 0.027777777777777776
0 0.5989583333333334 0.4722222222222222 0.020833333333333332 0.027777777777777776
0 0.6708333333333333 0.4708333333333333 0.020833333333333332 0.027777777777777776
0 0.74375 0.46805555555555556 0.020833333333333332 0.027777777777777776
0 0.3260416666666667 0.40555555555555556 0.020833333333333332 0.027777777777777776
0 0.3927083333333333 0.4041666666666667 0.020833333333333332 0.027777777777777776
0 0.459375 0.4013888888888889 0.020833333333333332 0.027777777777777776
0 0.5270833333333333 0.4 0.020833333333333332 0.027777777777777776
0 0.5947916666666667 0.3972222222222222 0.020833333333333332 0.027777777777777776
0 0.6645833333333333 0.3958333333333333 0.020833333333333332 0.027777777777777776
0 0.734375 0.39305555555555555 0.020833333333333332 0.027777777777777776
0 0.334375 0.3388888888888889 0.020833333333333332 0.027777777777777776
0 0.39791666666666664 0.33611111111111114 0.020833333333333332 0.027777777777777776
0 0.46145833333333336 0.3333333333333333 0.020833333333333332 0.027777777777777776
0 0.5260416666666666 0.33055555555555555 0.020833333333333332 0.027777777777777776
0 0.5916666666666667 0.32916666666666666 0.020833333333333332 0.027777777777777776
0 0.6583333333333333 0.3263888888888889 0.020833333333333332 0.027777777777777776
0 0.725 0.3236111111111111 0.020833333333333332 0.027777777777777776
0 0.3416666666666667 0.2763888888888889 0.020833333333333332 0.027777777777777776
0 0.40208333333333335 0.27361111111111114 0.020833333333333332 0.027777777777777776
0 0.4635416666666667 0.2708333333333333 0.020833333333333332 0.027777777777777776
0 0.5260416666666666 0.26805555555555555 0.020833333333333332 0.027777777777777776
0 0.5885416666666666 0.2652777777777778 0.020833333333333332 0.027777777777777776
0 0.6520833333333333 0.2625 0.020833333333333332 0.027777777777777776
0 0.7166666666666667 0.25972222222222224 0.020833333333333332 0.027777777777777776
0 0.34791666666666665 0.21805555555555556 0.020833333333333332 0.027777777777777776
0 0.40625 0.2152777777777778 0.020833333333333332 0.027777777777777776
0 0.465625 0.2125 0.020833333333333332 0.027777777777777776
0 0.5260416666666666 0.20972222222222223 0.020833333333333332 0.027777777777777776
0 0.5864583333333333 0.20694444444444443 0.020833333333333332 0.027777777777777776
0 0.646875 0.20416666666666666 0.020833333333333332 0.027777777777777776
0 0.709375 0.2013888888888889 0.020833333333333332 0.027777777777777776