0 0.690625 0.15555555555555556 0.022916666666666665 0.03425925925925926
0 0.615625 0.15555555555555556 0.022916666666666665 0.03425925925925926
0 0.5385416666666667 0.1574074074074074 0.022916666666666665 0.03425925925925926
0 0.4625 0.1574074074074074 0.022916666666666665 0.03425925925925926
0 0.3854166666666667 0.1574074074074074 0.022916666666666665 0.03425925925925926
0 0.3072916666666667 0.1574074074074074 0.022916666666666665 0.03425925925925926
0 0.23020833333333332 0.1574074074074074 0.022916666666666665 0.03425925925925926
0 0.703125 0.23657407407407408 0.022916666666666665 0.03425925925925926
0 0.625 0.23657407407407408 0.022916666666666665 0.03425925925925926
0 0.5458333333333333 0.23657407407407408 0.022916666666666665 0.03425925925925926
0 0.465625 0.23842592592592593 0.022916666666666665 0.03425925925925926
0 0.38645833333333335 0.23842592592592593 0.022916666666666665 0.03425925925925926
0 0.30625 0.23842592592592593 0.022916666666666665 0.03425925925925926
0 0.225 0.23842592592592593 0.022916666666666665 0.03425925925925926
0 0.715625 0.32222222222222224 0.022916666666666665 0.03425925925925926
0 0.634375 0.32407407407407407 0.022916666666666665 0.03425925925925926
0 0.5520833333333334 0.32407407407407407 0.022916666666666665 0.03425925925925926
0 0.46979166666666666 0.32546296296296295 0.022916666666666665 0.03425925925925926
0 0.3875 0.32546296296296295 0.022916666666666665 0.03425925925925926
0 0.30416666666666664 0.32546296296296295 0.022916666666666665 0.03425925925925926
0 0.21979166666666666 0.32731481481481484 0.022916666666666665 0.03425925925925926
0 0.7302083333333333 0.41574074074074074 0.022916666666666665 0.03425925925925926
0 0.6458333333333334 0.41759259259259257 0.022916666666666665 0.03425925925925926
0 0.5604166666666667 0.41759259259259257 0.022916666666666665 0.03425925925925926
0 0.4739583333333333 0.41898148148148145 0.022916666666666665 0.03425925925925926
0 0.3885416666666667 0.4203703703703704 0.022916666666666665 0.03425925925925926
0 0.30104166666666665 0.4203703703703704 0.022916666666666665 0.03425925925925926
0 0.21458333333333332 0.4222222222222222 0.022916666666666665 0.03425925925925926
0 0.7447916666666666 0.5171296296296296 0.022916666666666665 0.03425925925925926
0 0.6572916666666667 0.5185185185185185 0.022916666666666665 0.03425925925925926
0 0.56875 0.5185185185185185 0.022916666666666665 0.03425925925925926
0 0.4791666666666667 0.5203703703703704 0.022916666666666665 0.03425925925925926
0 0.38958333333333334 0.5217592592592593 0.022916666666666665 0.03425925925925926
0 0.2989583333333333 0.5231481481481481 0.022916666666666665 0.03425925925925926
0 0.20833333333333334 0.525 0.022916666666666665 0.03425925925925926
0 0.7614583333333333 0.6263888888888889 0.022916666666666665 0.03425925925925926
0 0.6697916666666667 0.6277777777777778 0.022916666666666665 0.03425925925925926
0 0.5770833333333333 0.6291666666666667 0.022916666666666665 0.03425925925925926
0 0.484375 0.6310185185185185 0.022916666666666665 0.03425925925925926
0 0.390625 0.6324074074074074 0.022916666666666665 0.03425925925925926
0 0.29583333333333334 0.6337962962962963 0.022916666666666665 0.03425925925925926
0 0.20104166666666667 0.6370370370370371 0.022916666666666665 0.03425925925925926
0 0.7791666666666667 0.7444444444444445 0.022916666666666665 0.03425925925925926
0 0.6833333333333333 0.7476851851851852 0.022916666666666665 0.03425925925925926
0 0.5875 0.7490740740740741 0.022916666666666665 0.03425925925925926
0 0.4895833333333333 0.7523148148148148 0.022916666666666665 0.03425925925925926
0 0.39166666666666666 0.7537037037037037 0.022916666666666665 0.03425925925925926
0 0.29375 0.7555555555555555 0.022916666666666665 0.03425925925925926
0 0.19479166666666667 0.7587962962962963 0.022916666666666665 0.03425925925925926