0 0.29270833333333335 0.6458333333333334 0.020833333333333332 0.027777777777777776
0 0.3697916666666667 0.6444444444444445 0.020833333333333332 0.027777777777777776
0 0.446875 0.6430555555555556 0.020833333333333332 0.027777777777777776
0 0.525 0.6416666666666667 0.020833333333333332 0.027777777777777776
0 0.6041666666666666 0.6402777777777777 0.020833333333333332 0.027777777777777776
0 0.684375 0.6388888888888888 0.020833333333333332 0.027777777777777776
0 0.7645833333333333 0.6375 0.020833333333333332 0.027777777777777776
0 0.303125 0.5555555555555556 0.020833333333333332 0.027777777777777776
0 0.3770833333333333 0.5541666666666667 0.020833333333333332 0.027777777777777776
0 0.45 0.5513888888888889 0.020833333333333332 0.027777777777777776
0 0.525 0.55 0.020833333333333332 0.027777777777777776
0 0.6 0.5486111111111112 0.020833333333333332 0.027777777777777776
0 0.6760416666666667 0.5458333333333333 0.020833333333333332 0.027777777777777776
0 0.7520833333333333 0.5444444444444444 0.020833333333333332 0.027777777777777776
0 0.31354166666666666 0.4736111111111111 0.020833333333333332 0.027777777777777776
0 0.38333333333333336 0.4708333333333333 0.020833333333333332 0.027777777777777776
0 0.453125 0.46944444444444444 0.020833333333333332 0.027777777777777776
0 0.5239583333333333 0.4666666666666667 0.020833333333333332 0.027777777777777776
0 0.5958333333333333 0.4652777777777778 0.020833333333333332 0.027777777777777776
0 0.6677083333333333 0.4625 0.020833333333333332 0.027777777777777776
0 0.740625 0.46111111111111114 0.020833333333333332 0.027777777777777776
0 0.321875 0.39861111111111114 0.020833333333333332 0.027777777777777776
0 0.3885416666666667 0.3958333333333333 0.020833333333333332 0.027777777777777776
0 0.45625 0.39444444444444443 0.020833333333333332 0.027777777777777776
0 0.5239583333333333 0.39166666666666666 0.020833333333333332 0.027777777777777776
0 0.5927083333333333 0.3888888888888889 0.020833333333333332 0.027777777777777776
0 0.6614583333333334 0.3875 0.020833333333333332 0.027777777777777776
0 0.73125 0.38472222222222224 0.020833333333333332 0.027777777777777776
0 0.3302083333333333 0.32916666666666666 0.020833333333333332 0.027777777777777776
0 0.39479166666666665 0.3277777777777778 0.020833333333333332 0.027777777777777776
0 0.4583333333333333 0.325 0.020833333333333332 0.027777777777777776
0 0.5239583333333333 0.32222222222222224 0.020833333333333332 0.027777777777777776
0 0.5895833333333333 0.32083333333333336 0.020833333333333332 0.027777777777777776
0 0.6552083333333333 0.31805555555555554 0.020833333333333332 0.027777777777777776
0 0.721875 0.31527777777777777 0.020833333333333332 0.027777777777777776
0 0.3375 0.26666666666666666 0.020833333333333332 0.027777777777777776
0 0.39895833333333336 0.2638888888888889 0.020833333333333332 0.027777777777777776
0 0.46145833333333336 0.2625 0.020833333333333332 0.027777777777777776
0 0.5239583333333333 0.25972222222222224 0.020833333333333332 0.027777777777777776
0 0.5864583333333333 0.2569444444444444 0.020833333333333332 0.027777777777777776
0 0.65 0.25416666666666665 0.020833333333333332 0.027777777777777776
0 0.7135416666666666 0.2513888888888889 0.020833333333333332 0.027777777777777776
0 0.34479166666666666 0.20833333333333334 0.020833333333333332 0.027777777777777776
0 0.4041666666666667 0.20555555555555555 0.020833333333333332 0.027777777777777776
0 0.4635416666666667 0.20416666666666666 0.020833333333333332 0.027777777777777776
0 0.5229166666666667 0.2013888888888889 0.020833333333333332 0.027777777777777776
0 0.5833333333333334 0.1986111111111111 0.020833333333333332 0.027777777777777776
0 0.6447916666666667 0.19583333333333333 0.020833333333333332 0.027777777777777776
0 0.7052083333333333 0.19305555555555556 0.020833333333333332 0.027777777777777776