0 0.3375 0.3861111111111111 0.01875 0.025
0 0.33229166666666665 0.4444444444444444 0.01875 0.025
0 0.3260416666666667 0.5055555555555555 0.01875 0.025
0 0.32083333333333336 0.5708333333333333 0.01875 0.025
0 0.31354166666666666 0.6402777777777777 0.01875 0.025
0 0.30625 0.7138888888888889 0.01875 0.025
0 0.2989583333333333 0.7930555555555555 0.01875 0.025
0 0.4 0.3875 0.01875 0.025
0 0.3958333333333333 0.44583333333333336 0.01875 0.025
0 0.3927083333333333 0.5069444444444444 0.01875 0.025
0 0.3885416666666667 0.5722222222222222 0.01875 0.025
0 0.38333333333333336 0.6416666666666667 0.01875 0.025
0 0.37916666666666665 0.7152777777777778 0.01875 0.025
0 0.37395833333333334 0.7944444444444444 0.01875 0.025
0 0.46145833333333336 0.3888888888888889 0.01875 0.025
0 0.46041666666666664 0.44722222222222224 0.01875 0.025
0 0.4583333333333333 0.5083333333333333 0.01875 0.025
0 0.45625 0.5736111111111111 0.01875 0.025
0 0.45416666666666666 0.6430555555555556 0.01875 0.025
0 0.45208333333333334 0.7166666666666667 0.01875 0.025
0 0.44895833333333335 0.7972222222222223 0.01875 0.025
0 0.5239583333333333 0.3902777777777778 0.01875 0.025
0 0.5239583333333333 0.4486111111111111 0.01875 0.025
0 0.5239583333333333 0.5097222222222222 0.01875 0.025
0 0.5239583333333333 0.575 0.01875 0.025
0 0.5239583333333333 0.6444444444444445 0.01875 0.025
0 0.5239583333333333 0.7194444444444444 0.01875 0.025
0 0.5239583333333333 0.7986111111111112 0.01875 0.025
0 0.5854166666666667 0.39166666666666666 0.01875 0.025
0 0.5875 0.45 0.01875 0.025
0 0.5895833333333333 0.5111111111111111 0.01875 0.025
0 0.5916666666666667 0.5763888888888888 0.01875 0.025
0 0.59375 0.6458333333333334 0.01875 0.025
0 0.596875 0.7208333333333333 0.01875 0.025
0 0.5989583333333334 0.8 0.01875 0.025
0 0.6479166666666667 0.39305555555555555 0.01875 0.025
0 0.6510416666666666 0.45 0.01875 0.025
0 0.6552083333333333 0.5125 0.01875 0.025
0 0.659375 0.5777777777777777 0.01875 0.025
0 0.6645833333333333 0.6472222222222223 0.01875 0.025
0 0.66875 0.7222222222222222 0.01875 0.025
0 0.6739583333333333 0.8013888888888889 0.01875 0.025
0 0.709375 0.39444444444444443 0.01875 0.025
0 0.715625 0.4513888888888889 0.01875 0.025
0 0.7208333333333333 0.5138888888888888 0.01875 0.025
0 0.728125 0.5791666666666667 0.01875 0.025
0 0.734375 0.6486111111111111 0.01875 0.025
0 0.7416666666666667 0.7236111111111111 0.01875 0.025
0 0.7489583333333333 0.8027777777777778 0.01875 0.025