0 0.7072916666666667 0.16064814814814815 0.022916666666666665 0.03425925925925926
0 0.6302083333333334 0.16064814814814815 0.022916666666666665 0.03425925925925926
0 0.553125 0.16064814814814815 0.022916666666666665 0.03425925925925926
0 0.47604166666666664 0.16064814814814815 0.022916666666666665 0.03425925925925926
0 0.39791666666666664 0.16064814814814815 0.022916666666666665 0.03425925925925926
0 0.31979166666666664 0.16064814814814815 0.022916666666666665 0.03425925925925926
0 0.24166666666666667 0.16064814814814815 0.022916666666666665 0.03425925925925926
0 0.71875 0.2412037037037037 0.022916666666666665 0.03425925925925926
0 0.6395833333333333 0.2412037037037037 0.022916666666666665 0.03425925925925926
0 0.559375 0.2412037037037037 0.022916666666666665 0.03425925925925926
0 0.4791666666666667 0.2412037037037037 0.022916666666666665 0.03425925925925926
0 0.39895833333333336 0.2412037037037037 0.022916666666666665 0.03425925925925926
0 0.3177083333333333 0.2412037037037037 0.022916666666666665 0.03425925925925926
0 0.23645833333333333 0.2412037037037037 0.022916666666666665 0.03425925925925926
0 0.73125 0.32731481481481484 0.022916666666666665 0.03425925925925926
0 0.6489583333333333 0.3287037037037037 0.022916666666666665 0.03425925925925926
0 0.565625 0.3287037037037037 0.022916666666666665 0.03425925925925926
0 0.4822916666666667 0.3287037037037037 0.022916666666666665 0.03425925925925926
0 0.39895833333333336 0.3287037037037037 0.022916666666666665 0.03425925925925926
0 0.3145833333333333 0.3287037037037037 0.022916666666666665 0.03425925925925926
0 0.23020833333333332 0.3287037037037037 0.022916666666666665 0.03425925925925926
0 0.74375 0.4203703703703704 0.022916666666666665 0.03425925925925926
0 0.6583333333333333 0.4222222222222222 0.022916666666666665 0.03425925925925926
0 0.5729166666666666 0.4222222222222222 0.022916666666666665 0.03425925925925926
0 0.4864583333333333 0.4222222222222222 0.022916666666666665 0.03425925925925926
0 0.39895833333333336 0.4236111111111111 0.022916666666666665 0.03425925925925926
0 0.31145833333333334 0.4236111111111111 0.022916666666666665 0.03425925925925926
0 0.22395833333333334 0.4236111111111111 0.022916666666666665 0.03425925925925926
0 0.7583333333333333 0.5217592592592593 0.022916666666666665 0.03425925925925926
0 0.6697916666666667 0.5231481481481481 0.022916666666666665 0.03425925925925926
0 0.5802083333333333 0.5231481481481481 0.022916666666666665 0.03425925925925926
0 0.4895833333333333 0.525 0.022916666666666665 0.03425925925925926
0 0.4 0.525 0.022916666666666665 0.03425925925925926
0 0.30833333333333335 0.525 0.022916666666666665 0.03425925925925926
0 0.21666666666666667 0.5263888888888889 0.022916666666666665 0.03425925925925926
0 0.7739583333333333 0.6310185185185185 0.022916666666666665 0.03425925925925926
0 0.68125 0.6324074074074074 0.022916666666666665 0.03425925925925926
0 0.5885416666666666 0.6337962962962963 0.022916666666666665 0.03425925925925926
0 0.49375 0.6337962962962963 0.022916666666666665 0.03425925925925926
0 0.4 0.6356481481481482 0.022916666666666665 0.03425925925925926
0 0.30520833333333336 0.6370370370370371 0.022916666666666665 0.03425925925925926
0 0.209375 0.6370370370370371 0.022916666666666665 0.03425925925925926
0 0.7916666666666666 0.7509259259259259 0.022916666666666665 0.03425925925925926
0 0.6947916666666667 0.7523148148148148 0.022916666666666665 0.03425925925925926
0 0.596875 0.7537037037037037 0.022916666666666665 0.03425925925925926
0 0.49895833333333334 0.7555555555555555 0.022916666666666665 0.03425925925925926
0 0.4 0.7569444444444444 0.022916666666666665 0.03425925925925926
0 0.30104166666666665 0.7569444444444444 0.022916666666666665 0.03425925925925926
0 0.20208333333333334 0.7587962962962963 0.022916666666666665 0.03425925925925926