0 0.33125 0.22962962962962963 0.0125 0.022222222222222223
0 0.32708333333333334 0.2833333333333333 0.0125 0.022222222222222223
0 0.3229166666666667 0.3388888888888889 0.0125 0.022222222222222223
0 0.31875 0.40185185185185185 0.0125 0.022222222222222223
0 0.31354166666666666 0.4666666666666667 0.0125 0.022222222222222223
0 0.30833333333333335 0.5388888888888889 0.0125 0.022222222222222223
0 0.3020833333333333 0.6185185185185185 0.0125 0.022222222222222223
0 0.37604166666666666 0.22962962962962963 0.0125 0.022222222222222223
0 0.37395833333333334 0.2814814814814815 0.0125 0.022222222222222223
0 0.37083333333333335 0.3388888888888889 0.0125 0.022222222222222223
0 0.36875 0.4 0.0125 0.022222222222222223
0 0.365625 0.4666666666666667 0.0125 0.022222222222222223
0 0.3625 0.5370370370370371 0.0125 0.022222222222222223
0 0.359375 0.6166666666666667 0.0125 0.022222222222222223
0 0.42083333333333334 0.22777777777777777 0.0125 0.022222222222222223
0 0.4197916666666667 0.2814814814814815 0.0125 0.022222222222222223
0 0.4197916666666667 0.337037037037037 0.0125 0.022222222222222223
0 0.41875 0.39814814814814814 0.0125 0.022222222222222223
0 0.41770833333333335 0.4648148148148148 0.0125 0.022222222222222223
0 0.4166666666666667 0.5351851851851852 0.0125 0.022222222222222223
0 0.415625 0.6129629629629629 0.0125 0.022222222222222223
0 0.465625 0.22777777777777777 0.0125 0.022222222222222223
0 0.465625 0.2796296296296296 0.0125 0.022222222222222223
0 0.4666666666666667 0.337037037037037 0.0125 0.022222222222222223
0 0.46770833333333334 0.39814814814814814 0.0125 0.022222222222222223
0 0.46875 0.46296296296296297 0.0125 0.022222222222222223
0 0.4708333333333333 0.5333333333333333 0.0125 0.022222222222222223
0 0.471875 0.6111111111111112 0.0125 0.022222222222222223
0 0.509375 0.22777777777777777 0.0125 0.022222222222222223
0 0.5114583333333333 0.2796296296296296 0.0125 0.022222222222222223
0 0.5145833333333333 0.3351851851851852 0.0125 0.022222222222222223
0 0.5177083333333333 0.3962962962962963 0.0125 0.022222222222222223
0 0.5208333333333334 0.46111111111111114 0.0125 0.022222222222222223
0 0.5239583333333333 0.5314814814814814 0.0125 0.022222222222222223
0 0.5270833333333333 0.6092592592592593 0.0125 0.022222222222222223
0 0.553125 0.22592592592592592 0.0125 0.022222222222222223
0 0.5572916666666666 0.2796296296296296 0.0125 0.022222222222222223
0 0.5614583333333333 0.3351851851851852 0.0125 0.022222222222222223
0 0.5666666666666667 0.39444444444444443 0.0125 0.022222222222222223
0 0.5708333333333333 0.45925925925925926 0.0125 0.022222222222222223
0 0.5770833333333333 0.5296296296296297 0.0125 0.022222222222222223
0 0.5833333333333334 0.6074074074074074 0.0125 0.022222222222222223
0 0.596875 0.22592592592592592 0.0125 0.022222222222222223
0 0.6020833333333333 0.2777777777777778 0.0125 0.022222222222222223
0 0.6083333333333333 0.3333333333333333 0.0125 0.022222222222222223
0 0.6145833333333334 0.39444444444444443 0.0125 0.022222222222222223
0 0.621875 0.45740740740740743 0.0125 0.022222222222222223
0 0.6291666666666667 0.5277777777777778 0.0125 0.022222222222222223
0 0.6375 0.6055555555555555 0.0125 0.022222222222222223