0 0.23645833333333333 0.3435185185185185 0.03333333333333333 0.03333333333333333
0 0.228125 0.40324074074074073 0.03333333333333333 0.03333333333333333
0 0.21979166666666666 0.4666666666666667 0.03333333333333333 0.03333333333333333
0 0.21041666666666667 0.5342592592592592 0.03333333333333333 0.03333333333333333
0 0.20104166666666667 0.6092592592592593 0.03333333333333333 0.03333333333333333
0 0.18958333333333333 0.6916666666666667 0.03333333333333333 0.03333333333333333
0 0.178125 0.7800925925925926 0.03333333333333333 0.03333333333333333
0 0.3125 0.3449074074074074 0.03333333333333333 0.03333333333333333
0 0.3072916666666667 0.40324074074074073 0.03333333333333333 0.03333333333333333
0 0.3020833333333333 0.46574074074074073 0.03333333333333333 0.03333333333333333
0 0.296875 0.5342592592592592 0.03333333333333333 0.03333333333333333
0 0.290625 0.6083333333333333 0.03333333333333333 0.03333333333333333
0 0.2833333333333333 0.6898148148148148 0.03333333333333333 0.03333333333333333
0 0.2760416666666667 0.7782407407407408 0.03333333333333333 0.03333333333333333
0 0.3885416666666667 0.3449074074074074 0.03333333333333333 0.03333333333333333
0 0.38645833333333335 0.40324074074074073 0.03333333333333333 0.03333333333333333
0 0.384375 0.46574074074074073 0.03333333333333333 0.03333333333333333
0 0.38229166666666664 0.5333333333333333 0.03333333333333333 0.03333333333333333
0 0.37916666666666665 0.6074074074074074 0.03333333333333333 0.03333333333333333
0 0.3770833333333333 0.6884259259259259 0.03333333333333333 0.03333333333333333
0 0.37395833333333334 0.7759259259259259 0.03333333333333333 0.03333333333333333
0 0.4625 0.3449074074074074 0.03333333333333333 0.03333333333333333
0 0.4635416666666667 0.40324074074074073 0.03333333333333333 0.03333333333333333
0 0.46458333333333335 0.46574074074074073 0.03333333333333333 0.03333333333333333
0 0.465625 0.5333333333333333 0.03333333333333333 0.03333333333333333
0 0.46770833333333334 0.6064814814814815 0.03333333333333333 0.03333333333333333
0 0.46875 0.6865740740740741 0.03333333333333333 0.03333333333333333
0 0.46979166666666666 0.774074074074074 0.03333333333333333 0.03333333333333333
0 0.5375 0.3458333333333333 0.03333333333333333 0.03333333333333333
0 0.540625 0.40324074074074073 0.03333333333333333 0.03333333333333333
0 0.5447916666666667 0.4648148148148148 0.03333333333333333 0.03333333333333333
0 0.5489583333333333 0.5324074074074074 0.03333333333333333 0.03333333333333333
0 0.5541666666666667 0.6050925925925926 0.03333333333333333 0.03333333333333333
0 0.559375 0.6851851851851852 0.03333333333333333 0.03333333333333333
0 0.565625 0.7717592592592593 0.03333333333333333 0.03333333333333333
0 0.6104166666666667 0.3458333333333333 0.03333333333333333 0.03333333333333333
0 0.6166666666666667 0.40324074074074073 0.03333333333333333 0.03333333333333333
0 0.6239583333333333 0.4648148148148148 0.03333333333333333 0.03333333333333333
0 0.6322916666666667 0.5314814814814814 0.03333333333333333 0.03333333333333333
0 0.640625 0.6041666666666666 0.03333333333333333 0.03333333333333333
0 0.6489583333333333 0.6833333333333333 0.03333333333333333 0.03333333333333333
0 0.659375 0.7708333333333334 0.03333333333333333 0.03333333333333333
0 0.6833333333333333 0.3458333333333333 0.03333333333333333 0.03333333333333333
0 0.6927083333333334 0.40324074074074073 0.03333333333333333 0.03333333333333333
0 0.703125 0.4648148148148148 0.03333333333333333 0.03333333333333333
0 0.7135416666666666 0.5314814814814814 0.03333333333333333 0.03333333333333333
0 0.725 0.6032407407407407 0.03333333333333333 0.03333333333333333
0 0.7385416666666667 0.6824074074074075 0.03333333333333333 0.03333333333333333
0 0.7520833333333333 0.7685185185185185 0.03333333333333333 0.03333333333333333