0 0.30416666666666664 0.37083333333333335 0.020833333333333332 0.027777777777777776
0 0.29791666666666666 0.43472222222222223 0.020833333333333332 0.027777777777777776
0 0.2916666666666667 0.5027777777777778 0.020833333333333332 0.027777777777777776
0 0.28541666666666665 0.575 0.020833333333333332 0.027777777777777776
0 0.2791666666666667 0.6513888888888889 0.020833333333333332 0.027777777777777776
0 0.271875 0.7333333333333333 0.020833333333333332 0.027777777777777776
0 0.2635416666666667 0.8208333333333333 0.020833333333333332 0.027777777777777776
0 0.36770833333333336 0.37222222222222223 0.020833333333333332 0.027777777777777776
0 0.36354166666666665 0.4361111111111111 0.020833333333333332 0.027777777777777776
0 0.36041666666666666 0.5041666666666667 0.020833333333333332 0.027777777777777776
0 0.35520833333333335 0.575 0.020833333333333332 0.027777777777777776
0 0.35104166666666664 0.6527777777777778 0.020833333333333332 0.027777777777777776
0 0.346875 0.7347222222222223 0.020833333333333332 0.027777777777777776
0 0.3416666666666667 0.8222222222222222 0.020833333333333332 0.027777777777777776
0 0.43125 0.3736111111111111 0.020833333333333332 0.027777777777777776
0 0.42916666666666664 0.4375 0.020833333333333332 0.027777777777777776
0 0.428125 0.5041666666666667 0.020833333333333332 0.027777777777777776
0 0.42604166666666665 0.5763888888888888 0.020833333333333332 0.027777777777777776
0 0.42291666666666666 0.6527777777777778 0.020833333333333332 0.027777777777777776
0 0.42083333333333334 0.7347222222222223 0.020833333333333332 0.027777777777777776
0 0.41875 0.8222222222222222 0.020833333333333332 0.027777777777777776
0 0.4947916666666667 0.375 0.020833333333333332 0.027777777777777776
0 0.4947916666666667 0.4375 0.020833333333333332 0.027777777777777776
0 0.4947916666666667 0.5055555555555555 0.020833333333333332 0.027777777777777776
0 0.4947916666666667 0.5777777777777777 0.020833333333333332 0.027777777777777776
0 0.49583333333333335 0.6541666666666667 0.020833333333333332 0.027777777777777776
0 0.49583333333333335 0.7361111111111112 0.020833333333333332 0.027777777777777776
0 0.49583333333333335 0.8236111111111111 0.020833333333333332 0.027777777777777776
0 0.5583333333333333 0.375 0.020833333333333332 0.027777777777777776
0 0.5604166666666667 0.4388888888888889 0.020833333333333332 0.027777777777777776
0 0.5625 0.5069444444444444 0.020833333333333332 0.027777777777777776
0 0.5645833333333333 0.5777777777777777 0.020833333333333332 0.027777777777777776
0 0.5666666666666667 0.6555555555555556 0.020833333333333332 0.027777777777777776
0 0.5697916666666667 0.7361111111111112 0.020833333333333332 0.027777777777777776
0 0.5729166666666666 0.8236111111111111 0.020833333333333332 0.027777777777777776
0 0.621875 0.3763888888888889 0.020833333333333332 0.027777777777777776
0 0.625 0.44027777777777777 0.020833333333333332 0.027777777777777776
0 0.6291666666666667 0.5083333333333333 0.020833333333333332 0.027777777777777776
0 0.634375 0.5791666666666667 0.020833333333333332 0.027777777777777776
0 0.6385416666666667 0.6555555555555556 0.020833333333333332 0.027777777777777776
0 0.64375 0.7375 0.020833333333333332 0.027777777777777776
0 0.6489583333333333 0.825 0.020833333333333332 0.027777777777777776
0 0.684375 0.37777777777777777 0.020833333333333332 0.027777777777777776
0 0.690625 0.44166666666666665 0.020833333333333332 0.027777777777777776
0 0.696875 0.5083333333333333 0.020833333333333332 0.027777777777777776
0 0.703125 0.5805555555555556 0.020833333333333332 0.027777777777777776
0 0.709375 0.6569444444444444 0.020833333333333332 0.027777777777777776
0 0.7177083333333333 0.7375 0.020833333333333332 0.027777777777777776
0 0.725 0.825 0.020833333333333332 0.027777777777777776