0 0.70625 0.32083333333333336 0.03125 0.03148148148148148
0 0.6375 0.32175925925925924 0.03125 0.03148148148148148
0 0.5697916666666667 0.32175925925925924 0.03125 0.03148148148148148
0 0.5010416666666667 0.32314814814814813 0.03125 0.03148148148148148
0 0.4322916666666667 0.32314814814814813 0.03125 0.03148148148148148
0 0.3645833333333333 0.32407407407407407 0.03125 0.03148148148148148
0 0.296875 0.32407407407407407 0.03125 0.03148148148148148
0 0.7135416666666666 0.37824074074074077 0.03125 0.03148148148148148
0 0.6427083333333333 0.37916666666666665 0.03125 0.03148148148148148
0 0.571875 0.37916666666666665 0.03125 0.03148148148148148
0 0.5010416666666667 0.3800925925925926 0.03125 0.03148148148148148
0 0.43020833333333336 0.3800925925925926 0.03125 0.03148148148148148
0 0.359375 0.3814814814814815 0.03125 0.03148148148148148
0 0.28854166666666664 0.3814814814814815 0.03125 0.03148148148148148
0 0.7229166666666667 0.4398148148148148 0.03125 0.03148148148148148
0 0.6489583333333333 0.44074074074074077 0.03125 0.03148148148148148
0 0.575 0.44074074074074077 0.03125 0.03148148148148148
0 0.5020833333333333 0.44166666666666665 0.03125 0.03148148148148148
0 0.428125 0.44166666666666665 0.03125 0.03148148148148148
0 0.3541666666666667 0.4425925925925926 0.03125 0.03148148148148148
0 0.28125 0.4425925925925926 0.03125 0.03148148148148148
0 0.7322916666666667 0.5064814814814815 0.03125 0.03148148148148148
0 0.6552083333333333 0.5074074074074074 0.03125 0.03148148148148148
0 0.578125 0.5074074074074074 0.03125 0.03148148148148148
0 0.5020833333333333 0.5083333333333333 0.03125 0.03148148148148148
0 0.425 0.5083333333333333 0.03125 0.03148148148148148
0 0.3489583333333333 0.5092592592592593 0.03125 0.03148148148148148
0 0.271875 0.5092592592592593 0.03125 0.03148148148148148
0 0.7416666666666667 0.5791666666666667 0.03125 0.03148148148148148
0 0.6625 0.5800925925925926 0.03125 0.03148148148148148
0 0.5822916666666667 0.5800925925925926 0.03125 0.03148148148148148
0 0.5020833333333333 0.5800925925925926 0.03125 0.03148148148148148
0 0.421875 0.5814814814814815 0.03125 0.03148148148148148
0 0.34270833333333334 0.5814814814814815 0.03125 0.03148148148148148
0 0.2625 0.5824074074074074 0.03125 0.03148148148148148
0 0.753125 0.6583333333333333 0.03125 0.03148148148148148
0 0.6697916666666667 0.6583333333333333 0.03125 0.03148148148148148
0 0.5864583333333333 0.6592592592592592 0.03125 0.03148148148148148
0 0.503125 0.6592592592592592 0.03125 0.03148148148148148
0 0.41875 0.6601851851851852 0.03125 0.03148148148148148
0 0.33541666666666664 0.6601851851851852 0.03125 0.03148148148148148
0 0.2520833333333333 0.6615740740740741 0.03125 0.03148148148148148
0 0.765625 0.7435185185185185 0.03125 0.03148148148148148
0 0.678125 0.7449074074074075 0.03125 0.03148148148148148
0 0.590625 0.7449074074074075 0.03125 0.03148148148148148
0 0.503125 0.7458333333333333 0.03125 0.03148148148148148
0 0.415625 0.7458333333333333 0.03125 0.03148148148148148
0 0.328125 0.7467592592592592 0.03125 0.03148148148148148
0 0.24166666666666667 0.7467592592592592 0.03125 0.03148148148148148