0 0.33125 0.2222222222222222 0.0125 0.022222222222222223
0 0.3260416666666667 0.2740740740740741 0.0125 0.022222222222222223
0 0.32083333333333336 0.3296296296296296 0.0125 0.022222222222222223
0 0.3145833333333333 0.3888888888888889 0.0125 0.022222222222222223
0 0.30833333333333335 0.4537037037037037 0.0125 0.022222222222222223
0 0.3020833333333333 0.524074074074074 0.0125 0.022222222222222223
0 0.2947916666666667 0.6 0.0125 0.022222222222222223
0 0.37604166666666666 0.2222222222222222 0.0125 0.022222222222222223
0 0.371875 0.2740740740740741 0.0125 0.022222222222222223
0 0.36875 0.3314814814814815 0.0125 0.022222222222222223
0 0.3645833333333333 0.3907407407407407 0.0125 0.022222222222222223
0 0.36041666666666666 0.45555555555555555 0.0125 0.022222222222222223
0 0.35520833333333335 0.5259259259259259 0.0125 0.022222222222222223
0 0.35 0.6018518518518519 0.0125 0.022222222222222223
0 0.4197916666666667 0.22407407407407406 0.0125 0.022222222222222223
0 0.41770833333333335 0.2759259259259259 0.0125 0.022222222222222223
0 0.415625 0.3314814814814815 0.0125 0.022222222222222223
0 0.41354166666666664 0.3925925925925926 0.0125 0.022222222222222223
0 0.4114583333333333 0.45740740740740743 0.0125 0.022222222222222223
0 0.4083333333333333 0.5259259259259259 0.0125 0.022222222222222223
0 0.40520833333333334 0.6018518518518519 0.0125 0.022222222222222223
0 0.46458333333333335 0.22407407407407406 0.0125 0.022222222222222223
0 0.4635416666666667 0.2777777777777778 0.0125 0.022222222222222223
0 0.4635416666666667 0.3333333333333333 0.0125 0.022222222222222223
0 0.4625 0.3925925925925926 0.0125 0.022222222222222223
0 0.4625 0.45740740740740743 0.0125 0.022222222222222223
0 0.46145833333333336 0.5277777777777778 0.0125 0.022222222222222223
0 0.46145833333333336 0.6037037037037037 0.0125 0.022222222222222223
0 0.5083333333333333 0.22592592592592592 0.0125 0.022222222222222223
0 0.509375 0.2777777777777778 0.0125 0.022222222222222223
0 0.5104166666666666 0.3333333333333333 0.0125 0.022222222222222223
0 0.5114583333333333 0.39444444444444443 0.0125 0.022222222222222223
0 0.5135416666666667 0.45925925925925926 0.0125 0.022222222222222223
0 0.5145833333333333 0.5277777777777778 0.0125 0.022222222222222223
0 0.515625 0.6037037037037037 0.0125 0.022222222222222223
0 0.5520833333333334 0.22777777777777777 0.0125 0.022222222222222223
0 0.5552083333333333 0.2796296296296296 0.0125 0.022222222222222223
0 0.5583333333333333 0.3351851851851852 0.0125 0.022222222222222223
0 0.5604166666666667 0.39444444444444443 0.0125 0.022222222222222223
0 0.5635416666666667 0.45925925925925926 0.0125 0.022222222222222223
0 0.5677083333333334 0.5296296296296297 0.0125 0.022222222222222223
0 0.5708333333333333 0.6055555555555555 0.0125 0.022222222222222223
0 0.596875 0.22777777777777777 0.0125 0.022222222222222223
0 0.6010416666666667 0.2796296296296296 0.0125 0.022222222222222223
0 0.6052083333333333 0.337037037037037 0.0125 0.022222222222222223
0 0.609375 0.3962962962962963 0.0125 0.022222222222222223
0 0.6145833333333334 0.46111111111111114 0.0125 0.022222222222222223
0 0.6197916666666666 0.5296296296296297 0.0125 0.022222222222222223
0 0.6260416666666667 0.6055555555555555 0.0125 0.022222222222222223