0 0.7333333333333333 0.18425925925925926 0.035416666666666666 0.03518518518518519
0 0.6604166666666667 0.18518518518518517 0.035416666666666666 0.03518518518518519
0 0.5864583333333333 0.1875 0.035416666666666666 0.03518518518518519
0 0.5114583333333333 0.18981481481481483 0.035416666666666666 0.03518518518518519
0 0.4375 0.19166666666666668 0.035416666666666666 0.03518518518518519
0 0.3625 0.1925925925925926 0.035416666666666666 0.03518518518518519
0 0.2864583333333333 0.19490740740740742 0.035416666666666666 0.03518518518518519
0 0.7447916666666666 0.23333333333333334 0.035416666666666666 0.03518518518518519
0 0.6677083333333333 0.2351851851851852 0.035416666666666666 0.03518518518518519
0 0.590625 0.2375 0.035416666666666666 0.03518518518518519
0 0.5135416666666667 0.23981481481481481 0.035416666666666666 0.03518518518518519
0 0.4354166666666667 0.24166666666666667 0.035416666666666666 0.03518518518518519
0 0.3572916666666667 0.24351851851851852 0.035416666666666666 0.03518518518518519
0 0.278125 0.24583333333333332 0.035416666666666666 0.03518518518518519
0 0.75625 0.2875 0.035416666666666666 0.03518518518518519
0 0.6760416666666667 0.2898148148148148 0.035416666666666666 0.03518518518518519
0 0.5958333333333333 0.2916666666666667 0.035416666666666666 0.03518518518518519
0 0.5145833333333333 0.2949074074074074 0.035416666666666666 0.03518518518518519
0 0.43333333333333335 0.2967592592592593 0.035416666666666666 0.03518518518518519
0 0.35208333333333336 0.29907407407407405 0.035416666666666666 0.03518518518518519
0 0.26979166666666665 0.30092592592592593 0.035416666666666666 0.03518518518518519
0 0.76875 0.3458333333333333 0.035416666666666666 0.03518518518518519
0 0.6854166666666667 0.3490740740740741 0.035416666666666666 0.03518518518518519
0 0.6010416666666667 0.3509259259259259 0.035416666666666666 0.03518518518518519
0 0.5166666666666667 0.3541666666666667 0.035416666666666666 0.03518518518518519
0 0.43125 0.35648148148148145 0.035416666666666666 0.03518518518518519
0 0.3458333333333333 0.3592592592592593 0.035416666666666666 0.03518518518518519
0 0.259375 0.3625 0.035416666666666666 0.03518518518518519
0 0.7833333333333333 0.4101851851851852 0.035416666666666666 0.03518518518518519
0 0.6958333333333333 0.4134259259259259 0.035416666666666666 0.03518518518518519
0 0.6072916666666667 0.4166666666666667 0.035416666666666666 0.03518518518518519
0 0.51875 0.4199074074074074 0.035416666666666666 0.03518518518518519
0 0.42916666666666664 0.42314814814814816 0.035416666666666666 0.03518518518518519
0 0.33958333333333335 0.42592592592592593 0.035416666666666666 0.03518518518518519
0 0.24895833333333334 0.42824074074074076 0.035416666666666666 0.03518518518518519
0 0.7989583333333333 0.4824074074074074 0.035416666666666666 0.03518518518518519
0 0.70625 0.48518518518518516 0.035416666666666666 0.03518518518518519
0 0.6135416666666667 0.48842592592592593 0.035416666666666666 0.03518518518518519
0 0.5208333333333334 0.49166666666666664 0.035416666666666666 0.03518518518518519
0 0.42604166666666665 0.4949074074074074 0.035416666666666666 0.03518518518518519
0 0.33229166666666665 0.49907407407407406 0.035416666666666666 0.03518518518518519
0 0.23645833333333333 0.5018518518518519 0.035416666666666666 0.03518518518518519
0 0.815625 0.5601851851851852 0.035416666666666666 0.03518518518518519
0 0.71875 0.5648148148148148 0.035416666666666666 0.03518518518518519
0 0.6208333333333333 0.5685185185185185 0.035416666666666666 0.03518518518518519
0 0.5229166666666667 0.5717592592592593 0.035416666666666666 0.03518518518518519
0 0.4239583333333333 0.575925925925926 0.035416666666666666 0.03518518518518519
0 0.32395833333333335 0.5791666666666667 0.035416666666666666 0.03518518518518519
0 0.22395833333333334 0.5833333333333334 0.035416666666666666 0.03518518518518519