0 0.7052083333333333 0.1587962962962963 0.022916666666666665 0.03425925925925926
0 0.6291666666666667 0.1587962962962963 0.022916666666666665 0.03425925925925926
0 0.5520833333333334 0.1587962962962963 0.022916666666666665 0.03425925925925926
0 0.475 0.1587962962962963 0.022916666666666665 0.03425925925925926
0 0.39791666666666664 0.1587962962962963 0.022916666666666665 0.03425925925925926
0 0.31979166666666664 0.1574074074074074 0.022916666666666665 0.03425925925925926
0 0.24166666666666667 0.1574074074074074 0.022916666666666665 0.03425925925925926
0 0.7166666666666667 0.23981481481481481 0.022916666666666665 0.03425925925925926
0 0.6375 0.23981481481481481 0.022916666666666665 0.03425925925925926
0 0.5583333333333333 0.23981481481481481 0.022916666666666665 0.03425925925925926
0 0.478125 0.23981481481481481 0.022916666666666665 0.03425925925925926
0 0.39791666666666664 0.23981481481481481 0.022916666666666665 0.03425925925925926
0 0.3177083333333333 0.23981481481481481 0.022916666666666665 0.03425925925925926
0 0.23645833333333333 0.23981481481481481 0.022916666666666665 0.03425925925925926
0 0.7291666666666666 0.32731481481481484 0.022916666666666665 0.03425925925925926
0 0.646875 0.32731481481481484 0.022916666666666665 0.03425925925925926
0 0.5645833333333333 0.32731481481481484 0.022916666666666665 0.03425925925925926
0 0.48125 0.32731481481481484 0.022916666666666665 0.03425925925925926
0 0.39791666666666664 0.32731481481481484 0.022916666666666665 0.03425925925925926
0 0.3145833333333333 0.32731481481481484 0.022916666666666665 0.03425925925925926
0 0.23125 0.32731481481481484 0.022916666666666665 0.03425925925925926
0 0.7427083333333333 0.4203703703703704 0.022916666666666665 0.03425925925925926
0 0.6572916666666667 0.4203703703703704 0.022916666666666665 0.03425925925925926
0 0.5708333333333333 0.4203703703703704 0.022916666666666665 0.03425925925925926
0 0.484375 0.4203703703703704 0.022916666666666665 0.03425925925925926
0 0.39791666666666664 0.4203703703703704 0.022916666666666665 0.03425925925925926
0 0.31145833333333334 0.4222222222222222 0.022916666666666665 0.03425925925925926
0 0.225 0.4222222222222222 0.022916666666666665 0.03425925925925926
0 0.7572916666666667 0.5217592592592593 0.022916666666666665 0.03425925925925926
0 0.6677083333333333 0.5217592592592593 0.022916666666666665 0.03425925925925926
0 0.578125 0.5217592592592593 0.022916666666666665 0.03425925925925926
0 0.48854166666666665 0.5231481481481481 0.022916666666666665 0.03425925925925926
0 0.39895833333333336 0.5231481481481481 0.022916666666666665 0.03425925925925926
0 0.30833333333333335 0.5231481481481481 0.022916666666666665 0.03425925925925926
0 0.21770833333333334 0.5231481481481481 0.022916666666666665 0.03425925925925926
0 0.771875 0.6310185185185185 0.022916666666666665 0.03425925925925926
0 0.6791666666666667 0.6324074074074074 0.022916666666666665 0.03425925925925926
0 0.5864583333333333 0.6324074074074074 0.022916666666666665 0.03425925925925926
0 0.49270833333333336 0.6324074074074074 0.022916666666666665 0.03425925925925926
0 0.39895833333333336 0.6337962962962963 0.022916666666666665 0.03425925925925926
0 0.30520833333333336 0.6337962962962963 0.022916666666666665 0.03425925925925926
0 0.21041666666666667 0.6356481481481482 0.022916666666666665 0.03425925925925926
0 0.7895833333333333 0.7509259259259259 0.022916666666666665 0.03425925925925926
0 0.6927083333333334 0.7523148148148148 0.022916666666666665 0.03425925925925926
0 0.5947916666666667 0.7523148148148148 0.022916666666666665 0.03425925925925926
0 0.4979166666666667 0.7537037037037037 0.022916666666666665 0.03425925925925926
0 0.4 0.7537037037037037 0.022916666666666665 0.03425925925925926
0 0.30104166666666665 0.7555555555555555 0.022916666666666665 0.03425925925925926
0 0.20208333333333334 0.7555555555555555 0.022916666666666665 0.03425925925925926