0 0.7572916666666667 0.19166666666666668 0.0375 0.0375
0 0.6791666666666667 0.1925925925925926 0.0375 0.0375
0 0.6010416666666667 0.1935185185185185 0.0375 0.0375
0 0.5229166666666667 0.19490740740740742 0.0375 0.0375
0 0.44479166666666664 0.19583333333333333 0.0375 0.0375
0 0.36666666666666664 0.19675925925925927 0.0375 0.0375
0 0.28854166666666664 0.19907407407407407 0.0375 0.0375
0 0.7697916666666667 0.2449074074074074 0.0375 0.0375
0 0.6875 0.24583333333333332 0.0375 0.0375
0 0.60625 0.24814814814814815 0.0375 0.0375
0 0.525 0.2490740740740741 0.0375 0.0375
0 0.44375 0.25 0.0375 0.0375
0 0.3625 0.25092592592592594 0.0375 0.0375
0 0.28125 0.2518518518518518 0.0375 0.0375
0 0.7833333333333333 0.30324074074074076 0.0375 0.0375
0 0.6979166666666666 0.3050925925925926 0.0375 0.0375
0 0.6125 0.30648148148148147 0.0375 0.0375
0 0.5270833333333333 0.3074074074074074 0.0375 0.0375
0 0.4427083333333333 0.30833333333333335 0.0375 0.0375
0 0.3572916666666667 0.3101851851851852 0.0375 0.0375
0 0.27291666666666664 0.31157407407407406 0.0375 0.0375
0 0.7979166666666667 0.3675925925925926 0.0375 0.0375
0 0.7083333333333334 0.3685185185185185 0.0375 0.0375
0 0.6197916666666666 0.37083333333333335 0.0375 0.0375
0 0.5302083333333333 0.37175925925925923 0.0375 0.0375
0 0.44166666666666665 0.3731481481481482 0.0375 0.0375
0 0.35208333333333336 0.37407407407407406 0.0375 0.0375
0 0.2635416666666667 0.37592592592592594 0.0375 0.0375
0 0.8135416666666667 0.43842592592592594 0.0375 0.0375
0 0.7197916666666667 0.4398148148148148 0.0375 0.0375
0 0.6270833333333333 0.44074074074074077 0.0375 0.0375
0 0.5333333333333333 0.44166666666666665 0.0375 0.0375
0 0.4395833333333333 0.44351851851851853 0.0375 0.0375
0 0.346875 0.4449074074074074 0.0375 0.0375
0 0.253125 0.44583333333333336 0.0375 0.0375
0 0.83125 0.5157407407407407 0.0375 0.0375
0 0.7333333333333333 0.5166666666666667 0.0375 0.0375
0 0.634375 0.5185185185185185 0.0375 0.0375
0 0.5364583333333334 0.5199074074074074 0.0375 0.0375
0 0.43854166666666666 0.5208333333333334 0.0375 0.0375
0 0.340625 0.5231481481481481 0.0375 0.0375
0 0.24270833333333333 0.524074074074074 0.0375 0.0375
0 0.8510416666666667 0.6018518518518519 0.0375 0.0375
0 0.746875 0.6032407407407407 0.0375 0.0375
0 0.64375 0.6041666666666666 0.0375 0.0375
0 0.540625 0.6064814814814815 0.0375 0.0375
0 0.43645833333333334 0.6074074074074074 0.0375 0.0375
0 0.3333333333333333 0.6083333333333333 0.0375 0.0375
0 0.23020833333333332 0.6101851851851852 0.0375 0.0375