0 0.7041666666666667 0.18472222222222223 0.025 0.03333333333333333
0 0.6375 0.18611111111111112 0.025 0.03333333333333333
0 0.5708333333333333 0.1875 0.025 0.03333333333333333
0 0.5041666666666667 0.18888888888888888 0.025 0.03333333333333333
0 0.4375 0.19027777777777777 0.025 0.03333333333333333
0 0.37083333333333335 0.19166666666666668 0.025 0.03333333333333333
0 0.30416666666666664 0.19305555555555556 0.025 0.03333333333333333
0 0.715625 0.24722222222222223 0.025 0.03333333333333333
0 0.6458333333333334 0.24861111111111112 0.025 0.03333333333333333
0 0.5760416666666667 0.25 0.025 0.03333333333333333
0 0.50625 0.2513888888888889 0.025 0.03333333333333333
0 0.4354166666666667 0.25277777777777777 0.025 0.03333333333333333
0 0.365625 0.25416666666666665 0.025 0.03333333333333333
0 0.29583333333333334 0.25555555555555554 0.025 0.03333333333333333
0 0.7270833333333333 0.31666666666666665 0.025 0.03333333333333333
0 0.6541666666666667 0.31805555555555554 0.025 0.03333333333333333
0 0.58125 0.3194444444444444 0.025 0.03333333333333333
0 0.5072916666666667 0.32083333333333336 0.025 0.03333333333333333
0 0.434375 0.32222222222222224 0.025 0.03333333333333333
0 0.36041666666666666 0.3236111111111111 0.025 0.03333333333333333
0 0.2864583333333333 0.3263888888888889 0.025 0.03333333333333333
0 0.740625 0.39305555555555555 0.025 0.03333333333333333
0 0.6635416666666667 0.39444444444444443 0.025 0.03333333333333333
0 0.5864583333333333 0.3958333333333333 0.025 0.03333333333333333
0 0.509375 0.3972222222222222 0.025 0.03333333333333333
0 0.4322916666666667 0.4 0.025 0.03333333333333333
0 0.3541666666666667 0.4013888888888889 0.025 0.03333333333333333
0 0.27708333333333335 0.4027777777777778 0.025 0.03333333333333333
0 0.75625 0.4777777777777778 0.025 0.03333333333333333
0 0.675 0.4791666666666667 0.025 0.03333333333333333
0 0.5927083333333333 0.48194444444444445 0.025 0.03333333333333333
0 0.5114583333333333 0.48333333333333334 0.025 0.03333333333333333
0 0.42916666666666664 0.4847222222222222 0.025 0.03333333333333333
0 0.34791666666666665 0.4875 0.025 0.03333333333333333
0 0.265625 0.4888888888888889 0.025 0.03333333333333333
0 0.7729166666666667 0.5722222222222222 0.025 0.03333333333333333
0 0.6864583333333333 0.575 0.025 0.03333333333333333
0 0.6 0.5763888888888888 0.025 0.03333333333333333
0 0.5135416666666667 0.5791666666666667 0.025 0.03333333333333333
0 0.4270833333333333 0.5819444444444445 0.025 0.03333333333333333
0 0.340625 0.5833333333333334 0.025 0.03333333333333333
0 0.253125 0.5861111111111111 0.025 0.03333333333333333
0 0.7916666666666666 0.6791666666666667 0.025 0.03333333333333333
0 0.7 0.6819444444444445 0.025 0.03333333333333333
0 0.6083333333333333 0.6847222222222222 0.025 0.03333333333333333
0 0.5166666666666667 0.6875 0.025 0.03333333333333333
0 0.4239583333333333 0.6888888888888889 0.025 0.03333333333333333
0 0.33125 0.6916666666666667 0.025 0.03333333333333333
0 0.23958333333333334 0.6944444444444444 0.025 0.03333333333333333