0 0.721875 0.25324074074074077 0.03125 0.03148148148148148
0 0.64375 0.25324074074074077 0.03125 0.03148148148148148
0 0.5666666666666667 0.25324074074074077 0.03125 0.03148148148148148
0 0.4895833333333333 0.2518518518518518 0.03125 0.03148148148148148
0 0.41354166666666664 0.2518518518518518 0.03125 0.03148148148148148
0 0.33645833333333336 0.2518518518518518 0.03125 0.03148148148148148
0 0.26145833333333335 0.25092592592592594 0.03125 0.03148148148148148
0 0.7270833333333333 0.32407407407407407 0.03125 0.03148148148148148
0 0.646875 0.32314814814814813 0.03125 0.03148148148148148
0 0.5666666666666667 0.32314814814814813 0.03125 0.03148148148148148
0 0.4875 0.32175925925925924 0.03125 0.03148148148148148
0 0.409375 0.32175925925925924 0.03125 0.03148148148148148
0 0.3302083333333333 0.32083333333333336 0.03125 0.03148148148148148
0 0.2520833333333333 0.32083333333333336 0.03125 0.03148148148148148
0 0.7322916666666667 0.3990740740740741 0.03125 0.03148148148148148
0 0.65 0.39814814814814814 0.03125 0.03148148148148148
0 0.5677083333333334 0.39675925925925926 0.03125 0.03148148148148148
0 0.4864583333333333 0.3958333333333333 0.03125 0.03148148148148148
0 0.40520833333333334 0.3958333333333333 0.03125 0.03148148148148148
0 0.32395833333333335 0.39490740740740743 0.03125 0.03148148148148148
0 0.24375 0.39351851851851855 0.03125 0.03148148148148148
0 0.7385416666666667 0.47824074074074074 0.03125 0.03148148148148148
0 0.653125 0.47685185185185186 0.03125 0.03148148148148148
0 0.56875 0.4759259259259259 0.03125 0.03148148148148148
0 0.484375 0.475 0.03125 0.03148148148148148
0 0.4 0.4740740740740741 0.03125 0.03148148148148148
0 0.31666666666666665 0.47314814814814815 0.03125 0.03148148148148148
0 0.23333333333333334 0.47175925925925927 0.03125 0.03148148148148148
0 0.7447916666666666 0.5625 0.03125 0.03148148148148148
0 0.65625 0.5615740740740741 0.03125 0.03148148148148148
0 0.56875 0.5601851851851852 0.03125 0.03148148148148148
0 0.4822916666666667 0.5583333333333333 0.03125 0.03148148148148148
0 0.39479166666666665 0.5574074074074075 0.03125 0.03148148148148148
0 0.309375 0.5564814814814815 0.03125 0.03148148148148148
0 0.22395833333333334 0.5550925925925926 0.03125 0.03148148148148148
0 0.7510416666666667 0.6532407407407408 0.03125 0.03148148148148148
0 0.6604166666666667 0.6509259259259259 0.03125 0.03148148148148148
0 0.5697916666666667 0.65 0.03125 0.03148148148148148
0 0.4791666666666667 0.6481481481481481 0.03125 0.03148148148148148
0 0.38958333333333334 0.6467592592592593 0.03125 0.03148148148148148
0 0.30104166666666665 0.6449074074074074 0.03125 0.03148148148148148
0 0.2125 0.6435185185185185 0.03125 0.03148148148148148
0 0.7583333333333333 0.75 0.03125 0.03148148148148148
0 0.6635416666666667 0.7481481481481481 0.03125 0.03148148148148148
0 0.5708333333333333 0.7458333333333333 0.03125 0.03148148148148148
0 0.47708333333333336 0.7449074074074075 0.03125 0.03148148148148148
0 0.384375 0.7425925925925926 0.03125 0.03148148148148148
0 0.29270833333333335 0.7407407407407407 0.03125 0.03148148148148148
0 0.20104166666666667 0.7384259259259259 0.03125 0.03148148148148148