0 0.8010416666666667 0.1537037037037037 0.020833333333333332 0.03518518518518519
0 0.7291666666666666 0.1537037037037037 0.020833333333333332 0.03518518518518519
0 0.6572916666666667 0.1537037037037037 0.020833333333333332 0.03518518518518519
0 0.5854166666666667 0.15555555555555556 0.020833333333333332 0.03518518518518519
0 0.5145833333333333 0.15555555555555556 0.020833333333333332 0.03518518518518519
0 0.4427083333333333 0.15555555555555556 0.020833333333333332 0.03518518518518519
0 0.371875 0.15555555555555556 0.020833333333333332 0.03518518518518519
0 0.8020833333333334 0.23425925925925925 0.020833333333333332 0.03518518518518519
0 0.7270833333333333 0.23425925925925925 0.020833333333333332 0.03518518518518519
0 0.6520833333333333 0.23425925925925925 0.020833333333333332 0.03518518518518519
0 0.5770833333333333 0.23425925925925925 0.020833333333333332 0.03518518518518519
0 0.503125 0.23425925925925925 0.020833333333333332 0.03518518518518519
0 0.42916666666666664 0.23425925925925925 0.020833333333333332 0.03518518518518519
0 0.35520833333333335 0.23425925925925925 0.020833333333333332 0.03518518518518519
0 0.8020833333333334 0.3199074074074074 0.020833333333333332 0.03518518518518519
0 0.7239583333333334 0.3199074074074074 0.020833333333333332 0.03518518518518519
0 0.6458333333333334 0.3199074074074074 0.020833333333333332 0.03518518518518519
0 0.56875 0.3199074074074074 0.020833333333333332 0.03518518518518519
0 0.490625 0.3199074074074074 0.020833333333333332 0.03518518518518519
0 0.41354166666666664 0.3199074074074074 0.020833333333333332 0.03518518518518519
0 0.3375 0.3199074074074074 0.020833333333333332 0.03518518518518519
0 0.8020833333333334 0.41435185185185186 0.020833333333333332 0.03518518518518519
0 0.7208333333333333 0.41435185185185186 0.020833333333333332 0.03518518518518519
0 0.6395833333333333 0.41435185185185186 0.020833333333333332 0.03518518518518519
0 0.5583333333333333 0.41435185185185186 0.020833333333333332 0.03518518518518519
0 0.478125 0.41435185185185186 0.020833333333333332 0.03518518518518519
0 0.39791666666666664 0.41435185185185186 0.020833333333333332 0.03518518518518519
0 0.3177083333333333 0.41435185185185186 0.020833333333333332 0.03518518518518519
0 0.8020833333333334 0.5157407407407407 0.020833333333333332 0.03518518518518519
0 0.7177083333333333 0.5157407407407407 0.020833333333333332 0.03518518518518519
0 0.6322916666666667 0.5157407407407407 0.020833333333333332 0.03518518518518519
0 0.5479166666666667 0.5157407407407407 0.020833333333333332 0.03518518518518519
0 0.46458333333333335 0.5157407407407407 0.020833333333333332 0.03518518518518519
0 0.3802083333333333 0.5157407407407407 0.020833333333333332 0.03518518518518519
0 0.296875 0.5138888888888888 0.020833333333333332 0.03518518518518519
0 0.803125 0.6277777777777778 0.020833333333333332 0.03518518518518519
0 0.7135416666666666 0.6277777777777778 0.020833333333333332 0.03518518518518519
0 0.625 0.6277777777777778 0.020833333333333332 0.03518518518518519
0 0.5364583333333334 0.6259259259259259 0.020833333333333332 0.03518518518518519
0 0.44895833333333335 0.6259259259259259 0.020833333333333332 0.03518518518518519
0 0.36041666666666666 0.6259259259259259 0.020833333333333332 0.03518518518518519
0 0.27395833333333336 0.6259259259259259 0.020833333333333332 0.03518518518518519
0 0.803125 0.7518518518518519 0.020833333333333332 0.03518518518518519
0 0.709375 0.75 0.020833333333333332 0.03518518518518519
0 0.6166666666666667 0.75 0.020833333333333332 0.03518518518518519
0 0.5239583333333333 0.7481481481481481 0.020833333333333332 0.03518518518518519
0 0.43125 0.7481481481481481 0.020833333333333332 0.03518518518518519
0 0.33958333333333335 0.7462962962962963 0.020833333333333332 0.03518518518518519
0 0.24791666666666667 0.7462962962962963 0.020833333333333332 0.03518518518518519