0 0.3020833333333333 0.65 0.020833333333333332 0.027777777777777776
0 0.3770833333333333 0.65 0.020833333333333332 0.027777777777777776
0 0.453125 0.65 0.020833333333333332 0.027777777777777776
0 0.5291666666666667 0.65 0.020833333333333332 0.027777777777777776
0 0.6072916666666667 0.65 0.020833333333333332 0.027777777777777776
0 0.6854166666666667 0.65 0.020833333333333332 0.027777777777777776
0 0.7645833333333333 0.65 0.020833333333333332 0.027777777777777776
0 0.3125 0.5625 0.020833333333333332 0.027777777777777776
0 0.384375 0.5625 0.020833333333333332 0.027777777777777776
0 0.45625 0.5625 0.020833333333333332 0.027777777777777776
0 0.5302083333333333 0.5611111111111111 0.020833333333333332 0.027777777777777776
0 0.603125 0.5611111111111111 0.020833333333333332 0.027777777777777776
0 0.678125 0.5611111111111111 0.020833333333333332 0.027777777777777776
0 0.753125 0.5611111111111111 0.020833333333333332 0.027777777777777776
0 0.321875 0.48333333333333334 0.020833333333333332 0.027777777777777776
0 0.390625 0.48194444444444445 0.020833333333333332 0.027777777777777776
0 0.46041666666666664 0.48194444444444445 0.020833333333333332 0.027777777777777776
0 0.5302083333333333 0.48194444444444445 0.020833333333333332 0.027777777777777776
0 0.6 0.48055555555555557 0.020833333333333332 0.027777777777777776
0 0.671875 0.48055555555555557 0.020833333333333332 0.027777777777777776
0 0.74375 0.4791666666666667 0.020833333333333332 0.027777777777777776
0 0.33125 0.4111111111111111 0.020833333333333332 0.027777777777777776
0 0.396875 0.4097222222222222 0.020833333333333332 0.027777777777777776
0 0.4625 0.4083333333333333 0.020833333333333332 0.027777777777777776
0 0.5302083333333333 0.4083333333333333 0.020833333333333332 0.027777777777777776
0 0.596875 0.40694444444444444 0.020833333333333332 0.027777777777777776
0 0.665625 0.40555555555555556 0.020833333333333332 0.027777777777777776
0 0.734375 0.4041666666666667 0.020833333333333332 0.027777777777777776
0 0.3385416666666667 0.34305555555555556 0.020833333333333332 0.027777777777777776
0 0.40208333333333335 0.34305555555555556 0.020833333333333332 0.027777777777777776
0 0.465625 0.3416666666666667 0.020833333333333332 0.027777777777777776
0 0.5302083333333333 0.3402777777777778 0.020833333333333332 0.027777777777777776
0 0.5947916666666667 0.3388888888888889 0.020833333333333332 0.027777777777777776
0 0.6604166666666667 0.3375 0.020833333333333332 0.027777777777777776
0 0.7260416666666667 0.33611111111111114 0.020833333333333332 0.027777777777777776
0 0.346875 0.28194444444444444 0.020833333333333332 0.027777777777777776
0 0.40729166666666666 0.28055555555555556 0.020833333333333332 0.027777777777777776
0 0.46875 0.2791666666666667 0.020833333333333332 0.027777777777777776
0 0.5302083333333333 0.2777777777777778 0.020833333333333332 0.027777777777777776
0 0.5916666666666667 0.2763888888888889 0.020833333333333332 0.027777777777777776
0 0.6552083333333333 0.275 0.020833333333333332 0.027777777777777776
0 0.7177083333333333 0.27361111111111114 0.020833333333333332 0.027777777777777776
0 0.353125 0.225 0.020833333333333332 0.027777777777777776
0 0.4114583333333333 0.22361111111111112 0.020833333333333332 0.027777777777777776
0 0.4708333333333333 0.2222222222222222 0.020833333333333332 0.027777777777777776
0 0.5302083333333333 0.22083333333333333 0.020833333333333332 0.027777777777777776
0 0.5895833333333333 0.21805555555555556 0.020833333333333332 0.027777777777777776
0 0.65 0.21666666666666667 0.020833333333333332 0.027777777777777776
0 0.7114583333333333 0.2152777777777778 0.020833333333333332 0.027777777777777776