0 0.23333333333333334 0.6601851851851852 0.03333333333333333 0.03333333333333333
0 0.33229166666666665 0.6601851851851852 0.03333333333333333 0.03333333333333333
0 0.43020833333333336 0.6615740740740741 0.03333333333333333 0.03333333333333333
0 0.528125 0.6625 0.03333333333333333 0.03333333333333333
0 0.625 0.6625 0.03333333333333333 0.03333333333333333
0 0.721875 0.663425925925926 0.03333333333333333 0.03333333333333333
0 0.8177083333333334 0.663425925925926 0.03333333333333333 0.03333333333333333
0 0.24375 0.5666666666666667 0.03333333333333333 0.03333333333333333
0 0.3385416666666667 0.5675925925925925 0.03333333333333333 0.03333333333333333
0 0.43333333333333335 0.5685185185185185 0.03333333333333333 0.03333333333333333
0 0.5270833333333333 0.5699074074074074 0.03333333333333333 0.03333333333333333
0 0.6208333333333333 0.5699074074074074 0.03333333333333333 0.03333333333333333
0 0.7145833333333333 0.5708333333333333 0.03333333333333333 0.03333333333333333
0 0.8072916666666666 0.5717592592592593 0.03333333333333333 0.03333333333333333
0 0.2520833333333333 0.48009259259259257 0.03333333333333333 0.03333333333333333
0 0.34375 0.48148148148148145 0.03333333333333333 0.03333333333333333
0 0.4354166666666667 0.48148148148148145 0.03333333333333333 0.03333333333333333
0 0.5270833333333333 0.4824074074074074 0.03333333333333333 0.03333333333333333
0 0.6177083333333333 0.48333333333333334 0.03333333333333333 0.03333333333333333
0 0.7083333333333334 0.4842592592592593 0.03333333333333333 0.03333333333333333
0 0.7979166666666667 0.48518518518518516 0.03333333333333333 0.03333333333333333
0 0.2604166666666667 0.39814814814814814 0.03333333333333333 0.03333333333333333
0 0.3489583333333333 0.3990740740740741 0.03333333333333333 0.03333333333333333
0 0.4375 0.4 0.03333333333333333 0.03333333333333333
0 0.5260416666666666 0.40185185185185185 0.03333333333333333 0.03333333333333333
0 0.6135416666666667 0.40324074074074073 0.03333333333333333 0.03333333333333333
0 0.7020833333333333 0.4041666666666667 0.03333333333333333 0.03333333333333333
0 0.7885416666666667 0.4050925925925926 0.03333333333333333 0.03333333333333333
0 0.2677083333333333 0.32175925925925924 0.03333333333333333 0.03333333333333333
0 0.3541666666666667 0.32314814814814813 0.03333333333333333 0.03333333333333333
0 0.4395833333333333 0.32407407407407407 0.03333333333333333 0.03333333333333333
0 0.5260416666666666 0.32592592592592595 0.03333333333333333 0.03333333333333333
0 0.6104166666666667 0.32685185185185184 0.03333333333333333 0.03333333333333333
0 0.6958333333333333 0.3282407407407407 0.03333333333333333 0.03333333333333333
0 0.7802083333333333 0.32916666666666666 0.03333333333333333 0.03333333333333333
0 0.275 0.25 0.03333333333333333 0.03333333333333333
0 0.359375 0.25092592592592594 0.03333333333333333 0.03333333333333333
0 0.44166666666666665 0.25324074074074077 0.03333333333333333 0.03333333333333333
0 0.525 0.25416666666666665 0.03333333333333333 0.03333333333333333
0 0.6072916666666667 0.2550925925925926 0.03333333333333333 0.03333333333333333
0 0.690625 0.2564814814814815 0.03333333333333333 0.03333333333333333
0 0.771875 0.25833333333333336 0.03333333333333333 0.03333333333333333
0 0.28229166666666666 0.1824074074074074 0.03333333333333333 0.03333333333333333
0 0.36354166666666665 0.18425925925925926 0.03333333333333333 0.03333333333333333
0 0.44375 0.18518518518518517 0.03333333333333333 0.03333333333333333
0 0.525 0.1865740740740741 0.03333333333333333 0.03333333333333333
0 0.6052083333333333 0.1884259259259259 0.03333333333333333 0.03333333333333333
0 0.684375 0.18981481481481483 0.03333333333333333 0.03333333333333333
0 0.7645833333333333 0.19074074074074074 0.03333333333333333 0.03333333333333333