0 0.2677083333333333 0.25324074074074077 0.03333333333333333 0.03333333333333333
0 0.3416666666666667 0.2550925925925926 0.03333333333333333 0.03333333333333333
0 0.415625 0.2574074074074074 0.03333333333333333 0.03333333333333333
0 0.48854166666666665 0.2601851851851852 0.03333333333333333 0.03333333333333333
0 0.5614583333333333 0.2625 0.03333333333333333 0.03333333333333333
0 0.6354166666666666 0.26481481481481484 0.03333333333333333 0.03333333333333333
0 0.7083333333333334 0.2675925925925926 0.03333333333333333 0.03333333333333333
0 0.25833333333333336 0.3050925925925926 0.03333333333333333 0.03333333333333333
0 0.334375 0.3074074074074074 0.03333333333333333 0.03333333333333333
0 0.4114583333333333 0.30925925925925923 0.03333333333333333 0.03333333333333333
0 0.4875 0.3125 0.03333333333333333 0.03333333333333333
0 0.5635416666666667 0.3148148148148148 0.03333333333333333 0.03333333333333333
0 0.6395833333333333 0.3175925925925926 0.03333333333333333 0.03333333333333333
0 0.715625 0.3199074074074074 0.03333333333333333 0.03333333333333333
0 0.24791666666666667 0.36157407407407405 0.03333333333333333 0.03333333333333333
0 0.32708333333333334 0.36342592592592593 0.03333333333333333 0.03333333333333333
0 0.40729166666666666 0.36666666666666664 0.03333333333333333 0.03333333333333333
0 0.4864583333333333 0.3685185185185185 0.03333333333333333 0.03333333333333333
0 0.565625 0.37083333333333335 0.03333333333333333 0.03333333333333333
0 0.6447916666666667 0.37407407407407406 0.03333333333333333 0.03333333333333333
0 0.7239583333333334 0.37592592592592594 0.03333333333333333 0.03333333333333333
0 0.23645833333333333 0.4217592592592593 0.03333333333333333 0.03333333333333333
0 0.31979166666666664 0.425 0.03333333333333333 0.03333333333333333
0 0.40208333333333335 0.42685185185185187 0.03333333333333333 0.03333333333333333
0 0.48541666666666666 0.4300925925925926 0.03333333333333333 0.03333333333333333
0 0.5677083333333334 0.4324074074074074 0.03333333333333333 0.03333333333333333
0 0.65 0.4351851851851852 0.03333333333333333 0.03333333333333333
0 0.7322916666666667 0.4375 0.03333333333333333 0.03333333333333333
0 0.22395833333333334 0.48842592592592593 0.03333333333333333 0.03333333333333333
0 0.3104166666666667 0.49166666666666664 0.03333333333333333 0.03333333333333333
0 0.39791666666666664 0.4935185185185185 0.03333333333333333 0.03333333333333333
0 0.484375 0.49675925925925923 0.03333333333333333 0.03333333333333333
0 0.5697916666666667 0.49907407407407406 0.03333333333333333 0.03333333333333333
0 0.65625 0.5018518518518519 0.03333333333333333 0.03333333333333333
0 0.7416666666666667 0.5041666666666667 0.03333333333333333 0.03333333333333333
0 0.21041666666666667 0.5615740740740741 0.03333333333333333 0.03333333333333333
0 0.30104166666666665 0.5648148148148148 0.03333333333333333 0.03333333333333333
0 0.39166666666666666 0.5666666666666667 0.03333333333333333 0.03333333333333333
0 0.4822916666666667 0.5699074074074074 0.03333333333333333 0.03333333333333333
0 0.5729166666666666 0.5717592592592593 0.03333333333333333 0.03333333333333333
0 0.6625 0.575 0.03333333333333333 0.03333333333333333
0 0.7520833333333333 0.5768518518518518 0.03333333333333333 0.03333333333333333
0 0.19583333333333333 0.6416666666666667 0.03333333333333333 0.03333333333333333
0 0.290625 0.6435185185185185 0.03333333333333333 0.03333333333333333
0 0.38645833333333335 0.6467592592592593 0.03333333333333333 0.03333333333333333
0 0.48125 0.65 0.03333333333333333 0.03333333333333333
0 0.575 0.6518518518518519 0.03333333333333333 0.03333333333333333
0 0.6697916666666667 0.6550925925925926 0.03333333333333333 0.03333333333333333
0 0.7635416666666667 0.6574074074074074 0.03333333333333333 0.03333333333333333