0 0.271875 0.2791666666666667 0.03333333333333333 0.03333333333333333
0 0.2635416666666667 0.3375 0.03333333333333333 0.03333333333333333
0 0.25416666666666665 0.4 0.03333333333333333 0.03333333333333333
0 0.24479166666666666 0.4685185185185185 0.03333333333333333 0.03333333333333333
0 0.234375 0.5416666666666666 0.03333333333333333 0.03333333333333333
0 0.22291666666666668 0.6217592592592592 0.03333333333333333 0.03333333333333333
0 0.21041666666666667 0.7083333333333334 0.03333333333333333 0.03333333333333333
0 0.3489583333333333 0.2791666666666667 0.03333333333333333 0.03333333333333333
0 0.34375 0.3375 0.03333333333333333 0.03333333333333333
0 0.3375 0.4 0.03333333333333333 0.03333333333333333
0 0.33125 0.4675925925925926 0.03333333333333333 0.03333333333333333
0 0.32395833333333335 0.5416666666666666 0.03333333333333333 0.03333333333333333
0 0.31666666666666665 0.6208333333333333 0.03333333333333333 0.03333333333333333
0 0.30833333333333335 0.7083333333333334 0.03333333333333333 0.03333333333333333
0 0.42604166666666665 0.2791666666666667 0.03333333333333333 0.03333333333333333
0 0.42291666666666666 0.3375 0.03333333333333333 0.03333333333333333
0 0.42083333333333334 0.4 0.03333333333333333 0.03333333333333333
0 0.41770833333333335 0.4675925925925926 0.03333333333333333 0.03333333333333333
0 0.41354166666666664 0.5416666666666666 0.03333333333333333 0.03333333333333333
0 0.41041666666666665 0.6208333333333333 0.03333333333333333 0.03333333333333333
0 0.40625 0.7083333333333334 0.03333333333333333 0.03333333333333333
0 0.503125 0.2791666666666667 0.03333333333333333 0.03333333333333333
0 0.503125 0.3375 0.03333333333333333 0.03333333333333333
0 0.503125 0.4 0.03333333333333333 0.03333333333333333
0 0.503125 0.4675925925925926 0.03333333333333333 0.03333333333333333
0 0.5041666666666667 0.5407407407407407 0.03333333333333333 0.03333333333333333
0 0.5041666666666667 0.6208333333333333 0.03333333333333333 0.03333333333333333
0 0.5041666666666667 0.7083333333333334 0.03333333333333333 0.03333333333333333
0 0.5802083333333333 0.27824074074074073 0.03333333333333333 0.03333333333333333
0 0.5833333333333334 0.3365740740740741 0.03333333333333333 0.03333333333333333
0 0.5864583333333333 0.3990740740740741 0.03333333333333333 0.03333333333333333
0 0.5895833333333333 0.4675925925925926 0.03333333333333333 0.03333333333333333
0 0.59375 0.5407407407407407 0.03333333333333333 0.03333333333333333
0 0.5979166666666667 0.6208333333333333 0.03333333333333333 0.03333333333333333
0 0.6020833333333333 0.7074074074074074 0.03333333333333333 0.03333333333333333
0 0.6572916666666667 0.27824074074074073 0.03333333333333333 0.03333333333333333
0 0.6625 0.3365740740740741 0.03333333333333333 0.03333333333333333
0 0.6697916666666667 0.3990740740740741 0.03333333333333333 0.03333333333333333
0 0.6760416666666667 0.4666666666666667 0.03333333333333333 0.03333333333333333
0 0.6833333333333333 0.5407407407407407 0.03333333333333333 0.03333333333333333
0 0.6916666666666667 0.6199074074074075 0.03333333333333333 0.03333333333333333
0 0.7010416666666667 0.7074074074074074 0.03333333333333333 0.03333333333333333
0 0.734375 0.27824074074074073 0.03333333333333333 0.03333333333333333
0 0.7427083333333333 0.3365740740740741 0.03333333333333333 0.03333333333333333
0 0.7520833333333333 0.3990740740740741 0.03333333333333333 0.03333333333333333
0 0.7625 0.4666666666666667 0.03333333333333333 0.03333333333333333
0 0.7739583333333333 0.5407407407407407 0.03333333333333333 0.03333333333333333
0 0.7854166666666667 0.6199074074074075 0.03333333333333333 0.03333333333333333
0 0.7989583333333333 0.7074074074074074 0.03333333333333333 0.03333333333333333