0 0.71875 0.27175925925925926 0.03333333333333333 0.03333333333333333
0 0.6479166666666667 0.27175925925925926 0.03333333333333333 0.03333333333333333
0 0.5760416666666667 0.2708333333333333 0.03333333333333333 0.03333333333333333
0 0.5052083333333334 0.2708333333333333 0.03333333333333333 0.03333333333333333
0 0.434375 0.26990740740740743 0.03333333333333333 0.03333333333333333
0 0.36354166666666665 0.26851851851851855 0.03333333333333333 0.03333333333333333
0 0.29270833333333335 0.26851851851851855 0.03333333333333333 0.03333333333333333
0 0.7270833333333333 0.32916666666666666 0.03333333333333333 0.03333333333333333
0 0.6520833333333333 0.32916666666666666 0.03333333333333333 0.03333333333333333
0 0.578125 0.3282407407407407 0.03333333333333333 0.03333333333333333
0 0.5041666666666667 0.32685185185185184 0.03333333333333333 0.03333333333333333
0 0.43020833333333336 0.32685185185185184 0.03333333333333333 0.03333333333333333
0 0.35625 0.32592592592592595 0.03333333333333333 0.03333333333333333
0 0.28229166666666666 0.32592592592592595 0.03333333333333333 0.03333333333333333
0 0.7354166666666667 0.39166666666666666 0.03333333333333333 0.03333333333333333
0 0.6572916666666667 0.39166666666666666 0.03333333333333333 0.03333333333333333
0 0.5802083333333333 0.3907407407407407 0.03333333333333333 0.03333333333333333
0 0.503125 0.38981481481481484 0.03333333333333333 0.03333333333333333
0 0.42604166666666665 0.38842592592592595 0.03333333333333333 0.03333333333333333
0 0.3489583333333333 0.38842592592592595 0.03333333333333333 0.03333333333333333
0 0.271875 0.3875 0.03333333333333333 0.03333333333333333
0 0.7447916666666666 0.4601851851851852 0.03333333333333333 0.03333333333333333
0 0.6635416666666667 0.45925925925925926 0.03333333333333333 0.03333333333333333
0 0.5822916666666667 0.4583333333333333 0.03333333333333333 0.03333333333333333
0 0.5010416666666667 0.45740740740740743 0.03333333333333333 0.03333333333333333
0 0.42083333333333334 0.4564814814814815 0.03333333333333333 0.03333333333333333
0 0.340625 0.4564814814814815 0.03333333333333333 0.03333333333333333
0 0.259375 0.4550925925925926 0.03333333333333333 0.03333333333333333
0 0.7552083333333334 0.5342592592592592 0.03333333333333333 0.03333333333333333
0 0.6697916666666667 0.5333333333333333 0.03333333333333333 0.03333333333333333
0 0.584375 0.5324074074074074 0.03333333333333333 0.03333333333333333
0 0.5 0.5324074074074074 0.03333333333333333 0.03333333333333333
0 0.415625 0.5314814814814814 0.03333333333333333 0.03333333333333333
0 0.33125 0.5300925925925926 0.03333333333333333 0.03333333333333333
0 0.246875 0.5291666666666667 0.03333333333333333 0.03333333333333333
0 0.7666666666666667 0.6166666666666667 0.03333333333333333 0.03333333333333333
0 0.6770833333333334 0.6157407407407407 0.03333333333333333 0.03333333333333333
0 0.5875 0.6148148148148148 0.03333333333333333 0.03333333333333333
0 0.49895833333333334 0.6134259259259259 0.03333333333333333 0.03333333333333333
0 0.409375 0.6125 0.03333333333333333 0.03333333333333333
0 0.32083333333333336 0.611574074074074 0.03333333333333333 0.03333333333333333
0 0.23229166666666667 0.6101851851851852 0.03333333333333333 0.03333333333333333
0 0.778125 0.7083333333333334 0.03333333333333333 0.03333333333333333
0 0.684375 0.7064814814814815 0.03333333333333333 0.03333333333333333
0 0.590625 0.7050925925925926 0.03333333333333333 0.03333333333333333
0 0.496875 0.7041666666666667 0.03333333333333333 0.03333333333333333
0 0.403125 0.7032407407407407 0.03333333333333333 0.03333333333333333
0 0.3104166666666667 0.700925925925926 0.03333333333333333 0.03333333333333333
0 0.21666666666666667 0.7 0.03333333333333333 0.03333333333333333