0 0.234375 0.6518518518518519 0.03333333333333333 0.03333333333333333
0 0.33229166666666665 0.6532407407407408 0.03333333333333333 0.03333333333333333
0 0.43020833333333336 0.6532407407407408 0.03333333333333333 0.03333333333333333
0 0.528125 0.6532407407407408 0.03333333333333333 0.03333333333333333
0 0.625 0.6532407407407408 0.03333333333333333 0.03333333333333333
0 0.7229166666666667 0.6532407407407408 0.03333333333333333 0.03333333333333333
0 0.8197916666666667 0.6532407407407408 0.03333333333333333 0.03333333333333333
0 0.24375 0.5601851851851852 0.03333333333333333 0.03333333333333333
0 0.3385416666666667 0.5601851851851852 0.03333333333333333 0.03333333333333333
0 0.43333333333333335 0.5601851851851852 0.03333333333333333 0.03333333333333333
0 0.528125 0.5615740740740741 0.03333333333333333 0.03333333333333333
0 0.621875 0.5615740740740741 0.03333333333333333 0.03333333333333333
0 0.715625 0.5615740740740741 0.03333333333333333 0.03333333333333333
0 0.809375 0.5615740740740741 0.03333333333333333 0.03333333333333333
0 0.253125 0.4740740740740741 0.03333333333333333 0.03333333333333333
0 0.34479166666666666 0.4740740740740741 0.03333333333333333 0.03333333333333333
0 0.43645833333333334 0.475 0.03333333333333333 0.03333333333333333
0 0.5270833333333333 0.475 0.03333333333333333 0.03333333333333333
0 0.61875 0.4759259259259259 0.03333333333333333 0.03333333333333333
0 0.709375 0.4759259259259259 0.03333333333333333 0.03333333333333333
0 0.7989583333333333 0.4759259259259259 0.03333333333333333 0.03333333333333333
0 0.2625 0.39351851851851855 0.03333333333333333 0.03333333333333333
0 0.35104166666666664 0.39351851851851855 0.03333333333333333 0.03333333333333333
0 0.4395833333333333 0.39490740740740743 0.03333333333333333 0.03333333333333333
0 0.5270833333333333 0.39490740740740743 0.03333333333333333 0.03333333333333333
0 0.615625 0.3958333333333333 0.03333333333333333 0.03333333333333333
0 0.703125 0.3958333333333333 0.03333333333333333 0.03333333333333333
0 0.790625 0.3958333333333333 0.03333333333333333 0.03333333333333333
0 0.2708333333333333 0.3175925925925926 0.03333333333333333 0.03333333333333333
0 0.35625 0.31851851851851853 0.03333333333333333 0.03333333333333333
0 0.44166666666666665 0.31851851851851853 0.03333333333333333 0.03333333333333333
0 0.5270833333333333 0.3199074074074074 0.03333333333333333 0.03333333333333333
0 0.6125 0.3199074074074074 0.03333333333333333 0.03333333333333333
0 0.696875 0.32083333333333336 0.03333333333333333 0.03333333333333333
0 0.7822916666666667 0.32175925925925924 0.03333333333333333 0.03333333333333333
0 0.278125 0.24675925925925926 0.03333333333333333 0.03333333333333333
0 0.3614583333333333 0.24814814814814815 0.03333333333333333 0.03333333333333333
0 0.44375 0.2490740740740741 0.03333333333333333 0.03333333333333333
0 0.5270833333333333 0.2490740740740741 0.03333333333333333 0.03333333333333333
0 0.609375 0.25 0.03333333333333333 0.03333333333333333
0 0.6916666666666667 0.25 0.03333333333333333 0.03333333333333333
0 0.7739583333333333 0.25092592592592594 0.03333333333333333 0.03333333333333333
0 0.28541666666666665 0.1814814814814815 0.03333333333333333 0.03333333333333333
0 0.365625 0.1814814814814815 0.03333333333333333 0.03333333333333333
0 0.44583333333333336 0.1824074074074074 0.03333333333333333 0.03333333333333333
0 0.5270833333333333 0.1824074074074074 0.03333333333333333 0.03333333333333333
0 0.60625 0.18333333333333332 0.03333333333333333 0.03333333333333333
0 0.6864583333333333 0.18425925925925926 0.03333333333333333 0.03333333333333333
0 0.7666666666666667 0.18425925925925926 0.03333333333333333 0.03333333333333333