0 0.6864583333333333 0.2601851851851852 0.03333333333333333 0.03333333333333333
0 0.6052083333333333 0.26481481481481484 0.03333333333333333 0.03333333333333333
0 0.525 0.2675925925925926 0.03333333333333333 0.03333333333333333
0 0.4479166666666667 0.2708333333333333 0.03333333333333333 0.03333333333333333
0 0.3729166666666667 0.275 0.03333333333333333 0.03333333333333333
0 0.2989583333333333 0.27824074074074073 0.03333333333333333 0.03333333333333333
0 0.228125 0.2814814814814815 0.03333333333333333 0.03333333333333333
0 0.6864583333333333 0.32916666666666666 0.03333333333333333 0.03333333333333333
0 0.6020833333333333 0.3314814814814815 0.03333333333333333 0.03333333333333333
0 0.5208333333333334 0.33425925925925926 0.03333333333333333 0.03333333333333333
0 0.440625 0.3365740740740741 0.03333333333333333 0.03333333333333333
0 0.36354166666666665 0.3398148148148148 0.03333333333333333 0.03333333333333333
0 0.2875 0.3416666666666667 0.03333333333333333 0.03333333333333333
0 0.21458333333333332 0.3435185185185185 0.03333333333333333 0.03333333333333333
0 0.6875 0.40185185185185185 0.03333333333333333 0.03333333333333333
0 0.6 0.40324074074074073 0.03333333333333333 0.03333333333333333
0 0.515625 0.4050925925925926 0.03333333333333333 0.03333333333333333
0 0.43333333333333335 0.4064814814814815 0.03333333333333333 0.03333333333333333
0 0.353125 0.4083333333333333 0.03333333333333333 0.03333333333333333
0 0.275 0.4101851851851852 0.03333333333333333 0.03333333333333333
0 0.2 0.4115740740740741 0.03333333333333333 0.03333333333333333
0 0.6875 0.4791666666666667 0.03333333333333333 0.03333333333333333
0 0.5979166666666667 0.48009259259259257 0.03333333333333333 0.03333333333333333
0 0.5104166666666666 0.48148148148148145 0.03333333333333333 0.03333333333333333
0 0.425 0.48148148148148145 0.03333333333333333 0.03333333333333333
0 0.34270833333333334 0.4824074074074074 0.03333333333333333 0.03333333333333333
0 0.2625 0.4824074074074074 0.03333333333333333 0.03333333333333333
0 0.184375 0.48333333333333334 0.03333333333333333 0.03333333333333333
0 0.6885416666666667 0.5634259259259259 0.03333333333333333 0.03333333333333333
0 0.5947916666666667 0.5625 0.03333333333333333 0.03333333333333333
0 0.5041666666666667 0.5625 0.03333333333333333 0.03333333333333333
0 0.4166666666666667 0.5615740740740741 0.03333333333333333 0.03333333333333333
0 0.33125 0.5601851851851852 0.03333333333333333 0.03333333333333333
0 0.24791666666666667 0.5601851851851852 0.03333333333333333 0.03333333333333333
0 0.16770833333333332 0.5592592592592592 0.03333333333333333 0.03333333333333333
0 0.6895833333333333 0.6541666666666667 0.03333333333333333 0.03333333333333333
0 0.5916666666666667 0.6518518518518519 0.03333333333333333 0.03333333333333333
0 0.4979166666666667 0.65 0.03333333333333333 0.03333333333333333
0 0.40729166666666666 0.6481481481481481 0.03333333333333333 0.03333333333333333
0 0.31875 0.6458333333333334 0.03333333333333333 0.03333333333333333
0 0.23333333333333334 0.6435185185185185 0.03333333333333333 0.03333333333333333
0 0.15 0.6416666666666667 0.03333333333333333 0.03333333333333333
0 0.6895833333333333 0.7509259259259259 0.03333333333333333 0.03333333333333333
0 0.5885416666666666 0.7481481481481481 0.03333333333333333 0.03333333333333333
0 0.49166666666666664 0.7435185185185185 0.03333333333333333 0.03333333333333333
0 0.396875 0.7398148148148148 0.03333333333333333 0.03333333333333333
0 0.30520833333333336 0.736574074074074 0.03333333333333333 0.03333333333333333
0 0.21666666666666667 0.7333333333333333 0.03333333333333333 0.03333333333333333
0 0.13125 0.7291666666666666 0.03333333333333333 0.03333333333333333