0 0.6739583333333333 0.19444444444444445 0.025 0.03333333333333333
0 0.6072916666666667 0.19722222222222222 0.025 0.03333333333333333
0 0.540625 0.1986111111111111 0.025 0.03333333333333333
0 0.4739583333333333 0.2013888888888889 0.025 0.03333333333333333
0 0.40625 0.20277777777777778 0.025 0.03333333333333333
0 0.3385416666666667 0.20555555555555555 0.025 0.03333333333333333
0 0.26979166666666665 0.20694444444444443 0.025 0.03333333333333333
0 0.6875 0.25833333333333336 0.025 0.03333333333333333
0 0.6177083333333333 0.2611111111111111 0.025 0.03333333333333333
0 0.5479166666666667 0.2625 0.025 0.03333333333333333
0 0.47708333333333336 0.2652777777777778 0.025 0.03333333333333333
0 0.40625 0.26805555555555555 0.025 0.03333333333333333
0 0.33541666666666664 0.26944444444444443 0.025 0.03333333333333333
0 0.2635416666666667 0.2722222222222222 0.025 0.03333333333333333
0 0.7020833333333333 0.3277777777777778 0.025 0.03333333333333333
0 0.6291666666666667 0.33055555555555555 0.025 0.03333333333333333
0 0.5552083333333333 0.3333333333333333 0.025 0.03333333333333333
0 0.48125 0.33611111111111114 0.025 0.03333333333333333
0 0.40729166666666666 0.3388888888888889 0.025 0.03333333333333333
0 0.33125 0.3416666666666667 0.025 0.03333333333333333
0 0.25625 0.34444444444444444 0.025 0.03333333333333333
0 0.71875 0.40555555555555556 0.025 0.03333333333333333
0 0.6416666666666667 0.4083333333333333 0.025 0.03333333333333333
0 0.5645833333333333 0.4111111111111111 0.025 0.03333333333333333
0 0.4864583333333333 0.4152777777777778 0.025 0.03333333333333333
0 0.40729166666666666 0.41805555555555557 0.025 0.03333333333333333
0 0.328125 0.42083333333333334 0.025 0.03333333333333333
0 0.24791666666666667 0.425 0.025 0.03333333333333333
0 0.7364583333333333 0.49166666666666664 0.025 0.03333333333333333
0 0.6552083333333333 0.49444444444444446 0.025 0.03333333333333333
0 0.5739583333333333 0.4986111111111111 0.025 0.03333333333333333
0 0.490625 0.5027777777777778 0.025 0.03333333333333333
0 0.40729166666666666 0.5069444444444444 0.025 0.03333333333333333
0 0.32395833333333335 0.5097222222222222 0.025 0.03333333333333333
0 0.23854166666666668 0.5138888888888888 0.025 0.03333333333333333
0 0.7572916666666667 0.5875 0.025 0.03333333333333333
0 0.6708333333333333 0.5916666666666667 0.025 0.03333333333333333
0 0.584375 0.5972222222222222 0.025 0.03333333333333333
0 0.496875 0.6013888888888889 0.025 0.03333333333333333
0 0.4083333333333333 0.6055555555555555 0.025 0.03333333333333333
0 0.31875 0.6097222222222223 0.025 0.03333333333333333
0 0.22916666666666666 0.6152777777777778 0.025 0.03333333333333333
0 0.7802083333333333 0.6972222222222222 0.025 0.03333333333333333
0 0.6885416666666667 0.7013888888888888 0.025 0.03333333333333333
0 0.5958333333333333 0.7069444444444445 0.025 0.03333333333333333
0 0.503125 0.7125 0.025 0.03333333333333333
0 0.4083333333333333 0.7180555555555556 0.025 0.03333333333333333
0 0.31354166666666666 0.7236111111111111 0.025 0.03333333333333333
0 0.21770833333333334 0.7291666666666666 0.025 0.03333333333333333