0 0.7322916666666667 0.14675925925925926 0.020833333333333332 0.03518518518518519
0 0.6604166666666667 0.14675925925925926 0.020833333333333332 0.03518518518518519
0 0.5885416666666666 0.14675925925925926 0.020833333333333332 0.03518518518518519
0 0.5166666666666667 0.1486111111111111 0.020833333333333332 0.03518518518518519
0 0.44479166666666664 0.1486111111111111 0.020833333333333332 0.03518518518518519
0 0.37395833333333334 0.1486111111111111 0.020833333333333332 0.03518518518518519
0 0.3020833333333333 0.15046296296296297 0.020833333333333332 0.03518518518518519
0 0.740625 0.22546296296296298 0.020833333333333332 0.03518518518518519
0 0.665625 0.2273148148148148 0.020833333333333332 0.03518518518518519
0 0.5916666666666667 0.2273148148148148 0.020833333333333332 0.03518518518518519
0 0.5166666666666667 0.2273148148148148 0.020833333333333332 0.03518518518518519
0 0.44166666666666665 0.2273148148148148 0.020833333333333332 0.03518518518518519
0 0.36770833333333336 0.22916666666666666 0.020833333333333332 0.03518518518518519
0 0.29375 0.22916666666666666 0.020833333333333332 0.03518518518518519
0 0.7510416666666667 0.31296296296296294 0.020833333333333332 0.03518518518518519
0 0.671875 0.31296296296296294 0.020833333333333332 0.03518518518518519
0 0.5947916666666667 0.31296296296296294 0.020833333333333332 0.03518518518518519
0 0.5166666666666667 0.31296296296296294 0.020833333333333332 0.03518518518518519
0 0.4395833333333333 0.3148148148148148 0.020833333333333332 0.03518518518518519
0 0.3614583333333333 0.3148148148148148 0.020833333333333332 0.03518518518518519
0 0.28541666666666665 0.3148148148148148 0.020833333333333332 0.03518518518518519
0 0.7604166666666666 0.4074074074074074 0.020833333333333332 0.03518518518518519
0 0.6791666666666667 0.4074074074074074 0.020833333333333332 0.03518518518518519
0 0.5979166666666667 0.4074074074074074 0.020833333333333332 0.03518518518518519
0 0.5166666666666667 0.4074074074074074 0.020833333333333332 0.03518518518518519
0 0.4354166666666667 0.4074074074074074 0.020833333333333332 0.03518518518518519
0 0.35520833333333335 0.4074074074074074 0.020833333333333332 0.03518518518518519
0 0.275 0.4074074074074074 0.020833333333333332 0.03518518518518519
0 0.771875 0.5087962962962963 0.020833333333333332 0.03518518518518519
0 0.6864583333333333 0.5087962962962963 0.020833333333333332 0.03518518518518519
0 0.6010416666666667 0.5087962962962963 0.020833333333333332 0.03518518518518519
0 0.5166666666666667 0.5087962962962963 0.020833333333333332 0.03518518518518519
0 0.4322916666666667 0.5087962962962963 0.020833333333333332 0.03518518518518519
0 0.34791666666666665 0.5087962962962963 0.020833333333333332 0.03518518518518519
0 0.26458333333333334 0.5087962962962963 0.020833333333333332 0.03518518518518519
0 0.784375 0.6208333333333333 0.020833333333333332 0.03518518518518519
0 0.6947916666666667 0.6208333333333333 0.020833333333333332 0.03518518518518519
0 0.6052083333333333 0.6208333333333333 0.020833333333333332 0.03518518518518519
0 0.5166666666666667 0.6208333333333333 0.020833333333333332 0.03518518518518519
0 0.428125 0.6208333333333333 0.020833333333333332 0.03518518518518519
0 0.340625 0.6208333333333333 0.020833333333333332 0.03518518518518519
0 0.253125 0.6208333333333333 0.020833333333333332 0.03518518518518519
0 0.7979166666666667 0.7449074074074075 0.020833333333333332 0.03518518518518519
0 0.7041666666666667 0.7449074074074075 0.020833333333333332 0.03518518518518519
0 0.6104166666666667 0.7449074074074075 0.020833333333333332 0.03518518518518519
0 0.5166666666666667 0.7430555555555556 0.020833333333333332 0.03518518518518519
0 0.4239583333333333 0.7430555555555556 0.020833333333333332 0.03518518518518519
0 0.33229166666666665 0.7430555555555556 0.020833333333333332 0.03518518518518519
0 0.23958333333333334 0.7430555555555556 0.020833333333333332 0.03518518518518519