0 0.29375 0.6513888888888889 0.020833333333333332 0.027777777777777776
0 0.3697916666666667 0.65 0.020833333333333332 0.027777777777777776
0 0.446875 0.6486111111111111 0.020833333333333332 0.027777777777777776
0 0.5239583333333333 0.6472222222222223 0.020833333333333332 0.027777777777777776
0 0.603125 0.6444444444444445 0.020833333333333332 0.027777777777777776
0 0.6833333333333333 0.6430555555555556 0.020833333333333332 0.027777777777777776
0 0.7635416666666667 0.6416666666666667 0.020833333333333332 0.027777777777777776
0 0.303125 0.5638888888888889 0.020833333333333332 0.027777777777777776
0 0.37604166666666666 0.5611111111111111 0.020833333333333332 0.027777777777777776
0 0.45 0.5597222222222222 0.020833333333333332 0.027777777777777776
0 0.5239583333333333 0.5569444444444445 0.020833333333333332 0.027777777777777776
0 0.5989583333333334 0.5541666666666667 0.020833333333333332 0.027777777777777776
0 0.675 0.5527777777777778 0.020833333333333332 0.027777777777777776
0 0.7520833333333333 0.55 0.020833333333333332 0.027777777777777776
0 0.3125 0.48194444444444445 0.020833333333333332 0.027777777777777776
0 0.38229166666666664 0.48055555555555557 0.020833333333333332 0.027777777777777776
0 0.45208333333333334 0.4777777777777778 0.020833333333333332 0.027777777777777776
0 0.5239583333333333 0.475 0.020833333333333332 0.027777777777777776
0 0.5958333333333333 0.4722222222222222 0.020833333333333332 0.027777777777777776
0 0.6677083333333333 0.46944444444444444 0.020833333333333332 0.027777777777777776
0 0.7416666666666667 0.4666666666666667 0.020833333333333332 0.027777777777777776
0 0.32083333333333336 0.4083333333333333 0.020833333333333332 0.027777777777777776
0 0.3875 0.40555555555555556 0.020833333333333332 0.027777777777777776
0 0.4552083333333333 0.4027777777777778 0.020833333333333332 0.027777777777777776
0 0.5229166666666667 0.4 0.020833333333333332 0.027777777777777776
0 0.5916666666666667 0.3972222222222222 0.020833333333333332 0.027777777777777776
0 0.6614583333333334 0.39444444444444443 0.020833333333333332 0.027777777777777776
0 0.73125 0.39166666666666666 0.020833333333333332 0.027777777777777776
0 0.32916666666666666 0.3402777777777778 0.020833333333333332 0.027777777777777776
0 0.3927083333333333 0.3375 0.020833333333333332 0.027777777777777776
0 0.45729166666666665 0.3333333333333333 0.020833333333333332 0.027777777777777776
0 0.5229166666666667 0.33055555555555555 0.020833333333333332 0.027777777777777776
0 0.5885416666666666 0.3277777777777778 0.020833333333333332 0.027777777777777776
0 0.6552083333333333 0.325 0.020833333333333332 0.027777777777777776
0 0.7229166666666667 0.32222222222222224 0.020833333333333332 0.027777777777777776
0 0.33645833333333336 0.2763888888888889 0.020833333333333332 0.027777777777777776
0 0.39791666666666664 0.27361111111111114 0.020833333333333332 0.027777777777777776
0 0.459375 0.2708333333333333 0.020833333333333332 0.027777777777777776
0 0.5229166666666667 0.26805555555555555 0.020833333333333332 0.027777777777777776
0 0.5864583333333333 0.2638888888888889 0.020833333333333332 0.027777777777777776
0 0.65 0.2611111111111111 0.020833333333333332 0.027777777777777776
0 0.7145833333333333 0.2569444444444444 0.020833333333333332 0.027777777777777776
0 0.34270833333333334 0.21805555555555556 0.020833333333333332 0.027777777777777776
0 0.40208333333333335 0.2152777777777778 0.020833333333333332 0.027777777777777776
0 0.46145833333333336 0.2125 0.020833333333333332 0.027777777777777776
0 0.521875 0.20833333333333334 0.020833333333333332 0.027777777777777776
0 0.5833333333333334 0.20555555555555555 0.020833333333333332 0.027777777777777776
0 0.6447916666666667 0.2013888888888889 0.020833333333333332 0.027777777777777776
0 0.7072916666666667 0.1986111111111111 0.020833333333333332 0.027777777777777776