0 0.69375 0.15555555555555556 0.022916666666666665 0.03425925925925926
0 0.61875 0.15555555555555556 0.022916666666666665 0.03425925925925926
0 0.5416666666666666 0.15416666666666667 0.022916666666666665 0.03425925925925926
0 0.465625 0.15416666666666667 0.022916666666666665 0.03425925925925926
0 0.3885416666666667 0.15416666666666667 0.022916666666666665 0.03425925925925926
0 0.3104166666666667 0.15416666666666667 0.022916666666666665 0.03425925925925926
0 0.23229166666666667 0.1527777777777778 0.022916666666666665 0.03425925925925926
0 0.7052083333333333 0.2351851851851852 0.022916666666666665 0.03425925925925926
0 0.6270833333333333 0.2351851851851852 0.022916666666666665 0.03425925925925926
0 0.5479166666666667 0.2351851851851852 0.022916666666666665 0.03425925925925926
0 0.46875 0.2351851851851852 0.022916666666666665 0.03425925925925926
0 0.3885416666666667 0.2351851851851852 0.022916666666666665 0.03425925925925926
0 0.30833333333333335 0.2351851851851852 0.022916666666666665 0.03425925925925926
0 0.22708333333333333 0.2351851851851852 0.022916666666666665 0.03425925925925926
0 0.7177083333333333 0.32222222222222224 0.022916666666666665 0.03425925925925926
0 0.6364583333333333 0.32222222222222224 0.022916666666666665 0.03425925925925926
0 0.5541666666666667 0.32222222222222224 0.022916666666666665 0.03425925925925926
0 0.471875 0.32222222222222224 0.022916666666666665 0.03425925925925926
0 0.3885416666666667 0.32222222222222224 0.022916666666666665 0.03425925925925926
0 0.30520833333333336 0.32222222222222224 0.022916666666666665 0.03425925925925926
0 0.22083333333333333 0.32222222222222224 0.022916666666666665 0.03425925925925926
0 0.73125 0.41574074074074074 0.022916666666666665 0.03425925925925926
0 0.646875 0.41574074074074074 0.022916666666666665 0.03425925925925926
0 0.5614583333333333 0.41574074074074074 0.022916666666666665 0.03425925925925926
0 0.47604166666666664 0.41574074074074074 0.022916666666666665 0.03425925925925926
0 0.3885416666666667 0.41759259259259257 0.022916666666666665 0.03425925925925926
0 0.3020833333333333 0.41759259259259257 0.022916666666666665 0.03425925925925926
0 0.21458333333333332 0.41759259259259257 0.022916666666666665 0.03425925925925926
0 0.746875 0.5157407407407407 0.022916666666666665 0.03425925925925926
0 0.6583333333333333 0.5171296296296296 0.022916666666666665 0.03425925925925926
0 0.56875 0.5171296296296296 0.022916666666666665 0.03425925925925926
0 0.4791666666666667 0.5185185185185185 0.022916666666666665 0.03425925925925926
0 0.38958333333333334 0.5203703703703704 0.022916666666666665 0.03425925925925926
0 0.2989583333333333 0.5203703703703704 0.022916666666666665 0.03425925925925926
0 0.20729166666666668 0.5217592592592593 0.022916666666666665 0.03425925925925926
0 0.7625 0.6263888888888889 0.022916666666666665 0.03425925925925926
0 0.6697916666666667 0.6277777777777778 0.022916666666666665 0.03425925925925926
0 0.5770833333333333 0.6291666666666667 0.022916666666666665 0.03425925925925926
0 0.484375 0.6291666666666667 0.022916666666666665 0.03425925925925926
0 0.38958333333333334 0.6310185185185185 0.022916666666666665 0.03425925925925926
0 0.2947916666666667 0.6324074074074074 0.022916666666666665 0.03425925925925926
0 0.19895833333333332 0.6337962962962963 0.022916666666666665 0.03425925925925926
0 0.7802083333333333 0.7462962962962963 0.022916666666666665 0.03425925925925926
0 0.6833333333333333 0.7476851851851852 0.022916666666666665 0.03425925925925926
0 0.5864583333333333 0.7490740740740741 0.022916666666666665 0.03425925925925926
0 0.48854166666666665 0.7509259259259259 0.022916666666666665 0.03425925925925926
0 0.38958333333333334 0.7537037037037037 0.022916666666666665 0.03425925925925926
0 0.290625 0.7555555555555555 0.022916666666666665 0.03425925925925926
0 0.190625 0.7569444444444444 0.022916666666666665 0.03425925925925926