0 0.30104166666666665 0.6513888888888889 0.020833333333333332 0.027777777777777776
0 0.37604166666666666 0.65 0.020833333333333332 0.027777777777777776
0 0.45208333333333334 0.6486111111111111 0.020833333333333332 0.027777777777777776
0 0.5291666666666667 0.6472222222222223 0.020833333333333332 0.027777777777777776
0 0.6072916666666667 0.6444444444444445 0.020833333333333332 0.027777777777777776
0 0.6864583333333333 0.6430555555555556 0.020833333333333332 0.027777777777777776
0 0.7666666666666667 0.6416666666666667 0.020833333333333332 0.027777777777777776
0 0.3104166666666667 0.5638888888888889 0.020833333333333332 0.027777777777777776
0 0.38229166666666664 0.5611111111111111 0.020833333333333332 0.027777777777777776
0 0.45416666666666666 0.5597222222222222 0.020833333333333332 0.027777777777777776
0 0.528125 0.5569444444444445 0.020833333333333332 0.027777777777777776
0 0.603125 0.5555555555555556 0.020833333333333332 0.027777777777777776
0 0.678125 0.5527777777777778 0.020833333333333332 0.027777777777777776
0 0.7541666666666667 0.5513888888888889 0.020833333333333332 0.027777777777777776
0 0.31875 0.48333333333333334 0.020833333333333332 0.027777777777777776
0 0.3875 0.48055555555555557 0.020833333333333332 0.027777777777777776
0 0.45729166666666665 0.4791666666666667 0.020833333333333332 0.027777777777777776
0 0.5270833333333333 0.47638888888888886 0.020833333333333332 0.027777777777777776
0 0.5989583333333334 0.4736111111111111 0.020833333333333332 0.027777777777777776
0 0.6708333333333333 0.4708333333333333 0.020833333333333332 0.027777777777777776
0 0.74375 0.46944444444444444 0.020833333333333332 0.027777777777777776
0 0.32708333333333334 0.4097222222222222 0.020833333333333332 0.027777777777777776
0 0.3927083333333333 0.40694444444444444 0.020833333333333332 0.027777777777777776
0 0.459375 0.4041666666666667 0.020833333333333332 0.027777777777777776
0 0.5270833333333333 0.4013888888888889 0.020833333333333332 0.027777777777777776
0 0.5947916666666667 0.39861111111111114 0.020833333333333332 0.027777777777777776
0 0.6635416666666667 0.3958333333333333 0.020833333333333332 0.027777777777777776
0 0.7333333333333333 0.39305555555555555 0.020833333333333332 0.027777777777777776
0 0.334375 0.3416666666666667 0.020833333333333332 0.027777777777777776
0 0.396875 0.3388888888888889 0.020833333333333332 0.027777777777777776
0 0.46145833333333336 0.33611111111111114 0.020833333333333332 0.027777777777777776
0 0.5260416666666666 0.3333333333333333 0.020833333333333332 0.027777777777777776
0 0.5916666666666667 0.33055555555555555 0.020833333333333332 0.027777777777777776
0 0.6572916666666667 0.3277777777777778 0.020833333333333332 0.027777777777777776
0 0.7239583333333334 0.325 0.020833333333333332 0.027777777777777776
0 0.340625 0.2791666666666667 0.020833333333333332 0.027777777777777776
0 0.4010416666666667 0.2763888888888889 0.020833333333333332 0.027777777777777776
0 0.4635416666666667 0.27361111111111114 0.020833333333333332 0.027777777777777776
0 0.525 0.2708333333333333 0.020833333333333332 0.027777777777777776
0 0.5885416666666666 0.26666666666666666 0.020833333333333332 0.027777777777777776
0 0.6510416666666666 0.2638888888888889 0.020833333333333332 0.027777777777777776
0 0.715625 0.2611111111111111 0.020833333333333332 0.027777777777777776
0 0.346875 0.2222222222222222 0.020833333333333332 0.027777777777777776
0 0.40520833333333334 0.21805555555555556 0.020833333333333332 0.027777777777777776
0 0.46458333333333335 0.2152777777777778 0.020833333333333332 0.027777777777777776
0 0.525 0.2125 0.020833333333333332 0.027777777777777776
0 0.5854166666666667 0.20833333333333334 0.020833333333333332 0.027777777777777776
0 0.6458333333333334 0.20555555555555555 0.020833333333333332 0.027777777777777776
0 0.7072916666666667 0.2013888888888889 0.020833333333333332 0.027777777777777776