0 0.30416666666666664 0.6472222222222223 0.020833333333333332 0.027777777777777776
0 0.37916666666666665 0.6486111111111111 0.020833333333333332 0.027777777777777776
0 0.45416666666666666 0.6486111111111111 0.020833333333333332 0.027777777777777776
0 0.53125 0.6486111111111111 0.020833333333333332 0.027777777777777776
0 0.609375 0.6486111111111111 0.020833333333333332 0.027777777777777776
0 0.6875 0.65 0.020833333333333332 0.027777777777777776
0 0.7666666666666667 0.65 0.020833333333333332 0.027777777777777776
0 0.3145833333333333 0.5611111111111111 0.020833333333333332 0.027777777777777776
0 0.38645833333333335 0.5611111111111111 0.020833333333333332 0.027777777777777776
0 0.4583333333333333 0.5611111111111111 0.020833333333333332 0.027777777777777776
0 0.53125 0.5611111111111111 0.020833333333333332 0.027777777777777776
0 0.6052083333333333 0.5611111111111111 0.020833333333333332 0.027777777777777776
0 0.6791666666666667 0.5611111111111111 0.020833333333333332 0.027777777777777776
0 0.7552083333333334 0.5611111111111111 0.020833333333333332 0.027777777777777776
0 0.32395833333333335 0.48194444444444445 0.020833333333333332 0.027777777777777776
0 0.3927083333333333 0.48194444444444445 0.020833333333333332 0.027777777777777776
0 0.46145833333333336 0.48194444444444445 0.020833333333333332 0.027777777777777776
0 0.53125 0.48055555555555557 0.020833333333333332 0.027777777777777776
0 0.6010416666666667 0.48055555555555557 0.020833333333333332 0.027777777777777776
0 0.671875 0.48055555555555557 0.020833333333333332 0.027777777777777776
0 0.74375 0.4791666666666667 0.020833333333333332 0.027777777777777776
0 0.3333333333333333 0.4111111111111111 0.020833333333333332 0.027777777777777776
0 0.39791666666666664 0.4097222222222222 0.020833333333333332 0.027777777777777776
0 0.46458333333333335 0.4097222222222222 0.020833333333333332 0.027777777777777776
0 0.5302083333333333 0.4083333333333333 0.020833333333333332 0.027777777777777776
0 0.5979166666666667 0.40694444444444444 0.020833333333333332 0.027777777777777776
0 0.665625 0.40694444444444444 0.020833333333333332 0.027777777777777776
0 0.734375 0.40555555555555556 0.020833333333333332 0.027777777777777776
0 0.3416666666666667 0.3458333333333333 0.020833333333333332 0.027777777777777776
0 0.4041666666666667 0.34444444444444444 0.020833333333333332 0.027777777777777776
0 0.4666666666666667 0.34305555555555556 0.020833333333333332 0.027777777777777776
0 0.5302083333333333 0.3416666666666667 0.020833333333333332 0.027777777777777776
0 0.5947916666666667 0.3402777777777778 0.020833333333333332 0.027777777777777776
0 0.659375 0.3388888888888889 0.020833333333333332 0.027777777777777776
0 0.725 0.3388888888888889 0.020833333333333332 0.027777777777777776
0 0.3489583333333333 0.2847222222222222 0.020833333333333332 0.027777777777777776
0 0.4083333333333333 0.2833333333333333 0.020833333333333332 0.027777777777777776
0 0.46875 0.28194444444444444 0.020833333333333332 0.027777777777777776
0 0.5302083333333333 0.28055555555555556 0.020833333333333332 0.027777777777777776
0 0.5916666666666667 0.2791666666666667 0.020833333333333332 0.027777777777777776
0 0.6541666666666667 0.2777777777777778 0.020833333333333332 0.027777777777777776
0 0.7166666666666667 0.2763888888888889 0.020833333333333332 0.027777777777777776
0 0.35520833333333335 0.22916666666666666 0.020833333333333332 0.027777777777777776
0 0.41354166666666664 0.22777777777777777 0.020833333333333332 0.027777777777777776
0 0.4708333333333333 0.2263888888888889 0.020833333333333332 0.027777777777777776
0 0.5302083333333333 0.225 0.020833333333333332 0.027777777777777776
0 0.5895833333333333 0.22361111111111112 0.020833333333333332 0.027777777777777776
0 0.6489583333333333 0.22083333333333333 0.020833333333333332 0.027777777777777776
0 0.709375 0.21944444444444444 0.020833333333333332 0.027777777777777776