0 0.7229166666666667 0.18611111111111112 0.025 0.03333333333333333
0 0.6572916666666667 0.18333333333333332 0.025 0.03333333333333333
0 0.5916666666666667 0.18055555555555555 0.025 0.03333333333333333
0 0.5260416666666666 0.17777777777777778 0.025 0.03333333333333333
0 0.459375 0.1736111111111111 0.025 0.03333333333333333
0 0.39166666666666666 0.17083333333333334 0.025 0.03333333333333333
0 0.325 0.16805555555555557 0.025 0.03333333333333333
0 0.734375 0.24861111111111112 0.025 0.03333333333333333
0 0.665625 0.24583333333333332 0.025 0.03333333333333333
0 0.596875 0.24305555555555555 0.025 0.03333333333333333
0 0.5270833333333333 0.24027777777777778 0.025 0.03333333333333333
0 0.45729166666666665 0.2375 0.025 0.03333333333333333
0 0.38645833333333335 0.23472222222222222 0.025 0.03333333333333333
0 0.315625 0.23194444444444445 0.025 0.03333333333333333
0 0.746875 0.31805555555555554 0.025 0.03333333333333333
0 0.675 0.31527777777777777 0.025 0.03333333333333333
0 0.6020833333333333 0.3125 0.025 0.03333333333333333
0 0.528125 0.30972222222222223 0.025 0.03333333333333333
0 0.4552083333333333 0.30694444444444446 0.025 0.03333333333333333
0 0.38125 0.30416666666666664 0.025 0.03333333333333333
0 0.30625 0.3013888888888889 0.025 0.03333333333333333
0 0.7604166666666666 0.3958333333333333 0.025 0.03333333333333333
0 0.684375 0.39305555555555555 0.025 0.03333333333333333
0 0.6072916666666667 0.3902777777777778 0.025 0.03333333333333333
0 0.5302083333333333 0.3875 0.025 0.03333333333333333
0 0.45208333333333334 0.38472222222222224 0.025 0.03333333333333333
0 0.37395833333333334 0.3819444444444444 0.025 0.03333333333333333
0 0.29583333333333334 0.37916666666666665 0.025 0.03333333333333333
0 0.7760416666666666 0.48194444444444445 0.025 0.03333333333333333
0 0.6958333333333333 0.4791666666666667 0.025 0.03333333333333333
0 0.6145833333333334 0.47638888888888886 0.025 0.03333333333333333
0 0.5322916666666667 0.4736111111111111 0.025 0.03333333333333333
0 0.45 0.4708333333333333 0.025 0.03333333333333333
0 0.36666666666666664 0.46805555555555556 0.025 0.03333333333333333
0 0.2833333333333333 0.4652777777777778 0.025 0.03333333333333333
0 0.79375 0.5791666666666667 0.025 0.03333333333333333
0 0.7083333333333334 0.5763888888888888 0.025 0.03333333333333333
0 0.621875 0.5736111111111111 0.025 0.03333333333333333
0 0.534375 0.5722222222222222 0.025 0.03333333333333333
0 0.446875 0.5694444444444444 0.025 0.03333333333333333
0 0.359375 0.5666666666666667 0.025 0.03333333333333333
0 0.26979166666666665 0.5638888888888889 0.025 0.03333333333333333
0 0.8135416666666667 0.6888888888888889 0.025 0.03333333333333333
0 0.721875 0.6861111111111111 0.025 0.03333333333333333
0 0.6302083333333334 0.6847222222222222 0.025 0.03333333333333333
0 0.5375 0.6819444444444445 0.025 0.03333333333333333
0 0.44375 0.6791666666666667 0.025 0.03333333333333333
0 0.35 0.6777777777777778 0.025 0.03333333333333333
0 0.2552083333333333 0.675 0.025 0.03333333333333333