0 0.7041666666666667 0.2851851851851852 0.03333333333333333 0.03333333333333333
0 0.63125 0.2875 0.03333333333333333 0.03333333333333333
0 0.559375 0.2884259259259259 0.03333333333333333 0.03333333333333333
0 0.4875 0.29074074074074074 0.03333333333333333 0.03333333333333333
0 0.4166666666666667 0.29259259259259257 0.03333333333333333 0.03333333333333333
0 0.3458333333333333 0.2949074074074074 0.03333333333333333 0.03333333333333333
0 0.2760416666666667 0.29583333333333334 0.03333333333333333 0.03333333333333333
0 0.7125 0.3458333333333333 0.03333333333333333 0.03333333333333333
0 0.6364583333333333 0.34675925925925927 0.03333333333333333 0.03333333333333333
0 0.5614583333333333 0.3490740740740741 0.03333333333333333 0.03333333333333333
0 0.4864583333333333 0.35 0.03333333333333333 0.03333333333333333
0 0.4125 0.35185185185185186 0.03333333333333333 0.03333333333333333
0 0.33958333333333335 0.3541666666666667 0.03333333333333333 0.03333333333333333
0 0.26666666666666666 0.35509259259259257 0.03333333333333333 0.03333333333333333
0 0.7208333333333333 0.4101851851851852 0.03333333333333333 0.03333333333333333
0 0.6416666666666667 0.4125 0.03333333333333333 0.03333333333333333
0 0.5625 0.4134259259259259 0.03333333333333333 0.03333333333333333
0 0.48541666666666666 0.4148148148148148 0.03333333333333333 0.03333333333333333
0 0.4083333333333333 0.4166666666666667 0.03333333333333333 0.03333333333333333
0 0.33229166666666665 0.41759259259259257 0.03333333333333333 0.03333333333333333
0 0.25625 0.4185185185185185 0.03333333333333333 0.03333333333333333
0 0.7291666666666666 0.48148148148148145 0.03333333333333333 0.03333333333333333
0 0.646875 0.4824074074074074 0.03333333333333333 0.03333333333333333
0 0.5645833333333333 0.48333333333333334 0.03333333333333333 0.03333333333333333
0 0.484375 0.48518518518518516 0.03333333333333333 0.03333333333333333
0 0.4041666666666667 0.48657407407407405 0.03333333333333333 0.03333333333333333
0 0.32395833333333335 0.4875 0.03333333333333333 0.03333333333333333
0 0.24583333333333332 0.48842592592592593 0.03333333333333333 0.03333333333333333
0 0.7395833333333334 0.5583333333333333 0.03333333333333333 0.03333333333333333
0 0.653125 0.5592592592592592 0.03333333333333333 0.03333333333333333
0 0.5677083333333334 0.5601851851851852 0.03333333333333333 0.03333333333333333
0 0.4822916666666667 0.5615740740740741 0.03333333333333333 0.03333333333333333
0 0.39895833333333336 0.5615740740740741 0.03333333333333333 0.03333333333333333
0 0.315625 0.5625 0.03333333333333333 0.03333333333333333
0 0.23333333333333334 0.5634259259259259 0.03333333333333333 0.03333333333333333
0 0.75 0.6435185185185185 0.03333333333333333 0.03333333333333333
0 0.659375 0.6435185185185185 0.03333333333333333 0.03333333333333333
0 0.5697916666666667 0.6435185185185185 0.03333333333333333 0.03333333333333333
0 0.48125 0.6449074074074074 0.03333333333333333 0.03333333333333333
0 0.39375 0.6449074074074074 0.03333333333333333 0.03333333333333333
0 0.30625 0.6449074074074074 0.03333333333333333 0.03333333333333333
0 0.22083333333333333 0.6458333333333334 0.03333333333333333 0.03333333333333333
0 0.7614583333333333 0.736574074074074 0.03333333333333333 0.03333333333333333
0 0.6666666666666666 0.736574074074074 0.03333333333333333 0.03333333333333333
0 0.5729166666666666 0.736574074074074 0.03333333333333333 0.03333333333333333
0 0.4791666666666667 0.736574074074074 0.03333333333333333 0.03333333333333333
0 0.3875 0.736574074074074 0.03333333333333333 0.03333333333333333
0 0.296875 0.7351851851851852 0.03333333333333333 0.03333333333333333
0 0.20625 0.7351851851851852 0.03333333333333333 0.03333333333333333