0 0.7333333333333333 0.1574074074074074 0.020833333333333332 0.03518518518518519
0 0.6604166666666667 0.1574074074074074 0.020833333333333332 0.03518518518518519
0 0.5875 0.1574074074074074 0.020833333333333332 0.03518518518518519
0 0.515625 0.1574074074074074 0.020833333333333332 0.03518518518518519
0 0.4427083333333333 0.1574074074074074 0.020833333333333332 0.03518518518518519
0 0.37083333333333335 0.15925925925925927 0.020833333333333332 0.03518518518518519
0 0.2989583333333333 0.15925925925925927 0.020833333333333332 0.03518518518518519
0 0.7416666666666667 0.23796296296296296 0.020833333333333332 0.03518518518518519
0 0.665625 0.23796296296296296 0.020833333333333332 0.03518518518518519
0 0.590625 0.23796296296296296 0.020833333333333332 0.03518518518518519
0 0.515625 0.23796296296296296 0.020833333333333332 0.03518518518518519
0 0.4395833333333333 0.23796296296296296 0.020833333333333332 0.03518518518518519
0 0.3645833333333333 0.23796296296296296 0.020833333333333332 0.03518518518518519
0 0.290625 0.23796296296296296 0.020833333333333332 0.03518518518518519
0 0.7510416666666667 0.3236111111111111 0.020833333333333332 0.03518518518518519
0 0.671875 0.3236111111111111 0.020833333333333332 0.03518518518518519
0 0.59375 0.3236111111111111 0.020833333333333332 0.03518518518518519
0 0.515625 0.3236111111111111 0.020833333333333332 0.03518518518518519
0 0.4375 0.3236111111111111 0.020833333333333332 0.03518518518518519
0 0.359375 0.3236111111111111 0.020833333333333332 0.03518518518518519
0 0.28125 0.3236111111111111 0.020833333333333332 0.03518518518518519
0 0.7614583333333333 0.41805555555555557 0.020833333333333332 0.03518518518518519
0 0.6791666666666667 0.41805555555555557 0.020833333333333332 0.03518518518518519
0 0.596875 0.41805555555555557 0.020833333333333332 0.03518518518518519
0 0.515625 0.41805555555555557 0.020833333333333332 0.03518518518518519
0 0.434375 0.41805555555555557 0.020833333333333332 0.03518518518518519
0 0.353125 0.41805555555555557 0.020833333333333332 0.03518518518518519
0 0.271875 0.41805555555555557 0.020833333333333332 0.03518518518518519
0 0.771875 0.5194444444444445 0.020833333333333332 0.03518518518518519
0 0.6864583333333333 0.5194444444444445 0.020833333333333332 0.03518518518518519
0 0.6010416666666667 0.5194444444444445 0.020833333333333332 0.03518518518518519
0 0.515625 0.5194444444444445 0.020833333333333332 0.03518518518518519
0 0.43020833333333336 0.5194444444444445 0.020833333333333332 0.03518518518518519
0 0.3458333333333333 0.5175925925925926 0.020833333333333332 0.03518518518518519
0 0.26145833333333335 0.5175925925925926 0.020833333333333332 0.03518518518518519
0 0.7833333333333333 0.6291666666666667 0.020833333333333332 0.03518518518518519
0 0.69375 0.6291666666666667 0.020833333333333332 0.03518518518518519
0 0.6052083333333333 0.6291666666666667 0.020833333333333332 0.03518518518518519
0 0.515625 0.6291666666666667 0.020833333333333332 0.03518518518518519
0 0.4270833333333333 0.6291666666666667 0.020833333333333332 0.03518518518518519
0 0.3375 0.6291666666666667 0.020833333333333332 0.03518518518518519
0 0.24895833333333334 0.6291666666666667 0.020833333333333332 0.03518518518518519
0 0.796875 0.7518518518518519 0.020833333333333332 0.03518518518518519
0 0.703125 0.7518518518518519 0.020833333333333332 0.03518518518518519
0 0.609375 0.7518518518518519 0.020833333333333332 0.03518518518518519
0 0.515625 0.75 0.020833333333333332 0.03518518518518519
0 0.42291666666666666 0.75 0.020833333333333332 0.03518518518518519
0 0.32916666666666666 0.75 0.020833333333333332 0.03518518518518519
0 0.23645833333333333 0.75 0.020833333333333332 0.03518518518518519