0 0.26979166666666665 0.2833333333333333 0.03333333333333333 0.03333333333333333
0 0.26145833333333335 0.3398148148148148 0.03333333333333333 0.03333333333333333
0 0.2520833333333333 0.4 0.03333333333333333 0.03333333333333333
0 0.24166666666666667 0.46574074074074073 0.03333333333333333 0.03333333333333333
0 0.23125 0.5375 0.03333333333333333 0.03333333333333333
0 0.21979166666666666 0.6148148148148148 0.03333333333333333 0.03333333333333333
0 0.20625 0.6981481481481482 0.03333333333333333 0.03333333333333333
0 0.34479166666666666 0.2824074074074074 0.03333333333333333 0.03333333333333333
0 0.3385416666666667 0.3384259259259259 0.03333333333333333 0.03333333333333333
0 0.33229166666666665 0.4 0.03333333333333333 0.03333333333333333
0 0.325 0.46574074074074073 0.03333333333333333 0.03333333333333333
0 0.3177083333333333 0.5365740740740741 0.03333333333333333 0.03333333333333333
0 0.3104166666666667 0.6134259259259259 0.03333333333333333 0.03333333333333333
0 0.30104166666666665 0.6981481481481482 0.03333333333333333 0.03333333333333333
0 0.4197916666666667 0.2814814814814815 0.03333333333333333 0.03333333333333333
0 0.4166666666666667 0.3375 0.03333333333333333 0.03333333333333333
0 0.4125 0.3990740740740741 0.03333333333333333 0.03333333333333333
0 0.409375 0.4648148148148148 0.03333333333333333 0.03333333333333333
0 0.40520833333333334 0.5365740740740741 0.03333333333333333 0.03333333333333333
0 0.4010416666666667 0.6134259259259259 0.03333333333333333 0.03333333333333333
0 0.396875 0.6981481481481482 0.03333333333333333 0.03333333333333333
0 0.4947916666666667 0.2800925925925926 0.03333333333333333 0.03333333333333333
0 0.4947916666666667 0.3375 0.03333333333333333 0.03333333333333333
0 0.49375 0.39814814814814814 0.03333333333333333 0.03333333333333333
0 0.49375 0.4634259259259259 0.03333333333333333 0.03333333333333333
0 0.49375 0.5351851851851852 0.03333333333333333 0.03333333333333333
0 0.49270833333333336 0.6134259259259259 0.03333333333333333 0.03333333333333333
0 0.49270833333333336 0.6981481481481482 0.03333333333333333 0.03333333333333333
0 0.5697916666666667 0.2791666666666667 0.03333333333333333 0.03333333333333333
0 0.5729166666666666 0.3365740740740741 0.03333333333333333 0.03333333333333333
0 0.575 0.39675925925925926 0.03333333333333333 0.03333333333333333
0 0.578125 0.4634259259259259 0.03333333333333333 0.03333333333333333
0 0.58125 0.5351851851851852 0.03333333333333333 0.03333333333333333
0 0.5854166666666667 0.6125 0.03333333333333333 0.03333333333333333
0 0.5885416666666666 0.6981481481481482 0.03333333333333333 0.03333333333333333
0 0.6458333333333334 0.27824074074074073 0.03333333333333333 0.03333333333333333
0 0.6510416666666666 0.3351851851851852 0.03333333333333333 0.03333333333333333
0 0.6572916666666667 0.39675925925925926 0.03333333333333333 0.03333333333333333
0 0.6635416666666667 0.4625 0.03333333333333333 0.03333333333333333
0 0.6697916666666667 0.5342592592592592 0.03333333333333333 0.03333333333333333
0 0.6770833333333334 0.6125 0.03333333333333333 0.03333333333333333
0 0.6854166666666667 0.6967592592592593 0.03333333333333333 0.03333333333333333
0 0.721875 0.27685185185185185 0.03333333333333333 0.03333333333333333
0 0.7302083333333333 0.33425925925925926 0.03333333333333333 0.03333333333333333
0 0.7395833333333334 0.3958333333333333 0.03333333333333333 0.03333333333333333
0 0.7489583333333333 0.4625 0.03333333333333333 0.03333333333333333
0 0.759375 0.5333333333333333 0.03333333333333333 0.03333333333333333
0 0.7697916666666667 0.611574074074074 0.03333333333333333 0.03333333333333333
0 0.7822916666666667 0.6967592592592593 0.03333333333333333 0.03333333333333333