0 0.7052083333333333 0.16203703703703703 0.022916666666666665 0.03425925925925926
0 0.6302083333333334 0.16203703703703703 0.022916666666666665 0.03425925925925926
0 0.553125 0.16064814814814815 0.022916666666666665 0.03425925925925926
0 0.47708333333333336 0.16064814814814815 0.022916666666666665 0.03425925925925926
0 0.4 0.16064814814814815 0.022916666666666665 0.03425925925925926
0 0.321875 0.1587962962962963 0.022916666666666665 0.03425925925925926
0 0.24375 0.1587962962962963 0.022916666666666665 0.03425925925925926
0 0.7166666666666667 0.24305555555555555 0.022916666666666665 0.03425925925925926
0 0.6385416666666667 0.2412037037037037 0.022916666666666665 0.03425925925925926
0 0.559375 0.2412037037037037 0.022916666666666665 0.03425925925925926
0 0.48020833333333335 0.2412037037037037 0.022916666666666665 0.03425925925925926
0 0.4 0.2412037037037037 0.022916666666666665 0.03425925925925926
0 0.31979166666666664 0.23981481481481481 0.022916666666666665 0.03425925925925926
0 0.23854166666666668 0.23981481481481481 0.022916666666666665 0.03425925925925926
0 0.7302083333333333 0.3287037037037037 0.022916666666666665 0.03425925925925926
0 0.6479166666666667 0.3287037037037037 0.022916666666666665 0.03425925925925926
0 0.5666666666666667 0.3287037037037037 0.022916666666666665 0.03425925925925926
0 0.48333333333333334 0.3287037037037037 0.022916666666666665 0.03425925925925926
0 0.4010416666666667 0.3287037037037037 0.022916666666666665 0.03425925925925926
0 0.31666666666666665 0.32731481481481484 0.022916666666666665 0.03425925925925926
0 0.23333333333333334 0.32731481481481484 0.022916666666666665 0.03425925925925926
0 0.74375 0.4222222222222222 0.022916666666666665 0.03425925925925926
0 0.6583333333333333 0.4222222222222222 0.022916666666666665 0.03425925925925926
0 0.5739583333333333 0.4222222222222222 0.022916666666666665 0.03425925925925926
0 0.4875 0.4222222222222222 0.022916666666666665 0.03425925925925926
0 0.4010416666666667 0.4222222222222222 0.022916666666666665 0.03425925925925926
0 0.3145833333333333 0.4222222222222222 0.022916666666666665 0.03425925925925926
0 0.22708333333333333 0.4222222222222222 0.022916666666666665 0.03425925925925926
0 0.7583333333333333 0.5231481481481481 0.022916666666666665 0.03425925925925926
0 0.6697916666666667 0.5231481481481481 0.022916666666666665 0.03425925925925926
0 0.58125 0.5231481481481481 0.022916666666666665 0.03425925925925926
0 0.49166666666666664 0.525 0.022916666666666665 0.03425925925925926
0 0.40208333333333335 0.525 0.022916666666666665 0.03425925925925926
0 0.31145833333333334 0.525 0.022916666666666665 0.03425925925925926
0 0.21979166666666666 0.525 0.022916666666666665 0.03425925925925926
0 0.7739583333333333 0.6324074074074074 0.022916666666666665 0.03425925925925926
0 0.6822916666666666 0.6324074074074074 0.022916666666666665 0.03425925925925926
0 0.5895833333333333 0.6337962962962963 0.022916666666666665 0.03425925925925926
0 0.496875 0.6356481481481482 0.022916666666666665 0.03425925925925926
0 0.40208333333333335 0.6356481481481482 0.022916666666666665 0.03425925925925926
0 0.30833333333333335 0.6370370370370371 0.022916666666666665 0.03425925925925926
0 0.2125 0.6370370370370371 0.022916666666666665 0.03425925925925926
0 0.7916666666666666 0.7509259259259259 0.022916666666666665 0.03425925925925926
0 0.6958333333333333 0.7523148148148148 0.022916666666666665 0.03425925925925926
0 0.5989583333333334 0.7537037037037037 0.022916666666666665 0.03425925925925926
0 0.5010416666666667 0.7555555555555555 0.022916666666666665 0.03425925925925926
0 0.403125 0.7569444444444444 0.022916666666666665 0.03425925925925926
0 0.30416666666666664 0.7587962962962963 0.022916666666666665 0.03425925925925926
0 0.20416666666666666 0.7601851851851852 0.022916666666666665 0.03425925925925926