0 0.734375 0.1537037037037037 0.020833333333333332 0.03518518518518519
0 0.6625 0.15555555555555556 0.020833333333333332 0.03518518518518519
0 0.5895833333333333 0.15555555555555556 0.020833333333333332 0.03518518518518519
0 0.5177083333333333 0.15555555555555556 0.020833333333333332 0.03518518518518519
0 0.44583333333333336 0.15555555555555556 0.020833333333333332 0.03518518518518519
0 0.37395833333333334 0.15555555555555556 0.020833333333333332 0.03518518518518519
0 0.30104166666666665 0.15555555555555556 0.020833333333333332 0.03518518518518519
0 0.7427083333333333 0.23425925925925925 0.020833333333333332 0.03518518518518519
0 0.6677083333333333 0.23425925925925925 0.020833333333333332 0.03518518518518519
0 0.5927083333333333 0.2361111111111111 0.020833333333333332 0.03518518518518519
0 0.5177083333333333 0.2361111111111111 0.020833333333333332 0.03518518518518519
0 0.4427083333333333 0.2361111111111111 0.020833333333333332 0.03518518518518519
0 0.36770833333333336 0.2361111111111111 0.020833333333333332 0.03518518518518519
0 0.29270833333333335 0.2361111111111111 0.020833333333333332 0.03518518518518519
0 0.7510416666666667 0.32175925925925924 0.020833333333333332 0.03518518518518519
0 0.6729166666666667 0.32175925925925924 0.020833333333333332 0.03518518518518519
0 0.5947916666666667 0.32175925925925924 0.020833333333333332 0.03518518518518519
0 0.5166666666666667 0.32175925925925924 0.020833333333333332 0.03518518518518519
0 0.43854166666666666 0.3236111111111111 0.020833333333333332 0.03518518518518519
0 0.36041666666666666 0.3236111111111111 0.020833333333333332 0.03518518518518519
0 0.28229166666666666 0.3236111111111111 0.020833333333333332 0.03518518518518519
0 0.7604166666666666 0.4162037037037037 0.020833333333333332 0.03518518518518519
0 0.6791666666666667 0.4162037037037037 0.020833333333333332 0.03518518518518519
0 0.5979166666666667 0.4162037037037037 0.020833333333333332 0.03518518518518519
0 0.515625 0.4162037037037037 0.020833333333333332 0.03518518518518519
0 0.434375 0.4162037037037037 0.020833333333333332 0.03518518518518519
0 0.353125 0.4162037037037037 0.020833333333333332 0.03518518518518519
0 0.271875 0.41805555555555557 0.020833333333333332 0.03518518518518519
0 0.7708333333333334 0.5175925925925926 0.020833333333333332 0.03518518518518519
0 0.6854166666666667 0.5175925925925926 0.020833333333333332 0.03518518518518519
0 0.6 0.5194444444444445 0.020833333333333332 0.03518518518518519
0 0.515625 0.5194444444444445 0.020833333333333332 0.03518518518518519
0 0.43020833333333336 0.5194444444444445 0.020833333333333332 0.03518518518518519
0 0.3458333333333333 0.5194444444444445 0.020833333333333332 0.03518518518518519
0 0.26145833333333335 0.5194444444444445 0.020833333333333332 0.03518518518518519
0 0.78125 0.6291666666666667 0.020833333333333332 0.03518518518518519
0 0.6927083333333334 0.6291666666666667 0.020833333333333332 0.03518518518518519
0 0.603125 0.6291666666666667 0.020833333333333332 0.03518518518518519
0 0.5145833333333333 0.6291666666666667 0.020833333333333332 0.03518518518518519
0 0.42604166666666665 0.6310185185185185 0.020833333333333332 0.03518518518518519
0 0.3375 0.6310185185185185 0.020833333333333332 0.03518518518518519
0 0.24895833333333334 0.6310185185185185 0.020833333333333332 0.03518518518518519
0 0.79375 0.7518518518518519 0.020833333333333332 0.03518518518518519
0 0.7 0.7518518518518519 0.020833333333333332 0.03518518518518519
0 0.6072916666666667 0.7518518518518519 0.020833333333333332 0.03518518518518519
0 0.5135416666666667 0.7518518518518519 0.020833333333333332 0.03518518518518519
0 0.42083333333333334 0.7537037037037037 0.020833333333333332 0.03518518518518519
0 0.328125 0.7537037037037037 0.020833333333333332 0.03518518518518519
0 0.23541666666666666 0.7537037037037037 0.020833333333333332 0.03518518518518519