0 0.7083333333333334 0.1587962962962963 0.022916666666666665 0.03425925925925926
0 0.6322916666666667 0.1587962962962963 0.022916666666666665 0.03425925925925926
0 0.5552083333333333 0.1587962962962963 0.022916666666666665 0.03425925925925926
0 0.4791666666666667 0.1587962962962963 0.022916666666666665 0.03425925925925926
0 0.4010416666666667 0.1574074074074074 0.022916666666666665 0.03425925925925926
0 0.32395833333333335 0.1574074074074074 0.022916666666666665 0.03425925925925926
0 0.24479166666666666 0.1574074074074074 0.022916666666666665 0.03425925925925926
0 0.7197916666666667 0.23981481481481481 0.022916666666666665 0.03425925925925926
0 0.640625 0.23981481481481481 0.022916666666666665 0.03425925925925926
0 0.5614583333333333 0.23981481481481481 0.022916666666666665 0.03425925925925926
0 0.4822916666666667 0.23842592592592593 0.022916666666666665 0.03425925925925926
0 0.40208333333333335 0.23842592592592593 0.022916666666666665 0.03425925925925926
0 0.32083333333333336 0.23842592592592593 0.022916666666666665 0.03425925925925926
0 0.23958333333333334 0.23842592592592593 0.022916666666666665 0.03425925925925926
0 0.7322916666666667 0.32546296296296295 0.022916666666666665 0.03425925925925926
0 0.6510416666666666 0.32546296296296295 0.022916666666666665 0.03425925925925926
0 0.56875 0.32546296296296295 0.022916666666666665 0.03425925925925926
0 0.48541666666666666 0.32546296296296295 0.022916666666666665 0.03425925925925926
0 0.40208333333333335 0.32546296296296295 0.022916666666666665 0.03425925925925926
0 0.3177083333333333 0.32546296296296295 0.022916666666666665 0.03425925925925926
0 0.23333333333333334 0.32546296296296295 0.022916666666666665 0.03425925925925926
0 0.7458333333333333 0.41759259259259257 0.022916666666666665 0.03425925925925926
0 0.6604166666666667 0.41898148148148145 0.022916666666666665 0.03425925925925926
0 0.575 0.41898148148148145 0.022916666666666665 0.03425925925925926
0 0.4895833333333333 0.41898148148148145 0.022916666666666665 0.03425925925925926
0 0.40208333333333335 0.4203703703703704 0.022916666666666665 0.03425925925925926
0 0.315625 0.4203703703703704 0.022916666666666665 0.03425925925925926
0 0.22708333333333333 0.4203703703703704 0.022916666666666665 0.03425925925925926
0 0.7604166666666666 0.5185185185185185 0.022916666666666665 0.03425925925925926
0 0.671875 0.5185185185185185 0.022916666666666665 0.03425925925925926
0 0.5833333333333334 0.5203703703703704 0.022916666666666665 0.03425925925925926
0 0.49375 0.5203703703703704 0.022916666666666665 0.03425925925925926
0 0.403125 0.5217592592592593 0.022916666666666665 0.03425925925925926
0 0.31145833333333334 0.5231481481481481 0.022916666666666665 0.03425925925925926
0 0.21979166666666666 0.5231481481481481 0.022916666666666665 0.03425925925925926
0 0.7760416666666666 0.6277777777777778 0.022916666666666665 0.03425925925925926
0 0.684375 0.6291666666666667 0.022916666666666665 0.03425925925925926
0 0.5916666666666667 0.6291666666666667 0.022916666666666665 0.03425925925925926
0 0.4979166666666667 0.6310185185185185 0.022916666666666665 0.03425925925925926
0 0.403125 0.6324074074074074 0.022916666666666665 0.03425925925925926
0 0.30833333333333335 0.6337962962962963 0.022916666666666665 0.03425925925925926
0 0.2125 0.6356481481481482 0.022916666666666665 0.03425925925925926
0 0.79375 0.7462962962962963 0.022916666666666665 0.03425925925925926
0 0.696875 0.7476851851851852 0.022916666666666665 0.03425925925925926
0 0.6 0.7490740740740741 0.022916666666666665 0.03425925925925926
0 0.5020833333333333 0.7523148148148148 0.022916666666666665 0.03425925925925926
0 0.4041666666666667 0.7537037037037037 0.022916666666666665 0.03425925925925926
0 0.30416666666666664 0.7555555555555555 0.022916666666666665 0.03425925925925926
0 0.20416666666666666 0.7569444444444444 0.022916666666666665 0.03425925925925926