0 0.30833333333333335 0.3736111111111111 0.01875 0.025
0 0.3020833333333333 0.4375 0.01875 0.025
0 0.296875 0.5055555555555555 0.01875 0.025
0 0.290625 0.5763888888888888 0.01875 0.025
0 0.284375 0.6527777777777778 0.01875 0.025
0 0.27708333333333335 0.7347222222222223 0.01875 0.025
0 0.26979166666666665 0.8222222222222222 0.01875 0.025
0 0.371875 0.375 0.01875 0.025
0 0.36770833333333336 0.4388888888888889 0.01875 0.025
0 0.3645833333333333 0.5069444444444444 0.01875 0.025
0 0.36041666666666666 0.5777777777777777 0.01875 0.025
0 0.35625 0.6541666666666667 0.01875 0.025
0 0.35104166666666664 0.7361111111111112 0.01875 0.025
0 0.346875 0.8236111111111111 0.01875 0.025
0 0.434375 0.3763888888888889 0.01875 0.025
0 0.43333333333333335 0.44027777777777777 0.01875 0.025
0 0.43125 0.5083333333333333 0.01875 0.025
0 0.42916666666666664 0.5791666666666667 0.01875 0.025
0 0.4270833333333333 0.6555555555555556 0.01875 0.025
0 0.425 0.7375 0.01875 0.025
0 0.42291666666666666 0.8236111111111111 0.01875 0.025
0 0.4979166666666667 0.37777777777777777 0.01875 0.025
0 0.4979166666666667 0.44166666666666665 0.01875 0.025
0 0.4979166666666667 0.5097222222222222 0.01875 0.025
0 0.49895833333333334 0.5805555555555556 0.01875 0.025
0 0.49895833333333334 0.6569444444444444 0.01875 0.025
0 0.49895833333333334 0.7388888888888889 0.01875 0.025
0 0.49895833333333334 0.825 0.01875 0.025
0 0.5614583333333333 0.37916666666666665 0.01875 0.025
0 0.5635416666666667 0.44305555555555554 0.01875 0.025
0 0.565625 0.5111111111111111 0.01875 0.025
0 0.5677083333333334 0.5819444444444445 0.01875 0.025
0 0.5697916666666667 0.6583333333333333 0.01875 0.025
0 0.571875 0.7402777777777778 0.01875 0.025
0 0.575 0.8263888888888888 0.01875 0.025
0 0.6239583333333333 0.38055555555555554 0.01875 0.025
0 0.628125 0.4444444444444444 0.01875 0.025
0 0.6322916666666667 0.5125 0.01875 0.025
0 0.6364583333333333 0.5833333333333334 0.01875 0.025
0 0.640625 0.6597222222222222 0.01875 0.025
0 0.6458333333333334 0.7416666666666667 0.01875 0.025
0 0.6510416666666666 0.8277777777777777 0.01875 0.025
0 0.6875 0.3819444444444444 0.01875 0.025
0 0.6927083333333334 0.44583333333333336 0.01875 0.025
0 0.6989583333333333 0.5138888888888888 0.01875 0.025
0 0.7052083333333333 0.5847222222222223 0.01875 0.025
0 0.7114583333333333 0.6611111111111111 0.01875 0.025
0 0.71875 0.7430555555555556 0.01875 0.025
0 0.7260416666666667 0.8291666666666667 0.01875 0.025