0 0.7666666666666667 0.15 0.0375 0.0375
0 0.6864583333333333 0.15185185185185185 0.0375 0.0375
0 0.60625 0.15416666666666667 0.0375 0.0375
0 0.5270833333333333 0.15648148148148147 0.0375 0.0375
0 0.4479166666666667 0.15833333333333333 0.0375 0.0375
0 0.36875 0.16018518518518518 0.0375 0.0375
0 0.28958333333333336 0.1625 0.0375 0.0375
0 0.778125 0.2050925925925926 0.0375 0.0375
0 0.6947916666666667 0.2074074074074074 0.0375 0.0375
0 0.6114583333333333 0.20925925925925926 0.0375 0.0375
0 0.5291666666666667 0.21157407407407408 0.0375 0.0375
0 0.44583333333333336 0.21342592592592594 0.0375 0.0375
0 0.36354166666666665 0.21574074074074073 0.0375 0.0375
0 0.28125 0.21851851851851853 0.0375 0.0375
0 0.790625 0.2657407407407407 0.0375 0.0375
0 0.703125 0.2675925925925926 0.0375 0.0375
0 0.6166666666666667 0.26990740740740743 0.0375 0.0375
0 0.5302083333333333 0.27175925925925926 0.0375 0.0375
0 0.44479166666666664 0.2740740740740741 0.0375 0.0375
0 0.35833333333333334 0.2759259259259259 0.0375 0.0375
0 0.27291666666666664 0.27824074074074073 0.0375 0.0375
0 0.8041666666666667 0.3314814814814815 0.0375 0.0375
0 0.7135416666666666 0.3333333333333333 0.0375 0.0375
0 0.6229166666666667 0.3351851851851852 0.0375 0.0375
0 0.5322916666666667 0.3375 0.0375 0.0375
0 0.4427083333333333 0.3398148148148148 0.0375 0.0375
0 0.35208333333333336 0.3416666666666667 0.0375 0.0375
0 0.2635416666666667 0.3449074074074074 0.0375 0.0375
0 0.81875 0.40324074074074073 0.0375 0.0375
0 0.7239583333333334 0.4050925925925926 0.0375 0.0375
0 0.6291666666666667 0.4074074074074074 0.0375 0.0375
0 0.534375 0.40925925925925927 0.0375 0.0375
0 0.440625 0.4115740740740741 0.0375 0.0375
0 0.3458333333333333 0.4134259259259259 0.0375 0.0375
0 0.2520833333333333 0.4166666666666667 0.0375 0.0375
0 0.8354166666666667 0.48148148148148145 0.0375 0.0375
0 0.7354166666666667 0.4842592592592593 0.0375 0.0375
0 0.6364583333333333 0.48657407407407405 0.0375 0.0375
0 0.5364583333333334 0.48842592592592593 0.0375 0.0375
0 0.4375 0.49074074074074076 0.0375 0.0375
0 0.33958333333333335 0.4925925925925926 0.0375 0.0375
0 0.240625 0.4949074074074074 0.0375 0.0375
0 0.853125 0.5685185185185185 0.0375 0.0375
0 0.7479166666666667 0.5708333333333333 0.0375 0.0375
0 0.64375 0.5731481481481482 0.0375 0.0375
0 0.5395833333333333 0.575925925925926 0.0375 0.0375
0 0.4354166666666667 0.5782407407407407 0.0375 0.0375
0 0.33125 0.5800925925925926 0.0375 0.0375
0 0.228125 0.5824074074074074 0.0375 0.0375