0 0.7364583333333333 0.2449074074074074 0.03333333333333333 0.03333333333333333
0 0.6604166666666667 0.2449074074074074 0.03333333333333333 0.03333333333333333
0 0.584375 0.24351851851851852 0.03333333333333333 0.03333333333333333
0 0.5083333333333333 0.24259259259259258 0.03333333333333333 0.03333333333333333
0 0.43333333333333335 0.24166666666666667 0.03333333333333333 0.03333333333333333
0 0.35833333333333334 0.24074074074074073 0.03333333333333333 0.03333333333333333
0 0.28229166666666666 0.24074074074074073 0.03333333333333333 0.03333333333333333
0 0.7447916666666666 0.30833333333333335 0.03333333333333333 0.03333333333333333
0 0.665625 0.3074074074074074 0.03333333333333333 0.03333333333333333
0 0.5864583333333333 0.30648148148148147 0.03333333333333333 0.03333333333333333
0 0.5072916666666667 0.3050925925925926 0.03333333333333333 0.03333333333333333
0 0.42916666666666664 0.30416666666666664 0.03333333333333333 0.03333333333333333
0 0.35104166666666664 0.30324074074074076 0.03333333333333333 0.03333333333333333
0 0.27291666666666664 0.30185185185185187 0.03333333333333333 0.03333333333333333
0 0.753125 0.37592592592592594 0.03333333333333333 0.03333333333333333
0 0.6708333333333333 0.375 0.03333333333333333 0.03333333333333333
0 0.5885416666666666 0.37407407407407406 0.03333333333333333 0.03333333333333333
0 0.5072916666666667 0.3731481481481482 0.03333333333333333 0.03333333333333333
0 0.425 0.37175925925925923 0.03333333333333333 0.03333333333333333
0 0.34375 0.37083333333333335 0.03333333333333333 0.03333333333333333
0 0.2625 0.3699074074074074 0.03333333333333333 0.03333333333333333
0 0.7625 0.45 0.03333333333333333 0.03333333333333333
0 0.6770833333333334 0.44907407407407407 0.03333333333333333 0.03333333333333333
0 0.5916666666666667 0.44814814814814813 0.03333333333333333 0.03333333333333333
0 0.50625 0.44675925925925924 0.03333333333333333 0.03333333333333333
0 0.42083333333333334 0.4449074074074074 0.03333333333333333 0.03333333333333333
0 0.33645833333333336 0.44351851851851853 0.03333333333333333 0.03333333333333333
0 0.25104166666666666 0.4425925925925926 0.03333333333333333 0.03333333333333333
0 0.7729166666666667 0.5314814814814814 0.03333333333333333 0.03333333333333333
0 0.6833333333333333 0.5291666666666667 0.03333333333333333 0.03333333333333333
0 0.59375 0.5282407407407408 0.03333333333333333 0.03333333333333333
0 0.5052083333333334 0.5259259259259259 0.03333333333333333 0.03333333333333333
0 0.415625 0.525 0.03333333333333333 0.03333333333333333
0 0.32708333333333334 0.524074074074074 0.03333333333333333 0.03333333333333333
0 0.23958333333333334 0.5217592592592593 0.03333333333333333 0.03333333333333333
0 0.784375 0.6185185185185185 0.03333333333333333 0.03333333333333333
0 0.690625 0.6175925925925926 0.03333333333333333 0.03333333333333333
0 0.596875 0.6157407407407407 0.03333333333333333 0.03333333333333333
0 0.503125 0.6134259259259259 0.03333333333333333 0.03333333333333333
0 0.41041666666666665 0.6125 0.03333333333333333 0.03333333333333333
0 0.3177083333333333 0.6101851851851852 0.03333333333333333 0.03333333333333333
0 0.22604166666666667 0.6083333333333333 0.03333333333333333 0.03333333333333333
0 0.796875 0.7157407407407408 0.03333333333333333 0.03333333333333333
0 0.6979166666666666 0.7134259259259259 0.03333333333333333 0.03333333333333333
0 0.6 0.711574074074074 0.03333333333333333 0.03333333333333333
0 0.5020833333333333 0.7092592592592593 0.03333333333333333 0.03333333333333333
0 0.40520833333333334 0.7074074074074074 0.03333333333333333 0.03333333333333333
0 0.30833333333333335 0.7064814814814815 0.03333333333333333 0.03333333333333333
0 0.21145833333333333 0.7041666666666667 0.03333333333333333 0.03333333333333333