0 0.3375 0.3888888888888889 0.01875 0.025
0 0.33229166666666665 0.44583333333333336 0.01875 0.025
0 0.3260416666666667 0.5055555555555555 0.01875 0.025
0 0.31979166666666664 0.5708333333333333 0.01875 0.025
0 0.31354166666666666 0.6388888888888888 0.01875 0.025
0 0.30625 0.7125 0.01875 0.025
0 0.2989583333333333 0.7916666666666666 0.01875 0.025
0 0.39791666666666664 0.3902777777777778 0.01875 0.025
0 0.39479166666666665 0.44722222222222224 0.01875 0.025
0 0.390625 0.5083333333333333 0.01875 0.025
0 0.3875 0.5722222222222222 0.01875 0.025
0 0.38333333333333336 0.6402777777777777 0.01875 0.025
0 0.378125 0.7138888888888889 0.01875 0.025
0 0.37395833333333334 0.7930555555555555 0.01875 0.025
0 0.459375 0.39166666666666666 0.01875 0.025
0 0.4583333333333333 0.4486111111111111 0.01875 0.025
0 0.45625 0.5097222222222222 0.01875 0.025
0 0.45416666666666666 0.5736111111111111 0.01875 0.025
0 0.45208333333333334 0.6430555555555556 0.01875 0.025
0 0.4510416666666667 0.7166666666666667 0.01875 0.025
0 0.44895833333333335 0.7958333333333333 0.01875 0.025
0 0.5208333333333334 0.39444444444444443 0.01875 0.025
0 0.5208333333333334 0.45 0.01875 0.025
0 0.5208333333333334 0.5111111111111111 0.01875 0.025
0 0.521875 0.575 0.01875 0.025
0 0.521875 0.6444444444444445 0.01875 0.025
0 0.5229166666666667 0.7180555555555556 0.01875 0.025
0 0.5229166666666667 0.7972222222222223 0.01875 0.025
0 0.58125 0.3958333333333333 0.01875 0.025
0 0.584375 0.4527777777777778 0.01875 0.025
0 0.5864583333333333 0.5125 0.01875 0.025
0 0.5885416666666666 0.5777777777777777 0.01875 0.025
0 0.5916666666666667 0.6458333333333334 0.01875 0.025
0 0.5947916666666667 0.7194444444444444 0.01875 0.025
0 0.5979166666666667 0.7986111111111112 0.01875 0.025
0 0.6427083333333333 0.3972222222222222 0.01875 0.025
0 0.646875 0.45416666666666666 0.01875 0.025
0 0.6510416666666666 0.5138888888888888 0.01875 0.025
0 0.65625 0.5791666666666667 0.01875 0.025
0 0.6614583333333334 0.6472222222222223 0.01875 0.025
0 0.6666666666666666 0.7222222222222222 0.01875 0.025
0 0.6729166666666667 0.8013888888888889 0.01875 0.025
0 0.7041666666666667 0.39861111111111114 0.01875 0.025
0 0.7104166666666667 0.45555555555555555 0.01875 0.025
0 0.7166666666666667 0.5152777777777777 0.01875 0.025
0 0.7239583333333334 0.5805555555555556 0.01875 0.025
0 0.73125 0.65 0.01875 0.025
0 0.7385416666666667 0.7236111111111111 0.01875 0.025
0 0.746875 0.8027777777777778 0.01875 0.025