0 0.23541666666666666 0.6564814814814814 0.03333333333333333 0.03333333333333333
0 0.3333333333333333 0.6574074074074074 0.03333333333333333 0.03333333333333333
0 0.43125 0.6583333333333333 0.03333333333333333 0.03333333333333333
0 0.528125 0.6601851851851852 0.03333333333333333 0.03333333333333333
0 0.625 0.6615740740740741 0.03333333333333333 0.03333333333333333
0 0.721875 0.6625 0.03333333333333333 0.03333333333333333
0 0.8177083333333334 0.663425925925926 0.03333333333333333 0.03333333333333333
0 0.24583333333333332 0.5648148148148148 0.03333333333333333 0.03333333333333333
0 0.340625 0.5657407407407408 0.03333333333333333 0.03333333333333333
0 0.4354166666666667 0.5675925925925925 0.03333333333333333 0.03333333333333333
0 0.5291666666666667 0.5685185185185185 0.03333333333333333 0.03333333333333333
0 0.6229166666666667 0.5699074074074074 0.03333333333333333 0.03333333333333333
0 0.715625 0.5717592592592593 0.03333333333333333 0.03333333333333333
0 0.8083333333333333 0.5731481481481482 0.03333333333333333 0.03333333333333333
0 0.2552083333333333 0.47824074074074074 0.03333333333333333 0.03333333333333333
0 0.34791666666666665 0.48009259259259257 0.03333333333333333 0.03333333333333333
0 0.4395833333333333 0.48148148148148145 0.03333333333333333 0.03333333333333333
0 0.5302083333333333 0.48333333333333334 0.03333333333333333 0.03333333333333333
0 0.6208333333333333 0.4842592592592593 0.03333333333333333 0.03333333333333333
0 0.7114583333333333 0.48657407407407405 0.03333333333333333 0.03333333333333333
0 0.8010416666666667 0.4875 0.03333333333333333 0.03333333333333333
0 0.26458333333333334 0.39814814814814814 0.03333333333333333 0.03333333333333333
0 0.3541666666666667 0.3990740740740741 0.03333333333333333 0.03333333333333333
0 0.4427083333333333 0.4009259259259259 0.03333333333333333 0.03333333333333333
0 0.53125 0.40324074074074073 0.03333333333333333 0.03333333333333333
0 0.61875 0.4041666666666667 0.03333333333333333 0.03333333333333333
0 0.70625 0.4064814814814815 0.03333333333333333 0.03333333333333333
0 0.7927083333333333 0.4083333333333333 0.03333333333333333 0.03333333333333333
0 0.27395833333333336 0.32175925925925924 0.03333333333333333 0.03333333333333333
0 0.36041666666666666 0.32407407407407407 0.03333333333333333 0.03333333333333333
0 0.44583333333333336 0.32592592592592595 0.03333333333333333 0.03333333333333333
0 0.53125 0.32685185185185184 0.03333333333333333 0.03333333333333333
0 0.6166666666666667 0.32916666666666666 0.03333333333333333 0.03333333333333333
0 0.7020833333333333 0.3314814814814815 0.03333333333333333 0.03333333333333333
0 0.7864583333333334 0.3333333333333333 0.03333333333333333 0.03333333333333333
0 0.28229166666666666 0.25 0.03333333333333333 0.03333333333333333
0 0.365625 0.2518518518518518 0.03333333333333333 0.03333333333333333
0 0.44895833333333335 0.25416666666666665 0.03333333333333333 0.03333333333333333
0 0.5322916666666667 0.2564814814814815 0.03333333333333333 0.03333333333333333
0 0.6145833333333334 0.25833333333333336 0.03333333333333333 0.03333333333333333
0 0.6979166666666666 0.2601851851851852 0.03333333333333333 0.03333333333333333
0 0.7791666666666667 0.2625 0.03333333333333333 0.03333333333333333
0 0.28958333333333336 0.18333333333333332 0.03333333333333333 0.03333333333333333
0 0.37083333333333335 0.18518518518518517 0.03333333333333333 0.03333333333333333
0 0.45208333333333334 0.1875 0.03333333333333333 0.03333333333333333
0 0.5333333333333333 0.18981481481481483 0.03333333333333333 0.03333333333333333
0 0.6135416666666667 0.19166666666666668 0.03333333333333333 0.03333333333333333
0 0.69375 0.1935185185185185 0.03333333333333333 0.03333333333333333
0 0.7729166666666667 0.19583333333333333 0.03333333333333333 0.03333333333333333