0 0.6989583333333333 0.2675925925925926 0.03125 0.03148148148148148
0 0.63125 0.26666666666666666 0.03125 0.03148148148148148
0 0.5625 0.26666666666666666 0.03125 0.03148148148148148
0 0.49270833333333336 0.2657407407407407 0.03125 0.03148148148148148
0 0.4239583333333333 0.2657407407407407 0.03125 0.03148148148148148
0 0.3541666666666667 0.2657407407407407 0.03125 0.03148148148148148
0 0.2833333333333333 0.26481481481481484 0.03125 0.03148148148148148
0 0.7083333333333334 0.3199074074074074 0.03125 0.03148148148148148
0 0.6364583333333333 0.31851851851851853 0.03125 0.03148148148148148
0 0.565625 0.31851851851851853 0.03125 0.03148148148148148
0 0.49375 0.31851851851851853 0.03125 0.03148148148148148
0 0.42083333333333334 0.31851851851851853 0.03125 0.03148148148148148
0 0.34791666666666665 0.31851851851851853 0.03125 0.03148148148148148
0 0.275 0.3175925925925926 0.03125 0.03148148148148148
0 0.7177083333333333 0.37592592592592594 0.03125 0.03148148148148148
0 0.6427083333333333 0.37592592592592594 0.03125 0.03148148148148148
0 0.56875 0.37592592592592594 0.03125 0.03148148148148148
0 0.49375 0.37592592592592594 0.03125 0.03148148148148148
0 0.41770833333333335 0.37592592592592594 0.03125 0.03148148148148148
0 0.3416666666666667 0.37592592592592594 0.03125 0.03148148148148148
0 0.265625 0.37592592592592594 0.03125 0.03148148148148148
0 0.728125 0.4375 0.03125 0.03148148148148148
0 0.65 0.43842592592592594 0.03125 0.03148148148148148
0 0.571875 0.43842592592592594 0.03125 0.03148148148148148
0 0.49375 0.43842592592592594 0.03125 0.03148148148148148
0 0.41458333333333336 0.43842592592592594 0.03125 0.03148148148148148
0 0.334375 0.43842592592592594 0.03125 0.03148148148148148
0 0.2552083333333333 0.43842592592592594 0.03125 0.03148148148148148
0 0.7385416666666667 0.5050925925925925 0.03125 0.03148148148148148
0 0.6583333333333333 0.5064814814814815 0.03125 0.03148148148148148
0 0.5760416666666667 0.5064814814814815 0.03125 0.03148148148148148
0 0.49375 0.5074074074074074 0.03125 0.03148148148148148
0 0.41041666666666665 0.5074074074074074 0.03125 0.03148148148148148
0 0.32708333333333334 0.5074074074074074 0.03125 0.03148148148148148
0 0.24375 0.5083333333333333 0.03125 0.03148148148148148
0 0.7510416666666667 0.5800925925925926 0.03125 0.03148148148148148
0 0.6666666666666666 0.5814814814814815 0.03125 0.03148148148148148
0 0.5802083333333333 0.5814814814814815 0.03125 0.03148148148148148
0 0.49375 0.5824074074074074 0.03125 0.03148148148148148
0 0.40729166666666666 0.5833333333333334 0.03125 0.03148148148148148
0 0.31875 0.5833333333333334 0.03125 0.03148148148148148
0 0.23020833333333332 0.5842592592592593 0.03125 0.03148148148148148
0 0.765625 0.6625 0.03125 0.03148148148148148
0 0.6760416666666667 0.663425925925926 0.03125 0.03148148148148148
0 0.5854166666666667 0.6648148148148149 0.03125 0.03148148148148148
0 0.49375 0.6657407407407407 0.03125 0.03148148148148148
0 0.40208333333333335 0.6666666666666666 0.03125 0.03148148148148148
0 0.3104166666666667 0.6675925925925926 0.03125 0.03148148148148148
0 0.21666666666666667 0.6685185185185185 0.03125 0.03148148148148148