0 0.221875 0.6467592592592593 0.03333333333333333 0.03333333333333333
0 0.31979166666666664 0.649074074074074 0.03333333333333333 0.03333333333333333
0 0.4166666666666667 0.6518518518518519 0.03333333333333333 0.03333333333333333
0 0.5135416666666667 0.6541666666666667 0.03333333333333333 0.03333333333333333
0 0.6104166666666667 0.6564814814814814 0.03333333333333333 0.03333333333333333
0 0.7072916666666667 0.6592592592592592 0.03333333333333333 0.03333333333333333
0 0.803125 0.6615740740740741 0.03333333333333333 0.03333333333333333
0 0.23333333333333334 0.5550925925925926 0.03333333333333333 0.03333333333333333
0 0.328125 0.5583333333333333 0.03333333333333333 0.03333333333333333
0 0.421875 0.5601851851851852 0.03333333333333333 0.03333333333333333
0 0.515625 0.5625 0.03333333333333333 0.03333333333333333
0 0.6083333333333333 0.5657407407407408 0.03333333333333333 0.03333333333333333
0 0.7020833333333333 0.5675925925925925 0.03333333333333333 0.03333333333333333
0 0.7947916666666667 0.5708333333333333 0.03333333333333333 0.03333333333333333
0 0.24479166666666666 0.4699074074074074 0.03333333333333333 0.03333333333333333
0 0.33541666666666664 0.47314814814814815 0.03333333333333333 0.03333333333333333
0 0.42604166666666665 0.475 0.03333333333333333 0.03333333333333333
0 0.5166666666666667 0.47824074074074074 0.03333333333333333 0.03333333333333333
0 0.6072916666666667 0.48009259259259257 0.03333333333333333 0.03333333333333333
0 0.696875 0.48333333333333334 0.03333333333333333 0.03333333333333333
0 0.7864583333333334 0.48518518518518516 0.03333333333333333 0.03333333333333333
0 0.2552083333333333 0.3907407407407407 0.03333333333333333 0.03333333333333333
0 0.34270833333333334 0.3925925925925926 0.03333333333333333 0.03333333333333333
0 0.43020833333333336 0.3958333333333333 0.03333333333333333 0.03333333333333333
0 0.5177083333333333 0.39814814814814814 0.03333333333333333 0.03333333333333333
0 0.6052083333333333 0.4009259259259259 0.03333333333333333 0.03333333333333333
0 0.6927083333333334 0.40324074074074073 0.03333333333333333 0.03333333333333333
0 0.7791666666666667 0.4064814814814815 0.03333333333333333 0.03333333333333333
0 0.26458333333333334 0.31574074074074077 0.03333333333333333 0.03333333333333333
0 0.35 0.31851851851851853 0.03333333333333333 0.03333333333333333
0 0.434375 0.32083333333333336 0.03333333333333333 0.03333333333333333
0 0.5197916666666667 0.32407407407407407 0.03333333333333333 0.03333333333333333
0 0.6041666666666666 0.32592592592592595 0.03333333333333333 0.03333333333333333
0 0.6885416666666667 0.32916666666666666 0.03333333333333333 0.03333333333333333
0 0.7729166666666667 0.3314814814814815 0.03333333333333333 0.03333333333333333
0 0.27291666666666664 0.24583333333333332 0.03333333333333333 0.03333333333333333
0 0.35625 0.2490740740740741 0.03333333333333333 0.03333333333333333
0 0.43854166666666666 0.25092592592592594 0.03333333333333333 0.03333333333333333
0 0.5208333333333334 0.25416666666666665 0.03333333333333333 0.03333333333333333
0 0.6020833333333333 0.2564814814814815 0.03333333333333333 0.03333333333333333
0 0.684375 0.25925925925925924 0.03333333333333333 0.03333333333333333
0 0.765625 0.26157407407407407 0.03333333333333333 0.03333333333333333
0 0.28125 0.18009259259259258 0.03333333333333333 0.03333333333333333
0 0.3614583333333333 0.1824074074074074 0.03333333333333333 0.03333333333333333
0 0.44166666666666665 0.18518518518518517 0.03333333333333333 0.03333333333333333
0 0.521875 0.1884259259259259 0.03333333333333333 0.03333333333333333
0 0.6010416666666667 0.19074074074074074 0.03333333333333333 0.03333333333333333
0 0.6802083333333333 0.1935185185185185 0.03333333333333333 0.03333333333333333
0 0.759375 0.19583333333333333 0.03333333333333333 0.03333333333333333