0 0.3333333333333333 0.6083333333333333 0.01875 0.025
0 0.409375 0.5972222222222222 0.01875 0.025
0 0.484375 0.5875 0.01875 0.025
0 0.559375 0.5763888888888888 0.01875 0.025
0 0.6333333333333333 0.5666666666666667 0.01875 0.025
0 0.7072916666666667 0.5555555555555556 0.01875 0.025
0 0.7802083333333333 0.5458333333333333 0.01875 0.025
0 0.334375 0.5236111111111111 0.01875 0.025
0 0.40625 0.5138888888888888 0.01875 0.025
0 0.478125 0.5041666666666667 0.01875 0.025
0 0.5489583333333333 0.49444444444444446 0.01875 0.025
0 0.6197916666666666 0.4847222222222222 0.01875 0.025
0 0.6895833333333333 0.475 0.01875 0.025
0 0.759375 0.4666666666666667 0.01875 0.025
0 0.334375 0.44722222222222224 0.01875 0.025
0 0.403125 0.4375 0.01875 0.025
0 0.471875 0.42916666666666664 0.01875 0.025
0 0.5395833333333333 0.41944444444444445 0.01875 0.025
0 0.6072916666666667 0.4111111111111111 0.01875 0.025
0 0.675 0.4027777777777778 0.01875 0.025
0 0.7416666666666667 0.39305555555555555 0.01875 0.025
0 0.33541666666666664 0.3763888888888889 0.01875 0.025
0 0.4010416666666667 0.3680555555555556 0.01875 0.025
0 0.4666666666666667 0.3597222222222222 0.01875 0.025
0 0.53125 0.35138888888888886 0.01875 0.025
0 0.5958333333333333 0.34305555555555556 0.01875 0.025
0 0.6604166666666667 0.3347222222222222 0.01875 0.025
0 0.7239583333333334 0.3277777777777778 0.01875 0.025
0 0.33541666666666664 0.3125 0.01875 0.025
0 0.39895833333333336 0.3055555555555556 0.01875 0.025
0 0.46145833333333336 0.2972222222222222 0.01875 0.025
0 0.5239583333333333 0.28888888888888886 0.01875 0.025
0 0.5854166666666667 0.28194444444444444 0.01875 0.025
0 0.646875 0.27361111111111114 0.01875 0.025
0 0.7083333333333334 0.26666666666666666 0.01875 0.025
0 0.33541666666666664 0.25416666666666665 0.01875 0.025
0 0.396875 0.24722222222222223 0.01875 0.025
0 0.45625 0.2388888888888889 0.01875 0.025
0 0.5166666666666667 0.23194444444444445 0.01875 0.025
0 0.5760416666666667 0.225 0.01875 0.025
0 0.6354166666666666 0.21666666666666667 0.01875 0.025
0 0.69375 0.20972222222222223 0.01875 0.025
0 0.33645833333333336 0.2 0.01875 0.025
0 0.39479166666666665 0.19305555555555556 0.01875 0.025
0 0.45208333333333334 0.18611111111111112 0.01875 0.025
0 0.5104166666666666 0.17916666666666667 0.01875 0.025
0 0.5677083333333334 0.17222222222222222 0.01875 0.025
0 0.6239583333333333 0.16527777777777777 0.01875 0.025
0 0.68125 0.15833333333333333 0.01875 0.025