0 0.18854166666666666 0.6583333333333333 0.029166666666666667 0.029166666666666667
0 0.26875 0.6625 0.029166666666666667 0.029166666666666667
0 0.35104166666666664 0.6666666666666666 0.029166666666666667 0.029166666666666667
0 0.4354166666666667 0.6708333333333333 0.029166666666666667 0.029166666666666667
0 0.521875 0.6759259259259259 0.029166666666666667 0.029166666666666667
0 0.609375 0.6814814814814815 0.029166666666666667 0.029166666666666667
0 0.6989583333333333 0.6851851851851852 0.029166666666666667 0.029166666666666667
0 0.20104166666666667 0.575925925925926 0.029166666666666667 0.029166666666666667
0 0.28020833333333334 0.5791666666666667 0.029166666666666667 0.029166666666666667
0 0.36041666666666666 0.5824074074074074 0.029166666666666667 0.029166666666666667
0 0.4427083333333333 0.586574074074074 0.029166666666666667 0.029166666666666667
0 0.5270833333333333 0.5898148148148148 0.029166666666666667 0.029166666666666667
0 0.6135416666666667 0.5935185185185186 0.029166666666666667 0.029166666666666667
0 0.7010416666666667 0.5981481481481481 0.029166666666666667 0.029166666666666667
0 0.21354166666666666 0.4981481481481482 0.029166666666666667 0.029166666666666667
0 0.290625 0.5 0.029166666666666667 0.029166666666666667
0 0.3697916666666667 0.5032407407407408 0.029166666666666667 0.029166666666666667
0 0.45 0.5050925925925925 0.029166666666666667 0.029166666666666667
0 0.5322916666666667 0.5083333333333333 0.029166666666666667 0.029166666666666667
0 0.6166666666666667 0.5101851851851852 0.029166666666666667 0.029166666666666667
0 0.7020833333333333 0.513425925925926 0.029166666666666667 0.029166666666666667
0 0.22604166666666667 0.42314814814814816 0.029166666666666667 0.029166666666666667
0 0.30104166666666665 0.42407407407407405 0.029166666666666667 0.029166666666666667
0 0.378125 0.42592592592592593 0.029166666666666667 0.029166666666666667
0 0.45729166666666665 0.42824074074074076 0.029166666666666667 0.029166666666666667
0 0.5375 0.42916666666666664 0.029166666666666667 0.029166666666666667
0 0.6197916666666666 0.43148148148148147 0.029166666666666667 0.029166666666666667
0 0.703125 0.43333333333333335 0.029166666666666667 0.029166666666666667
0 0.2375 0.3509259259259259 0.029166666666666667 0.029166666666666667
0 0.31145833333333334 0.35185185185185186 0.029166666666666667 0.029166666666666667
0 0.38645833333333335 0.35324074074074074 0.029166666666666667 0.029166666666666667
0 0.4635416666666667 0.3541666666666667 0.029166666666666667 0.029166666666666667
0 0.5427083333333333 0.35509259259259257 0.029166666666666667 0.029166666666666667
0 0.6229166666666667 0.35648148148148145 0.029166666666666667 0.029166666666666667
0 0.7052083333333333 0.3574074074074074 0.029166666666666667 0.029166666666666667
0 0.24791666666666667 0.2824074074074074 0.029166666666666667 0.029166666666666667
0 0.32083333333333336 0.2824074074074074 0.029166666666666667 0.029166666666666667
0 0.39479166666666665 0.2824074074074074 0.029166666666666667 0.029166666666666667
0 0.46979166666666666 0.2833333333333333 0.029166666666666667 0.029166666666666667
0 0.546875 0.2833333333333333 0.029166666666666667 0.029166666666666667
0 0.6260416666666667 0.2833333333333333 0.029166666666666667 0.029166666666666667
0 0.70625 0.28425925925925927 0.029166666666666667 0.029166666666666667
0 0.25833333333333336 0.21666666666666667 0.029166666666666667 0.029166666666666667
0 0.3302083333333333 0.21574074074074073 0.029166666666666667 0.029166666666666667
0 0.40208333333333335 0.21574074074074073 0.029166666666666667 0.029166666666666667
0 0.47604166666666664 0.21574074074074073 0.029166666666666667 0.029166666666666667
0 0.5520833333333334 0.21481481481481482 0.029166666666666667 0.029166666666666667
0 0.6291666666666667 0.21481481481481482 0.029166666666666667 0.029166666666666667
0 0.7072916666666667 0.21481481481481482 0.029166666666666667 0.029166666666666667