0 0.7395833333333334 0.27314814814814814 0.035416666666666666 0.03518518518518519
0 0.6635416666666667 0.2675925925925926 0.035416666666666666 0.03518518518518519
0 0.5875 0.26342592592592595 0.035416666666666666 0.03518518518518519
0 0.5125 0.25925925925925924 0.035416666666666666 0.03518518518518519
0 0.4354166666666667 0.25416666666666665 0.035416666666666666 0.03518518518518519
0 0.359375 0.25 0.035416666666666666 0.03518518518518519
0 0.2833333333333333 0.24583333333333332 0.035416666666666666 0.03518518518518519
0 0.75 0.32685185185185184 0.035416666666666666 0.03518518518518519
0 0.6708333333333333 0.32175925925925924 0.035416666666666666 0.03518518518518519
0 0.5916666666666667 0.3175925925925926 0.035416666666666666 0.03518518518518519
0 0.5125 0.3125 0.035416666666666666 0.03518518518518519
0 0.4322916666666667 0.30833333333333335 0.035416666666666666 0.03518518518518519
0 0.353125 0.30324074074074076 0.035416666666666666 0.03518518518518519
0 0.27395833333333336 0.29907407407407405 0.035416666666666666 0.03518518518518519
0 0.7604166666666666 0.3851851851851852 0.035416666666666666 0.03518518518518519
0 0.6770833333333334 0.3814814814814815 0.035416666666666666 0.03518518518518519
0 0.5947916666666667 0.37592592592592594 0.035416666666666666 0.03518518518518519
0 0.5125 0.37083333333333335 0.035416666666666666 0.03518518518518519
0 0.42916666666666664 0.36666666666666664 0.035416666666666666 0.03518518518518519
0 0.346875 0.36157407407407405 0.035416666666666666 0.03518518518518519
0 0.2635416666666667 0.35648148148148145 0.035416666666666666 0.03518518518518519
0 0.771875 0.45 0.035416666666666666 0.03518518518518519
0 0.6854166666666667 0.4449074074074074 0.035416666666666666 0.03518518518518519
0 0.5989583333333334 0.4398148148148148 0.035416666666666666 0.03518518518518519
0 0.5125 0.4351851851851852 0.035416666666666666 0.03518518518518519
0 0.425 0.4300925925925926 0.035416666666666666 0.03518518518518519
0 0.3385416666666667 0.425 0.035416666666666666 0.03518518518518519
0 0.2520833333333333 0.4199074074074074 0.035416666666666666 0.03518518518518519
0 0.784375 0.5208333333333334 0.035416666666666666 0.03518518518518519
0 0.69375 0.5157407407407407 0.035416666666666666 0.03518518518518519
0 0.603125 0.5101851851851852 0.035416666666666666 0.03518518518518519
0 0.5125 0.5050925925925925 0.035416666666666666 0.03518518518518519
0 0.421875 0.5 0.035416666666666666 0.03518518518518519
0 0.3302083333333333 0.4949074074074074 0.035416666666666666 0.03518518518518519
0 0.23958333333333334 0.4898148148148148 0.035416666666666666 0.03518518518518519
0 0.7979166666666667 0.5990740740740741 0.035416666666666666 0.03518518518518519
0 0.703125 0.5925925925925926 0.035416666666666666 0.03518518518518519
0 0.6072916666666667 0.5875 0.035416666666666666 0.03518518518518519
0 0.5125 0.5824074074074074 0.035416666666666666 0.03518518518518519
0 0.4166666666666667 0.5768518518518518 0.035416666666666666 0.03518518518518519
0 0.32083333333333336 0.5708333333333333 0.035416666666666666 0.03518518518518519
0 0.22604166666666667 0.5657407407407408 0.035416666666666666 0.03518518518518519
0 0.8135416666666667 0.6842592592592592 0.035416666666666666 0.03518518518518519
0 0.7135416666666666 0.6791666666666667 0.035416666666666666 0.03518518518518519
0 0.6125 0.6731481481481482 0.035416666666666666 0.03518518518518519
0 0.5125 0.6675925925925926 0.035416666666666666 0.03518518518518519
0 0.4114583333333333 0.6615740740740741 0.035416666666666666 0.03518518518518519
0 0.31145833333333334 0.6564814814814814 0.035416666666666666 0.03518518518518519
0 0.21041666666666667 0.65 0.035416666666666666 0.03518518518518519