0 0.703125 0.19166666666666668 0.025 0.03333333333333333
0 0.6364583333333333 0.19166666666666668 0.025 0.03333333333333333
0 0.56875 0.19027777777777777 0.025 0.03333333333333333
0 0.5010416666666667 0.19027777777777777 0.025 0.03333333333333333
0 0.43333333333333335 0.18888888888888888 0.025 0.03333333333333333
0 0.365625 0.18888888888888888 0.025 0.03333333333333333
0 0.29791666666666666 0.1875 0.025 0.03333333333333333
0 0.7135416666666666 0.2569444444444444 0.025 0.03333333333333333
0 0.6427083333333333 0.2569444444444444 0.025 0.03333333333333333
0 0.571875 0.25555555555555554 0.025 0.03333333333333333
0 0.5010416666666667 0.25416666666666665 0.025 0.03333333333333333
0 0.43020833333333336 0.25416666666666665 0.025 0.03333333333333333
0 0.359375 0.25277777777777777 0.025 0.03333333333333333
0 0.2875 0.25277777777777777 0.025 0.03333333333333333
0 0.7239583333333334 0.32916666666666666 0.025 0.03333333333333333
0 0.65 0.3277777777777778 0.025 0.03333333333333333
0 0.575 0.3277777777777778 0.025 0.03333333333333333
0 0.5010416666666667 0.3263888888888889 0.025 0.03333333333333333
0 0.42604166666666665 0.3263888888888889 0.025 0.03333333333333333
0 0.35104166666666664 0.325 0.025 0.03333333333333333
0 0.27708333333333335 0.3236111111111111 0.025 0.03333333333333333
0 0.7364583333333333 0.4083333333333333 0.025 0.03333333333333333
0 0.6572916666666667 0.40694444444444444 0.025 0.03333333333333333
0 0.5791666666666667 0.40694444444444444 0.025 0.03333333333333333
0 0.5 0.40555555555555556 0.025 0.03333333333333333
0 0.421875 0.40555555555555556 0.025 0.03333333333333333
0 0.34270833333333334 0.4041666666666667 0.025 0.03333333333333333
0 0.26458333333333334 0.4041666666666667 0.025 0.03333333333333333
0 0.75 0.49722222222222223 0.025 0.03333333333333333
0 0.6666666666666666 0.49583333333333335 0.025 0.03333333333333333
0 0.5833333333333334 0.49583333333333335 0.025 0.03333333333333333
0 0.5 0.49444444444444446 0.025 0.03333333333333333
0 0.4166666666666667 0.49444444444444446 0.025 0.03333333333333333
0 0.3333333333333333 0.4930555555555556 0.025 0.03333333333333333
0 0.25 0.4930555555555556 0.025 0.03333333333333333
0 0.7645833333333333 0.5972222222222222 0.025 0.03333333333333333
0 0.6760416666666667 0.5958333333333333 0.025 0.03333333333333333
0 0.5885416666666666 0.5944444444444444 0.025 0.03333333333333333
0 0.5 0.5944444444444444 0.025 0.03333333333333333
0 0.4114583333333333 0.5930555555555556 0.025 0.03333333333333333
0 0.3229166666666667 0.5930555555555556 0.025 0.03333333333333333
0 0.234375 0.5916666666666667 0.025 0.03333333333333333
0 0.78125 0.7097222222222223 0.025 0.03333333333333333
0 0.6875 0.7083333333333334 0.025 0.03333333333333333
0 0.59375 0.7083333333333334 0.025 0.03333333333333333
0 0.5 0.7069444444444445 0.025 0.03333333333333333
0 0.40520833333333334 0.7055555555555556 0.025 0.03333333333333333
0 0.31145833333333334 0.7055555555555556 0.025 0.03333333333333333
0 0.21666666666666667 0.7041666666666667 0.025 0.03333333333333333