0 0.7239583333333334 0.19583333333333333 0.025 0.03333333333333333
0 0.6552083333333333 0.19583333333333333 0.025 0.03333333333333333
0 0.5864583333333333 0.19722222222222222 0.025 0.03333333333333333
0 0.5177083333333333 0.19722222222222222 0.025 0.03333333333333333
0 0.4510416666666667 0.1986111111111111 0.025 0.03333333333333333
0 0.38333333333333336 0.1986111111111111 0.025 0.03333333333333333
0 0.3177083333333333 0.2 0.025 0.03333333333333333
0 0.7322916666666667 0.25972222222222224 0.025 0.03333333333333333
0 0.659375 0.25972222222222224 0.025 0.03333333333333333
0 0.5875 0.2611111111111111 0.025 0.03333333333333333
0 0.5166666666666667 0.2611111111111111 0.025 0.03333333333333333
0 0.44583333333333336 0.2611111111111111 0.025 0.03333333333333333
0 0.375 0.2625 0.025 0.03333333333333333
0 0.30520833333333336 0.2625 0.025 0.03333333333333333
0 0.7416666666666667 0.33055555555555555 0.025 0.03333333333333333
0 0.665625 0.33055555555555555 0.025 0.03333333333333333
0 0.5895833333333333 0.33055555555555555 0.025 0.03333333333333333
0 0.5145833333333333 0.33194444444444443 0.025 0.03333333333333333
0 0.4395833333333333 0.33194444444444443 0.025 0.03333333333333333
0 0.365625 0.33194444444444443 0.025 0.03333333333333333
0 0.29270833333333335 0.33194444444444443 0.025 0.03333333333333333
0 0.7520833333333333 0.4097222222222222 0.025 0.03333333333333333
0 0.671875 0.4097222222222222 0.025 0.03333333333333333
0 0.5916666666666667 0.4097222222222222 0.025 0.03333333333333333
0 0.5114583333333333 0.4097222222222222 0.025 0.03333333333333333
0 0.43333333333333335 0.4097222222222222 0.025 0.03333333333333333
0 0.35520833333333335 0.4097222222222222 0.025 0.03333333333333333
0 0.278125 0.4083333333333333 0.025 0.03333333333333333
0 0.7635416666666667 0.4986111111111111 0.025 0.03333333333333333
0 0.678125 0.49722222222222223 0.025 0.03333333333333333
0 0.59375 0.49722222222222223 0.025 0.03333333333333333
0 0.509375 0.49583333333333335 0.025 0.03333333333333333
0 0.42604166666666665 0.49583333333333335 0.025 0.03333333333333333
0 0.34375 0.49583333333333335 0.025 0.03333333333333333
0 0.2625 0.49444444444444446 0.025 0.03333333333333333
0 0.7770833333333333 0.5972222222222222 0.025 0.03333333333333333
0 0.6854166666666667 0.5958333333333333 0.025 0.03333333333333333
0 0.5958333333333333 0.5958333333333333 0.025 0.03333333333333333
0 0.50625 0.5944444444444444 0.025 0.03333333333333333
0 0.41875 0.5930555555555556 0.025 0.03333333333333333
0 0.33125 0.5916666666666667 0.025 0.03333333333333333
0 0.24479166666666666 0.5902777777777778 0.025 0.03333333333333333
0 0.7916666666666666 0.7097222222222223 0.025 0.03333333333333333
0 0.6947916666666667 0.7083333333333334 0.025 0.03333333333333333
0 0.5979166666666667 0.7069444444444445 0.025 0.03333333333333333
0 0.503125 0.7041666666666667 0.025 0.03333333333333333
0 0.409375 0.7027777777777777 0.025 0.03333333333333333
0 0.31666666666666665 0.7013888888888888 0.025 0.03333333333333333
0 0.225 0.7 0.025 0.03333333333333333