0 0.278125 0.2199074074074074 0.03333333333333333 0.03333333333333333
0 0.353125 0.22314814814814815 0.03333333333333333 0.03333333333333333
0 0.428125 0.22592592592592592 0.03333333333333333 0.03333333333333333
0 0.503125 0.22916666666666666 0.03333333333333333 0.03333333333333333
0 0.578125 0.2324074074074074 0.03333333333333333 0.03333333333333333
0 0.653125 0.2351851851851852 0.03333333333333333 0.03333333333333333
0 0.7270833333333333 0.23842592592592593 0.03333333333333333 0.03333333333333333
0 0.26875 0.27175925925925926 0.03333333333333333 0.03333333333333333
0 0.34791666666666665 0.275 0.03333333333333333 0.03333333333333333
0 0.42604166666666665 0.2791666666666667 0.03333333333333333 0.03333333333333333
0 0.5041666666666667 0.2824074074074074 0.03333333333333333 0.03333333333333333
0 0.58125 0.2851851851851852 0.03333333333333333 0.03333333333333333
0 0.659375 0.2884259259259259 0.03333333333333333 0.03333333333333333
0 0.7364583333333333 0.2916666666666667 0.03333333333333333 0.03333333333333333
0 0.259375 0.32916666666666666 0.03333333333333333 0.03333333333333333
0 0.340625 0.33240740740740743 0.03333333333333333 0.03333333333333333
0 0.42291666666666666 0.3365740740740741 0.03333333333333333 0.03333333333333333
0 0.5041666666666667 0.3398148148148148 0.03333333333333333 0.03333333333333333
0 0.584375 0.3425925925925926 0.03333333333333333 0.03333333333333333
0 0.665625 0.3458333333333333 0.03333333333333333 0.03333333333333333
0 0.7458333333333333 0.3490740740740741 0.03333333333333333 0.03333333333333333
0 0.24895833333333334 0.39166666666666666 0.03333333333333333 0.03333333333333333
0 0.334375 0.39490740740740743 0.03333333333333333 0.03333333333333333
0 0.41875 0.39814814814814814 0.03333333333333333 0.03333333333333333
0 0.5041666666666667 0.4009259259259259 0.03333333333333333 0.03333333333333333
0 0.5885416666666666 0.4050925925925926 0.03333333333333333 0.03333333333333333
0 0.671875 0.4083333333333333 0.03333333333333333 0.03333333333333333
0 0.75625 0.4115740740740741 0.03333333333333333 0.03333333333333333
0 0.2375 0.45925925925925926 0.03333333333333333 0.03333333333333333
0 0.32708333333333334 0.4625 0.03333333333333333 0.03333333333333333
0 0.415625 0.46574074074074073 0.03333333333333333 0.03333333333333333
0 0.5041666666666667 0.4699074074074074 0.03333333333333333 0.03333333333333333
0 0.5916666666666667 0.47314814814814815 0.03333333333333333 0.03333333333333333
0 0.6802083333333333 0.4759259259259259 0.03333333333333333 0.03333333333333333
0 0.7677083333333333 0.4791666666666667 0.03333333333333333 0.03333333333333333
0 0.225 0.5333333333333333 0.03333333333333333 0.03333333333333333
0 0.31875 0.5365740740740741 0.03333333333333333 0.03333333333333333
0 0.4114583333333333 0.5407407407407407 0.03333333333333333 0.03333333333333333
0 0.5041666666666667 0.5435185185185185 0.03333333333333333 0.03333333333333333
0 0.5958333333333333 0.5467592592592593 0.03333333333333333 0.03333333333333333
0 0.6885416666666667 0.55 0.03333333333333333 0.03333333333333333
0 0.7802083333333333 0.5541666666666667 0.03333333333333333 0.03333333333333333
0 0.21145833333333333 0.6157407407407407 0.03333333333333333 0.03333333333333333
0 0.309375 0.6185185185185185 0.03333333333333333 0.03333333333333333
0 0.40729166666666666 0.6217592592592592 0.03333333333333333 0.03333333333333333
0 0.5041666666666667 0.625 0.03333333333333333 0.03333333333333333
0 0.6010416666666667 0.6291666666666667 0.03333333333333333 0.03333333333333333
0 0.6979166666666666 0.6324074074074074 0.03333333333333333 0.03333333333333333
0 0.79375 0.6351851851851852 0.03333333333333333 0.03333333333333333