0 0.7291666666666666 0.1763888888888889 0.025 0.03333333333333333
0 0.6614583333333334 0.1736111111111111 0.025 0.03333333333333333
0 0.59375 0.17222222222222222 0.025 0.03333333333333333
0 0.5270833333333333 0.17083333333333334 0.025 0.03333333333333333
0 0.459375 0.16944444444444445 0.025 0.03333333333333333
0 0.390625 0.16666666666666666 0.025 0.03333333333333333
0 0.3229166666666667 0.16527777777777777 0.025 0.03333333333333333
0 0.7395833333333334 0.24027777777777778 0.025 0.03333333333333333
0 0.66875 0.2375 0.025 0.03333333333333333
0 0.5989583333333334 0.2361111111111111 0.025 0.03333333333333333
0 0.5270833333333333 0.23472222222222222 0.025 0.03333333333333333
0 0.45625 0.23194444444444445 0.025 0.03333333333333333
0 0.3854166666666667 0.23055555555555557 0.025 0.03333333333333333
0 0.31354166666666666 0.22916666666666666 0.025 0.03333333333333333
0 0.7520833333333333 0.30972222222222223 0.025 0.03333333333333333
0 0.678125 0.30833333333333335 0.025 0.03333333333333333
0 0.603125 0.30694444444444446 0.025 0.03333333333333333
0 0.5291666666666667 0.30416666666666664 0.025 0.03333333333333333
0 0.45416666666666666 0.30277777777777776 0.025 0.03333333333333333
0 0.37916666666666665 0.3013888888888889 0.025 0.03333333333333333
0 0.30416666666666664 0.2986111111111111 0.025 0.03333333333333333
0 0.765625 0.3888888888888889 0.025 0.03333333333333333
0 0.6875 0.3861111111111111 0.025 0.03333333333333333
0 0.6083333333333333 0.38472222222222224 0.025 0.03333333333333333
0 0.5302083333333333 0.38333333333333336 0.025 0.03333333333333333
0 0.4510416666666667 0.38055555555555554 0.025 0.03333333333333333
0 0.371875 0.37916666666666665 0.025 0.03333333333333333
0 0.29270833333333335 0.37777777777777777 0.025 0.03333333333333333
0 0.7802083333333333 0.475 0.025 0.03333333333333333
0 0.6979166666666666 0.4736111111111111 0.025 0.03333333333333333
0 0.6145833333333334 0.4722222222222222 0.025 0.03333333333333333
0 0.53125 0.46944444444444444 0.025 0.03333333333333333
0 0.4479166666666667 0.46805555555555556 0.025 0.03333333333333333
0 0.3645833333333333 0.4666666666666667 0.025 0.03333333333333333
0 0.28020833333333334 0.4638888888888889 0.025 0.03333333333333333
0 0.7979166666666667 0.5736111111111111 0.025 0.03333333333333333
0 0.709375 0.5722222222222222 0.025 0.03333333333333333
0 0.621875 0.5694444444444444 0.025 0.03333333333333333
0 0.5333333333333333 0.5680555555555555 0.025 0.03333333333333333
0 0.44479166666666664 0.5666666666666667 0.025 0.03333333333333333
0 0.35520833333333335 0.5638888888888889 0.025 0.03333333333333333
0 0.26666666666666666 0.5625 0.025 0.03333333333333333
0 0.8166666666666667 0.6847222222222222 0.025 0.03333333333333333
0 0.7229166666666667 0.6819444444444445 0.025 0.03333333333333333
0 0.6291666666666667 0.6805555555555556 0.025 0.03333333333333333
0 0.534375 0.6791666666666667 0.025 0.03333333333333333
0 0.440625 0.6763888888888889 0.025 0.03333333333333333
0 0.3458333333333333 0.675 0.025 0.03333333333333333
0 0.25 0.6736111111111112 0.025 0.03333333333333333