0 0.7270833333333333 0.24814814814814815 0.035416666666666666 0.03518518518518519
0 0.6479166666666667 0.24583333333333332 0.035416666666666666 0.03518518518518519
0 0.5697916666666667 0.24351851851851852 0.035416666666666666 0.03518518518518519
0 0.490625 0.24166666666666667 0.035416666666666666 0.03518518518518519
0 0.4114583333333333 0.23981481481481481 0.035416666666666666 0.03518518518518519
0 0.33229166666666665 0.2375 0.035416666666666666 0.03518518518518519
0 0.253125 0.2351851851851852 0.035416666666666666 0.03518518518518519
0 0.7375 0.30324074074074076 0.035416666666666666 0.03518518518518519
0 0.6552083333333333 0.30092592592592593 0.035416666666666666 0.03518518518518519
0 0.5729166666666666 0.29907407407407405 0.035416666666666666 0.03518518518518519
0 0.490625 0.2967592592592593 0.035416666666666666 0.03518518518518519
0 0.4083333333333333 0.2949074074074074 0.035416666666666666 0.03518518518518519
0 0.3260416666666667 0.29259259259259257 0.035416666666666666 0.03518518518518519
0 0.24375 0.2916666666666667 0.035416666666666666 0.03518518518518519
0 0.7489583333333333 0.36342592592592593 0.035416666666666666 0.03518518518518519
0 0.6625 0.36157407407407405 0.035416666666666666 0.03518518518518519
0 0.5770833333333333 0.3592592592592593 0.035416666666666666 0.03518518518518519
0 0.49166666666666664 0.3574074074074074 0.035416666666666666 0.03518518518518519
0 0.40625 0.35509259259259257 0.035416666666666666 0.03518518518518519
0 0.31979166666666664 0.35324074074074074 0.035416666666666666 0.03518518518518519
0 0.234375 0.3509259259259259 0.035416666666666666 0.03518518518518519
0 0.7604166666666666 0.42916666666666664 0.035416666666666666 0.03518518518518519
0 0.6708333333333333 0.42685185185185187 0.035416666666666666 0.03518518518518519
0 0.5822916666666667 0.425 0.035416666666666666 0.03518518518518519
0 0.49270833333333336 0.42314814814814816 0.035416666666666666 0.03518518518518519
0 0.403125 0.42083333333333334 0.035416666666666666 0.03518518518518519
0 0.31354166666666666 0.4185185185185185 0.035416666666666666 0.03518518518518519
0 0.22395833333333334 0.4166666666666667 0.035416666666666666 0.03518518518518519
0 0.7739583333333333 0.5009259259259259 0.035416666666666666 0.03518518518518519
0 0.6802083333333333 0.49907407407407406 0.035416666666666666 0.03518518518518519
0 0.5864583333333333 0.49675925925925923 0.035416666666666666 0.03518518518518519
0 0.49375 0.4935185185185185 0.035416666666666666 0.03518518518518519
0 0.4 0.49166666666666664 0.035416666666666666 0.03518518518518519
0 0.30625 0.4898148148148148 0.035416666666666666 0.03518518518518519
0 0.2125 0.4875 0.035416666666666666 0.03518518518518519
0 0.7875 0.5791666666666667 0.035416666666666666 0.03518518518518519
0 0.6895833333333333 0.5768518518518518 0.035416666666666666 0.03518518518518519
0 0.5916666666666667 0.575 0.035416666666666666 0.03518518518518519
0 0.49375 0.5717592592592593 0.035416666666666666 0.03518518518518519
0 0.3958333333333333 0.5699074074074074 0.035416666666666666 0.03518518518518519
0 0.29791666666666666 0.5675925925925925 0.035416666666666666 0.03518518518518519
0 0.2 0.5648148148148148 0.035416666666666666 0.03518518518518519
0 0.803125 0.6657407407407407 0.035416666666666666 0.03518518518518519
0 0.7010416666666667 0.663425925925926 0.035416666666666666 0.03518518518518519
0 0.5979166666666667 0.6601851851851852 0.035416666666666666 0.03518518518518519
0 0.4947916666666667 0.6583333333333333 0.035416666666666666 0.03518518518518519
0 0.3927083333333333 0.6550925925925926 0.035416666666666666 0.03518518518518519
0 0.28958333333333336 0.6532407407407408 0.035416666666666666 0.03518518518518519
0 0.18645833333333334 0.65 0.035416666666666666 0.03518518518518519