0 0.7020833333333333 0.2967592592592593 0.03333333333333333 0.03333333333333333
0 0.6333333333333333 0.29814814814814816 0.03333333333333333 0.03333333333333333
0 0.5645833333333333 0.29907407407407405 0.03333333333333333 0.03333333333333333
0 0.4947916666666667 0.3 0.03333333333333333 0.03333333333333333
0 0.42604166666666665 0.30092592592592593 0.03333333333333333 0.03333333333333333
0 0.35625 0.30185185185185187 0.03333333333333333 0.03333333333333333
0 0.2875 0.30324074074074076 0.03333333333333333 0.03333333333333333
0 0.7125 0.35 0.03333333333333333 0.03333333333333333
0 0.640625 0.3509259259259259 0.03333333333333333 0.03333333333333333
0 0.56875 0.35185185185185186 0.03333333333333333 0.03333333333333333
0 0.496875 0.35324074074074074 0.03333333333333333 0.03333333333333333
0 0.4239583333333333 0.3541666666666667 0.03333333333333333 0.03333333333333333
0 0.35208333333333336 0.35509259259259257 0.03333333333333333 0.03333333333333333
0 0.2791666666666667 0.35648148148148145 0.03333333333333333 0.03333333333333333
0 0.7239583333333334 0.4074074074074074 0.03333333333333333 0.03333333333333333
0 0.6489583333333333 0.4083333333333333 0.03333333333333333 0.03333333333333333
0 0.5739583333333333 0.4101851851851852 0.03333333333333333 0.03333333333333333
0 0.4979166666666667 0.4115740740740741 0.03333333333333333 0.03333333333333333
0 0.42291666666666666 0.4125 0.03333333333333333 0.03333333333333333
0 0.346875 0.4134259259259259 0.03333333333333333 0.03333333333333333
0 0.2708333333333333 0.4148148148148148 0.03333333333333333 0.03333333333333333
0 0.7375 0.4708333333333333 0.03333333333333333 0.03333333333333333
0 0.6583333333333333 0.47175925925925927 0.03333333333333333 0.03333333333333333
0 0.5791666666666667 0.47314814814814815 0.03333333333333333 0.03333333333333333
0 0.5 0.475 0.03333333333333333 0.03333333333333333
0 0.42083333333333334 0.4759259259259259 0.03333333333333333 0.03333333333333333
0 0.3416666666666667 0.47685185185185186 0.03333333333333333 0.03333333333333333
0 0.2625 0.4791666666666667 0.03333333333333333 0.03333333333333333
0 0.7510416666666667 0.5398148148148149 0.03333333333333333 0.03333333333333333
0 0.6677083333333333 0.5416666666666666 0.03333333333333333 0.03333333333333333
0 0.5854166666666667 0.5425925925925926 0.03333333333333333 0.03333333333333333
0 0.5020833333333333 0.5449074074074074 0.03333333333333333 0.03333333333333333
0 0.41875 0.5458333333333333 0.03333333333333333 0.03333333333333333
0 0.33541666666666664 0.5481481481481482 0.03333333333333333 0.03333333333333333
0 0.2520833333333333 0.549074074074074 0.03333333333333333 0.03333333333333333
0 0.7666666666666667 0.6166666666666667 0.03333333333333333 0.03333333333333333
0 0.6791666666666667 0.6185185185185185 0.03333333333333333 0.03333333333333333
0 0.5916666666666667 0.6199074074074075 0.03333333333333333 0.03333333333333333
0 0.5041666666666667 0.6217592592592592 0.03333333333333333 0.03333333333333333
0 0.4166666666666667 0.6240740740740741 0.03333333333333333 0.03333333333333333
0 0.32916666666666666 0.625 0.03333333333333333 0.03333333333333333
0 0.240625 0.6268518518518519 0.03333333333333333 0.03333333333333333
0 0.7833333333333333 0.7032407407407407 0.03333333333333333 0.03333333333333333
0 0.6916666666666667 0.7041666666666667 0.03333333333333333 0.03333333333333333
0 0.5989583333333334 0.7064814814814815 0.03333333333333333 0.03333333333333333
0 0.50625 0.7083333333333334 0.03333333333333333 0.03333333333333333
0 0.41458333333333336 0.7092592592592593 0.03333333333333333 0.03333333333333333
0 0.32083333333333336 0.711574074074074 0.03333333333333333 0.03333333333333333
0 0.228125 0.7134259259259259 0.03333333333333333 0.03333333333333333