0 0.3072916666666667 0.65 0.020833333333333332 0.027777777777777776
0 0.38125 0.65 0.020833333333333332 0.027777777777777776
0 0.45625 0.6513888888888889 0.020833333333333332 0.027777777777777776
0 0.5322916666666667 0.6513888888888889 0.020833333333333332 0.027777777777777776
0 0.609375 0.6513888888888889 0.020833333333333332 0.027777777777777776
0 0.6875 0.6527777777777778 0.020833333333333332 0.027777777777777776
0 0.765625 0.6527777777777778 0.020833333333333332 0.027777777777777776
0 0.3177083333333333 0.5638888888888889 0.020833333333333332 0.027777777777777776
0 0.3885416666666667 0.5638888888888889 0.020833333333333332 0.027777777777777776
0 0.46041666666666664 0.5638888888888889 0.020833333333333332 0.027777777777777776
0 0.5322916666666667 0.5638888888888889 0.020833333333333332 0.027777777777777776
0 0.60625 0.5638888888888889 0.020833333333333332 0.027777777777777776
0 0.6802083333333333 0.5625 0.020833333333333332 0.027777777777777776
0 0.7552083333333334 0.5625 0.020833333333333332 0.027777777777777776
0 0.32708333333333334 0.4847222222222222 0.020833333333333332 0.027777777777777776
0 0.39479166666666665 0.4847222222222222 0.020833333333333332 0.027777777777777776
0 0.4635416666666667 0.48333333333333334 0.020833333333333332 0.027777777777777776
0 0.5322916666666667 0.48333333333333334 0.020833333333333332 0.027777777777777776
0 0.6020833333333333 0.48333333333333334 0.020833333333333332 0.027777777777777776
0 0.6729166666666667 0.48194444444444445 0.020833333333333332 0.027777777777777776
0 0.7447916666666666 0.48194444444444445 0.020833333333333332 0.027777777777777776
0 0.33541666666666664 0.4125 0.020833333333333332 0.027777777777777776
0 0.4 0.4111111111111111 0.020833333333333332 0.027777777777777776
0 0.465625 0.4111111111111111 0.020833333333333332 0.027777777777777776
0 0.5322916666666667 0.4097222222222222 0.020833333333333332 0.027777777777777776
0 0.5989583333333334 0.4097222222222222 0.020833333333333332 0.027777777777777776
0 0.6666666666666666 0.4083333333333333 0.020833333333333332 0.027777777777777776
0 0.7354166666666667 0.40694444444444444 0.020833333333333332 0.027777777777777776
0 0.34375 0.3458333333333333 0.020833333333333332 0.027777777777777776
0 0.40520833333333334 0.34444444444444444 0.020833333333333332 0.027777777777777776
0 0.46875 0.34444444444444444 0.020833333333333332 0.027777777777777776
0 0.5322916666666667 0.34305555555555556 0.020833333333333332 0.027777777777777776
0 0.596875 0.3416666666666667 0.020833333333333332 0.027777777777777776
0 0.6614583333333334 0.3402777777777778 0.020833333333333332 0.027777777777777776
0 0.7270833333333333 0.3388888888888889 0.020833333333333332 0.027777777777777776
0 0.35104166666666664 0.2847222222222222 0.020833333333333332 0.027777777777777776
0 0.41041666666666665 0.2833333333333333 0.020833333333333332 0.027777777777777776
0 0.4708333333333333 0.28194444444444444 0.020833333333333332 0.027777777777777776
0 0.5322916666666667 0.28055555555555556 0.020833333333333332 0.027777777777777776
0 0.59375 0.2791666666666667 0.020833333333333332 0.027777777777777776
0 0.65625 0.2777777777777778 0.020833333333333332 0.027777777777777776
0 0.71875 0.2763888888888889 0.020833333333333332 0.027777777777777776
0 0.3572916666666667 0.22777777777777777 0.020833333333333332 0.027777777777777776
0 0.41458333333333336 0.2263888888888889 0.020833333333333332 0.027777777777777776
0 0.47291666666666665 0.225 0.020833333333333332 0.027777777777777776
0 0.5322916666666667 0.22361111111111112 0.020833333333333332 0.027777777777777776
0 0.5916666666666667 0.2222222222222222 0.020833333333333332 0.027777777777777776
0 0.6510416666666666 0.22083333333333333 0.020833333333333332 0.027777777777777776
0 0.7114583333333333 0.21944444444444444 0.020833333333333332 0.027777777777777776