0 0.7104166666666667 0.1712962962962963 0.022916666666666665 0.03425925925925926
0 0.6354166666666666 0.1712962962962963 0.022916666666666665 0.03425925925925926
0 0.559375 0.1699074074074074 0.022916666666666665 0.03425925925925926
0 0.48333333333333334 0.1699074074074074 0.022916666666666665 0.03425925925925926
0 0.40625 0.16805555555555557 0.022916666666666665 0.03425925925925926
0 0.32916666666666666 0.16805555555555557 0.022916666666666665 0.03425925925925926
0 0.25104166666666666 0.16666666666666666 0.022916666666666665 0.03425925925925926
0 0.721875 0.25092592592592594 0.022916666666666665 0.03425925925925926
0 0.6447916666666667 0.25092592592592594 0.022916666666666665 0.03425925925925926
0 0.565625 0.2490740740740741 0.022916666666666665 0.03425925925925926
0 0.4864583333333333 0.2490740740740741 0.022916666666666665 0.03425925925925926
0 0.40625 0.2490740740740741 0.022916666666666665 0.03425925925925926
0 0.3260416666666667 0.2490740740740741 0.022916666666666665 0.03425925925925926
0 0.24479166666666666 0.24768518518518517 0.022916666666666665 0.03425925925925926
0 0.734375 0.3365740740740741 0.022916666666666665 0.03425925925925926
0 0.6541666666666667 0.3365740740740741 0.022916666666666665 0.03425925925925926
0 0.571875 0.3365740740740741 0.022916666666666665 0.03425925925925926
0 0.4895833333333333 0.3365740740740741 0.022916666666666665 0.03425925925925926
0 0.40729166666666666 0.3365740740740741 0.022916666666666665 0.03425925925925926
0 0.32395833333333335 0.3365740740740741 0.022916666666666665 0.03425925925925926
0 0.23958333333333334 0.3365740740740741 0.022916666666666665 0.03425925925925926
0 0.7479166666666667 0.42824074074074076 0.022916666666666665 0.03425925925925926
0 0.6645833333333333 0.42824074074074076 0.022916666666666665 0.03425925925925926
0 0.5791666666666667 0.42824074074074076 0.022916666666666665 0.03425925925925926
0 0.49375 0.42824074074074076 0.022916666666666665 0.03425925925925926
0 0.40729166666666666 0.4300925925925926 0.022916666666666665 0.03425925925925926
0 0.32083333333333336 0.4300925925925926 0.022916666666666665 0.03425925925925926
0 0.23333333333333334 0.4300925925925926 0.022916666666666665 0.03425925925925926
0 0.7625 0.5282407407407408 0.022916666666666665 0.03425925925925926
0 0.675 0.5282407407407408 0.022916666666666665 0.03425925925925926
0 0.5875 0.5296296296296297 0.022916666666666665 0.03425925925925926
0 0.4979166666666667 0.5296296296296297 0.022916666666666665 0.03425925925925926
0 0.4083333333333333 0.5310185185185186 0.022916666666666665 0.03425925925925926
0 0.3177083333333333 0.5310185185185186 0.022916666666666665 0.03425925925925926
0 0.22604166666666667 0.5328703703703703 0.022916666666666665 0.03425925925925926
0 0.778125 0.6356481481481482 0.022916666666666665 0.03425925925925926
0 0.6875 0.6370370370370371 0.022916666666666665 0.03425925925925926
0 0.5958333333333333 0.638425925925926 0.022916666666666665 0.03425925925925926
0 0.5020833333333333 0.6402777777777777 0.022916666666666665 0.03425925925925926
0 0.409375 0.6416666666666667 0.022916666666666665 0.03425925925925926
0 0.3145833333333333 0.6416666666666667 0.022916666666666665 0.03425925925925926
0 0.21875 0.6435185185185185 0.022916666666666665 0.03425925925925926
0 0.7958333333333333 0.7537037037037037 0.022916666666666665 0.03425925925925926
0 0.7010416666666667 0.7555555555555555 0.022916666666666665 0.03425925925925926
0 0.6041666666666666 0.7569444444444444 0.022916666666666665 0.03425925925925926
0 0.5072916666666667 0.7601851851851852 0.022916666666666665 0.03425925925925926
0 0.409375 0.7615740740740741 0.022916666666666665 0.03425925925925926
0 0.3104166666666667 0.763425925925926 0.022916666666666665 0.03425925925925926
0 0.21041666666666667 0.7648148148148148 0.022916666666666665 0.03425925925925926