0 0.7072916666666667 0.18472222222222223 0.025 0.03333333333333333
0 0.6395833333333333 0.18611111111111112 0.025 0.03333333333333333
0 0.5708333333333333 0.1875 0.025 0.03333333333333333
0 0.503125 0.18888888888888888 0.025 0.03333333333333333
0 0.4354166666666667 0.19027777777777777 0.025 0.03333333333333333
0 0.36770833333333336 0.19166666666666668 0.025 0.03333333333333333
0 0.30104166666666665 0.19305555555555556 0.025 0.03333333333333333
0 0.71875 0.25 0.025 0.03333333333333333
0 0.646875 0.2513888888888889 0.025 0.03333333333333333
0 0.575 0.25277777777777777 0.025 0.03333333333333333
0 0.503125 0.25416666666666665 0.025 0.03333333333333333
0 0.4322916666666667 0.25555555555555554 0.025 0.03333333333333333
0 0.3614583333333333 0.2569444444444444 0.025 0.03333333333333333
0 0.2916666666666667 0.25833333333333336 0.025 0.03333333333333333
0 0.7302083333333333 0.32222222222222224 0.025 0.03333333333333333
0 0.6541666666666667 0.3236111111111111 0.025 0.03333333333333333
0 0.5791666666666667 0.325 0.025 0.03333333333333333
0 0.5041666666666667 0.3263888888888889 0.025 0.03333333333333333
0 0.42916666666666664 0.3277777777777778 0.025 0.03333333333333333
0 0.35520833333333335 0.32916666666666666 0.025 0.03333333333333333
0 0.28125 0.33055555555555555 0.025 0.03333333333333333
0 0.7427083333333333 0.4027777777777778 0.025 0.03333333333333333
0 0.6635416666666667 0.4027777777777778 0.025 0.03333333333333333
0 0.5833333333333334 0.4041666666666667 0.025 0.03333333333333333
0 0.5041666666666667 0.40555555555555556 0.025 0.03333333333333333
0 0.42604166666666665 0.40694444444444444 0.025 0.03333333333333333
0 0.34791666666666665 0.4083333333333333 0.025 0.03333333333333333
0 0.26979166666666665 0.4097222222222222 0.025 0.03333333333333333
0 0.7583333333333333 0.49166666666666664 0.025 0.03333333333333333
0 0.6729166666666667 0.4930555555555556 0.025 0.03333333333333333
0 0.5895833333333333 0.49444444444444446 0.025 0.03333333333333333
0 0.5052083333333334 0.49444444444444446 0.025 0.03333333333333333
0 0.421875 0.49583333333333335 0.025 0.03333333333333333
0 0.3385416666666667 0.49722222222222223 0.025 0.03333333333333333
0 0.25625 0.4986111111111111 0.025 0.03333333333333333
0 0.7739583333333333 0.5930555555555556 0.025 0.03333333333333333
0 0.684375 0.5930555555555556 0.025 0.03333333333333333
0 0.5947916666666667 0.5944444444444444 0.025 0.03333333333333333
0 0.50625 0.5944444444444444 0.025 0.03333333333333333
0 0.41770833333333335 0.5958333333333333 0.025 0.03333333333333333
0 0.32916666666666666 0.5972222222222222 0.025 0.03333333333333333
0 0.24166666666666667 0.5972222222222222 0.025 0.03333333333333333
0 0.7927083333333333 0.7069444444444445 0.025 0.03333333333333333
0 0.696875 0.7069444444444445 0.025 0.03333333333333333
0 0.6020833333333333 0.7069444444444445 0.025 0.03333333333333333
0 0.5072916666666667 0.7083333333333334 0.025 0.03333333333333333
0 0.4125 0.7083333333333334 0.025 0.03333333333333333
0 0.31875 0.7097222222222223 0.025 0.03333333333333333
0 0.22604166666666667 0.7097222222222223 0.025 0.03333333333333333