0 0.6833333333333333 0.17777777777777778 0.025 0.03333333333333333
0 0.6166666666666667 0.17777777777777778 0.025 0.03333333333333333
0 0.5489583333333333 0.17777777777777778 0.025 0.03333333333333333
0 0.48125 0.17916666666666667 0.025 0.03333333333333333
0 0.41354166666666664 0.17916666666666667 0.025 0.03333333333333333
0 0.34375 0.17916666666666667 0.025 0.03333333333333333
0 0.27395833333333336 0.17916666666666667 0.025 0.03333333333333333
0 0.6958333333333333 0.24166666666666667 0.025 0.03333333333333333
0 0.6260416666666667 0.24166666666666667 0.025 0.03333333333333333
0 0.5552083333333333 0.24166666666666667 0.025 0.03333333333333333
0 0.484375 0.24305555555555555 0.025 0.03333333333333333
0 0.4125 0.24305555555555555 0.025 0.03333333333333333
0 0.33958333333333335 0.24444444444444444 0.025 0.03333333333333333
0 0.26666666666666666 0.24444444444444444 0.025 0.03333333333333333
0 0.709375 0.3111111111111111 0.025 0.03333333333333333
0 0.6354166666666666 0.3125 0.025 0.03333333333333333
0 0.5614583333333333 0.3125 0.025 0.03333333333333333
0 0.4875 0.3138888888888889 0.025 0.03333333333333333
0 0.4114583333333333 0.31527777777777777 0.025 0.03333333333333333
0 0.33541666666666664 0.31527777777777777 0.025 0.03333333333333333
0 0.25833333333333336 0.31666666666666665 0.025 0.03333333333333333
0 0.7239583333333334 0.3888888888888889 0.025 0.03333333333333333
0 0.646875 0.3902777777777778 0.025 0.03333333333333333
0 0.56875 0.39166666666666666 0.025 0.03333333333333333
0 0.490625 0.39305555555555555 0.025 0.03333333333333333
0 0.4114583333333333 0.39444444444444443 0.025 0.03333333333333333
0 0.3302083333333333 0.3958333333333333 0.025 0.03333333333333333
0 0.24895833333333334 0.3972222222222222 0.025 0.03333333333333333
0 0.740625 0.4736111111111111 0.025 0.03333333333333333
0 0.659375 0.47638888888888886 0.025 0.03333333333333333
0 0.5770833333333333 0.4777777777777778 0.025 0.03333333333333333
0 0.49375 0.48055555555555557 0.025 0.03333333333333333
0 0.41041666666666665 0.48194444444444445 0.025 0.03333333333333333
0 0.325 0.4847222222222222 0.025 0.03333333333333333
0 0.23958333333333334 0.4861111111111111 0.025 0.03333333333333333
0 0.759375 0.5694444444444444 0.025 0.03333333333333333
0 0.6729166666666667 0.5722222222222222 0.025 0.03333333333333333
0 0.5864583333333333 0.575 0.025 0.03333333333333333
0 0.4979166666666667 0.5777777777777777 0.025 0.03333333333333333
0 0.409375 0.5805555555555556 0.025 0.03333333333333333
0 0.31875 0.5833333333333334 0.025 0.03333333333333333
0 0.228125 0.5861111111111111 0.025 0.03333333333333333
0 0.7802083333333333 0.6777777777777778 0.025 0.03333333333333333
0 0.6885416666666667 0.6819444444444445 0.025 0.03333333333333333
0 0.5958333333333333 0.6847222222222222 0.025 0.03333333333333333
0 0.503125 0.6888888888888889 0.025 0.03333333333333333
0 0.4083333333333333 0.6930555555555555 0.025 0.03333333333333333
0 0.31145833333333334 0.6958333333333333 0.025 0.03333333333333333
0 0.21458333333333332 0.7 0.025 0.03333333333333333