0 0.7125 0.18055555555555555 0.025 0.03333333333333333
0 0.64375 0.18333333333333332 0.025 0.03333333333333333
0 0.5760416666666667 0.18611111111111112 0.025 0.03333333333333333
0 0.5083333333333333 0.18888888888888888 0.025 0.03333333333333333
0 0.44166666666666665 0.19027777777777777 0.025 0.03333333333333333
0 0.37604166666666666 0.19305555555555556 0.025 0.03333333333333333
0 0.31145833333333334 0.19583333333333333 0.025 0.03333333333333333
0 0.7208333333333333 0.24444444444444444 0.025 0.03333333333333333
0 0.6479166666666667 0.24722222222222223 0.025 0.03333333333333333
0 0.5770833333333333 0.24861111111111112 0.025 0.03333333333333333
0 0.50625 0.2513888888888889 0.025 0.03333333333333333
0 0.43645833333333334 0.25416666666666665 0.025 0.03333333333333333
0 0.36770833333333336 0.25555555555555554 0.025 0.03333333333333333
0 0.2989583333333333 0.25833333333333336 0.025 0.03333333333333333
0 0.7302083333333333 0.31527777777777777 0.025 0.03333333333333333
0 0.653125 0.31666666666666665 0.025 0.03333333333333333
0 0.578125 0.3194444444444444 0.025 0.03333333333333333
0 0.5041666666666667 0.32083333333333336 0.025 0.03333333333333333
0 0.43020833333333336 0.3236111111111111 0.025 0.03333333333333333
0 0.3572916666666667 0.325 0.025 0.03333333333333333
0 0.28541666666666665 0.3277777777777778 0.025 0.03333333333333333
0 0.740625 0.39444444444444443 0.025 0.03333333333333333
0 0.659375 0.3958333333333333 0.025 0.03333333333333333
0 0.5802083333333333 0.3972222222222222 0.025 0.03333333333333333
0 0.5010416666666667 0.39861111111111114 0.025 0.03333333333333333
0 0.42291666666666666 0.4 0.025 0.03333333333333333
0 0.346875 0.4027777777777778 0.025 0.03333333333333333
0 0.2708333333333333 0.4041666666666667 0.025 0.03333333333333333
0 0.7520833333333333 0.48333333333333334 0.025 0.03333333333333333
0 0.665625 0.48333333333333334 0.025 0.03333333333333333
0 0.58125 0.4847222222222222 0.025 0.03333333333333333
0 0.4979166666666667 0.4861111111111111 0.025 0.03333333333333333
0 0.415625 0.4875 0.025 0.03333333333333333
0 0.334375 0.4888888888888889 0.025 0.03333333333333333
0 0.25416666666666665 0.4888888888888889 0.025 0.03333333333333333
0 0.7645833333333333 0.5833333333333334 0.025 0.03333333333333333
0 0.6739583333333333 0.5833333333333334 0.025 0.03333333333333333
0 0.5833333333333334 0.5833333333333334 0.025 0.03333333333333333
0 0.4947916666666667 0.5847222222222223 0.025 0.03333333333333333
0 0.40729166666666666 0.5847222222222223 0.025 0.03333333333333333
0 0.32083333333333336 0.5847222222222223 0.025 0.03333333333333333
0 0.23645833333333333 0.5861111111111111 0.025 0.03333333333333333
0 0.7802083333333333 0.6972222222222222 0.025 0.03333333333333333
0 0.6822916666666666 0.6972222222222222 0.025 0.03333333333333333
0 0.5854166666666667 0.6958333333333333 0.025 0.03333333333333333
0 0.490625 0.6958333333333333 0.025 0.03333333333333333
0 0.39791666666666664 0.6958333333333333 0.025 0.03333333333333333
0 0.30520833333333336 0.6958333333333333 0.025 0.03333333333333333
0 0.21458333333333332 0.6944444444444444 0.025 0.03333333333333333