0 0.2635416666666667 0.2199074074074074 0.035416666666666666 0.03518518518518519
0 0.3375 0.2175925925925926 0.035416666666666666 0.03518518518518519
0 0.4125 0.21574074074074073 0.035416666666666666 0.03518518518518519
0 0.4864583333333333 0.21342592592592594 0.035416666666666666 0.03518518518518519
0 0.5614583333333333 0.21157407407407408 0.035416666666666666 0.03518518518518519
0 0.6354166666666666 0.20925925925925926 0.035416666666666666 0.03518518518518519
0 0.7104166666666667 0.2074074074074074 0.035416666666666666 0.03518518518518519
0 0.2520833333333333 0.27175925925925926 0.035416666666666666 0.03518518518518519
0 0.3302083333333333 0.26990740740740743 0.035416666666666666 0.03518518518518519
0 0.40729166666666666 0.2675925925925926 0.035416666666666666 0.03518518518518519
0 0.48541666666666666 0.2657407407407407 0.035416666666666666 0.03518518518518519
0 0.5625 0.26342592592592595 0.035416666666666666 0.03518518518518519
0 0.640625 0.26157407407407407 0.035416666666666666 0.03518518518518519
0 0.7177083333333333 0.25925925925925924 0.035416666666666666 0.03518518518518519
0 0.240625 0.32916666666666666 0.035416666666666666 0.03518518518518519
0 0.321875 0.32685185185185184 0.035416666666666666 0.03518518518518519
0 0.40208333333333335 0.325 0.035416666666666666 0.03518518518518519
0 0.48333333333333334 0.32314814814814813 0.035416666666666666 0.03518518518518519
0 0.5645833333333333 0.3199074074074074 0.035416666666666666 0.03518518518518519
0 0.6458333333333334 0.3175925925925926 0.035416666666666666 0.03518518518518519
0 0.7270833333333333 0.31574074074074077 0.035416666666666666 0.03518518518518519
0 0.22708333333333333 0.3907407407407407 0.035416666666666666 0.03518518518518519
0 0.3125 0.38842592592592595 0.035416666666666666 0.03518518518518519
0 0.396875 0.38657407407407407 0.035416666666666666 0.03518518518518519
0 0.48125 0.38425925925925924 0.035416666666666666 0.03518518518518519
0 0.5666666666666667 0.3824074074074074 0.035416666666666666 0.03518518518518519
0 0.6510416666666666 0.3800925925925926 0.035416666666666666 0.03518518518518519
0 0.7354166666666667 0.37824074074074077 0.035416666666666666 0.03518518518518519
0 0.21354166666666666 0.45925925925925926 0.035416666666666666 0.03518518518518519
0 0.3020833333333333 0.4564814814814815 0.035416666666666666 0.03518518518518519
0 0.390625 0.45416666666666666 0.035416666666666666 0.03518518518518519
0 0.4791666666666667 0.45185185185185184 0.035416666666666666 0.03518518518518519
0 0.5677083333333334 0.45 0.035416666666666666 0.03518518518518519
0 0.6572916666666667 0.44814814814814813 0.035416666666666666 0.03518518518518519
0 0.7458333333333333 0.4449074074074074 0.035416666666666666 0.03518518518518519
0 0.19791666666666666 0.5342592592592592 0.035416666666666666 0.03518518518518519
0 0.290625 0.5314814814814814 0.035416666666666666 0.03518518518518519
0 0.384375 0.5291666666666667 0.035416666666666666 0.03518518518518519
0 0.47708333333333336 0.5268518518518519 0.035416666666666666 0.03518518518518519
0 0.5697916666666667 0.524074074074074 0.035416666666666666 0.03518518518518519
0 0.6635416666666667 0.5217592592592593 0.035416666666666666 0.03518518518518519
0 0.7572916666666667 0.5199074074074074 0.035416666666666666 0.03518518518518519
0 0.18020833333333333 0.6166666666666667 0.035416666666666666 0.03518518518518519
0 0.278125 0.6148148148148148 0.035416666666666666 0.03518518518518519
0 0.37604166666666666 0.611574074074074 0.035416666666666666 0.03518518518518519
0 0.475 0.6092592592592593 0.035416666666666666 0.03518518518518519
0 0.5729166666666666 0.6064814814814815 0.035416666666666666 0.03518518518518519
0 0.6708333333333333 0.6041666666666666 0.035416666666666666 0.03518518518518519
0 0.76875 0.6018518518518519 0.035416666666666666 0.03518518518518519