0 0.7239583333333334 0.27824074074074073 0.03333333333333333 0.03333333333333333
0 0.65 0.27824074074074073 0.03333333333333333 0.03333333333333333
0 0.5770833333333333 0.27824074074074073 0.03333333333333333 0.03333333333333333
0 0.5052083333333334 0.2791666666666667 0.03333333333333333 0.03333333333333333
0 0.4322916666666667 0.2791666666666667 0.03333333333333333 0.03333333333333333
0 0.36041666666666666 0.2791666666666667 0.03333333333333333 0.03333333333333333
0 0.2875 0.2791666666666667 0.03333333333333333 0.03333333333333333
0 0.73125 0.3365740740740741 0.03333333333333333 0.03333333333333333
0 0.6552083333333333 0.3375 0.03333333333333333 0.03333333333333333
0 0.5791666666666667 0.3375 0.03333333333333333 0.03333333333333333
0 0.5041666666666667 0.3375 0.03333333333333333 0.03333333333333333
0 0.428125 0.3375 0.03333333333333333 0.03333333333333333
0 0.353125 0.3375 0.03333333333333333 0.03333333333333333
0 0.278125 0.3375 0.03333333333333333 0.03333333333333333
0 0.740625 0.4009259259259259 0.03333333333333333 0.03333333333333333
0 0.6614583333333334 0.4009259259259259 0.03333333333333333 0.03333333333333333
0 0.5822916666666667 0.4009259259259259 0.03333333333333333 0.03333333333333333
0 0.503125 0.4009259259259259 0.03333333333333333 0.03333333333333333
0 0.4239583333333333 0.4009259259259259 0.03333333333333333 0.03333333333333333
0 0.3458333333333333 0.4009259259259259 0.03333333333333333 0.03333333333333333
0 0.2677083333333333 0.4009259259259259 0.03333333333333333 0.03333333333333333
0 0.75 0.4699074074074074 0.03333333333333333 0.03333333333333333
0 0.6666666666666666 0.4699074074074074 0.03333333333333333 0.03333333333333333
0 0.584375 0.4699074074074074 0.03333333333333333 0.03333333333333333
0 0.5020833333333333 0.4699074074074074 0.03333333333333333 0.03333333333333333
0 0.4197916666666667 0.4699074074074074 0.03333333333333333 0.03333333333333333
0 0.3375 0.4699074074074074 0.03333333333333333 0.03333333333333333
0 0.25625 0.4699074074074074 0.03333333333333333 0.03333333333333333
0 0.7604166666666666 0.5458333333333333 0.03333333333333333 0.03333333333333333
0 0.6739583333333333 0.5458333333333333 0.03333333333333333 0.03333333333333333
0 0.5875 0.5458333333333333 0.03333333333333333 0.03333333333333333
0 0.5010416666666667 0.5458333333333333 0.03333333333333333 0.03333333333333333
0 0.41458333333333336 0.5449074074074074 0.03333333333333333 0.03333333333333333
0 0.32916666666666666 0.5449074074074074 0.03333333333333333 0.03333333333333333
0 0.24375 0.5449074074074074 0.03333333333333333 0.03333333333333333
0 0.771875 0.6291666666666667 0.03333333333333333 0.03333333333333333
0 0.68125 0.6291666666666667 0.03333333333333333 0.03333333333333333
0 0.590625 0.6291666666666667 0.03333333333333333 0.03333333333333333
0 0.5 0.6282407407407408 0.03333333333333333 0.03333333333333333
0 0.409375 0.6282407407407408 0.03333333333333333 0.03333333333333333
0 0.31979166666666664 0.6282407407407408 0.03333333333333333 0.03333333333333333
0 0.23020833333333332 0.6268518518518519 0.03333333333333333 0.03333333333333333
0 0.784375 0.7217592592592592 0.03333333333333333 0.03333333333333333
0 0.6885416666666667 0.7208333333333333 0.03333333333333333 0.03333333333333333
0 0.59375 0.7208333333333333 0.03333333333333333 0.03333333333333333
0 0.49895833333333334 0.7199074074074074 0.03333333333333333 0.03333333333333333
0 0.4041666666666667 0.7199074074074074 0.03333333333333333 0.03333333333333333
0 0.309375 0.7185185185185186 0.03333333333333333 0.03333333333333333
0 0.215625 0.7185185185185186 0.03333333333333333 0.03333333333333333