0 0.30625 0.65 0.020833333333333332 0.027777777777777776
0 0.38125 0.6513888888888889 0.020833333333333332 0.027777777777777776
0 0.45729166666666665 0.6513888888888889 0.020833333333333332 0.027777777777777776
0 0.5333333333333333 0.6513888888888889 0.020833333333333332 0.027777777777777776
0 0.6114583333333333 0.6513888888888889 0.020833333333333332 0.027777777777777776
0 0.6895833333333333 0.6527777777777778 0.020833333333333332 0.027777777777777776
0 0.76875 0.6527777777777778 0.020833333333333332 0.027777777777777776
0 0.31666666666666665 0.5638888888888889 0.020833333333333332 0.027777777777777776
0 0.3885416666666667 0.5638888888888889 0.020833333333333332 0.027777777777777776
0 0.46041666666666664 0.5638888888888889 0.020833333333333332 0.027777777777777776
0 0.534375 0.5638888888888889 0.020833333333333332 0.027777777777777776
0 0.6083333333333333 0.5638888888888889 0.020833333333333332 0.027777777777777776
0 0.6822916666666666 0.5638888888888889 0.020833333333333332 0.027777777777777776
0 0.7572916666666667 0.5638888888888889 0.020833333333333332 0.027777777777777776
0 0.32708333333333334 0.4847222222222222 0.020833333333333332 0.027777777777777776
0 0.39479166666666665 0.4847222222222222 0.020833333333333332 0.027777777777777776
0 0.46458333333333335 0.4847222222222222 0.020833333333333332 0.027777777777777776
0 0.534375 0.4847222222222222 0.020833333333333332 0.027777777777777776
0 0.6052083333333333 0.48333333333333334 0.020833333333333332 0.027777777777777776
0 0.6760416666666667 0.48333333333333334 0.020833333333333332 0.027777777777777776
0 0.7479166666666667 0.48333333333333334 0.020833333333333332 0.027777777777777776
0 0.33541666666666664 0.41388888888888886 0.020833333333333332 0.027777777777777776
0 0.4010416666666667 0.4125 0.020833333333333332 0.027777777777777776
0 0.46770833333333334 0.4125 0.020833333333333332 0.027777777777777776
0 0.534375 0.4111111111111111 0.020833333333333332 0.027777777777777776
0 0.6020833333333333 0.4111111111111111 0.020833333333333332 0.027777777777777776
0 0.6697916666666667 0.4097222222222222 0.020833333333333332 0.027777777777777776
0 0.7385416666666667 0.4097222222222222 0.020833333333333332 0.027777777777777776
0 0.34375 0.3472222222222222 0.020833333333333332 0.027777777777777776
0 0.40729166666666666 0.3458333333333333 0.020833333333333332 0.027777777777777776
0 0.4708333333333333 0.3458333333333333 0.020833333333333332 0.027777777777777776
0 0.534375 0.34444444444444444 0.020833333333333332 0.027777777777777776
0 0.5989583333333334 0.34305555555555556 0.020833333333333332 0.027777777777777776
0 0.6645833333333333 0.34305555555555556 0.020833333333333332 0.027777777777777776
0 0.7302083333333333 0.3416666666666667 0.020833333333333332 0.027777777777777776
0 0.35208333333333336 0.2861111111111111 0.020833333333333332 0.027777777777777776
0 0.4125 0.2861111111111111 0.020833333333333332 0.027777777777777776
0 0.4739583333333333 0.2847222222222222 0.020833333333333332 0.027777777777777776
0 0.5354166666666667 0.2833333333333333 0.020833333333333332 0.027777777777777776
0 0.596875 0.28194444444444444 0.020833333333333332 0.027777777777777776
0 0.659375 0.28055555555555556 0.020833333333333332 0.027777777777777776
0 0.7229166666666667 0.2791666666666667 0.020833333333333332 0.027777777777777776
0 0.359375 0.23055555555555557 0.020833333333333332 0.027777777777777776
0 0.41770833333333335 0.22916666666666666 0.020833333333333332 0.027777777777777776
0 0.47604166666666664 0.22777777777777777 0.020833333333333332 0.027777777777777776
0 0.5354166666666667 0.2263888888888889 0.020833333333333332 0.027777777777777776
0 0.5947916666666667 0.225 0.020833333333333332 0.027777777777777776
0 0.6552083333333333 0.22361111111111112 0.020833333333333332 0.027777777777777776
0 0.715625 0.2222222222222222 0.020833333333333332 0.027777777777777776