0 0.7427083333333333 0.2675925925925926 0.03333333333333333 0.03333333333333333
0 0.6666666666666666 0.26342592592592595 0.03333333333333333 0.03333333333333333
0 0.5895833333333333 0.25925925925925924 0.03333333333333333 0.03333333333333333
0 0.509375 0.2550925925925926 0.03333333333333333 0.03333333333333333
0 0.4270833333333333 0.25092592592592594 0.03333333333333333 0.03333333333333333
0 0.34270833333333334 0.24675925925925926 0.03333333333333333 0.03333333333333333
0 0.2552083333333333 0.24259259259259258 0.03333333333333333 0.03333333333333333
0 0.7552083333333334 0.3351851851851852 0.03333333333333333 0.03333333333333333
0 0.678125 0.33240740740740743 0.03333333333333333 0.03333333333333333
0 0.5979166666666667 0.32916666666666666 0.03333333333333333 0.03333333333333333
0 0.515625 0.32592592592592595 0.03333333333333333 0.03333333333333333
0 0.43125 0.32314814814814813 0.03333333333333333 0.03333333333333333
0 0.34375 0.3199074074074074 0.03333333333333333 0.03333333333333333
0 0.25416666666666665 0.31574074074074077 0.03333333333333333 0.03333333333333333
0 0.76875 0.4074074074074074 0.03333333333333333 0.03333333333333333
0 0.6895833333333333 0.4050925925925926 0.03333333333333333 0.03333333333333333
0 0.6072916666666667 0.40324074074074073 0.03333333333333333 0.03333333333333333
0 0.5229166666666667 0.4009259259259259 0.03333333333333333 0.03333333333333333
0 0.4354166666666667 0.3990740740740741 0.03333333333333333 0.03333333333333333
0 0.3458333333333333 0.39675925925925926 0.03333333333333333 0.03333333333333333
0 0.253125 0.39490740740740743 0.03333333333333333 0.03333333333333333
0 0.7833333333333333 0.4842592592592593 0.03333333333333333 0.03333333333333333
0 0.7010416666666667 0.48333333333333334 0.03333333333333333 0.03333333333333333
0 0.6166666666666667 0.4824074074074074 0.03333333333333333 0.03333333333333333
0 0.5302083333333333 0.48148148148148145 0.03333333333333333 0.03333333333333333
0 0.440625 0.48009259259259257 0.03333333333333333 0.03333333333333333
0 0.34791666666666665 0.4791666666666667 0.03333333333333333 0.03333333333333333
0 0.2520833333333333 0.47824074074074074 0.03333333333333333 0.03333333333333333
0 0.7979166666666667 0.5657407407407408 0.03333333333333333 0.03333333333333333
0 0.7135416666666666 0.5657407407407408 0.03333333333333333 0.03333333333333333
0 0.6270833333333333 0.5657407407407408 0.03333333333333333 0.03333333333333333
0 0.5375 0.5666666666666667 0.03333333333333333 0.03333333333333333
0 0.44479166666666664 0.5666666666666667 0.03333333333333333 0.03333333333333333
0 0.3489583333333333 0.5666666666666667 0.03333333333333333 0.03333333333333333
0 0.25 0.5675925925925925 0.03333333333333333 0.03333333333333333
0 0.8145833333333333 0.6509259259259259 0.03333333333333333 0.03333333333333333
0 0.728125 0.6532407407407408 0.03333333333333333 0.03333333333333333
0 0.6385416666666667 0.6550925925925926 0.03333333333333333 0.03333333333333333
0 0.5458333333333333 0.6574074074074074 0.03333333333333333 0.03333333333333333
0 0.45 0.6592592592592592 0.03333333333333333 0.03333333333333333
0 0.35104166666666664 0.6601851851851852 0.03333333333333333 0.03333333333333333
0 0.24895833333333334 0.6625 0.03333333333333333 0.03333333333333333
0 0.83125 0.7435185185185185 0.03333333333333333 0.03333333333333333
0 0.7427083333333333 0.7467592592592592 0.03333333333333333 0.03333333333333333
0 0.65 0.75 0.03333333333333333 0.03333333333333333
0 0.5552083333333333 0.7541666666666667 0.03333333333333333 0.03333333333333333
0 0.45625 0.7574074074074074 0.03333333333333333 0.03333333333333333
0 0.353125 0.7615740740740741 0.03333333333333333 0.03333333333333333
0 0.246875 0.7657407407407407 0.03333333333333333 0.03333333333333333