0 0.7072916666666667 0.19305555555555556 0.025 0.03333333333333333
0 0.6385416666666667 0.19583333333333333 0.025 0.03333333333333333
0 0.5697916666666667 0.19722222222222222 0.025 0.03333333333333333
0 0.5020833333333333 0.2 0.025 0.03333333333333333
0 0.434375 0.20277777777777778 0.025 0.03333333333333333
0 0.36770833333333336 0.20416666666666666 0.025 0.03333333333333333
0 0.30104166666666665 0.20694444444444443 0.025 0.03333333333333333
0 0.7177083333333333 0.25833333333333336 0.025 0.03333333333333333
0 0.6458333333333334 0.2611111111111111 0.025 0.03333333333333333
0 0.5739583333333333 0.2625 0.025 0.03333333333333333
0 0.503125 0.2652777777777778 0.025 0.03333333333333333
0 0.4322916666666667 0.26666666666666666 0.025 0.03333333333333333
0 0.3614583333333333 0.26944444444444443 0.025 0.03333333333333333
0 0.2916666666666667 0.2708333333333333 0.025 0.03333333333333333
0 0.7291666666666666 0.33055555555555555 0.025 0.03333333333333333
0 0.653125 0.33194444444444443 0.025 0.03333333333333333
0 0.578125 0.3347222222222222 0.025 0.03333333333333333
0 0.503125 0.33611111111111114 0.025 0.03333333333333333
0 0.42916666666666664 0.3388888888888889 0.025 0.03333333333333333
0 0.35520833333333335 0.3402777777777778 0.025 0.03333333333333333
0 0.28125 0.34305555555555556 0.025 0.03333333333333333
0 0.7416666666666667 0.4097222222222222 0.025 0.03333333333333333
0 0.6625 0.4111111111111111 0.025 0.03333333333333333
0 0.5822916666666667 0.41388888888888886 0.025 0.03333333333333333
0 0.5041666666666667 0.4152777777777778 0.025 0.03333333333333333
0 0.42604166666666665 0.41805555555555557 0.025 0.03333333333333333
0 0.34791666666666665 0.41944444444444445 0.025 0.03333333333333333
0 0.2708333333333333 0.42083333333333334 0.025 0.03333333333333333
0 0.75625 0.4986111111111111 0.025 0.03333333333333333
0 0.671875 0.5 0.025 0.03333333333333333
0 0.5875 0.5013888888888889 0.025 0.03333333333333333
0 0.5041666666666667 0.5041666666666667 0.025 0.03333333333333333
0 0.421875 0.5055555555555555 0.025 0.03333333333333333
0 0.33958333333333335 0.5069444444444444 0.025 0.03333333333333333
0 0.25833333333333336 0.5083333333333333 0.025 0.03333333333333333
0 0.771875 0.5972222222222222 0.025 0.03333333333333333
0 0.6822916666666666 0.5986111111111111 0.025 0.03333333333333333
0 0.59375 0.6 0.025 0.03333333333333333
0 0.5052083333333334 0.6027777777777777 0.025 0.03333333333333333
0 0.41770833333333335 0.6041666666666666 0.025 0.03333333333333333
0 0.3302083333333333 0.6055555555555555 0.025 0.03333333333333333
0 0.24375 0.6069444444444444 0.025 0.03333333333333333
0 0.7895833333333333 0.7097222222222223 0.025 0.03333333333333333
0 0.6947916666666667 0.7111111111111111 0.025 0.03333333333333333
0 0.6 0.7125 0.025 0.03333333333333333
0 0.50625 0.7138888888888889 0.025 0.03333333333333333
0 0.41354166666666664 0.7138888888888889 0.025 0.03333333333333333
0 0.32083333333333336 0.7152777777777778 0.025 0.03333333333333333
0 0.22916666666666666 0.7166666666666667 0.025 0.03333333333333333