0 0.30625 0.37777777777777777 0.01875 0.025
0 0.30104166666666665 0.44166666666666665 0.01875 0.025
0 0.29583333333333334 0.5083333333333333 0.01875 0.025
0 0.290625 0.5791666666666667 0.01875 0.025
0 0.284375 0.6541666666666667 0.01875 0.025
0 0.278125 0.7347222222222223 0.01875 0.025
0 0.2708333333333333 0.8194444444444444 0.01875 0.025
0 0.3697916666666667 0.37916666666666665 0.01875 0.025
0 0.36666666666666664 0.44305555555555554 0.01875 0.025
0 0.3625 0.5097222222222222 0.01875 0.025
0 0.359375 0.5805555555555556 0.01875 0.025
0 0.35520833333333335 0.6555555555555556 0.01875 0.025
0 0.35104166666666664 0.7347222222222223 0.01875 0.025
0 0.346875 0.8194444444444444 0.01875 0.025
0 0.43333333333333335 0.38055555555555554 0.01875 0.025
0 0.43125 0.4444444444444444 0.01875 0.025
0 0.43020833333333336 0.5111111111111111 0.01875 0.025
0 0.428125 0.5819444444444445 0.01875 0.025
0 0.42604166666666665 0.6569444444444444 0.01875 0.025
0 0.4239583333333333 0.7361111111111112 0.01875 0.025
0 0.421875 0.8208333333333333 0.01875 0.025
0 0.496875 0.3819444444444444 0.01875 0.025
0 0.496875 0.4444444444444444 0.01875 0.025
0 0.496875 0.5125 0.01875 0.025
0 0.496875 0.5833333333333334 0.01875 0.025
0 0.496875 0.6583333333333333 0.01875 0.025
0 0.496875 0.7375 0.01875 0.025
0 0.496875 0.8222222222222222 0.01875 0.025
0 0.559375 0.3819444444444444 0.01875 0.025
0 0.5614583333333333 0.44583333333333336 0.01875 0.025
0 0.5635416666666667 0.5125 0.01875 0.025
0 0.565625 0.5833333333333334 0.01875 0.025
0 0.5677083333333334 0.6583333333333333 0.01875 0.025
0 0.5697916666666667 0.7388888888888889 0.01875 0.025
0 0.571875 0.8236111111111111 0.01875 0.025
0 0.6229166666666667 0.38333333333333336 0.01875 0.025
0 0.6270833333333333 0.44722222222222224 0.01875 0.025
0 0.6302083333333334 0.5138888888888888 0.01875 0.025
0 0.634375 0.5847222222222223 0.01875 0.025
0 0.6385416666666667 0.6597222222222222 0.01875 0.025
0 0.6427083333333333 0.7402777777777778 0.01875 0.025
0 0.6479166666666667 0.825 0.01875 0.025
0 0.6864583333333333 0.38472222222222224 0.01875 0.025
0 0.6916666666666667 0.44722222222222224 0.01875 0.025
0 0.696875 0.5152777777777777 0.01875 0.025
0 0.703125 0.5861111111111111 0.01875 0.025
0 0.709375 0.6611111111111111 0.01875 0.025
0 0.715625 0.7402777777777778 0.01875 0.025
0 0.7229166666666667 0.8263888888888888 0.01875 0.025