0 0.7020833333333333 0.18333333333333332 0.025 0.03333333333333333
0 0.6354166666666666 0.18611111111111112 0.025 0.03333333333333333
0 0.5697916666666667 0.1875 0.025 0.03333333333333333
0 0.503125 0.18888888888888888 0.025 0.03333333333333333
0 0.43645833333333334 0.19027777777777777 0.025 0.03333333333333333
0 0.3697916666666667 0.19166666666666668 0.025 0.03333333333333333
0 0.303125 0.19305555555555556 0.025 0.03333333333333333
0 0.7135416666666666 0.24583333333333332 0.025 0.03333333333333333
0 0.64375 0.24861111111111112 0.025 0.03333333333333333
0 0.575 0.25 0.025 0.03333333333333333
0 0.5052083333333334 0.2513888888888889 0.025 0.03333333333333333
0 0.4354166666666667 0.25277777777777777 0.025 0.03333333333333333
0 0.365625 0.25555555555555554 0.025 0.03333333333333333
0 0.29583333333333334 0.2569444444444444 0.025 0.03333333333333333
0 0.7260416666666667 0.31527777777777777 0.025 0.03333333333333333
0 0.653125 0.31666666666666665 0.025 0.03333333333333333
0 0.5802083333333333 0.3194444444444444 0.025 0.03333333333333333
0 0.5072916666666667 0.32083333333333336 0.025 0.03333333333333333
0 0.43333333333333335 0.32222222222222224 0.025 0.03333333333333333
0 0.36041666666666666 0.325 0.025 0.03333333333333333
0 0.2864583333333333 0.3263888888888889 0.025 0.03333333333333333
0 0.740625 0.39166666666666666 0.025 0.03333333333333333
0 0.6635416666666667 0.39305555555555555 0.025 0.03333333333333333
0 0.5864583333333333 0.3958333333333333 0.025 0.03333333333333333
0 0.509375 0.3972222222222222 0.025 0.03333333333333333
0 0.4322916666666667 0.4 0.025 0.03333333333333333
0 0.35520833333333335 0.4013888888888889 0.025 0.03333333333333333
0 0.27708333333333335 0.4027777777777778 0.025 0.03333333333333333
0 0.75625 0.47638888888888886 0.025 0.03333333333333333
0 0.675 0.4777777777777778 0.025 0.03333333333333333
0 0.59375 0.48055555555555557 0.025 0.03333333333333333
0 0.5114583333333333 0.48333333333333334 0.025 0.03333333333333333
0 0.43020833333333336 0.4847222222222222 0.025 0.03333333333333333
0 0.34791666666666665 0.4875 0.025 0.03333333333333333
0 0.26666666666666666 0.4888888888888889 0.025 0.03333333333333333
0 0.7739583333333333 0.5708333333333333 0.025 0.03333333333333333
0 0.6875 0.5736111111111111 0.025 0.03333333333333333
0 0.6010416666666667 0.5763888888888888 0.025 0.03333333333333333
0 0.5145833333333333 0.5791666666666667 0.025 0.03333333333333333
0 0.428125 0.5805555555555556 0.025 0.03333333333333333
0 0.3416666666666667 0.5833333333333334 0.025 0.03333333333333333
0 0.25416666666666665 0.5861111111111111 0.025 0.03333333333333333
0 0.79375 0.6791666666666667 0.025 0.03333333333333333
0 0.7020833333333333 0.6819444444444445 0.025 0.03333333333333333
0 0.6104166666666667 0.6847222222222222 0.025 0.03333333333333333
0 0.5177083333333333 0.6875 0.025 0.03333333333333333
0 0.42604166666666665 0.6902777777777778 0.025 0.03333333333333333
0 0.3333333333333333 0.6930555555555555 0.025 0.03333333333333333
0 0.240625 0.6944444444444444 0.025 0.03333333333333333