0 0.2947916666666667 0.6513888888888889 0.020833333333333332 0.027777777777777776
0 0.371875 0.65 0.020833333333333332 0.027777777777777776
0 0.44895833333333335 0.6486111111111111 0.020833333333333332 0.027777777777777776
0 0.5270833333333333 0.6472222222222223 0.020833333333333332 0.027777777777777776
0 0.60625 0.6458333333333334 0.020833333333333332 0.027777777777777776
0 0.6854166666666667 0.6430555555555556 0.020833333333333332 0.027777777777777776
0 0.765625 0.6416666666666667 0.020833333333333332 0.027777777777777776
0 0.30416666666666664 0.5611111111111111 0.020833333333333332 0.027777777777777776
0 0.3770833333333333 0.5597222222222222 0.020833333333333332 0.027777777777777776
0 0.45208333333333334 0.5569444444444445 0.020833333333333332 0.027777777777777776
0 0.5260416666666666 0.5555555555555556 0.020833333333333332 0.027777777777777776
0 0.6010416666666667 0.5541666666666667 0.020833333333333332 0.027777777777777776
0 0.6770833333333334 0.5513888888888889 0.020833333333333332 0.027777777777777776
0 0.753125 0.55 0.020833333333333332 0.027777777777777776
0 0.3125 0.4791666666666667 0.020833333333333332 0.027777777777777776
0 0.38333333333333336 0.47638888888888886 0.020833333333333332 0.027777777777777776
0 0.45416666666666666 0.475 0.020833333333333332 0.027777777777777776
0 0.525 0.4722222222222222 0.020833333333333332 0.027777777777777776
0 0.596875 0.4708333333333333 0.020833333333333332 0.027777777777777776
0 0.66875 0.46805555555555556 0.020833333333333332 0.027777777777777776
0 0.7416666666666667 0.4666666666666667 0.020833333333333332 0.027777777777777776
0 0.32083333333333336 0.4041666666666667 0.020833333333333332 0.027777777777777776
0 0.3885416666666667 0.4013888888888889 0.020833333333333332 0.027777777777777776
0 0.45625 0.39861111111111114 0.020833333333333332 0.027777777777777776
0 0.5239583333333333 0.3972222222222222 0.020833333333333332 0.027777777777777776
0 0.5927083333333333 0.39444444444444443 0.020833333333333332 0.027777777777777776
0 0.6625 0.39166666666666666 0.020833333333333332 0.027777777777777776
0 0.73125 0.3902777777777778 0.020833333333333332 0.027777777777777776
0 0.328125 0.3347222222222222 0.020833333333333332 0.027777777777777776
0 0.3927083333333333 0.33194444444444443 0.020833333333333332 0.027777777777777776
0 0.4583333333333333 0.32916666666666666 0.020833333333333332 0.027777777777777776
0 0.5229166666666667 0.3263888888888889 0.020833333333333332 0.027777777777777776
0 0.5895833333333333 0.325 0.020833333333333332 0.027777777777777776
0 0.6552083333333333 0.32222222222222224 0.020833333333333332 0.027777777777777776
0 0.721875 0.3194444444444444 0.020833333333333332 0.027777777777777776
0 0.33541666666666664 0.2708333333333333 0.020833333333333332 0.027777777777777776
0 0.396875 0.26805555555555555 0.020833333333333332 0.027777777777777776
0 0.459375 0.2652777777777778 0.020833333333333332 0.027777777777777776
0 0.5229166666666667 0.2625 0.020833333333333332 0.027777777777777776
0 0.5854166666666667 0.25972222222222224 0.020833333333333332 0.027777777777777776
0 0.6489583333333333 0.25833333333333336 0.020833333333333332 0.027777777777777776
0 0.7135416666666666 0.25555555555555554 0.020833333333333332 0.027777777777777776
0 0.3416666666666667 0.2111111111111111 0.020833333333333332 0.027777777777777776
0 0.4010416666666667 0.20833333333333334 0.020833333333333332 0.027777777777777776
0 0.46145833333333336 0.20694444444444443 0.020833333333333332 0.027777777777777776
0 0.521875 0.20416666666666666 0.020833333333333332 0.027777777777777776
0 0.5822916666666667 0.2013888888888889 0.020833333333333332 0.027777777777777776
0 0.64375 0.1986111111111111 0.020833333333333332 0.027777777777777776
0 0.7052083333333333 0.19583333333333333 0.020833333333333332 0.027777777777777776