0 0.7197916666666667 0.20324074074074075 0.03125 0.03148148148148148
0 0.6364583333333333 0.2050925925925926 0.03125 0.03148148148148148
0 0.5552083333333333 0.2064814814814815 0.03125 0.03148148148148148
0 0.47708333333333336 0.20833333333333334 0.03125 0.03148148148148148
0 0.4 0.2101851851851852 0.03125 0.03148148148148148
0 0.3260416666666667 0.2125 0.03125 0.03148148148148148
0 0.253125 0.21342592592592594 0.03125 0.03148148148148148
0 0.71875 0.27175925925925926 0.03125 0.03148148148148148
0 0.6322916666666667 0.27314814814814814 0.03125 0.03148148148148148
0 0.5489583333333333 0.2740740740740741 0.03125 0.03148148148148148
0 0.46875 0.275 0.03125 0.03148148148148148
0 0.38958333333333334 0.2759259259259259 0.03125 0.03148148148148148
0 0.31354166666666666 0.27685185185185185 0.03125 0.03148148148148148
0 0.23958333333333334 0.27824074074074073 0.03125 0.03148148148148148
0 0.7166666666666667 0.3458333333333333 0.03125 0.03148148148148148
0 0.6291666666666667 0.3458333333333333 0.03125 0.03148148148148148
0 0.5427083333333333 0.3458333333333333 0.03125 0.03148148148148148
0 0.459375 0.3458333333333333 0.03125 0.03148148148148148
0 0.37916666666666665 0.3458333333333333 0.03125 0.03148148148148148
0 0.3 0.3458333333333333 0.03125 0.03148148148148148
0 0.22395833333333334 0.3458333333333333 0.03125 0.03148148148148148
0 0.715625 0.42407407407407405 0.03125 0.03148148148148148
0 0.6239583333333333 0.42314814814814816 0.03125 0.03148148148148148
0 0.5364583333333334 0.4217592592592593 0.03125 0.03148148148148148
0 0.45 0.42083333333333334 0.03125 0.03148148148148148
0 0.36770833333333336 0.4199074074074074 0.03125 0.03148148148148148
0 0.2864583333333333 0.4185185185185185 0.03125 0.03148148148148148
0 0.20833333333333334 0.41759259259259257 0.03125 0.03148148148148148
0 0.7145833333333333 0.5083333333333333 0.03125 0.03148148148148148
0 0.6197916666666666 0.5050925925925925 0.03125 0.03148148148148148
0 0.5291666666666667 0.5032407407407408 0.03125 0.03148148148148148
0 0.440625 0.5 0.03125 0.03148148148148148
0 0.35520833333333335 0.4981481481481482 0.03125 0.03148148148148148
0 0.271875 0.49583333333333335 0.03125 0.03148148148148148
0 0.190625 0.4935185185185185 0.03125 0.03148148148148148
0 0.7125 0.5981481481481481 0.03125 0.03148148148148148
0 0.615625 0.5935185185185186 0.03125 0.03148148148148148
0 0.5208333333333334 0.5898148148148148 0.03125 0.03148148148148148
0 0.43020833333333336 0.5851851851851851 0.03125 0.03148148148148148
0 0.3416666666666667 0.5814814814814815 0.03125 0.03148148148148148
0 0.25625 0.5782407407407407 0.03125 0.03148148148148148
0 0.17291666666666666 0.5740740740740741 0.03125 0.03148148148148148
0 0.7104166666666667 0.6935185185185185 0.03125 0.03148148148148148
0 0.6104166666666667 0.6875 0.03125 0.03148148148148148
0 0.5125 0.6824074074074075 0.03125 0.03148148148148148
0 0.41875 0.6759259259259259 0.03125 0.03148148148148148
0 0.32708333333333334 0.6708333333333333 0.03125 0.03148148148148148
0 0.23958333333333334 0.6657407407407407 0.03125 0.03148148148148148
0 0.15416666666666667 0.6601851851851852 0.03125 0.03148148148148148