0 0.3104166666666667 0.6472222222222223 0.020833333333333332 0.027777777777777776
0 0.38645833333333335 0.6472222222222223 0.020833333333333332 0.027777777777777776
0 0.4625 0.6472222222222223 0.020833333333333332 0.027777777777777776
0 0.5385416666666667 0.6472222222222223 0.020833333333333332 0.027777777777777776
0 0.615625 0.6458333333333334 0.020833333333333332 0.027777777777777776
0 0.6927083333333334 0.6458333333333334 0.020833333333333332 0.027777777777777776
0 0.7708333333333334 0.6458333333333334 0.020833333333333332 0.027777777777777776
0 0.31979166666666664 0.5611111111111111 0.020833333333333332 0.027777777777777776
0 0.3927083333333333 0.5611111111111111 0.020833333333333332 0.027777777777777776
0 0.465625 0.5597222222222222 0.020833333333333332 0.027777777777777776
0 0.5385416666666667 0.5597222222222222 0.020833333333333332 0.027777777777777776
0 0.6114583333333333 0.5597222222222222 0.020833333333333332 0.027777777777777776
0 0.6854166666666667 0.5583333333333333 0.020833333333333332 0.027777777777777776
0 0.7583333333333333 0.5583333333333333 0.020833333333333332 0.027777777777777776
0 0.32916666666666666 0.48194444444444445 0.020833333333333332 0.027777777777777776
0 0.39791666666666664 0.48194444444444445 0.020833333333333332 0.027777777777777776
0 0.46770833333333334 0.48055555555555557 0.020833333333333332 0.027777777777777776
0 0.5375 0.48055555555555557 0.020833333333333332 0.027777777777777776
0 0.6072916666666667 0.48055555555555557 0.020833333333333332 0.027777777777777776
0 0.678125 0.4791666666666667 0.020833333333333332 0.027777777777777776
0 0.7479166666666667 0.4791666666666667 0.020833333333333332 0.027777777777777776
0 0.3375 0.4097222222222222 0.020833333333333332 0.027777777777777776
0 0.4041666666666667 0.4097222222222222 0.020833333333333332 0.027777777777777776
0 0.46979166666666666 0.4083333333333333 0.020833333333333332 0.027777777777777776
0 0.5364583333333334 0.4083333333333333 0.020833333333333332 0.027777777777777776
0 0.6041666666666666 0.40694444444444444 0.020833333333333332 0.027777777777777776
0 0.6708333333333333 0.40694444444444444 0.020833333333333332 0.027777777777777776
0 0.7385416666666667 0.40555555555555556 0.020833333333333332 0.027777777777777776
0 0.34479166666666666 0.34444444444444444 0.020833333333333332 0.027777777777777776
0 0.4083333333333333 0.34305555555555556 0.020833333333333332 0.027777777777777776
0 0.47291666666666665 0.34305555555555556 0.020833333333333332 0.027777777777777776
0 0.5364583333333334 0.3416666666666667 0.020833333333333332 0.027777777777777776
0 0.6010416666666667 0.3416666666666667 0.020833333333333332 0.027777777777777776
0 0.6645833333333333 0.3402777777777778 0.020833333333333332 0.027777777777777776
0 0.7302083333333333 0.3388888888888889 0.020833333333333332 0.027777777777777776
0 0.35208333333333336 0.2833333333333333 0.020833333333333332 0.027777777777777776
0 0.41354166666666664 0.28194444444444444 0.020833333333333332 0.027777777777777776
0 0.4739583333333333 0.28194444444444444 0.020833333333333332 0.027777777777777776
0 0.5354166666666667 0.28055555555555556 0.020833333333333332 0.027777777777777776
0 0.5979166666666667 0.2791666666666667 0.020833333333333332 0.027777777777777776
0 0.659375 0.2791666666666667 0.020833333333333332 0.027777777777777776
0 0.721875 0.2777777777777778 0.020833333333333332 0.027777777777777776
0 0.35833333333333334 0.2263888888888889 0.020833333333333332 0.027777777777777776
0 0.41770833333333335 0.2263888888888889 0.020833333333333332 0.027777777777777776
0 0.47604166666666664 0.225 0.020833333333333332 0.027777777777777776
0 0.5354166666666667 0.22361111111111112 0.020833333333333332 0.027777777777777776
0 0.5947916666666667 0.22361111111111112 0.020833333333333332 0.027777777777777776
0 0.6541666666666667 0.2222222222222222 0.020833333333333332 0.027777777777777776
0 0.7145833333333333 0.22083333333333333 0.020833333333333332 0.027777777777777776