0 0.803125 0.14675925925925926 0.020833333333333332 0.03518518518518519
0 0.7302083333333333 0.1486111111111111 0.020833333333333332 0.03518518518518519
0 0.6572916666666667 0.1486111111111111 0.020833333333333332 0.03518518518518519
0 0.5854166666666667 0.15046296296296297 0.020833333333333332 0.03518518518518519
0 0.5135416666666667 0.15046296296296297 0.020833333333333332 0.03518518518518519
0 0.44166666666666665 0.15231481481481482 0.020833333333333332 0.03518518518518519
0 0.3697916666666667 0.15231481481481482 0.020833333333333332 0.03518518518518519
0 0.8041666666666667 0.2273148148148148 0.020833333333333332 0.03518518518518519
0 0.728125 0.22916666666666666 0.020833333333333332 0.03518518518518519
0 0.6520833333333333 0.22916666666666666 0.020833333333333332 0.03518518518518519
0 0.5770833333333333 0.22916666666666666 0.020833333333333332 0.03518518518518519
0 0.5020833333333333 0.23055555555555557 0.020833333333333332 0.03518518518518519
0 0.4270833333333333 0.23055555555555557 0.020833333333333332 0.03518518518518519
0 0.353125 0.2324074074074074 0.020833333333333332 0.03518518518518519
0 0.8041666666666667 0.3148148148148148 0.020833333333333332 0.03518518518518519
0 0.725 0.3148148148148148 0.020833333333333332 0.03518518518518519
0 0.6458333333333334 0.3148148148148148 0.020833333333333332 0.03518518518518519
0 0.5677083333333334 0.3162037037037037 0.020833333333333332 0.03518518518518519
0 0.4895833333333333 0.3162037037037037 0.020833333333333332 0.03518518518518519
0 0.4125 0.3162037037037037 0.020833333333333332 0.03518518518518519
0 0.33541666666666664 0.31805555555555554 0.020833333333333332 0.03518518518518519
0 0.8041666666666667 0.40925925925925927 0.020833333333333332 0.03518518518518519
0 0.721875 0.40925925925925927 0.020833333333333332 0.03518518518518519
0 0.6395833333333333 0.40925925925925927 0.020833333333333332 0.03518518518518519
0 0.5583333333333333 0.40925925925925927 0.020833333333333332 0.03518518518518519
0 0.47708333333333336 0.40925925925925927 0.020833333333333332 0.03518518518518519
0 0.396875 0.41064814814814815 0.020833333333333332 0.03518518518518519
0 0.31666666666666665 0.41064814814814815 0.020833333333333332 0.03518518518518519
0 0.8041666666666667 0.5120370370370371 0.020833333333333332 0.03518518518518519
0 0.7177083333333333 0.5120370370370371 0.020833333333333332 0.03518518518518519
0 0.6322916666666667 0.5120370370370371 0.020833333333333332 0.03518518518518519
0 0.5479166666666667 0.5120370370370371 0.020833333333333332 0.03518518518518519
0 0.4625 0.5106481481481482 0.020833333333333332 0.03518518518518519
0 0.37916666666666665 0.5106481481481482 0.020833333333333332 0.03518518518518519
0 0.2947916666666667 0.5106481481481482 0.020833333333333332 0.03518518518518519
0 0.8041666666666667 0.6240740740740741 0.020833333333333332 0.03518518518518519
0 0.7145833333333333 0.6240740740740741 0.020833333333333332 0.03518518518518519
0 0.625 0.6222222222222222 0.020833333333333332 0.03518518518518519
0 0.5354166666666667 0.6222222222222222 0.020833333333333332 0.03518518518518519
0 0.4479166666666667 0.6222222222222222 0.020833333333333332 0.03518518518518519
0 0.359375 0.6222222222222222 0.020833333333333332 0.03518518518518519
0 0.271875 0.6208333333333333 0.020833333333333332 0.03518518518518519
0 0.8052083333333333 0.7462962962962963 0.020833333333333332 0.03518518518518519
0 0.7104166666666667 0.7462962962962963 0.020833333333333332 0.03518518518518519
0 0.6166666666666667 0.7449074074074075 0.020833333333333332 0.03518518518518519
0 0.5229166666666667 0.7449074074074075 0.020833333333333332 0.03518518518518519
0 0.43020833333333336 0.7430555555555556 0.020833333333333332 0.03518518518518519
0 0.3385416666666667 0.7430555555555556 0.020833333333333332 0.03518518518518519
0 0.246875 0.7412037037037037 0.020833333333333332 0.03518518518518519