0 0.7010416666666667 0.12916666666666668 0.022916666666666665 0.03425925925925926
0 0.6260416666666667 0.12777777777777777 0.022916666666666665 0.03425925925925926
0 0.5510416666666667 0.12638888888888888 0.022916666666666665 0.03425925925925926
0 0.475 0.12638888888888888 0.022916666666666665 0.03425925925925926
0 0.39895833333333336 0.12453703703703704 0.022916666666666665 0.03425925925925926
0 0.3229166666666667 0.12314814814814815 0.022916666666666665 0.03425925925925926
0 0.24583333333333332 0.12314814814814815 0.022916666666666665 0.03425925925925926
0 0.7114583333333333 0.20555555555555555 0.022916666666666665 0.03425925925925926
0 0.634375 0.20555555555555555 0.022916666666666665 0.03425925925925926
0 0.55625 0.20416666666666666 0.022916666666666665 0.03425925925925926
0 0.478125 0.20416666666666666 0.022916666666666665 0.03425925925925926
0 0.39895833333333336 0.2023148148148148 0.022916666666666665 0.03425925925925926
0 0.31979166666666664 0.2023148148148148 0.022916666666666665 0.03425925925925926
0 0.240625 0.20092592592592592 0.022916666666666665 0.03425925925925926
0 0.7229166666666667 0.2898148148148148 0.022916666666666665 0.03425925925925926
0 0.6427083333333333 0.2898148148148148 0.022916666666666665 0.03425925925925926
0 0.5614583333333333 0.287962962962963 0.022916666666666665 0.03425925925925926
0 0.48020833333333335 0.287962962962963 0.022916666666666665 0.03425925925925926
0 0.39895833333333336 0.2865740740740741 0.022916666666666665 0.03425925925925926
0 0.31666666666666665 0.2865740740740741 0.022916666666666665 0.03425925925925926
0 0.234375 0.2865740740740741 0.022916666666666665 0.03425925925925926
0 0.7354166666666667 0.3800925925925926 0.022916666666666665 0.03425925925925926
0 0.6520833333333333 0.3787037037037037 0.022916666666666665 0.03425925925925926
0 0.5677083333333334 0.3787037037037037 0.022916666666666665 0.03425925925925926
0 0.48333333333333334 0.3787037037037037 0.022916666666666665 0.03425925925925926
0 0.39895833333333336 0.3787037037037037 0.022916666666666665 0.03425925925925926
0 0.31354166666666666 0.3768518518518518 0.022916666666666665 0.03425925925925926
0 0.22708333333333333 0.3768518518518518 0.022916666666666665 0.03425925925925926
0 0.7489583333333333 0.47685185185185186 0.022916666666666665 0.03425925925925926
0 0.6614583333333334 0.47685185185185186 0.022916666666666665 0.03425925925925926
0 0.575 0.47685185185185186 0.022916666666666665 0.03425925925925926
0 0.4864583333333333 0.47685185185185186 0.022916666666666665 0.03425925925925926
0 0.39895833333333336 0.47685185185185186 0.022916666666666665 0.03425925925925926
0 0.309375 0.47685185185185186 0.022916666666666665 0.03425925925925926
0 0.21979166666666666 0.47685185185185186 0.022916666666666665 0.03425925925925926
0 0.7635416666666667 0.5824074074074074 0.022916666666666665 0.03425925925925926
0 0.6729166666666667 0.5824074074074074 0.022916666666666665 0.03425925925925926
0 0.5822916666666667 0.5824074074074074 0.022916666666666665 0.03425925925925926
0 0.490625 0.5824074074074074 0.022916666666666665 0.03425925925925926
0 0.39791666666666664 0.5824074074074074 0.022916666666666665 0.03425925925925926
0 0.30520833333333336 0.5824074074074074 0.022916666666666665 0.03425925925925926
0 0.2125 0.5842592592592593 0.022916666666666665 0.03425925925925926
0 0.7791666666666667 0.6962962962962963 0.022916666666666665 0.03425925925925926
0 0.684375 0.6962962962962963 0.022916666666666665 0.03425925925925926
0 0.5895833333333333 0.6976851851851852 0.022916666666666665 0.03425925925925926
0 0.4947916666666667 0.6976851851851852 0.022916666666666665 0.03425925925925926
0 0.39791666666666664 0.6995370370370371 0.022916666666666665 0.03425925925925926
0 0.30104166666666665 0.6995370370370371 0.022916666666666665 0.03425925925925926
0 0.20416666666666666 0.700925925925926 0.022916666666666665 0.03425925925925926