0 0.2520833333333333 0.24166666666666667 0.035416666666666666 0.03518518518518519
0 0.32916666666666666 0.24166666666666667 0.035416666666666666 0.03518518518518519
0 0.40520833333333334 0.24074074074074073 0.035416666666666666 0.03518518518518519
0 0.48125 0.24074074074074073 0.035416666666666666 0.03518518518518519
0 0.5572916666666666 0.23981481481481481 0.035416666666666666 0.03518518518518519
0 0.6333333333333333 0.23981481481481481 0.035416666666666666 0.03518518518518519
0 0.709375 0.23842592592592593 0.035416666666666666 0.03518518518518519
0 0.24375 0.2967592592592593 0.035416666666666666 0.03518518518518519
0 0.3229166666666667 0.29583333333333334 0.035416666666666666 0.03518518518518519
0 0.403125 0.2949074074074074 0.035416666666666666 0.03518518518518519
0 0.4822916666666667 0.2949074074074074 0.035416666666666666 0.03518518518518519
0 0.5614583333333333 0.2935185185185185 0.035416666666666666 0.03518518518518519
0 0.640625 0.2935185185185185 0.035416666666666666 0.03518518518518519
0 0.71875 0.29259259259259257 0.035416666666666666 0.03518518518518519
0 0.234375 0.35509259259259257 0.035416666666666666 0.03518518518518519
0 0.3177083333333333 0.3541666666666667 0.035416666666666666 0.03518518518518519
0 0.4 0.3541666666666667 0.035416666666666666 0.03518518518518519
0 0.48333333333333334 0.35324074074074074 0.035416666666666666 0.03518518518518519
0 0.565625 0.35185185185185186 0.035416666666666666 0.03518518518518519
0 0.6479166666666667 0.35185185185185186 0.035416666666666666 0.03518518518518519
0 0.7302083333333333 0.3509259259259259 0.035416666666666666 0.03518518518518519
0 0.225 0.4185185185185185 0.035416666666666666 0.03518518518518519
0 0.31145833333333334 0.4185185185185185 0.035416666666666666 0.03518518518518519
0 0.39791666666666664 0.41759259259259257 0.035416666666666666 0.03518518518518519
0 0.48333333333333334 0.4166666666666667 0.035416666666666666 0.03518518518518519
0 0.5697916666666667 0.4166666666666667 0.035416666666666666 0.03518518518518519
0 0.6552083333333333 0.41574074074074074 0.035416666666666666 0.03518518518518519
0 0.7416666666666667 0.4148148148148148 0.035416666666666666 0.03518518518518519
0 0.21354166666666666 0.48842592592592593 0.035416666666666666 0.03518518518518519
0 0.30416666666666664 0.48842592592592593 0.035416666666666666 0.03518518518518519
0 0.39479166666666665 0.4875 0.035416666666666666 0.03518518518518519
0 0.484375 0.48657407407407405 0.035416666666666666 0.03518518518518519
0 0.575 0.48518518518518516 0.035416666666666666 0.03518518518518519
0 0.6645833333333333 0.4842592592592593 0.035416666666666666 0.03518518518518519
0 0.7541666666666667 0.4842592592592593 0.035416666666666666 0.03518518518518519
0 0.20208333333333334 0.5657407407407408 0.035416666666666666 0.03518518518518519
0 0.296875 0.5648148148148148 0.035416666666666666 0.03518518518518519
0 0.39166666666666666 0.5634259259259259 0.035416666666666666 0.03518518518518519
0 0.48541666666666666 0.5625 0.035416666666666666 0.03518518518518519
0 0.5802083333333333 0.5615740740740741 0.035416666666666666 0.03518518518518519
0 0.6739583333333333 0.5601851851851852 0.035416666666666666 0.03518518518518519
0 0.7677083333333333 0.5601851851851852 0.035416666666666666 0.03518518518518519
0 0.18854166666666666 0.65 0.035416666666666666 0.03518518518518519
0 0.28854166666666664 0.649074074074074 0.035416666666666666 0.03518518518518519
0 0.3875 0.6481481481481481 0.035416666666666666 0.03518518518518519
0 0.4864583333333333 0.6467592592592593 0.035416666666666666 0.03518518518518519
0 0.5854166666666667 0.6458333333333334 0.035416666666666666 0.03518518518518519
0 0.684375 0.6449074074074074 0.035416666666666666 0.03518518518518519
0 0.7833333333333333 0.6435185185185185 0.035416666666666666 0.03518518518518519