0 0.24791666666666667 0.19490740740740742 0.035416666666666666 0.03518518518518519
0 0.328125 0.1925925925925926 0.035416666666666666 0.03518518518518519
0 0.40729166666666666 0.19074074074074074 0.035416666666666666 0.03518518518518519
0 0.4864583333333333 0.1875 0.035416666666666666 0.03518518518518519
0 0.565625 0.18518518518518517 0.035416666666666666 0.03518518518518519
0 0.64375 0.18333333333333332 0.035416666666666666 0.03518518518518519
0 0.7229166666666667 0.1814814814814815 0.035416666666666666 0.03518518518518519
0 0.240625 0.2518518518518518 0.035416666666666666 0.03518518518518519
0 0.3229166666666667 0.2490740740740741 0.035416666666666666 0.03518518518518519
0 0.40625 0.24675925925925926 0.035416666666666666 0.03518518518518519
0 0.48854166666666665 0.2449074074074074 0.035416666666666666 0.03518518518518519
0 0.5697916666666667 0.24166666666666667 0.035416666666666666 0.03518518518518519
0 0.6520833333333333 0.23981481481481481 0.035416666666666666 0.03518518518518519
0 0.734375 0.2375 0.035416666666666666 0.03518518518518519
0 0.23229166666666667 0.31342592592592594 0.035416666666666666 0.03518518518518519
0 0.31875 0.3101851851851852 0.035416666666666666 0.03518518518518519
0 0.4041666666666667 0.30833333333333335 0.035416666666666666 0.03518518518518519
0 0.490625 0.30648148148148147 0.035416666666666666 0.03518518518518519
0 0.5760416666666667 0.30324074074074076 0.035416666666666666 0.03518518518518519
0 0.6614583333333334 0.30092592592592593 0.035416666666666666 0.03518518518518519
0 0.746875 0.29814814814814816 0.035416666666666666 0.03518518518518519
0 0.22395833333333334 0.3800925925925926 0.035416666666666666 0.03518518518518519
0 0.31354166666666666 0.37824074074074077 0.035416666666666666 0.03518518518518519
0 0.403125 0.375 0.035416666666666666 0.03518518518518519
0 0.49270833333333336 0.37175925925925923 0.035416666666666666 0.03518518518518519
0 0.58125 0.3699074074074074 0.035416666666666666 0.03518518518518519
0 0.6708333333333333 0.36666666666666664 0.035416666666666666 0.03518518518518519
0 0.7604166666666666 0.3648148148148148 0.035416666666666666 0.03518518518518519
0 0.21354166666666666 0.45416666666666666 0.035416666666666666 0.03518518518518519
0 0.3072916666666667 0.45092592592592595 0.035416666666666666 0.03518518518518519
0 0.4010416666666667 0.44814814814814813 0.035416666666666666 0.03518518518518519
0 0.4947916666666667 0.4449074074074074 0.035416666666666666 0.03518518518518519
0 0.5885416666666666 0.44166666666666665 0.035416666666666666 0.03518518518518519
0 0.68125 0.4398148148148148 0.035416666666666666 0.03518518518518519
0 0.775 0.43657407407407406 0.035416666666666666 0.03518518518518519
0 0.203125 0.5342592592592592 0.035416666666666666 0.03518518518518519
0 0.30104166666666665 0.5314814814814814 0.035416666666666666 0.03518518518518519
0 0.39895833333333336 0.5282407407407408 0.035416666666666666 0.03518518518518519
0 0.4979166666666667 0.525 0.035416666666666666 0.03518518518518519
0 0.5947916666666667 0.5217592592592593 0.035416666666666666 0.03518518518518519
0 0.6927083333333334 0.5185185185185185 0.035416666666666666 0.03518518518518519
0 0.790625 0.5157407407407407 0.035416666666666666 0.03518518518518519
0 0.19166666666666668 0.6217592592592592 0.035416666666666666 0.03518518518518519
0 0.2947916666666667 0.6185185185185185 0.035416666666666666 0.03518518518518519
0 0.39791666666666664 0.6157407407407407 0.035416666666666666 0.03518518518518519
0 0.5 0.611574074074074 0.035416666666666666 0.03518518518518519
0 0.603125 0.6083333333333333 0.035416666666666666 0.03518518518518519
0 0.7052083333333333 0.6050925925925926 0.035416666666666666 0.03518518518518519
0 0.8083333333333333 0.6018518518518519 0.035416666666666666 0.03518518518518519