0 0.29583333333333334 0.18703703703703703 0.01875 0.03333333333333333
0 0.28958333333333336 0.26851851851851855 0.01875 0.03333333333333333
0 0.284375 0.35555555555555557 0.01875 0.03333333333333333
0 0.27708333333333335 0.45 0.01875 0.03333333333333333
0 0.26979166666666665 0.5518518518518518 0.01875 0.03333333333333333
0 0.2625 0.662962962962963 0.01875 0.03333333333333333
0 0.25416666666666665 0.7851851851851852 0.01875 0.03333333333333333
0 0.35625 0.18703703703703703 0.01875 0.03333333333333333
0 0.35208333333333336 0.26851851851851855 0.01875 0.03333333333333333
0 0.3489583333333333 0.35555555555555557 0.01875 0.03333333333333333
0 0.34479166666666666 0.45 0.01875 0.03333333333333333
0 0.340625 0.5518518518518518 0.01875 0.03333333333333333
0 0.33541666666666664 0.662962962962963 0.01875 0.03333333333333333
0 0.3302083333333333 0.7833333333333333 0.01875 0.03333333333333333
0 0.415625 0.18888888888888888 0.01875 0.03333333333333333
0 0.41458333333333336 0.26851851851851855 0.01875 0.03333333333333333
0 0.41354166666666664 0.35555555555555557 0.01875 0.03333333333333333
0 0.4114583333333333 0.45 0.01875 0.03333333333333333
0 0.41041666666666665 0.5518518518518518 0.01875 0.03333333333333333
0 0.4083333333333333 0.662962962962963 0.01875 0.03333333333333333
0 0.40625 0.7814814814814814 0.01875 0.03333333333333333
0 0.47604166666666664 0.18888888888888888 0.01875 0.03333333333333333
0 0.47708333333333336 0.27037037037037037 0.01875 0.03333333333333333
0 0.478125 0.3574074074074074 0.01875 0.03333333333333333
0 0.4791666666666667 0.45 0.01875 0.03333333333333333
0 0.48020833333333335 0.5518518518518518 0.01875 0.03333333333333333
0 0.48125 0.6611111111111111 0.01875 0.03333333333333333
0 0.4822916666666667 0.7814814814814814 0.01875 0.03333333333333333
0 0.5354166666666667 0.18888888888888888 0.01875 0.03333333333333333
0 0.5385416666666667 0.27037037037037037 0.01875 0.03333333333333333
0 0.5416666666666666 0.3574074074074074 0.01875 0.03333333333333333
0 0.5447916666666667 0.45 0.01875 0.03333333333333333
0 0.5489583333333333 0.5518518518518518 0.01875 0.03333333333333333
0 0.553125 0.6611111111111111 0.01875 0.03333333333333333
0 0.5572916666666666 0.7796296296296297 0.01875 0.03333333333333333
0 0.5947916666666667 0.19074074074074074 0.01875 0.03333333333333333
0 0.6 0.27037037037037037 0.01875 0.03333333333333333
0 0.6052083333333333 0.3574074074074074 0.01875 0.03333333333333333
0 0.6114583333333333 0.45 0.01875 0.03333333333333333
0 0.6177083333333333 0.5518518518518518 0.01875 0.03333333333333333
0 0.625 0.6611111111111111 0.01875 0.03333333333333333
0 0.6322916666666667 0.7796296296296297 0.01875 0.03333333333333333
0 0.653125 0.19074074074074074 0.01875 0.03333333333333333
0 0.6604166666666667 0.27037037037037037 0.01875 0.03333333333333333
0 0.66875 0.3574074074074074 0.01875 0.03333333333333333
0 0.6770833333333334 0.45 0.01875 0.03333333333333333
0 0.6864583333333333 0.55 0.01875 0.03333333333333333
0 0.6958333333333333 0.6592592592592592 0.01875 0.03333333333333333
0 0.7072916666666667 0.7777777777777778 0.01875 0.03333333333333333