0 0.2989583333333333 0.6444444444444445 0.020833333333333332 0.027777777777777776
0 0.37604166666666666 0.6444444444444445 0.020833333333333332 0.027777777777777776
0 0.45416666666666666 0.6444444444444445 0.020833333333333332 0.027777777777777776
0 0.5322916666666667 0.6444444444444445 0.020833333333333332 0.027777777777777776
0 0.6114583333333333 0.6444444444444445 0.020833333333333332 0.027777777777777776
0 0.6916666666666667 0.6444444444444445 0.020833333333333332 0.027777777777777776
0 0.771875 0.6430555555555556 0.020833333333333332 0.027777777777777776
0 0.309375 0.5555555555555556 0.020833333333333332 0.027777777777777776
0 0.38229166666666664 0.5555555555555556 0.020833333333333332 0.027777777777777776
0 0.45625 0.5555555555555556 0.020833333333333332 0.027777777777777776
0 0.53125 0.5541666666666667 0.020833333333333332 0.027777777777777776
0 0.60625 0.5541666666666667 0.020833333333333332 0.027777777777777776
0 0.6822916666666666 0.5527777777777778 0.020833333333333332 0.027777777777777776
0 0.759375 0.5527777777777778 0.020833333333333332 0.027777777777777776
0 0.3177083333333333 0.475 0.020833333333333332 0.027777777777777776
0 0.3885416666666667 0.475 0.020833333333333332 0.027777777777777776
0 0.459375 0.4736111111111111 0.020833333333333332 0.027777777777777776
0 0.5302083333333333 0.4722222222222222 0.020833333333333332 0.027777777777777776
0 0.6020833333333333 0.4722222222222222 0.020833333333333332 0.027777777777777776
0 0.675 0.4708333333333333 0.020833333333333332 0.027777777777777776
0 0.7479166666666667 0.46944444444444444 0.020833333333333332 0.027777777777777776
0 0.3260416666666667 0.4013888888888889 0.020833333333333332 0.027777777777777776
0 0.39375 0.4 0.020833333333333332 0.027777777777777776
0 0.46145833333333336 0.39861111111111114 0.020833333333333332 0.027777777777777776
0 0.5291666666666667 0.39861111111111114 0.020833333333333332 0.027777777777777776
0 0.5979166666666667 0.3972222222222222 0.020833333333333332 0.027777777777777776
0 0.6677083333333333 0.3958333333333333 0.020833333333333332 0.027777777777777776
0 0.7375 0.39444444444444443 0.020833333333333332 0.027777777777777776
0 0.334375 0.3333333333333333 0.020833333333333332 0.027777777777777776
0 0.39895833333333336 0.33194444444444443 0.020833333333333332 0.027777777777777776
0 0.4635416666666667 0.33055555555555555 0.020833333333333332 0.027777777777777776
0 0.5291666666666667 0.32916666666666666 0.020833333333333332 0.027777777777777776
0 0.5947916666666667 0.3277777777777778 0.020833333333333332 0.027777777777777776
0 0.6614583333333334 0.3263888888888889 0.020833333333333332 0.027777777777777776
0 0.728125 0.3263888888888889 0.020833333333333332 0.027777777777777776
0 0.340625 0.2708333333333333 0.020833333333333332 0.027777777777777776
0 0.403125 0.26944444444444443 0.020833333333333332 0.027777777777777776
0 0.465625 0.26805555555555555 0.020833333333333332 0.027777777777777776
0 0.528125 0.26666666666666666 0.020833333333333332 0.027777777777777776
0 0.5916666666666667 0.2652777777777778 0.020833333333333332 0.027777777777777776
0 0.6552083333333333 0.2638888888888889 0.020833333333333332 0.027777777777777776
0 0.71875 0.2625 0.020833333333333332 0.027777777777777776
0 0.34791666666666665 0.21388888888888888 0.020833333333333332 0.027777777777777776
0 0.40729166666666666 0.2125 0.020833333333333332 0.027777777777777776
0 0.4666666666666667 0.20972222222222223 0.020833333333333332 0.027777777777777776
0 0.5270833333333333 0.20833333333333334 0.020833333333333332 0.027777777777777776
0 0.5885416666666666 0.20694444444444443 0.020833333333333332 0.027777777777777776
0 0.65 0.20555555555555555 0.020833333333333332 0.027777777777777776
0 0.7114583333333333 0.20416666666666666 0.020833333333333332 0.027777777777777776