0 0.734375 0.1537037037037037 0.020833333333333332 0.03518518518518519
0 0.6614583333333334 0.1537037037037037 0.020833333333333332 0.03518518518518519
0 0.5885416666666666 0.1537037037037037 0.020833333333333332 0.03518518518518519
0 0.5166666666666667 0.1537037037037037 0.020833333333333332 0.03518518518518519
0 0.44479166666666664 0.1537037037037037 0.020833333333333332 0.03518518518518519
0 0.3729166666666667 0.1537037037037037 0.020833333333333332 0.03518518518518519
0 0.30104166666666665 0.1537037037037037 0.020833333333333332 0.03518518518518519
0 0.7427083333333333 0.23425925925925925 0.020833333333333332 0.03518518518518519
0 0.6666666666666666 0.23425925925925925 0.020833333333333332 0.03518518518518519
0 0.5916666666666667 0.2324074074074074 0.020833333333333332 0.03518518518518519
0 0.515625 0.2324074074074074 0.020833333333333332 0.03518518518518519
0 0.44166666666666665 0.2324074074074074 0.020833333333333332 0.03518518518518519
0 0.36666666666666664 0.2324074074074074 0.020833333333333332 0.03518518518518519
0 0.29270833333333335 0.2324074074074074 0.020833333333333332 0.03518518518518519
0 0.7510416666666667 0.3199074074074074 0.020833333333333332 0.03518518518518519
0 0.6729166666666667 0.3199074074074074 0.020833333333333332 0.03518518518518519
0 0.59375 0.3199074074074074 0.020833333333333332 0.03518518518518519
0 0.515625 0.31805555555555554 0.020833333333333332 0.03518518518518519
0 0.4375 0.31805555555555554 0.020833333333333332 0.03518518518518519
0 0.36041666666666666 0.31805555555555554 0.020833333333333332 0.03518518518518519
0 0.2833333333333333 0.31805555555555554 0.020833333333333332 0.03518518518518519
0 0.7604166666666666 0.41435185185185186 0.020833333333333332 0.03518518518518519
0 0.6791666666666667 0.41435185185185186 0.020833333333333332 0.03518518518518519
0 0.596875 0.4125 0.020833333333333332 0.03518518518518519
0 0.515625 0.4125 0.020833333333333332 0.03518518518518519
0 0.434375 0.41064814814814815 0.020833333333333332 0.03518518518518519
0 0.353125 0.41064814814814815 0.020833333333333332 0.03518518518518519
0 0.27291666666666664 0.40925925925925927 0.020833333333333332 0.03518518518518519
0 0.7708333333333334 0.5157407407407407 0.020833333333333332 0.03518518518518519
0 0.6854166666666667 0.5157407407407407 0.020833333333333332 0.03518518518518519
0 0.6 0.5138888888888888 0.020833333333333332 0.03518518518518519
0 0.5145833333333333 0.5138888888888888 0.020833333333333332 0.03518518518518519
0 0.43020833333333336 0.5120370370370371 0.020833333333333332 0.03518518518518519
0 0.3458333333333333 0.5120370370370371 0.020833333333333332 0.03518518518518519
0 0.26145833333333335 0.5106481481481482 0.020833333333333332 0.03518518518518519
0 0.7822916666666667 0.6277777777777778 0.020833333333333332 0.03518518518518519
0 0.6927083333333334 0.6259259259259259 0.020833333333333332 0.03518518518518519
0 0.603125 0.6259259259259259 0.020833333333333332 0.03518518518518519
0 0.5145833333333333 0.6240740740740741 0.020833333333333332 0.03518518518518519
0 0.42604166666666665 0.6222222222222222 0.020833333333333332 0.03518518518518519
0 0.3375 0.6222222222222222 0.020833333333333332 0.03518518518518519
0 0.25 0.6208333333333333 0.020833333333333332 0.03518518518518519
0 0.7947916666666667 0.75 0.020833333333333332 0.03518518518518519
0 0.7010416666666667 0.7481481481481481 0.020833333333333332 0.03518518518518519
0 0.6072916666666667 0.7462962962962963 0.020833333333333332 0.03518518518518519
0 0.5135416666666667 0.7449074074074075 0.020833333333333332 0.03518518518518519
0 0.42083333333333334 0.7430555555555556 0.020833333333333332 0.03518518518518519
0 0.328125 0.7430555555555556 0.020833333333333332 0.03518518518518519
0 0.23645833333333333 0.7412037037037037 0.020833333333333332 0.03518518518518519