0 0.7010416666666667 0.1337962962962963 0.022916666666666665 0.03425925925925926
0 0.6270833333333333 0.13240740740740742 0.022916666666666665 0.03425925925925926
0 0.553125 0.1310185185185185 0.022916666666666665 0.03425925925925926
0 0.478125 0.12916666666666668 0.022916666666666665 0.03425925925925926
0 0.40208333333333335 0.12638888888888888 0.022916666666666665 0.03425925925925926
0 0.3260416666666667 0.12453703703703704 0.022916666666666665 0.03425925925925926
0 0.24895833333333334 0.12314814814814815 0.022916666666666665 0.03425925925925926
0 0.7114583333333333 0.21203703703703702 0.022916666666666665 0.03425925925925926
0 0.6354166666666666 0.2101851851851852 0.022916666666666665 0.03425925925925926
0 0.5583333333333333 0.20879629629629629 0.022916666666666665 0.03425925925925926
0 0.48020833333333335 0.20555555555555555 0.022916666666666665 0.03425925925925926
0 0.40208333333333335 0.20416666666666666 0.022916666666666665 0.03425925925925926
0 0.3229166666666667 0.2023148148148148 0.022916666666666665 0.03425925925925926
0 0.24270833333333333 0.20092592592592592 0.022916666666666665 0.03425925925925926
0 0.7229166666666667 0.29444444444444445 0.022916666666666665 0.03425925925925926
0 0.64375 0.29305555555555557 0.022916666666666665 0.03425925925925926
0 0.5635416666666667 0.2912037037037037 0.022916666666666665 0.03425925925925926
0 0.48333333333333334 0.2898148148148148 0.022916666666666665 0.03425925925925926
0 0.40208333333333335 0.287962962962963 0.022916666666666665 0.03425925925925926
0 0.31979166666666664 0.2865740740740741 0.022916666666666665 0.03425925925925926
0 0.23645833333333333 0.2851851851851852 0.022916666666666665 0.03425925925925926
0 0.7354166666666667 0.38333333333333336 0.022916666666666665 0.03425925925925926
0 0.653125 0.3814814814814815 0.022916666666666665 0.03425925925925926
0 0.5697916666666667 0.3800925925925926 0.022916666666666665 0.03425925925925926
0 0.4864583333333333 0.3800925925925926 0.022916666666666665 0.03425925925925926
0 0.4010416666666667 0.3787037037037037 0.022916666666666665 0.03425925925925926
0 0.315625 0.3768518518518518 0.022916666666666665 0.03425925925925926
0 0.23020833333333332 0.3768518518518518 0.022916666666666665 0.03425925925925926
0 0.7489583333333333 0.47962962962962963 0.022916666666666665 0.03425925925925926
0 0.6625 0.47824074074074074 0.022916666666666665 0.03425925925925926
0 0.5760416666666667 0.47824074074074074 0.022916666666666665 0.03425925925925926
0 0.4895833333333333 0.47685185185185186 0.022916666666666665 0.03425925925925926
0 0.4010416666666667 0.47685185185185186 0.022916666666666665 0.03425925925925926
0 0.3125 0.475 0.022916666666666665 0.03425925925925926
0 0.22291666666666668 0.475 0.022916666666666665 0.03425925925925926
0 0.7635416666666667 0.5842592592592593 0.022916666666666665 0.03425925925925926
0 0.6739583333333333 0.5824074074074074 0.022916666666666665 0.03425925925925926
0 0.5833333333333334 0.5824074074074074 0.022916666666666665 0.03425925925925926
0 0.49270833333333336 0.5824074074074074 0.022916666666666665 0.03425925925925926
0 0.4010416666666667 0.5824074074074074 0.022916666666666665 0.03425925925925926
0 0.30833333333333335 0.5824074074074074 0.022916666666666665 0.03425925925925926
0 0.21458333333333332 0.5824074074074074 0.022916666666666665 0.03425925925925926
0 0.7791666666666667 0.6976851851851852 0.022916666666666665 0.03425925925925926
0 0.6854166666666667 0.6976851851851852 0.022916666666666665 0.03425925925925926
0 0.5916666666666667 0.6976851851851852 0.022916666666666665 0.03425925925925926
0 0.496875 0.6976851851851852 0.022916666666666665 0.03425925925925926
0 0.4010416666666667 0.6976851851851852 0.022916666666666665 0.03425925925925926
0 0.30416666666666664 0.6976851851851852 0.022916666666666665 0.03425925925925926
0 0.20625 0.6995370370370371 0.022916666666666665 0.03425925925925926