0 0.221875 0.775 0.03125 0.03148148148148148
0 0.3104166666666667 0.774074074074074 0.03125 0.03148148148148148
0 0.39895833333333336 0.7731481481481481 0.03125 0.03148148148148148
0 0.4875 0.7717592592592593 0.03125 0.03148148148148148
0 0.5760416666666667 0.7708333333333334 0.03125 0.03148148148148148
0 0.6645833333333333 0.7699074074074074 0.03125 0.03148148148148148
0 0.7520833333333333 0.7685185185185185 0.03125 0.03148148148148148
0 0.23229166666666667 0.6842592592592592 0.03125 0.03148148148148148
0 0.31666666666666665 0.6833333333333333 0.03125 0.03148148148148148
0 0.40208333333333335 0.6824074074074075 0.03125 0.03148148148148148
0 0.4864583333333333 0.6814814814814815 0.03125 0.03148148148148148
0 0.5708333333333333 0.6800925925925926 0.03125 0.03148148148148148
0 0.6552083333333333 0.6791666666666667 0.03125 0.03148148148148148
0 0.7395833333333334 0.6782407407407407 0.03125 0.03148148148148148
0 0.24166666666666667 0.600925925925926 0.03125 0.03148148148148148
0 0.3229166666666667 0.6 0.03125 0.03148148148148148
0 0.4041666666666667 0.5990740740740741 0.03125 0.03148148148148148
0 0.48541666666666666 0.5981481481481481 0.03125 0.03148148148148148
0 0.5666666666666667 0.5967592592592592 0.03125 0.03148148148148148
0 0.6479166666666667 0.5958333333333333 0.03125 0.03148148148148148
0 0.728125 0.5949074074074074 0.03125 0.03148148148148148
0 0.25 0.524074074074074 0.03125 0.03148148148148148
0 0.328125 0.5231481481481481 0.03125 0.03148148148148148
0 0.40625 0.5217592592592593 0.03125 0.03148148148148148
0 0.484375 0.5208333333333334 0.03125 0.03148148148148148
0 0.5625 0.5199074074074074 0.03125 0.03148148148148148
0 0.640625 0.5199074074074074 0.03125 0.03148148148148148
0 0.7177083333333333 0.5185185185185185 0.03125 0.03148148148148148
0 0.25833333333333336 0.4532407407407407 0.03125 0.03148148148148148
0 0.3333333333333333 0.45185185185185184 0.03125 0.03148148148148148
0 0.4083333333333333 0.45092592592592595 0.03125 0.03148148148148148
0 0.48333333333333334 0.45 0.03125 0.03148148148148148
0 0.5583333333333333 0.44907407407407407 0.03125 0.03148148148148148
0 0.6333333333333333 0.44907407407407407 0.03125 0.03148148148148148
0 0.7083333333333334 0.44814814814814813 0.03125 0.03148148148148148
0 0.265625 0.3875 0.03125 0.03148148148148148
0 0.3385416666666667 0.38657407407407407 0.03125 0.03148148148148148
0 0.41041666666666665 0.3851851851851852 0.03125 0.03148148148148148
0 0.4822916666666667 0.38425925925925924 0.03125 0.03148148148148148
0 0.5552083333333333 0.38333333333333336 0.03125 0.03148148148148148
0 0.6270833333333333 0.38333333333333336 0.03125 0.03148148148148148
0 0.6989583333333333 0.3824074074074074 0.03125 0.03148148148148148
0 0.27291666666666664 0.32592592592592595 0.03125 0.03148148148148148
0 0.34270833333333334 0.325 0.03125 0.03148148148148148
0 0.4125 0.32407407407407407 0.03125 0.03148148148148148
0 0.4822916666666667 0.32314814814814813 0.03125 0.03148148148148148
0 0.5520833333333334 0.32314814814814813 0.03125 0.03148148148148148
0 0.621875 0.32175925925925924 0.03125 0.03148148148148148
0 0.690625 0.32083333333333336 0.03125 0.03148148148148148