0 0.33229166666666665 0.39166666666666666 0.01875 0.025
0 0.32708333333333334 0.45 0.01875 0.025
0 0.321875 0.5111111111111111 0.01875 0.025
0 0.31666666666666665 0.5763888888888888 0.01875 0.025
0 0.3104166666666667 0.6444444444444445 0.01875 0.025
0 0.30416666666666664 0.7166666666666667 0.01875 0.025
0 0.29791666666666666 0.7944444444444444 0.01875 0.025
0 0.39479166666666665 0.39305555555555555 0.01875 0.025
0 0.390625 0.4513888888888889 0.01875 0.025
0 0.3875 0.5125 0.01875 0.025
0 0.384375 0.5763888888888888 0.01875 0.025
0 0.3802083333333333 0.6458333333333334 0.01875 0.025
0 0.37604166666666666 0.7180555555555556 0.01875 0.025
0 0.371875 0.7958333333333333 0.01875 0.025
0 0.45625 0.39444444444444443 0.01875 0.025
0 0.45416666666666666 0.4527777777777778 0.01875 0.025
0 0.453125 0.5138888888888888 0.01875 0.025
0 0.4510416666666667 0.5777777777777777 0.01875 0.025
0 0.44895833333333335 0.6472222222222223 0.01875 0.025
0 0.4479166666666667 0.7194444444444444 0.01875 0.025
0 0.44583333333333336 0.7972222222222223 0.01875 0.025
0 0.5177083333333333 0.3958333333333333 0.01875 0.025
0 0.5177083333333333 0.45416666666666666 0.01875 0.025
0 0.51875 0.5152777777777777 0.01875 0.025
0 0.51875 0.5791666666666667 0.01875 0.025
0 0.51875 0.6486111111111111 0.01875 0.025
0 0.51875 0.7208333333333333 0.01875 0.025
0 0.51875 0.7986111111111112 0.01875 0.025
0 0.5791666666666667 0.3972222222222222 0.01875 0.025
0 0.58125 0.45555555555555555 0.01875 0.025
0 0.5833333333333334 0.5152777777777777 0.01875 0.025
0 0.5854166666666667 0.5805555555555556 0.01875 0.025
0 0.5875 0.6486111111111111 0.01875 0.025
0 0.590625 0.7222222222222222 0.01875 0.025
0 0.5927083333333333 0.8 0.01875 0.025
0 0.6416666666666667 0.39861111111111114 0.01875 0.025
0 0.6447916666666667 0.45555555555555555 0.01875 0.025
0 0.6489583333333333 0.5166666666666667 0.01875 0.025
0 0.653125 0.5819444444444445 0.01875 0.025
0 0.6572916666666667 0.65 0.01875 0.025
0 0.6614583333333334 0.7236111111111111 0.01875 0.025
0 0.6666666666666666 0.8013888888888889 0.01875 0.025
0 0.703125 0.4 0.01875 0.025
0 0.7083333333333334 0.45694444444444443 0.01875 0.025
0 0.7135416666666666 0.5180555555555556 0.01875 0.025
0 0.7197916666666667 0.5833333333333334 0.01875 0.025
0 0.7260416666666667 0.6513888888888889 0.01875 0.025
0 0.7333333333333333 0.725 0.01875 0.025
0 0.740625 0.8027777777777778 0.01875 0.025