0 0.29583333333333334 0.65 0.020833333333333332 0.027777777777777776
0 0.3729166666666667 0.6472222222222223 0.020833333333333332 0.027777777777777776
0 0.4510416666666667 0.6458333333333334 0.020833333333333332 0.027777777777777776
0 0.5302083333333333 0.6430555555555556 0.020833333333333332 0.027777777777777776
0 0.609375 0.6416666666666667 0.020833333333333332 0.027777777777777776
0 0.6895833333333333 0.6388888888888888 0.020833333333333332 0.027777777777777776
0 0.7708333333333334 0.6375 0.020833333333333332 0.027777777777777776
0 0.30520833333333336 0.5597222222222222 0.020833333333333332 0.027777777777777776
0 0.37916666666666665 0.5583333333333333 0.020833333333333332 0.027777777777777776
0 0.45416666666666666 0.5555555555555556 0.020833333333333332 0.027777777777777776
0 0.5291666666666667 0.5527777777777778 0.020833333333333332 0.027777777777777776
0 0.6052083333333333 0.5513888888888889 0.020833333333333332 0.027777777777777776
0 0.68125 0.5486111111111112 0.020833333333333332 0.027777777777777776
0 0.7583333333333333 0.5458333333333333 0.020833333333333332 0.027777777777777776
0 0.3145833333333333 0.4777777777777778 0.020833333333333332 0.027777777777777776
0 0.3854166666666667 0.47638888888888886 0.020833333333333332 0.027777777777777776
0 0.45625 0.4736111111111111 0.020833333333333332 0.027777777777777776
0 0.528125 0.4708333333333333 0.020833333333333332 0.027777777777777776
0 0.6 0.46805555555555556 0.020833333333333332 0.027777777777777776
0 0.6729166666666667 0.4652777777777778 0.020833333333333332 0.027777777777777776
0 0.7458333333333333 0.4638888888888889 0.020833333333333332 0.027777777777777776
0 0.3229166666666667 0.4041666666666667 0.020833333333333332 0.027777777777777776
0 0.390625 0.4013888888888889 0.020833333333333332 0.027777777777777776
0 0.4583333333333333 0.39861111111111114 0.020833333333333332 0.027777777777777776
0 0.5270833333333333 0.3958333333333333 0.020833333333333332 0.027777777777777776
0 0.5958333333333333 0.39305555555555555 0.020833333333333332 0.027777777777777776
0 0.665625 0.3902777777777778 0.020833333333333332 0.027777777777777776
0 0.7354166666666667 0.3875 0.020833333333333332 0.027777777777777776
0 0.3302083333333333 0.33611111111111114 0.020833333333333332 0.027777777777777776
0 0.39479166666666665 0.3333333333333333 0.020833333333333332 0.027777777777777776
0 0.46041666666666664 0.33055555555555555 0.020833333333333332 0.027777777777777776
0 0.5260416666666666 0.3277777777777778 0.020833333333333332 0.027777777777777776
0 0.5916666666666667 0.325 0.020833333333333332 0.027777777777777776
0 0.6583333333333333 0.32222222222222224 0.020833333333333332 0.027777777777777776
0 0.7260416666666667 0.3194444444444444 0.020833333333333332 0.027777777777777776
0 0.33645833333333336 0.2722222222222222 0.020833333333333332 0.027777777777777776
0 0.39895833333333336 0.26944444444444443 0.020833333333333332 0.027777777777777776
0 0.46145833333333336 0.26666666666666666 0.020833333333333332 0.027777777777777776
0 0.525 0.2638888888888889 0.020833333333333332 0.027777777777777776
0 0.5885416666666666 0.2611111111111111 0.020833333333333332 0.027777777777777776
0 0.6520833333333333 0.25833333333333336 0.020833333333333332 0.027777777777777776
0 0.7166666666666667 0.25555555555555554 0.020833333333333332 0.027777777777777776
0 0.34375 0.21388888888888888 0.020833333333333332 0.027777777777777776
0 0.403125 0.2111111111111111 0.020833333333333332 0.027777777777777776
0 0.4635416666666667 0.20833333333333334 0.020833333333333332 0.027777777777777776
0 0.5239583333333333 0.20555555555555555 0.020833333333333332 0.027777777777777776
0 0.5854166666666667 0.20277777777777778 0.020833333333333332 0.027777777777777776
0 0.646875 0.2 0.020833333333333332 0.027777777777777776
0 0.7083333333333334 0.19722222222222222 0.020833333333333332 0.027777777777777776