0 0.30520833333333336 0.375 0.01875 0.025
0 0.3 0.4388888888888889 0.01875 0.025
0 0.29375 0.5055555555555555 0.01875 0.025
0 0.28854166666666664 0.5777777777777777 0.01875 0.025
0 0.28125 0.6527777777777778 0.01875 0.025
0 0.275 0.7347222222222223 0.01875 0.025
0 0.2677083333333333 0.8208333333333333 0.01875 0.025
0 0.36875 0.3763888888888889 0.01875 0.025
0 0.365625 0.44027777777777777 0.01875 0.025
0 0.3614583333333333 0.5069444444444444 0.01875 0.025
0 0.3572916666666667 0.5791666666666667 0.01875 0.025
0 0.353125 0.6541666666666667 0.01875 0.025
0 0.3489583333333333 0.7347222222222223 0.01875 0.025
0 0.34375 0.8222222222222222 0.01875 0.025
0 0.4322916666666667 0.37777777777777777 0.01875 0.025
0 0.43125 0.44027777777777777 0.01875 0.025
0 0.42916666666666664 0.5083333333333333 0.01875 0.025
0 0.4270833333333333 0.5791666666666667 0.01875 0.025
0 0.425 0.6555555555555556 0.01875 0.025
0 0.42291666666666666 0.7361111111111112 0.01875 0.025
0 0.42083333333333334 0.8222222222222222 0.01875 0.025
0 0.49583333333333335 0.37777777777777777 0.01875 0.025
0 0.49583333333333335 0.44166666666666665 0.01875 0.025
0 0.496875 0.5097222222222222 0.01875 0.025
0 0.496875 0.5805555555555556 0.01875 0.025
0 0.496875 0.6569444444444444 0.01875 0.025
0 0.496875 0.7375 0.01875 0.025
0 0.496875 0.8236111111111111 0.01875 0.025
0 0.559375 0.37916666666666665 0.01875 0.025
0 0.5614583333333333 0.44305555555555554 0.01875 0.025
0 0.5635416666666667 0.5111111111111111 0.01875 0.025
0 0.565625 0.5819444444444445 0.01875 0.025
0 0.5677083333333334 0.6583333333333333 0.01875 0.025
0 0.5708333333333333 0.7388888888888889 0.01875 0.025
0 0.5729166666666666 0.825 0.01875 0.025
0 0.6229166666666667 0.38055555555555554 0.01875 0.025
0 0.6270833333333333 0.4444444444444444 0.01875 0.025
0 0.63125 0.5125 0.01875 0.025
0 0.6354166666666666 0.5833333333333334 0.01875 0.025
0 0.6395833333333333 0.6597222222222222 0.01875 0.025
0 0.6447916666666667 0.7402777777777778 0.01875 0.025
0 0.65 0.8263888888888888 0.01875 0.025
0 0.6864583333333333 0.3819444444444444 0.01875 0.025
0 0.6927083333333334 0.44583333333333336 0.01875 0.025
0 0.6979166666666666 0.5125 0.01875 0.025
0 0.7041666666666667 0.5847222222222223 0.01875 0.025
0 0.7114583333333333 0.6611111111111111 0.01875 0.025
0 0.7177083333333333 0.7416666666666667 0.01875 0.025
0 0.7260416666666667 0.8277777777777777 0.01875 0.025