0 0.671875 0.1625 0.025 0.03333333333333333
0 0.6041666666666666 0.16527777777777777 0.025 0.03333333333333333
0 0.5364583333333334 0.16805555555555557 0.025 0.03333333333333333
0 0.46875 0.17222222222222222 0.025 0.03333333333333333
0 0.4010416666666667 0.175 0.025 0.03333333333333333
0 0.3333333333333333 0.17777777777777778 0.025 0.03333333333333333
0 0.26458333333333334 0.18194444444444444 0.025 0.03333333333333333
0 0.6833333333333333 0.22777777777777777 0.025 0.03333333333333333
0 0.6125 0.23055555555555557 0.025 0.03333333333333333
0 0.5416666666666666 0.23472222222222222 0.025 0.03333333333333333
0 0.4708333333333333 0.2375 0.025 0.03333333333333333
0 0.4 0.24166666666666667 0.025 0.03333333333333333
0 0.328125 0.24444444444444444 0.025 0.03333333333333333
0 0.25729166666666664 0.24722222222222223 0.025 0.03333333333333333
0 0.696875 0.2986111111111111 0.025 0.03333333333333333
0 0.621875 0.30277777777777776 0.025 0.03333333333333333
0 0.5479166666666667 0.30694444444444446 0.025 0.03333333333333333
0 0.47291666666666665 0.30972222222222223 0.025 0.03333333333333333
0 0.39791666666666664 0.3138888888888889 0.025 0.03333333333333333
0 0.3229166666666667 0.31805555555555554 0.025 0.03333333333333333
0 0.24791666666666667 0.32083333333333336 0.025 0.03333333333333333
0 0.7104166666666667 0.37916666666666665 0.025 0.03333333333333333
0 0.6322916666666667 0.3819444444444444 0.025 0.03333333333333333
0 0.5541666666666667 0.3861111111111111 0.025 0.03333333333333333
0 0.475 0.3902777777777778 0.025 0.03333333333333333
0 0.396875 0.39444444444444443 0.025 0.03333333333333333
0 0.3177083333333333 0.39861111111111114 0.025 0.03333333333333333
0 0.23854166666666668 0.4013888888888889 0.025 0.03333333333333333
0 0.7260416666666667 0.4666666666666667 0.025 0.03333333333333333
0 0.64375 0.4708333333333333 0.025 0.03333333333333333
0 0.5604166666666667 0.475 0.025 0.03333333333333333
0 0.478125 0.4791666666666667 0.025 0.03333333333333333
0 0.39479166666666665 0.48333333333333334 0.025 0.03333333333333333
0 0.31145833333333334 0.4875 0.025 0.03333333333333333
0 0.228125 0.49166666666666664 0.025 0.03333333333333333
0 0.74375 0.5652777777777778 0.025 0.03333333333333333
0 0.65625 0.5694444444444444 0.025 0.03333333333333333
0 0.56875 0.575 0.025 0.03333333333333333
0 0.48125 0.5791666666666667 0.025 0.03333333333333333
0 0.3927083333333333 0.5833333333333334 0.025 0.03333333333333333
0 0.30416666666666664 0.5875 0.025 0.03333333333333333
0 0.215625 0.5930555555555556 0.025 0.03333333333333333
0 0.7635416666666667 0.6763888888888889 0.025 0.03333333333333333
0 0.6708333333333333 0.6805555555555556 0.025 0.03333333333333333
0 0.5770833333333333 0.6861111111111111 0.025 0.03333333333333333
0 0.484375 0.6916666666666667 0.025 0.03333333333333333
0 0.390625 0.6958333333333333 0.025 0.03333333333333333
0 0.296875 0.7013888888888888 0.025 0.03333333333333333
0 0.203125 0.7055555555555556 0.025 0.03333333333333333