0 0.33541666666666664 0.6125 0.01875 0.025
0 0.4114583333333333 0.6097222222222223 0.01875 0.025
0 0.4875 0.6055555555555555 0.01875 0.025
0 0.5625 0.6027777777777777 0.01875 0.025
0 0.6364583333333333 0.6 0.01875 0.025
0 0.7104166666666667 0.5958333333333333 0.01875 0.025
0 0.7833333333333333 0.5930555555555556 0.01875 0.025
0 0.3416666666666667 0.5277777777777778 0.01875 0.025
0 0.41354166666666664 0.525 0.01875 0.025
0 0.48541666666666666 0.5222222222222223 0.01875 0.025
0 0.55625 0.5194444444444445 0.01875 0.025
0 0.6270833333333333 0.5166666666666667 0.01875 0.025
0 0.696875 0.5138888888888888 0.01875 0.025
0 0.7677083333333333 0.5111111111111111 0.01875 0.025
0 0.346875 0.4513888888888889 0.01875 0.025
0 0.415625 0.4486111111111111 0.01875 0.025
0 0.48333333333333334 0.44722222222222224 0.01875 0.025
0 0.5510416666666667 0.4444444444444444 0.01875 0.025
0 0.61875 0.44166666666666665 0.01875 0.025
0 0.6854166666666667 0.4388888888888889 0.01875 0.025
0 0.7520833333333333 0.4375 0.01875 0.025
0 0.35208333333333336 0.3819444444444444 0.01875 0.025
0 0.4166666666666667 0.38055555555555554 0.01875 0.025
0 0.4822916666666667 0.37777777777777777 0.01875 0.025
0 0.546875 0.3763888888888889 0.01875 0.025
0 0.6114583333333333 0.3736111111111111 0.01875 0.025
0 0.675 0.37222222222222223 0.01875 0.025
0 0.7385416666666667 0.36944444444444446 0.01875 0.025
0 0.35625 0.3194444444444444 0.01875 0.025
0 0.41875 0.31666666666666665 0.01875 0.025
0 0.48125 0.31527777777777777 0.01875 0.025
0 0.5427083333333333 0.3138888888888889 0.01875 0.025
0 0.6041666666666666 0.3111111111111111 0.01875 0.025
0 0.665625 0.30972222222222223 0.01875 0.025
0 0.7260416666666667 0.30833333333333335 0.01875 0.025
0 0.36041666666666666 0.2611111111111111 0.01875 0.025
0 0.4197916666666667 0.25972222222222224 0.01875 0.025
0 0.4791666666666667 0.25833333333333336 0.01875 0.025
0 0.5385416666666667 0.25555555555555554 0.01875 0.025
0 0.5979166666666667 0.25416666666666665 0.01875 0.025
0 0.65625 0.25277777777777777 0.01875 0.025
0 0.7145833333333333 0.2513888888888889 0.01875 0.025
0 0.36354166666666665 0.20694444444444443 0.01875 0.025
0 0.42083333333333334 0.20555555555555555 0.01875 0.025
0 0.478125 0.20416666666666666 0.01875 0.025
0 0.5354166666666667 0.20277777777777778 0.01875 0.025
0 0.5916666666666667 0.2013888888888889 0.01875 0.025
0 0.6479166666666667 0.2 0.01875 0.025
0 0.7041666666666667 0.1986111111111111 0.01875 0.025