0 0.24895833333333334 0.17592592592592593 0.035416666666666666 0.03518518518518519
0 0.328125 0.17407407407407408 0.035416666666666666 0.03518518518518519
0 0.40729166666666666 0.17175925925925925 0.035416666666666666 0.03518518518518519
0 0.4864583333333333 0.1699074074074074 0.035416666666666666 0.03518518518518519
0 0.5645833333333333 0.1675925925925926 0.035416666666666666 0.03518518518518519
0 0.64375 0.16574074074074074 0.035416666666666666 0.03518518518518519
0 0.7229166666666667 0.16342592592592592 0.035416666666666666 0.03518518518518519
0 0.23854166666666668 0.23148148148148148 0.035416666666666666 0.03518518518518519
0 0.32083333333333336 0.22916666666666666 0.035416666666666666 0.03518518518518519
0 0.403125 0.22685185185185186 0.035416666666666666 0.03518518518518519
0 0.48541666666666666 0.225 0.035416666666666666 0.03518518518518519
0 0.5677083333333334 0.22314814814814815 0.035416666666666666 0.03518518518518519
0 0.65 0.22083333333333333 0.035416666666666666 0.03518518518518519
0 0.73125 0.21851851851851853 0.035416666666666666 0.03518518518518519
0 0.22708333333333333 0.29074074074074074 0.035416666666666666 0.03518518518518519
0 0.31354166666666666 0.2884259259259259 0.035416666666666666 0.03518518518518519
0 0.39895833333333336 0.2865740740740741 0.035416666666666666 0.03518518518518519
0 0.484375 0.28425925925925927 0.035416666666666666 0.03518518518518519
0 0.5697916666666667 0.2824074074074074 0.035416666666666666 0.03518518518518519
0 0.6552083333333333 0.2791666666666667 0.035416666666666666 0.03518518518518519
0 0.7416666666666667 0.27685185185185185 0.035416666666666666 0.03518518518518519
0 0.215625 0.35509259259259257 0.035416666666666666 0.03518518518518519
0 0.30520833333333336 0.35324074074074074 0.035416666666666666 0.03518518518518519
0 0.39375 0.3509259259259259 0.035416666666666666 0.03518518518518519
0 0.48333333333333334 0.3490740740740741 0.035416666666666666 0.03518518518518519
0 0.5729166666666666 0.34675925925925927 0.035416666666666666 0.03518518518518519
0 0.6625 0.3435185185185185 0.035416666666666666 0.03518518518518519
0 0.7520833333333333 0.3416666666666667 0.035416666666666666 0.03518518518518519
0 0.20208333333333334 0.42685185185185187 0.035416666666666666 0.03518518518518519
0 0.29583333333333334 0.42407407407407405 0.035416666666666666 0.03518518518518519
0 0.38958333333333334 0.4217592592592593 0.035416666666666666 0.03518518518518519
0 0.4822916666666667 0.4199074074074074 0.035416666666666666 0.03518518518518519
0 0.5760416666666667 0.4166666666666667 0.035416666666666666 0.03518518518518519
0 0.6697916666666667 0.4148148148148148 0.035416666666666666 0.03518518518518519
0 0.7635416666666667 0.4125 0.035416666666666666 0.03518518518518519
0 0.1875 0.5041666666666667 0.035416666666666666 0.03518518518518519
0 0.28541666666666665 0.5018518518518519 0.035416666666666666 0.03518518518518519
0 0.38333333333333336 0.49907407407407406 0.035416666666666666 0.03518518518518519
0 0.48125 0.49675925925925923 0.035416666666666666 0.03518518518518519
0 0.5802083333333333 0.4949074074074074 0.035416666666666666 0.03518518518518519
0 0.678125 0.49166666666666664 0.035416666666666666 0.03518518518518519
0 0.7760416666666666 0.4898148148148148 0.035416666666666666 0.03518518518518519
0 0.17083333333333334 0.5907407407407408 0.035416666666666666 0.03518518518518519
0 0.27395833333333336 0.5875 0.035416666666666666 0.03518518518518519
0 0.3770833333333333 0.5851851851851851 0.035416666666666666 0.03518518518518519
0 0.48020833333333335 0.5824074074074074 0.035416666666666666 0.03518518518518519
0 0.5833333333333334 0.5791666666666667 0.035416666666666666 0.03518518518518519
0 0.6864583333333333 0.5768518518518518 0.035416666666666666 0.03518518518518519
0 0.7895833333333333 0.5740740740740741 0.035416666666666666 0.03518518518518519