0 0.7177083333333333 0.3175925925925926 0.03125 0.03148148148148148
0 0.65 0.31851851851851853 0.03125 0.03148148148148148
0 0.5822916666666667 0.3199074074074074 0.03125 0.03148148148148148
0 0.515625 0.32175925925925924 0.03125 0.03148148148148148
0 0.4479166666666667 0.32314814814814813 0.03125 0.03148148148148148
0 0.38125 0.32407407407407407 0.03125 0.03148148148148148
0 0.3145833333333333 0.325 0.03125 0.03148148148148148
0 0.7270833333333333 0.37083333333333335 0.03125 0.03148148148148148
0 0.65625 0.37175925925925923 0.03125 0.03148148148148148
0 0.5864583333333333 0.3731481481481482 0.03125 0.03148148148148148
0 0.515625 0.37407407407407406 0.03125 0.03148148148148148
0 0.44583333333333336 0.37592592592592594 0.03125 0.03148148148148148
0 0.37604166666666666 0.3768518518518518 0.03125 0.03148148148148148
0 0.30625 0.37824074074074077 0.03125 0.03148148148148148
0 0.7364583333333333 0.42824074074074076 0.03125 0.03148148148148148
0 0.6635416666666667 0.42916666666666664 0.03125 0.03148148148148148
0 0.5895833333333333 0.43148148148148147 0.03125 0.03148148148148148
0 0.5166666666666667 0.4324074074074074 0.03125 0.03148148148148148
0 0.44375 0.43333333333333335 0.03125 0.03148148148148148
0 0.37083333333333335 0.43425925925925923 0.03125 0.03148148148148148
0 0.29791666666666666 0.4351851851851852 0.03125 0.03148148148148148
0 0.7479166666666667 0.49166666666666664 0.03125 0.03148148148148148
0 0.6708333333333333 0.4925925925925926 0.03125 0.03148148148148148
0 0.59375 0.4935185185185185 0.03125 0.03148148148148148
0 0.5177083333333333 0.4949074074074074 0.03125 0.03148148148148148
0 0.440625 0.49675925925925923 0.03125 0.03148148148148148
0 0.3645833333333333 0.4981481481481482 0.03125 0.03148148148148148
0 0.28854166666666664 0.49907407407407406 0.03125 0.03148148148148148
0 0.759375 0.5601851851851852 0.03125 0.03148148148148148
0 0.6791666666666667 0.5615740740740741 0.03125 0.03148148148148148
0 0.5979166666666667 0.5634259259259259 0.03125 0.03148148148148148
0 0.5177083333333333 0.5648148148148148 0.03125 0.03148148148148148
0 0.4375 0.5657407407407408 0.03125 0.03148148148148148
0 0.35833333333333334 0.5666666666666667 0.03125 0.03148148148148148
0 0.278125 0.5675925925925925 0.03125 0.03148148148148148
0 0.7729166666666667 0.6365740740740741 0.03125 0.03148148148148148
0 0.6875 0.638425925925926 0.03125 0.03148148148148148
0 0.603125 0.6398148148148148 0.03125 0.03148148148148148
0 0.51875 0.6407407407407407 0.03125 0.03148148148148148
0 0.434375 0.6416666666666667 0.03125 0.03148148148148148
0 0.35104166666666664 0.6425925925925926 0.03125 0.03148148148148148
0 0.26666666666666666 0.6435185185185185 0.03125 0.03148148148148148
0 0.7875 0.7217592592592592 0.03125 0.03148148148148148
0 0.6979166666666666 0.7231481481481481 0.03125 0.03148148148148148
0 0.6083333333333333 0.7240740740740741 0.03125 0.03148148148148148
0 0.5197916666666667 0.725 0.03125 0.03148148148148148
0 0.43125 0.725925925925926 0.03125 0.03148148148148148
0 0.34270833333333334 0.7268518518518519 0.03125 0.03148148148148148
0 0.25416666666666665 0.7282407407407407 0.03125 0.03148148148148148