0 0.73125 0.15231481481481482 0.020833333333333332 0.03518518518518519
0 0.6583333333333333 0.15231481481481482 0.020833333333333332 0.03518518518518519
0 0.5864583333333333 0.1537037037037037 0.020833333333333332 0.03518518518518519
0 0.5135416666666667 0.1537037037037037 0.020833333333333332 0.03518518518518519
0 0.44166666666666665 0.1537037037037037 0.020833333333333332 0.03518518518518519
0 0.37083333333333335 0.1537037037037037 0.020833333333333332 0.03518518518518519
0 0.2989583333333333 0.15555555555555556 0.020833333333333332 0.03518518518518519
0 0.7395833333333334 0.2324074074074074 0.020833333333333332 0.03518518518518519
0 0.6645833333333333 0.2324074074074074 0.020833333333333332 0.03518518518518519
0 0.5885416666666666 0.2324074074074074 0.020833333333333332 0.03518518518518519
0 0.5135416666666667 0.2324074074074074 0.020833333333333332 0.03518518518518519
0 0.43854166666666666 0.23425925925925925 0.020833333333333332 0.03518518518518519
0 0.3645833333333333 0.23425925925925925 0.020833333333333332 0.03518518518518519
0 0.290625 0.23425925925925925 0.020833333333333332 0.03518518518518519
0 0.7489583333333333 0.31805555555555554 0.020833333333333332 0.03518518518518519
0 0.6697916666666667 0.31805555555555554 0.020833333333333332 0.03518518518518519
0 0.5916666666666667 0.3199074074074074 0.020833333333333332 0.03518518518518519
0 0.5135416666666667 0.3199074074074074 0.020833333333333332 0.03518518518518519
0 0.4354166666666667 0.3199074074074074 0.020833333333333332 0.03518518518518519
0 0.35833333333333334 0.3199074074074074 0.020833333333333332 0.03518518518518519
0 0.28125 0.3199074074074074 0.020833333333333332 0.03518518518518519
0 0.759375 0.4125 0.020833333333333332 0.03518518518518519
0 0.6770833333333334 0.4125 0.020833333333333332 0.03518518518518519
0 0.5947916666666667 0.4125 0.020833333333333332 0.03518518518518519
0 0.5135416666666667 0.4125 0.020833333333333332 0.03518518518518519
0 0.4322916666666667 0.4125 0.020833333333333332 0.03518518518518519
0 0.35208333333333336 0.4125 0.020833333333333332 0.03518518518518519
0 0.271875 0.4125 0.020833333333333332 0.03518518518518519
0 0.7697916666666667 0.5157407407407407 0.020833333333333332 0.03518518518518519
0 0.6833333333333333 0.5157407407407407 0.020833333333333332 0.03518518518518519
0 0.5979166666666667 0.5138888888888888 0.020833333333333332 0.03518518518518519
0 0.5135416666666667 0.5138888888888888 0.020833333333333332 0.03518518518518519
0 0.428125 0.5138888888888888 0.020833333333333332 0.03518518518518519
0 0.34479166666666666 0.5138888888888888 0.020833333333333332 0.03518518518518519
0 0.2604166666666667 0.5138888888888888 0.020833333333333332 0.03518518518518519
0 0.78125 0.6277777777777778 0.020833333333333332 0.03518518518518519
0 0.6916666666666667 0.6259259259259259 0.020833333333333332 0.03518518518518519
0 0.6020833333333333 0.6259259259259259 0.020833333333333332 0.03518518518518519
0 0.5135416666666667 0.6259259259259259 0.020833333333333332 0.03518518518518519
0 0.425 0.6240740740740741 0.020833333333333332 0.03518518518518519
0 0.33645833333333336 0.6240740740740741 0.020833333333333332 0.03518518518518519
0 0.24895833333333334 0.6240740740740741 0.020833333333333332 0.03518518518518519
0 0.7947916666666667 0.75 0.020833333333333332 0.03518518518518519
0 0.7 0.75 0.020833333333333332 0.03518518518518519
0 0.60625 0.7481481481481481 0.020833333333333332 0.03518518518518519
0 0.5125 0.7481481481481481 0.020833333333333332 0.03518518518518519
0 0.4197916666666667 0.7462962962962963 0.020833333333333332 0.03518518518518519
0 0.328125 0.7449074074074075 0.020833333333333332 0.03518518518518519
0 0.23541666666666666 0.7449074074074075 0.020833333333333332 0.03518518518518519