0 0.7166666666666667 0.31342592592592594 0.03125 0.03148148148148148
0 0.6479166666666667 0.3148148148148148 0.03125 0.03148148148148148
0 0.5802083333333333 0.31574074074074077 0.03125 0.03148148148148148
0 0.5125 0.31666666666666665 0.03125 0.03148148148148148
0 0.44479166666666664 0.3175925925925926 0.03125 0.03148148148148148
0 0.3770833333333333 0.31851851851851853 0.03125 0.03148148148148148
0 0.3104166666666667 0.3199074074074074 0.03125 0.03148148148148148
0 0.7260416666666667 0.3675925925925926 0.03125 0.03148148148148148
0 0.6541666666666667 0.3685185185185185 0.03125 0.03148148148148148
0 0.5833333333333334 0.3699074074074074 0.03125 0.03148148148148148
0 0.5125 0.37083333333333335 0.03125 0.03148148148148148
0 0.44166666666666665 0.37175925925925923 0.03125 0.03148148148148148
0 0.371875 0.3731481481481482 0.03125 0.03148148148148148
0 0.3020833333333333 0.37407407407407406 0.03125 0.03148148148148148
0 0.7354166666666667 0.42685185185185187 0.03125 0.03148148148148148
0 0.6604166666666667 0.42824074074074076 0.03125 0.03148148148148148
0 0.5864583333333333 0.42916666666666664 0.03125 0.03148148148148148
0 0.5125 0.4300925925925926 0.03125 0.03148148148148148
0 0.4395833333333333 0.43148148148148147 0.03125 0.03148148148148148
0 0.365625 0.4324074074074074 0.03125 0.03148148148148148
0 0.29270833333333335 0.43333333333333335 0.03125 0.03148148148148148
0 0.7458333333333333 0.49166666666666664 0.03125 0.03148148148148148
0 0.6677083333333333 0.4925925925925926 0.03125 0.03148148148148148
0 0.590625 0.4935185185185185 0.03125 0.03148148148148148
0 0.5135416666666667 0.4949074074074074 0.03125 0.03148148148148148
0 0.43645833333333334 0.49583333333333335 0.03125 0.03148148148148148
0 0.359375 0.49675925925925923 0.03125 0.03148148148148148
0 0.2833333333333333 0.4981481481481482 0.03125 0.03148148148148148
0 0.7572916666666667 0.5634259259259259 0.03125 0.03148148148148148
0 0.6760416666666667 0.5634259259259259 0.03125 0.03148148148148148
0 0.5947916666666667 0.5648148148148148 0.03125 0.03148148148148148
0 0.5135416666666667 0.5657407407407408 0.03125 0.03148148148148148
0 0.43333333333333335 0.5666666666666667 0.03125 0.03148148148148148
0 0.353125 0.5675925925925925 0.03125 0.03148148148148148
0 0.27291666666666664 0.5675925925925925 0.03125 0.03148148148148148
0 0.7697916666666667 0.6416666666666667 0.03125 0.03148148148148148
0 0.684375 0.6416666666666667 0.03125 0.03148148148148148
0 0.5989583333333334 0.6425925925925926 0.03125 0.03148148148148148
0 0.5135416666666667 0.6435185185185185 0.03125 0.03148148148148148
0 0.42916666666666664 0.6435185185185185 0.03125 0.03148148148148148
0 0.34479166666666666 0.6449074074074074 0.03125 0.03148148148148148
0 0.26145833333333335 0.6458333333333334 0.03125 0.03148148148148148
0 0.784375 0.7282407407407407 0.03125 0.03148148148148148
0 0.69375 0.7282407407407407 0.03125 0.03148148148148148
0 0.6041666666666666 0.7291666666666666 0.03125 0.03148148148148148
0 0.5145833333333333 0.7291666666666666 0.03125 0.03148148148148148
0 0.425 0.7300925925925926 0.03125 0.03148148148148148
0 0.33645833333333336 0.7300925925925926 0.03125 0.03148148148148148
0 0.24895833333333334 0.7314814814814815 0.03125 0.03148148148148148