0 0.28125 0.6694444444444444 0.020833333333333332 0.027777777777777776
0 0.359375 0.6666666666666666 0.020833333333333332 0.027777777777777776
0 0.43854166666666666 0.6638888888888889 0.020833333333333332 0.027777777777777776
0 0.5197916666666667 0.6611111111111111 0.020833333333333332 0.027777777777777776
0 0.6010416666666667 0.6583333333333333 0.020833333333333332 0.027777777777777776
0 0.6854166666666667 0.6555555555555556 0.020833333333333332 0.027777777777777776
0 0.7697916666666667 0.6527777777777778 0.020833333333333332 0.027777777777777776
0 0.29375 0.5763888888888888 0.020833333333333332 0.027777777777777776
0 0.36770833333333336 0.5722222222222222 0.020833333333333332 0.027777777777777776
0 0.4427083333333333 0.5694444444444444 0.020833333333333332 0.027777777777777776
0 0.5197916666666667 0.5666666666666667 0.020833333333333332 0.027777777777777776
0 0.5979166666666667 0.5625 0.020833333333333332 0.027777777777777776
0 0.6770833333333334 0.5597222222222222 0.020833333333333332 0.027777777777777776
0 0.7572916666666667 0.5555555555555556 0.020833333333333332 0.027777777777777776
0 0.30416666666666664 0.49166666666666664 0.020833333333333332 0.027777777777777776
0 0.375 0.4875 0.020833333333333332 0.027777777777777776
0 0.446875 0.4847222222222222 0.020833333333333332 0.027777777777777776
0 0.5197916666666667 0.48055555555555557 0.020833333333333332 0.027777777777777776
0 0.5947916666666667 0.47638888888888886 0.020833333333333332 0.027777777777777776
0 0.6697916666666667 0.4722222222222222 0.020833333333333332 0.027777777777777776
0 0.7458333333333333 0.46805555555555556 0.020833333333333332 0.027777777777777776
0 0.3145833333333333 0.4152777777777778 0.020833333333333332 0.027777777777777776
0 0.38229166666666664 0.4111111111111111 0.020833333333333332 0.027777777777777776
0 0.4510416666666667 0.40694444444444444 0.020833333333333332 0.027777777777777776
0 0.5208333333333334 0.4027777777777778 0.020833333333333332 0.027777777777777776
0 0.5916666666666667 0.39861111111111114 0.020833333333333332 0.027777777777777776
0 0.6635416666666667 0.39305555555555555 0.020833333333333332 0.027777777777777776
0 0.7354166666666667 0.3888888888888889 0.020833333333333332 0.027777777777777776
0 0.32395833333333335 0.34444444444444444 0.020833333333333332 0.027777777777777776
0 0.3885416666666667 0.3402777777777778 0.020833333333333332 0.027777777777777776
0 0.45416666666666666 0.33611111111111114 0.020833333333333332 0.027777777777777776
0 0.5208333333333334 0.33194444444444443 0.020833333333333332 0.027777777777777776
0 0.5885416666666666 0.3263888888888889 0.020833333333333332 0.027777777777777776
0 0.6572916666666667 0.32222222222222224 0.020833333333333332 0.027777777777777776
0 0.7270833333333333 0.31666666666666665 0.020833333333333332 0.027777777777777776
0 0.33229166666666665 0.28055555555555556 0.020833333333333332 0.027777777777777776
0 0.39479166666666665 0.2763888888888889 0.020833333333333332 0.027777777777777776
0 0.45729166666666665 0.2708333333333333 0.020833333333333332 0.027777777777777776
0 0.5208333333333334 0.26666666666666666 0.020833333333333332 0.027777777777777776
0 0.5854166666666667 0.2611111111111111 0.020833333333333332 0.027777777777777776
0 0.6510416666666666 0.2569444444444444 0.020833333333333332 0.027777777777777776
0 0.7177083333333333 0.2513888888888889 0.020833333333333332 0.027777777777777776
0 0.33958333333333335 0.22083333333333333 0.020833333333333332 0.027777777777777776
0 0.4 0.21666666666666667 0.020833333333333332 0.027777777777777776
0 0.46041666666666664 0.2111111111111111 0.020833333333333332 0.027777777777777776
0 0.521875 0.20694444444444443 0.020833333333333332 0.027777777777777776
0 0.5833333333333334 0.2013888888888889 0.020833333333333332 0.027777777777777776
0 0.646875 0.19583333333333333 0.020833333333333332 0.027777777777777776
0 0.7104166666666667 0.19027777777777777 0.020833333333333332 0.027777777777777776