0 0.3020833333333333 0.375 0.01875 0.025
0 0.296875 0.44027777777777777 0.01875 0.025
0 0.2916666666666667 0.5083333333333333 0.01875 0.025
0 0.28541666666666665 0.5805555555555556 0.01875 0.025
0 0.28020833333333334 0.6569444444444444 0.01875 0.025
0 0.27291666666666664 0.7375 0.01875 0.025
0 0.26666666666666666 0.825 0.01875 0.025
0 0.36666666666666664 0.3763888888888889 0.01875 0.025
0 0.36354166666666665 0.44027777777777777 0.01875 0.025
0 0.359375 0.5083333333333333 0.01875 0.025
0 0.35625 0.5805555555555556 0.01875 0.025
0 0.35208333333333336 0.6569444444444444 0.01875 0.025
0 0.34791666666666665 0.7388888888888889 0.01875 0.025
0 0.34375 0.825 0.01875 0.025
0 0.43020833333333336 0.37777777777777777 0.01875 0.025
0 0.42916666666666664 0.44166666666666665 0.01875 0.025
0 0.428125 0.5097222222222222 0.01875 0.025
0 0.42604166666666665 0.5805555555555556 0.01875 0.025
0 0.4239583333333333 0.6569444444444444 0.01875 0.025
0 0.42291666666666666 0.7388888888888889 0.01875 0.025
0 0.42083333333333334 0.825 0.01875 0.025
0 0.4947916666666667 0.37777777777777777 0.01875 0.025
0 0.4947916666666667 0.44166666666666665 0.01875 0.025
0 0.49583333333333335 0.5097222222222222 0.01875 0.025
0 0.49583333333333335 0.5819444444444445 0.01875 0.025
0 0.49583333333333335 0.6583333333333333 0.01875 0.025
0 0.496875 0.7388888888888889 0.01875 0.025
0 0.496875 0.825 0.01875 0.025
0 0.5583333333333333 0.37916666666666665 0.01875 0.025
0 0.5604166666666667 0.44305555555555554 0.01875 0.025
0 0.5625 0.5111111111111111 0.01875 0.025
0 0.565625 0.5819444444444445 0.01875 0.025
0 0.5677083333333334 0.6583333333333333 0.01875 0.025
0 0.5708333333333333 0.7388888888888889 0.01875 0.025
0 0.5729166666666666 0.825 0.01875 0.025
0 0.621875 0.37916666666666665 0.01875 0.025
0 0.6260416666666667 0.44305555555555554 0.01875 0.025
0 0.6302083333333334 0.5111111111111111 0.01875 0.025
0 0.634375 0.5833333333333334 0.01875 0.025
0 0.6395833333333333 0.6583333333333333 0.01875 0.025
0 0.64375 0.7388888888888889 0.01875 0.025
0 0.6489583333333333 0.825 0.01875 0.025
0 0.6854166666666667 0.38055555555555554 0.01875 0.025
0 0.6916666666666667 0.4444444444444444 0.01875 0.025
0 0.696875 0.5125 0.01875 0.025
0 0.703125 0.5833333333333334 0.01875 0.025
0 0.7104166666666667 0.6597222222222222 0.01875 0.025
0 0.7177083333333333 0.7402777777777778 0.01875 0.025
0 0.725 0.8263888888888888 0.01875 0.025