0 0.23541666666666666 0.6518518518518519 0.03333333333333333 0.03333333333333333
0 0.3333333333333333 0.6532407407407408 0.03333333333333333 0.03333333333333333
0 0.43020833333333336 0.6532407407407408 0.03333333333333333 0.03333333333333333
0 0.5270833333333333 0.6541666666666667 0.03333333333333333 0.03333333333333333
0 0.6239583333333333 0.6550925925925926 0.03333333333333333 0.03333333333333333
0 0.7197916666666667 0.6550925925925926 0.03333333333333333 0.03333333333333333
0 0.815625 0.6564814814814814 0.03333333333333333 0.03333333333333333
0 0.24479166666666666 0.5601851851851852 0.03333333333333333 0.03333333333333333
0 0.33958333333333335 0.5615740740740741 0.03333333333333333 0.03333333333333333
0 0.43333333333333335 0.5625 0.03333333333333333 0.03333333333333333
0 0.5270833333333333 0.5625 0.03333333333333333 0.03333333333333333
0 0.6208333333333333 0.5634259259259259 0.03333333333333333 0.03333333333333333
0 0.7135416666666666 0.5648148148148148 0.03333333333333333 0.03333333333333333
0 0.80625 0.5657407407407408 0.03333333333333333 0.03333333333333333
0 0.253125 0.475 0.03333333333333333 0.03333333333333333
0 0.34479166666666666 0.4759259259259259 0.03333333333333333 0.03333333333333333
0 0.43645833333333334 0.47685185185185186 0.03333333333333333 0.03333333333333333
0 0.5270833333333333 0.47685185185185186 0.03333333333333333 0.03333333333333333
0 0.6177083333333333 0.47824074074074074 0.03333333333333333 0.03333333333333333
0 0.7072916666666667 0.4791666666666667 0.03333333333333333 0.03333333333333333
0 0.796875 0.48009259259259257 0.03333333333333333 0.03333333333333333
0 0.26145833333333335 0.39351851851851855 0.03333333333333333 0.03333333333333333
0 0.35 0.39490740740740743 0.03333333333333333 0.03333333333333333
0 0.43854166666666666 0.39675925925925926 0.03333333333333333 0.03333333333333333
0 0.5270833333333333 0.39814814814814814 0.03333333333333333 0.03333333333333333
0 0.6145833333333334 0.3990740740740741 0.03333333333333333 0.03333333333333333
0 0.7020833333333333 0.4 0.03333333333333333 0.03333333333333333
0 0.7885416666666667 0.4009259259259259 0.03333333333333333 0.03333333333333333
0 0.26979166666666665 0.31851851851851853 0.03333333333333333 0.03333333333333333
0 0.35520833333333335 0.3199074074074074 0.03333333333333333 0.03333333333333333
0 0.44166666666666665 0.32083333333333336 0.03333333333333333 0.03333333333333333
0 0.5270833333333333 0.32175925925925924 0.03333333333333333 0.03333333333333333
0 0.6114583333333333 0.32314814814814813 0.03333333333333333 0.03333333333333333
0 0.6958333333333333 0.325 0.03333333333333333 0.03333333333333333
0 0.7802083333333333 0.32592592592592595 0.03333333333333333 0.03333333333333333
0 0.27708333333333335 0.24675925925925926 0.03333333333333333 0.03333333333333333
0 0.36041666666666666 0.2490740740740741 0.03333333333333333 0.03333333333333333
0 0.44375 0.25 0.03333333333333333 0.03333333333333333
0 0.5260416666666666 0.25092592592592594 0.03333333333333333 0.03333333333333333
0 0.609375 0.2518518518518518 0.03333333333333333 0.03333333333333333
0 0.6916666666666667 0.25416666666666665 0.03333333333333333 0.03333333333333333
0 0.7729166666666667 0.2550925925925926 0.03333333333333333 0.03333333333333333
0 0.284375 0.18009259259259258 0.03333333333333333 0.03333333333333333
0 0.3645833333333333 0.1814814814814815 0.03333333333333333 0.03333333333333333
0 0.44583333333333336 0.18333333333333332 0.03333333333333333 0.03333333333333333
0 0.5260416666666666 0.18425925925925926 0.03333333333333333 0.03333333333333333
0 0.60625 0.18518518518518517 0.03333333333333333 0.03333333333333333
0 0.6864583333333333 0.1875 0.03333333333333333 0.03333333333333333
0 0.765625 0.1884259259259259 0.03333333333333333 0.03333333333333333