0 0.7114583333333333 0.1726851851851852 0.022916666666666665 0.03425925925925926
0 0.6354166666666666 0.1712962962962963 0.022916666666666665 0.03425925925925926
0 0.559375 0.1712962962962963 0.022916666666666665 0.03425925925925926
0 0.4822916666666667 0.1699074074074074 0.022916666666666665 0.03425925925925926
0 0.40520833333333334 0.1699074074074074 0.022916666666666665 0.03425925925925926
0 0.328125 0.16805555555555557 0.022916666666666665 0.03425925925925926
0 0.25 0.16805555555555557 0.022916666666666665 0.03425925925925926
0 0.7229166666666667 0.2523148148148148 0.022916666666666665 0.03425925925925926
0 0.6447916666666667 0.2523148148148148 0.022916666666666665 0.03425925925925926
0 0.565625 0.25092592592592594 0.022916666666666665 0.03425925925925926
0 0.48541666666666666 0.25092592592592594 0.022916666666666665 0.03425925925925926
0 0.40625 0.25092592592592594 0.022916666666666665 0.03425925925925926
0 0.3260416666666667 0.2490740740740741 0.022916666666666665 0.03425925925925926
0 0.24479166666666666 0.2490740740740741 0.022916666666666665 0.03425925925925926
0 0.7354166666666667 0.33935185185185185 0.022916666666666665 0.03425925925925926
0 0.6541666666666667 0.33796296296296297 0.022916666666666665 0.03425925925925926
0 0.571875 0.33796296296296297 0.022916666666666665 0.03425925925925926
0 0.4895833333333333 0.33796296296296297 0.022916666666666665 0.03425925925925926
0 0.40625 0.33796296296296297 0.022916666666666665 0.03425925925925926
0 0.3229166666666667 0.3365740740740741 0.022916666666666665 0.03425925925925926
0 0.23958333333333334 0.3365740740740741 0.022916666666666665 0.03425925925925926
0 0.7489583333333333 0.43148148148148147 0.022916666666666665 0.03425925925925926
0 0.6645833333333333 0.43148148148148147 0.022916666666666665 0.03425925925925926
0 0.5791666666666667 0.43148148148148147 0.022916666666666665 0.03425925925925926
0 0.49270833333333336 0.43148148148148147 0.022916666666666665 0.03425925925925926
0 0.40729166666666666 0.43148148148148147 0.022916666666666665 0.03425925925925926
0 0.32083333333333336 0.43148148148148147 0.022916666666666665 0.03425925925925926
0 0.23333333333333334 0.43148148148148147 0.022916666666666665 0.03425925925925926
0 0.7635416666666667 0.5328703703703703 0.022916666666666665 0.03425925925925926
0 0.675 0.5328703703703703 0.022916666666666665 0.03425925925925926
0 0.5864583333333333 0.5328703703703703 0.022916666666666665 0.03425925925925926
0 0.496875 0.5328703703703703 0.022916666666666665 0.03425925925925926
0 0.40729166666666666 0.5328703703703703 0.022916666666666665 0.03425925925925926
0 0.3177083333333333 0.5328703703703703 0.022916666666666665 0.03425925925925926
0 0.22708333333333333 0.5328703703703703 0.022916666666666665 0.03425925925925926
0 0.7791666666666667 0.6416666666666667 0.022916666666666665 0.03425925925925926
0 0.6875 0.6416666666666667 0.022916666666666665 0.03425925925925926
0 0.5947916666666667 0.6435185185185185 0.022916666666666665 0.03425925925925926
0 0.5020833333333333 0.6435185185185185 0.022916666666666665 0.03425925925925926
0 0.4083333333333333 0.6435185185185185 0.022916666666666665 0.03425925925925926
0 0.3145833333333333 0.6435185185185185 0.022916666666666665 0.03425925925925926
0 0.21979166666666666 0.6449074074074074 0.022916666666666665 0.03425925925925926
0 0.796875 0.7615740740740741 0.022916666666666665 0.03425925925925926
0 0.7 0.7615740740740741 0.022916666666666665 0.03425925925925926
0 0.6041666666666666 0.7615740740740741 0.022916666666666665 0.03425925925925926
0 0.5072916666666667 0.763425925925926 0.022916666666666665 0.03425925925925926
0 0.409375 0.763425925925926 0.022916666666666665 0.03425925925925926
0 0.3104166666666667 0.7648148148148148 0.022916666666666665 0.03425925925925926
0 0.2125 0.7648148148148148 0.022916666666666665 0.03425925925925926