0 0.2947916666666667 0.1925925925925926 0.01875 0.03333333333333333
0 0.28958333333333336 0.2740740740740741 0.01875 0.03333333333333333
0 0.2833333333333333 0.362962962962963 0.01875 0.03333333333333333
0 0.27708333333333335 0.45740740740740743 0.01875 0.03333333333333333
0 0.26979166666666665 0.5592592592592592 0.01875 0.03333333333333333
0 0.2625 0.6685185185185185 0.01875 0.03333333333333333
0 0.25416666666666665 0.7888888888888889 0.01875 0.03333333333333333
0 0.35625 0.19444444444444445 0.01875 0.03333333333333333
0 0.353125 0.2759259259259259 0.01875 0.03333333333333333
0 0.3489583333333333 0.362962962962963 0.01875 0.03333333333333333
0 0.34479166666666666 0.45740740740740743 0.01875 0.03333333333333333
0 0.340625 0.5592592592592592 0.01875 0.03333333333333333
0 0.33645833333333336 0.6685185185185185 0.01875 0.03333333333333333
0 0.33125 0.7888888888888889 0.01875 0.03333333333333333
0 0.4166666666666667 0.1962962962962963 0.01875 0.03333333333333333
0 0.415625 0.2777777777777778 0.01875 0.03333333333333333
0 0.41458333333333336 0.3648148148148148 0.01875 0.03333333333333333
0 0.4125 0.45925925925925926 0.01875 0.03333333333333333
0 0.4114583333333333 0.5592592592592592 0.01875 0.03333333333333333
0 0.409375 0.6703703703703704 0.01875 0.03333333333333333
0 0.40729166666666666 0.7888888888888889 0.01875 0.03333333333333333
0 0.47708333333333336 0.19814814814814816 0.01875 0.03333333333333333
0 0.478125 0.2796296296296296 0.01875 0.03333333333333333
0 0.478125 0.36666666666666664 0.01875 0.03333333333333333
0 0.4791666666666667 0.45925925925925926 0.01875 0.03333333333333333
0 0.48020833333333335 0.5611111111111111 0.01875 0.03333333333333333
0 0.48125 0.6703703703703704 0.01875 0.03333333333333333
0 0.4822916666666667 0.7870370370370371 0.01875 0.03333333333333333
0 0.5364583333333334 0.2 0.01875 0.03333333333333333
0 0.5395833333333333 0.2814814814814815 0.01875 0.03333333333333333
0 0.5427083333333333 0.3685185185185185 0.01875 0.03333333333333333
0 0.5458333333333333 0.46111111111111114 0.01875 0.03333333333333333
0 0.5489583333333333 0.5611111111111111 0.01875 0.03333333333333333
0 0.553125 0.6703703703703704 0.01875 0.03333333333333333
0 0.5572916666666666 0.7870370370370371 0.01875 0.03333333333333333
0 0.5958333333333333 0.20185185185185187 0.01875 0.03333333333333333
0 0.6010416666666667 0.2833333333333333 0.01875 0.03333333333333333
0 0.60625 0.3685185185185185 0.01875 0.03333333333333333
0 0.6114583333333333 0.46111111111111114 0.01875 0.03333333333333333
0 0.6177083333333333 0.5611111111111111 0.01875 0.03333333333333333
0 0.6239583333333333 0.6703703703703704 0.01875 0.03333333333333333
0 0.63125 0.7870370370370371 0.01875 0.03333333333333333
0 0.6552083333333333 0.2037037037037037 0.01875 0.03333333333333333
0 0.6614583333333334 0.2833333333333333 0.01875 0.03333333333333333
0 0.66875 0.37037037037037035 0.01875 0.03333333333333333
0 0.6770833333333334 0.46296296296296297 0.01875 0.03333333333333333
0 0.6854166666666667 0.562962962962963 0.01875 0.03333333333333333
0 0.6947916666666667 0.6703703703703704 0.01875 0.03333333333333333
0 0.7041666666666667 0.7870370370370371 0.01875 0.03333333333333333