0 0.7270833333333333 0.18055555555555555 0.025 0.03333333333333333
0 0.6604166666666667 0.17777777777777778 0.025 0.03333333333333333
0 0.59375 0.175 0.025 0.03333333333333333
0 0.5260416666666666 0.17222222222222222 0.025 0.03333333333333333
0 0.459375 0.16944444444444445 0.025 0.03333333333333333
0 0.39166666666666666 0.16666666666666666 0.025 0.03333333333333333
0 0.32395833333333335 0.1638888888888889 0.025 0.03333333333333333
0 0.7375 0.24444444444444444 0.025 0.03333333333333333
0 0.6677083333333333 0.24166666666666667 0.025 0.03333333333333333
0 0.5979166666666667 0.2388888888888889 0.025 0.03333333333333333
0 0.5270833333333333 0.2361111111111111 0.025 0.03333333333333333
0 0.45729166666666665 0.23333333333333334 0.025 0.03333333333333333
0 0.3854166666666667 0.23055555555555557 0.025 0.03333333333333333
0 0.3145833333333333 0.22777777777777777 0.025 0.03333333333333333
0 0.75 0.3138888888888889 0.025 0.03333333333333333
0 0.6760416666666667 0.3111111111111111 0.025 0.03333333333333333
0 0.603125 0.30833333333333335 0.025 0.03333333333333333
0 0.5291666666666667 0.3055555555555556 0.025 0.03333333333333333
0 0.45416666666666666 0.30277777777777776 0.025 0.03333333333333333
0 0.3802083333333333 0.3 0.025 0.03333333333333333
0 0.30416666666666664 0.2972222222222222 0.025 0.03333333333333333
0 0.7625 0.39166666666666666 0.025 0.03333333333333333
0 0.6854166666666667 0.3888888888888889 0.025 0.03333333333333333
0 0.6083333333333333 0.3861111111111111 0.025 0.03333333333333333
0 0.5302083333333333 0.38333333333333336 0.025 0.03333333333333333
0 0.45208333333333334 0.38055555555555554 0.025 0.03333333333333333
0 0.3729166666666667 0.37777777777777777 0.025 0.03333333333333333
0 0.29375 0.375 0.025 0.03333333333333333
0 0.778125 0.4777777777777778 0.025 0.03333333333333333
0 0.6958333333333333 0.475 0.025 0.03333333333333333
0 0.6145833333333334 0.4722222222222222 0.025 0.03333333333333333
0 0.53125 0.46944444444444444 0.025 0.03333333333333333
0 0.44895833333333335 0.46805555555555556 0.025 0.03333333333333333
0 0.365625 0.4652777777777778 0.025 0.03333333333333333
0 0.28125 0.4625 0.025 0.03333333333333333
0 0.7947916666666667 0.575 0.025 0.03333333333333333
0 0.7083333333333334 0.5722222222222222 0.025 0.03333333333333333
0 0.6208333333333333 0.5694444444444444 0.025 0.03333333333333333
0 0.5333333333333333 0.5666666666666667 0.025 0.03333333333333333
0 0.44479166666666664 0.5652777777777778 0.025 0.03333333333333333
0 0.35625 0.5625 0.025 0.03333333333333333
0 0.2677083333333333 0.5597222222222222 0.025 0.03333333333333333
0 0.8135416666666667 0.6833333333333333 0.025 0.03333333333333333
0 0.7208333333333333 0.6819444444444445 0.025 0.03333333333333333
0 0.628125 0.6791666666666667 0.025 0.03333333333333333
0 0.5354166666666667 0.6777777777777778 0.025 0.03333333333333333
0 0.44166666666666665 0.675 0.025 0.03333333333333333
0 0.346875 0.6722222222222223 0.025 0.03333333333333333
0 0.2520833333333333 0.6708333333333333 0.025 0.03333333333333333