0 0.74375 0.20416666666666666 0.035416666666666666 0.03518518518518519
0 0.65625 0.2074074074074074 0.035416666666666666 0.03518518518518519
0 0.5708333333333333 0.20925925925925926 0.035416666666666666 0.03518518518518519
0 0.4875 0.2125 0.035416666666666666 0.03518518518518519
0 0.40520833333333334 0.21481481481481482 0.035416666666666666 0.03518518518518519
0 0.3260416666666667 0.2175925925925926 0.035416666666666666 0.03518518518518519
0 0.24895833333333334 0.2199074074074074 0.035416666666666666 0.03518518518518519
0 0.7458333333333333 0.27824074074074073 0.035416666666666666 0.03518518518518519
0 0.6552083333333333 0.2800925925925926 0.035416666666666666 0.03518518518518519
0 0.5666666666666667 0.2824074074074074 0.035416666666666666 0.03518518518518519
0 0.48125 0.2833333333333333 0.035416666666666666 0.03518518518518519
0 0.39791666666666664 0.2851851851851852 0.035416666666666666 0.03518518518518519
0 0.315625 0.2875 0.035416666666666666 0.03518518518518519
0 0.23645833333333333 0.2884259259259259 0.035416666666666666 0.03518518518518519
0 0.7479166666666667 0.3574074074074074 0.035416666666666666 0.03518518518518519
0 0.6541666666666667 0.35833333333333334 0.035416666666666666 0.03518518518518519
0 0.5635416666666667 0.35833333333333334 0.035416666666666666 0.03518518518518519
0 0.475 0.3592592592592593 0.035416666666666666 0.03518518518518519
0 0.3885416666666667 0.36018518518518516 0.035416666666666666 0.03518518518518519
0 0.30520833333333336 0.36157407407407405 0.035416666666666666 0.03518518518518519
0 0.22291666666666668 0.3625 0.035416666666666666 0.03518518518518519
0 0.75 0.44074074074074077 0.035416666666666666 0.03518518518518519
0 0.653125 0.44074074074074077 0.035416666666666666 0.03518518518518519
0 0.559375 0.44074074074074077 0.035416666666666666 0.03518518518518519
0 0.46875 0.44074074074074077 0.035416666666666666 0.03518518518518519
0 0.37916666666666665 0.44074074074074077 0.035416666666666666 0.03518518518518519
0 0.29270833333333335 0.44074074074074077 0.035416666666666666 0.03518518518518519
0 0.20833333333333334 0.4398148148148148 0.035416666666666666 0.03518518518518519
0 0.7520833333333333 0.5300925925925926 0.035416666666666666 0.03518518518518519
0 0.6520833333333333 0.5291666666666667 0.035416666666666666 0.03518518518518519
0 0.5552083333333333 0.5282407407407408 0.035416666666666666 0.03518518518518519
0 0.46145833333333336 0.5259259259259259 0.035416666666666666 0.03518518518518519
0 0.3697916666666667 0.525 0.035416666666666666 0.03518518518518519
0 0.28020833333333334 0.524074074074074 0.035416666666666666 0.03518518518518519
0 0.19375 0.5231481481481481 0.035416666666666666 0.03518518518518519
0 0.7541666666666667 0.6268518518518519 0.035416666666666666 0.03518518518518519
0 0.6510416666666666 0.6240740740740741 0.035416666666666666 0.03518518518518519
0 0.5510416666666667 0.6208333333333333 0.035416666666666666 0.03518518518518519
0 0.45416666666666666 0.6185185185185185 0.035416666666666666 0.03518518518518519
0 0.359375 0.6157407407407407 0.035416666666666666 0.03518518518518519
0 0.2677083333333333 0.6134259259259259 0.035416666666666666 0.03518518518518519
0 0.178125 0.6101851851851852 0.035416666666666666 0.03518518518518519
0 0.7572916666666667 0.7300925925925926 0.035416666666666666 0.03518518518518519
0 0.65 0.725925925925926 0.035416666666666666 0.03518518518518519
0 0.546875 0.7208333333333333 0.035416666666666666 0.03518518518518519
0 0.44583333333333336 0.7166666666666667 0.035416666666666666 0.03518518518518519
0 0.34791666666666665 0.7125 0.035416666666666666 0.03518518518518519
0 0.253125 0.7083333333333334 0.035416666666666666 0.03518518518518519
0 0.16041666666666668 0.7050925925925926 0.035416666666666666 0.03518518518518519