0 0.665625 0.175 0.025 0.03333333333333333
0 0.596875 0.18055555555555555 0.025 0.03333333333333333
0 0.528125 0.18611111111111112 0.025 0.03333333333333333
0 0.46041666666666664 0.19027777777777777 0.025 0.03333333333333333
0 0.39166666666666666 0.19583333333333333 0.025 0.03333333333333333
0 0.32395833333333335 0.2 0.025 0.03333333333333333
0 0.25729166666666664 0.20555555555555555 0.025 0.03333333333333333
0 0.6760416666666667 0.2388888888888889 0.025 0.03333333333333333
0 0.6041666666666666 0.24444444444444444 0.025 0.03333333333333333
0 0.53125 0.25 0.025 0.03333333333333333
0 0.46041666666666664 0.25416666666666665 0.025 0.03333333333333333
0 0.3885416666666667 0.25972222222222224 0.025 0.03333333333333333
0 0.3177083333333333 0.2652777777777778 0.025 0.03333333333333333
0 0.24791666666666667 0.26944444444444443 0.025 0.03333333333333333
0 0.6875 0.30972222222222223 0.025 0.03333333333333333
0 0.6114583333333333 0.31527777777777777 0.025 0.03333333333333333
0 0.5354166666666667 0.32083333333333336 0.025 0.03333333333333333
0 0.46041666666666664 0.325 0.025 0.03333333333333333
0 0.3854166666666667 0.33055555555555555 0.025 0.03333333333333333
0 0.3104166666666667 0.33611111111111114 0.025 0.03333333333333333
0 0.23645833333333333 0.3416666666666667 0.025 0.03333333333333333
0 0.7 0.3888888888888889 0.025 0.03333333333333333
0 0.6197916666666666 0.39305555555555555 0.025 0.03333333333333333
0 0.5395833333333333 0.39861111111111114 0.025 0.03333333333333333
0 0.46041666666666664 0.4041666666666667 0.025 0.03333333333333333
0 0.38125 0.4097222222222222 0.025 0.03333333333333333
0 0.303125 0.4152777777777778 0.025 0.03333333333333333
0 0.225 0.41944444444444445 0.025 0.03333333333333333
0 0.7135416666666666 0.47638888888888886 0.025 0.03333333333333333
0 0.6291666666666667 0.48055555555555557 0.025 0.03333333333333333
0 0.5447916666666667 0.4861111111111111 0.025 0.03333333333333333
0 0.46041666666666664 0.49166666666666664 0.025 0.03333333333333333
0 0.3770833333333333 0.49722222222222223 0.025 0.03333333333333333
0 0.29375 0.5027777777777778 0.025 0.03333333333333333
0 0.21145833333333333 0.5069444444444444 0.025 0.03333333333333333
0 0.7291666666666666 0.5736111111111111 0.025 0.03333333333333333
0 0.6395833333333333 0.5791666666666667 0.025 0.03333333333333333
0 0.55 0.5847222222222223 0.025 0.03333333333333333
0 0.46041666666666664 0.5902777777777778 0.025 0.03333333333333333
0 0.371875 0.5944444444444444 0.025 0.03333333333333333
0 0.284375 0.6 0.025 0.03333333333333333
0 0.196875 0.6055555555555555 0.025 0.03333333333333333
0 0.746875 0.6847222222222222 0.025 0.03333333333333333
0 0.6510416666666666 0.6902777777777778 0.025 0.03333333333333333
0 0.5552083333333333 0.6958333333333333 0.025 0.03333333333333333
0 0.46041666666666664 0.7 0.025 0.03333333333333333
0 0.36666666666666664 0.7055555555555556 0.025 0.03333333333333333
0 0.27291666666666664 0.7111111111111111 0.025 0.03333333333333333
0 0.18020833333333333 0.7152777777777778 0.025 0.03333333333333333