0 0.6979166666666666 0.30324074074074076 0.03125 0.03148148148148148
0 0.625 0.30416666666666664 0.03125 0.03148148148148148
0 0.5520833333333334 0.30648148148148147 0.03125 0.03148148148148148
0 0.4791666666666667 0.30833333333333335 0.03125 0.03148148148148148
0 0.40729166666666666 0.30925925925925923 0.03125 0.03148148148148148
0 0.33541666666666664 0.31157407407407406 0.03125 0.03148148148148148
0 0.26458333333333334 0.3125 0.03125 0.03148148148148148
0 0.7052083333333333 0.36666666666666664 0.03125 0.03148148148148148
0 0.6291666666666667 0.3685185185185185 0.03125 0.03148148148148148
0 0.5541666666666667 0.3699074074074074 0.03125 0.03148148148148148
0 0.4791666666666667 0.37175925925925923 0.03125 0.03148148148148148
0 0.4041666666666667 0.3731481481481482 0.03125 0.03148148148148148
0 0.3302083333333333 0.37407407407407406 0.03125 0.03148148148148148
0 0.25625 0.37592592592592594 0.03125 0.03148148148148148
0 0.7125 0.4351851851851852 0.03125 0.03148148148148148
0 0.634375 0.43657407407407406 0.03125 0.03148148148148148
0 0.55625 0.43842592592592594 0.03125 0.03148148148148148
0 0.478125 0.4398148148148148 0.03125 0.03148148148148148
0 0.4010416666666667 0.44074074074074077 0.03125 0.03148148148148148
0 0.32395833333333335 0.44166666666666665 0.03125 0.03148148148148148
0 0.24791666666666667 0.44351851851851853 0.03125 0.03148148148148148
0 0.7208333333333333 0.5092592592592593 0.03125 0.03148148148148148
0 0.6395833333333333 0.5101851851851852 0.03125 0.03148148148148148
0 0.5583333333333333 0.5115740740740741 0.03125 0.03148148148148148
0 0.47708333333333336 0.5125 0.03125 0.03148148148148148
0 0.39791666666666664 0.513425925925926 0.03125 0.03148148148148148
0 0.3177083333333333 0.5148148148148148 0.03125 0.03148148148148148
0 0.23854166666666668 0.5157407407407407 0.03125 0.03148148148148148
0 0.7302083333333333 0.5884259259259259 0.03125 0.03148148148148148
0 0.6447916666666667 0.5898148148148148 0.03125 0.03148148148148148
0 0.5604166666666667 0.5907407407407408 0.03125 0.03148148148148148
0 0.47708333333333336 0.5916666666666667 0.03125 0.03148148148148148
0 0.39375 0.5925925925925926 0.03125 0.03148148148148148
0 0.31145833333333334 0.5935185185185186 0.03125 0.03148148148148148
0 0.22916666666666666 0.5949074074074074 0.03125 0.03148148148148148
0 0.7395833333333334 0.675 0.03125 0.03148148148148148
0 0.6510416666666666 0.6759259259259259 0.03125 0.03148148148148148
0 0.5635416666666667 0.6759259259259259 0.03125 0.03148148148148148
0 0.47604166666666664 0.6768518518518518 0.03125 0.03148148148148148
0 0.38958333333333334 0.6782407407407407 0.03125 0.03148148148148148
0 0.303125 0.6782407407407407 0.03125 0.03148148148148148
0 0.21770833333333334 0.6791666666666667 0.03125 0.03148148148148148
0 0.75 0.7685185185185185 0.03125 0.03148148148148148
0 0.6572916666666667 0.7685185185185185 0.03125 0.03148148148148148
0 0.565625 0.7685185185185185 0.03125 0.03148148148148148
0 0.475 0.7699074074074074 0.03125 0.03148148148148148
0 0.3854166666666667 0.7699074074074074 0.03125 0.03148148148148148
0 0.29583333333333334 0.7699074074074074 0.03125 0.03148148148148148
0 0.20625 0.7708333333333334 0.03125 0.03148148148148148