0 0.7 0.18194444444444444 0.025 0.03333333333333333
0 0.63125 0.18472222222222223 0.025 0.03333333333333333
0 0.5625 0.1875 0.025 0.03333333333333333
0 0.4947916666666667 0.19027777777777777 0.025 0.03333333333333333
0 0.4270833333333333 0.19305555555555556 0.025 0.03333333333333333
0 0.36041666666666666 0.19583333333333333 0.025 0.03333333333333333
0 0.29270833333333335 0.1986111111111111 0.025 0.03333333333333333
0 0.7104166666666667 0.24861111111111112 0.025 0.03333333333333333
0 0.6385416666666667 0.2513888888888889 0.025 0.03333333333333333
0 0.5666666666666667 0.25416666666666665 0.025 0.03333333333333333
0 0.49583333333333335 0.2569444444444444 0.025 0.03333333333333333
0 0.4239583333333333 0.25833333333333336 0.025 0.03333333333333333
0 0.3541666666666667 0.2611111111111111 0.025 0.03333333333333333
0 0.2833333333333333 0.2638888888888889 0.025 0.03333333333333333
0 0.721875 0.32083333333333336 0.025 0.03333333333333333
0 0.6458333333333334 0.3236111111111111 0.025 0.03333333333333333
0 0.5708333333333333 0.3263888888888889 0.025 0.03333333333333333
0 0.49583333333333335 0.32916666666666666 0.025 0.03333333333333333
0 0.42083333333333334 0.33194444444444443 0.025 0.03333333333333333
0 0.346875 0.3333333333333333 0.025 0.03333333333333333
0 0.27291666666666664 0.33611111111111114 0.025 0.03333333333333333
0 0.7354166666666667 0.4013888888888889 0.025 0.03333333333333333
0 0.6552083333333333 0.4041666666666667 0.025 0.03333333333333333
0 0.575 0.40694444444444444 0.025 0.03333333333333333
0 0.49583333333333335 0.4097222222222222 0.025 0.03333333333333333
0 0.41770833333333335 0.4111111111111111 0.025 0.03333333333333333
0 0.33958333333333335 0.41388888888888886 0.025 0.03333333333333333
0 0.26145833333333335 0.4166666666666667 0.025 0.03333333333333333
0 0.7489583333333333 0.49166666666666664 0.025 0.03333333333333333
0 0.6645833333333333 0.49444444444444446 0.025 0.03333333333333333
0 0.5802083333333333 0.49583333333333335 0.025 0.03333333333333333
0 0.496875 0.4986111111111111 0.025 0.03333333333333333
0 0.41354166666666664 0.5013888888888889 0.025 0.03333333333333333
0 0.33125 0.5041666666666667 0.025 0.03333333333333333
0 0.24895833333333334 0.5055555555555555 0.025 0.03333333333333333
0 0.765625 0.5930555555555556 0.025 0.03333333333333333
0 0.6760416666666667 0.5944444444444444 0.025 0.03333333333333333
0 0.5864583333333333 0.5972222222222222 0.025 0.03333333333333333
0 0.496875 0.6 0.025 0.03333333333333333
0 0.409375 0.6013888888888889 0.025 0.03333333333333333
0 0.32083333333333336 0.6041666666666666 0.025 0.03333333333333333
0 0.234375 0.6069444444444444 0.025 0.03333333333333333
0 0.784375 0.7069444444444445 0.025 0.03333333333333333
0 0.6885416666666667 0.7097222222222223 0.025 0.03333333333333333
0 0.5927083333333333 0.7111111111111111 0.025 0.03333333333333333
0 0.4979166666666667 0.7138888888888889 0.025 0.03333333333333333
0 0.4041666666666667 0.7152777777777778 0.025 0.03333333333333333
0 0.3104166666666667 0.7180555555555556 0.025 0.03333333333333333
0 0.21770833333333334 0.7194444444444444 0.025 0.03333333333333333