0 0.2791666666666667 0.23842592592592593 0.035416666666666666 0.03518518518518519
0 0.3572916666666667 0.24074074074074073 0.035416666666666666 0.03518518518518519
0 0.434375 0.24259259259259258 0.035416666666666666 0.03518518518518519
0 0.5114583333333333 0.2449074074074074 0.035416666666666666 0.03518518518518519
0 0.5895833333333333 0.24814814814814815 0.035416666666666666 0.03518518518518519
0 0.6666666666666666 0.25 0.035416666666666666 0.03518518518518519
0 0.7447916666666666 0.2518518518518518 0.035416666666666666 0.03518518518518519
0 0.2708333333333333 0.2916666666666667 0.035416666666666666 0.03518518518518519
0 0.35104166666666664 0.2949074074074074 0.035416666666666666 0.03518518518518519
0 0.4322916666666667 0.2967592592592593 0.035416666666666666 0.03518518518518519
0 0.5125 0.29907407407407405 0.035416666666666666 0.03518518518518519
0 0.5927083333333333 0.30092592592592593 0.035416666666666666 0.03518518518518519
0 0.6739583333333333 0.30416666666666664 0.035416666666666666 0.03518518518518519
0 0.7541666666666667 0.30648148148148147 0.035416666666666666 0.03518518518518519
0 0.2604166666666667 0.3509259259259259 0.035416666666666666 0.03518518518518519
0 0.34479166666666666 0.35324074074074074 0.035416666666666666 0.03518518518518519
0 0.42916666666666664 0.35509259259259257 0.035416666666666666 0.03518518518518519
0 0.5125 0.35833333333333334 0.035416666666666666 0.03518518518518519
0 0.596875 0.36018518518518516 0.035416666666666666 0.03518518518518519
0 0.68125 0.3625 0.035416666666666666 0.03518518518518519
0 0.765625 0.36574074074074076 0.035416666666666666 0.03518518518518519
0 0.25 0.4148148148148148 0.035416666666666666 0.03518518518518519
0 0.3375 0.4166666666666667 0.035416666666666666 0.03518518518518519
0 0.42604166666666665 0.4185185185185185 0.035416666666666666 0.03518518518518519
0 0.5135416666666667 0.4217592592592593 0.035416666666666666 0.03518518518518519
0 0.6010416666666667 0.42407407407407405 0.035416666666666666 0.03518518518518519
0 0.6895833333333333 0.42685185185185187 0.035416666666666666 0.03518518518518519
0 0.7770833333333333 0.42916666666666664 0.035416666666666666 0.03518518518518519
0 0.23854166666666668 0.48333333333333334 0.035416666666666666 0.03518518518518519
0 0.3302083333333333 0.48657407407407405 0.035416666666666666 0.03518518518518519
0 0.421875 0.48842592592592593 0.035416666666666666 0.03518518518518519
0 0.5145833333333333 0.49166666666666664 0.035416666666666666 0.03518518518518519
0 0.60625 0.4949074074074074 0.035416666666666666 0.03518518518518519
0 0.6979166666666666 0.49675925925925923 0.035416666666666666 0.03518518518518519
0 0.7895833333333333 0.5 0.035416666666666666 0.03518518518518519
0 0.225 0.5601851851851852 0.035416666666666666 0.03518518518518519
0 0.321875 0.5625 0.035416666666666666 0.03518518518518519
0 0.41875 0.5657407407407408 0.035416666666666666 0.03518518518518519
0 0.5145833333333333 0.5685185185185185 0.035416666666666666 0.03518518518518519
0 0.6114583333333333 0.5708333333333333 0.035416666666666666 0.03518518518518519
0 0.7072916666666667 0.5740740740740741 0.035416666666666666 0.03518518518518519
0 0.8041666666666667 0.5768518518518518 0.035416666666666666 0.03518518518518519
0 0.21145833333333333 0.6449074074074074 0.035416666666666666 0.03518518518518519
0 0.3125 0.6467592592592593 0.035416666666666666 0.03518518518518519
0 0.41354166666666664 0.65 0.035416666666666666 0.03518518518518519
0 0.515625 0.6532407407407408 0.035416666666666666 0.03518518518518519
0 0.6166666666666667 0.6564814814814814 0.035416666666666666 0.03518518518518519
0 0.71875 0.6592592592592592 0.035416666666666666 0.03518518518518519
0 0.8197916666666667 0.6625 0.035416666666666666 0.03518518518518519