0 0.7010416666666667 0.2814814814814815 0.035416666666666666 0.03518518518518519
0 0.625 0.2791666666666667 0.035416666666666666 0.03518518518518519
0 0.55 0.27685185185185185 0.035416666666666666 0.03518518518518519
0 0.475 0.275 0.035416666666666666 0.03518518518518519
0 0.4 0.27175925925925926 0.035416666666666666 0.03518518518518519
0 0.325 0.26990740740740743 0.035416666666666666 0.03518518518518519
0 0.25 0.2675925925925926 0.035416666666666666 0.03518518518518519
0 0.7072916666666667 0.33425925925925926 0.035416666666666666 0.03518518518518519
0 0.6291666666666667 0.33240740740740743 0.035416666666666666 0.03518518518518519
0 0.55 0.3300925925925926 0.035416666666666666 0.03518518518518519
0 0.471875 0.32685185185185184 0.035416666666666666 0.03518518518518519
0 0.39375 0.325 0.035416666666666666 0.03518518518518519
0 0.315625 0.32314814814814813 0.035416666666666666 0.03518518518518519
0 0.2375 0.3199074074074074 0.035416666666666666 0.03518518518518519
0 0.7145833333333333 0.3925925925925926 0.035416666666666666 0.03518518518518519
0 0.6322916666666667 0.38981481481481484 0.035416666666666666 0.03518518518518519
0 0.5510416666666667 0.3875 0.035416666666666666 0.03518518518518519
0 0.46875 0.38425925925925924 0.035416666666666666 0.03518518518518519
0 0.3875 0.3824074074074074 0.035416666666666666 0.03518518518518519
0 0.30625 0.37916666666666665 0.035416666666666666 0.03518518518518519
0 0.225 0.3768518518518518 0.035416666666666666 0.03518518518518519
0 0.7229166666666667 0.4550925925925926 0.035416666666666666 0.03518518518518519
0 0.6375 0.45185185185185184 0.035416666666666666 0.03518518518518519
0 0.5510416666666667 0.45 0.035416666666666666 0.03518518518518519
0 0.4666666666666667 0.44675925925925924 0.035416666666666666 0.03518518518518519
0 0.38125 0.4449074074074074 0.035416666666666666 0.03518518518518519
0 0.29583333333333334 0.44166666666666665 0.035416666666666666 0.03518518518518519
0 0.21041666666666667 0.43842592592592594 0.035416666666666666 0.03518518518518519
0 0.73125 0.524074074074074 0.035416666666666666 0.03518518518518519
0 0.6416666666666667 0.5208333333333334 0.035416666666666666 0.03518518518518519
0 0.5520833333333334 0.5175925925925926 0.035416666666666666 0.03518518518518519
0 0.4625 0.5157407407407407 0.035416666666666666 0.03518518518518519
0 0.37395833333333334 0.5125 0.035416666666666666 0.03518518518518519
0 0.284375 0.5092592592592593 0.035416666666666666 0.03518518518518519
0 0.19583333333333333 0.5064814814814815 0.035416666666666666 0.03518518518518519
0 0.740625 0.5990740740740741 0.035416666666666666 0.03518518518518519
0 0.646875 0.5958333333333333 0.035416666666666666 0.03518518518518519
0 0.553125 0.5925925925925926 0.035416666666666666 0.03518518518518519
0 0.459375 0.5907407407407408 0.035416666666666666 0.03518518518518519
0 0.365625 0.5875 0.035416666666666666 0.03518518518518519
0 0.271875 0.5842592592592593 0.035416666666666666 0.03518518518518519
0 0.17916666666666667 0.5814814814814815 0.035416666666666666 0.03518518518518519
0 0.7510416666666667 0.6824074074074075 0.035416666666666666 0.03518518518518519
0 0.6520833333333333 0.6791666666666667 0.035416666666666666 0.03518518518518519
0 0.553125 0.6759259259259259 0.035416666666666666 0.03518518518518519
0 0.4552083333333333 0.6731481481481482 0.035416666666666666 0.03518518518518519
0 0.35625 0.6699074074074074 0.035416666666666666 0.03518518518518519
0 0.25833333333333336 0.6657407407407407 0.035416666666666666 0.03518518518518519
0 0.16041666666666668 0.6625 0.035416666666666666 0.03518518518518519