0 0.30416666666666664 0.3763888888888889 0.01875 0.025
0 0.2989583333333333 0.44027777777777777 0.01875 0.025
0 0.29270833333333335 0.5069444444444444 0.01875 0.025
0 0.2875 0.5777777777777777 0.01875 0.025
0 0.28125 0.6527777777777778 0.01875 0.025
0 0.275 0.7333333333333333 0.01875 0.025
0 0.2677083333333333 0.8180555555555555 0.01875 0.025
0 0.36770833333333336 0.37777777777777777 0.01875 0.025
0 0.36354166666666665 0.44027777777777777 0.01875 0.025
0 0.36041666666666666 0.5083333333333333 0.01875 0.025
0 0.35625 0.5791666666666667 0.01875 0.025
0 0.35208333333333336 0.6541666666666667 0.01875 0.025
0 0.34791666666666665 0.7347222222222223 0.01875 0.025
0 0.34375 0.8194444444444444 0.01875 0.025
0 0.43125 0.37777777777777777 0.01875 0.025
0 0.42916666666666664 0.44166666666666665 0.01875 0.025
0 0.4270833333333333 0.5083333333333333 0.01875 0.025
0 0.42604166666666665 0.5805555555555556 0.01875 0.025
0 0.4239583333333333 0.6555555555555556 0.01875 0.025
0 0.421875 0.7361111111111112 0.01875 0.025
0 0.4197916666666667 0.8208333333333333 0.01875 0.025
0 0.4947916666666667 0.37916666666666665 0.01875 0.025
0 0.4947916666666667 0.44305555555555554 0.01875 0.025
0 0.4947916666666667 0.5097222222222222 0.01875 0.025
0 0.4947916666666667 0.5819444444444445 0.01875 0.025
0 0.49583333333333335 0.6569444444444444 0.01875 0.025
0 0.49583333333333335 0.7375 0.01875 0.025
0 0.49583333333333335 0.8236111111111111 0.01875 0.025
0 0.5583333333333333 0.38055555555555554 0.01875 0.025
0 0.5604166666666667 0.4444444444444444 0.01875 0.025
0 0.5625 0.5111111111111111 0.01875 0.025
0 0.5645833333333333 0.5819444444444445 0.01875 0.025
0 0.5666666666666667 0.6583333333333333 0.01875 0.025
0 0.5697916666666667 0.7388888888888889 0.01875 0.025
0 0.571875 0.825 0.01875 0.025
0 0.621875 0.3819444444444444 0.01875 0.025
0 0.6260416666666667 0.4444444444444444 0.01875 0.025
0 0.6302083333333334 0.5125 0.01875 0.025
0 0.634375 0.5833333333333334 0.01875 0.025
0 0.6385416666666667 0.6597222222222222 0.01875 0.025
0 0.64375 0.7402777777777778 0.01875 0.025
0 0.6489583333333333 0.8263888888888888 0.01875 0.025
0 0.6864583333333333 0.3819444444444444 0.01875 0.025
0 0.6916666666666667 0.44583333333333336 0.01875 0.025
0 0.6979166666666666 0.5138888888888888 0.01875 0.025
0 0.7041666666666667 0.5847222222222223 0.01875 0.025
0 0.7104166666666667 0.6611111111111111 0.01875 0.025
0 0.7177083333333333 0.7416666666666667 0.01875 0.025
0 0.725 0.8277777777777777 0.01875 0.025