0 0.7072916666666667 0.16527777777777777 0.022916666666666665 0.03425925925925926
0 0.6322916666666667 0.16342592592592592 0.022916666666666665 0.03425925925925926
0 0.55625 0.16203703703703703 0.022916666666666665 0.03425925925925926
0 0.48020833333333335 0.16203703703703703 0.022916666666666665 0.03425925925925926
0 0.403125 0.16064814814814815 0.022916666666666665 0.03425925925925926
0 0.325 0.1587962962962963 0.022916666666666665 0.03425925925925926
0 0.246875 0.1587962962962963 0.022916666666666665 0.03425925925925926
0 0.71875 0.24444444444444444 0.022916666666666665 0.03425925925925926
0 0.640625 0.24305555555555555 0.022916666666666665 0.03425925925925926
0 0.5625 0.24305555555555555 0.022916666666666665 0.03425925925925926
0 0.48333333333333334 0.24305555555555555 0.022916666666666665 0.03425925925925926
0 0.403125 0.2412037037037037 0.022916666666666665 0.03425925925925926
0 0.3229166666666667 0.2412037037037037 0.022916666666666665 0.03425925925925926
0 0.24166666666666667 0.23981481481481481 0.022916666666666665 0.03425925925925926
0 0.73125 0.3300925925925926 0.022916666666666665 0.03425925925925926
0 0.65 0.3300925925925926 0.022916666666666665 0.03425925925925926
0 0.56875 0.3300925925925926 0.022916666666666665 0.03425925925925926
0 0.4864583333333333 0.3287037037037037 0.022916666666666665 0.03425925925925926
0 0.4041666666666667 0.3287037037037037 0.022916666666666665 0.03425925925925926
0 0.31979166666666664 0.3287037037037037 0.022916666666666665 0.03425925925925926
0 0.23645833333333333 0.3287037037037037 0.022916666666666665 0.03425925925925926
0 0.7447916666666666 0.4236111111111111 0.022916666666666665 0.03425925925925926
0 0.6604166666666667 0.4236111111111111 0.022916666666666665 0.03425925925925926
0 0.5760416666666667 0.4236111111111111 0.022916666666666665 0.03425925925925926
0 0.490625 0.4236111111111111 0.022916666666666665 0.03425925925925926
0 0.4041666666666667 0.4236111111111111 0.022916666666666665 0.03425925925925926
0 0.3177083333333333 0.4236111111111111 0.022916666666666665 0.03425925925925926
0 0.23020833333333332 0.4236111111111111 0.022916666666666665 0.03425925925925926
0 0.759375 0.5231481481481481 0.022916666666666665 0.03425925925925926
0 0.671875 0.525 0.022916666666666665 0.03425925925925926
0 0.5833333333333334 0.525 0.022916666666666665 0.03425925925925926
0 0.4947916666666667 0.525 0.022916666666666665 0.03425925925925926
0 0.40520833333333334 0.525 0.022916666666666665 0.03425925925925926
0 0.3145833333333333 0.525 0.022916666666666665 0.03425925925925926
0 0.22291666666666668 0.5263888888888889 0.022916666666666665 0.03425925925925926
0 0.775 0.6324074074074074 0.022916666666666665 0.03425925925925926
0 0.684375 0.6337962962962963 0.022916666666666665 0.03425925925925926
0 0.5916666666666667 0.6337962962962963 0.022916666666666665 0.03425925925925926
0 0.49895833333333334 0.6356481481481482 0.022916666666666665 0.03425925925925926
0 0.40520833333333334 0.6370370370370371 0.022916666666666665 0.03425925925925926
0 0.3104166666666667 0.6370370370370371 0.022916666666666665 0.03425925925925926
0 0.215625 0.638425925925926 0.022916666666666665 0.03425925925925926
0 0.7927083333333333 0.7523148148148148 0.022916666666666665 0.03425925925925926
0 0.696875 0.7537037037037037 0.022916666666666665 0.03425925925925926
0 0.6010416666666667 0.7555555555555555 0.022916666666666665 0.03425925925925926
0 0.5041666666666667 0.7555555555555555 0.022916666666666665 0.03425925925925926
0 0.40625 0.7569444444444444 0.022916666666666665 0.03425925925925926
0 0.3072916666666667 0.7587962962962963 0.022916666666666665 0.03425925925925926
0 0.20729166666666668 0.7601851851851852 0.022916666666666665 0.03425925925925926