0 0.7 0.28425925925925927 0.03125 0.03148148148148148
0 0.6322916666666667 0.28425925925925927 0.03125 0.03148148148148148
0 0.5635416666666667 0.2851851851851852 0.03125 0.03148148148148148
0 0.4947916666666667 0.2865740740740741 0.03125 0.03148148148148148
0 0.42604166666666665 0.2865740740740741 0.03125 0.03148148148148148
0 0.3572916666666667 0.2875 0.03125 0.03148148148148148
0 0.28854166666666664 0.2875 0.03125 0.03148148148148148
0 0.709375 0.3365740740740741 0.03125 0.03148148148148148
0 0.6385416666666667 0.3375 0.03125 0.03148148148148148
0 0.5666666666666667 0.3375 0.03125 0.03148148148148148
0 0.49583333333333335 0.3384259259259259 0.03125 0.03148148148148148
0 0.4239583333333333 0.3398148148148148 0.03125 0.03148148148148148
0 0.35208333333333336 0.3398148148148148 0.03125 0.03148148148148148
0 0.28020833333333334 0.34074074074074073 0.03125 0.03148148148148148
0 0.7197916666666667 0.39351851851851855 0.03125 0.03148148148148148
0 0.6447916666666667 0.39490740740740743 0.03125 0.03148148148148148
0 0.5708333333333333 0.39490740740740743 0.03125 0.03148148148148148
0 0.496875 0.3958333333333333 0.03125 0.03148148148148148
0 0.421875 0.39675925925925926 0.03125 0.03148148148148148
0 0.346875 0.39814814814814814 0.03125 0.03148148148148148
0 0.2708333333333333 0.3990740740740741 0.03125 0.03148148148148148
0 0.7302083333333333 0.4564814814814815 0.03125 0.03148148148148148
0 0.653125 0.45740740740740743 0.03125 0.03148148148148148
0 0.575 0.45740740740740743 0.03125 0.03148148148148148
0 0.496875 0.4583333333333333 0.03125 0.03148148148148148
0 0.41875 0.45925925925925926 0.03125 0.03148148148148148
0 0.33958333333333335 0.4601851851851852 0.03125 0.03148148148148148
0 0.26145833333333335 0.4615740740740741 0.03125 0.03148148148148148
0 0.7427083333333333 0.524074074074074 0.03125 0.03148148148148148
0 0.6614583333333334 0.525 0.03125 0.03148148148148148
0 0.5802083333333333 0.5259259259259259 0.03125 0.03148148148148148
0 0.4979166666666667 0.5282407407407408 0.03125 0.03148148148148148
0 0.415625 0.5291666666666667 0.03125 0.03148148148148148
0 0.3333333333333333 0.5300925925925926 0.03125 0.03148148148148148
0 0.25 0.5314814814814814 0.03125 0.03148148148148148
0 0.75625 0.6 0.03125 0.03148148148148148
0 0.6708333333333333 0.600925925925926 0.03125 0.03148148148148148
0 0.584375 0.6018518518518519 0.03125 0.03148148148148148
0 0.49895833333333334 0.6041666666666666 0.03125 0.03148148148148148
0 0.4125 0.6050925925925926 0.03125 0.03148148148148148
0 0.325 0.6064814814814815 0.03125 0.03148148148148148
0 0.23854166666666668 0.6083333333333333 0.03125 0.03148148148148148
0 0.7708333333333334 0.6833333333333333 0.03125 0.03148148148148148
0 0.68125 0.6842592592592592 0.03125 0.03148148148148148
0 0.590625 0.6865740740740741 0.03125 0.03148148148148148
0 0.5 0.6884259259259259 0.03125 0.03148148148148148
0 0.4083333333333333 0.6898148148148148 0.03125 0.03148148148148148
0 0.31666666666666665 0.6916666666666667 0.03125 0.03148148148148148
0 0.225 0.6935185185185185 0.03125 0.03148148148148148