0 0.7541666666666667 0.26666666666666666 0.03125 0.03148148148148148
0 0.6822916666666666 0.26157407407407407 0.03125 0.03148148148148148
0 0.6083333333333333 0.2564814814814815 0.03125 0.03148148148148148
0 0.5333333333333333 0.25092592592592594 0.03125 0.03148148148148148
0 0.4552083333333333 0.24583333333333332 0.03125 0.03148148148148148
0 0.37604166666666666 0.23981481481481481 0.03125 0.03148148148148148
0 0.29375 0.23333333333333334 0.03125 0.03148148148148148
0 0.7645833333333333 0.3314814814814815 0.03125 0.03148148148148148
0 0.6916666666666667 0.32685185185185184 0.03125 0.03148148148148148
0 0.615625 0.32314814814814813 0.03125 0.03148148148148148
0 0.5385416666666667 0.3175925925925926 0.03125 0.03148148148148148
0 0.4583333333333333 0.3125 0.03125 0.03148148148148148
0 0.37604166666666666 0.30833333333333335 0.03125 0.03148148148148148
0 0.29270833333333335 0.30324074074074076 0.03125 0.03148148148148148
0 0.7760416666666666 0.4 0.03125 0.03148148148148148
0 0.7010416666666667 0.3958333333333333 0.03125 0.03148148148148148
0 0.6229166666666667 0.3925925925925926 0.03125 0.03148148148148148
0 0.54375 0.38842592592592595 0.03125 0.03148148148148148
0 0.46145833333333336 0.38425925925925924 0.03125 0.03148148148148148
0 0.3770833333333333 0.3800925925925926 0.03125 0.03148148148148148
0 0.290625 0.37592592592592594 0.03125 0.03148148148148148
0 0.7885416666666667 0.47175925925925927 0.03125 0.03148148148148148
0 0.7114583333333333 0.4685185185185185 0.03125 0.03148148148148148
0 0.63125 0.4666666666666667 0.03125 0.03148148148148148
0 0.55 0.4634259259259259 0.03125 0.03148148148148148
0 0.465625 0.4601851851851852 0.03125 0.03148148148148148
0 0.378125 0.45740740740740743 0.03125 0.03148148148148148
0 0.28854166666666664 0.45416666666666666 0.03125 0.03148148148148148
0 0.8010416666666667 0.5481481481481482 0.03125 0.03148148148148148
0 0.721875 0.5458333333333333 0.03125 0.03148148148148148
0 0.6395833333333333 0.5449074074074074 0.03125 0.03148148148148148
0 0.5552083333333333 0.5425925925925926 0.03125 0.03148148148148148
0 0.46875 0.5407407407407407 0.03125 0.03148148148148148
0 0.37916666666666665 0.538425925925926 0.03125 0.03148148148148148
0 0.2875 0.5365740740740741 0.03125 0.03148148148148148
0 0.8145833333333333 0.6291666666666667 0.03125 0.03148148148148148
0 0.7333333333333333 0.6282407407407408 0.03125 0.03148148148148148
0 0.6489583333333333 0.6282407407407408 0.03125 0.03148148148148148
0 0.5625 0.6268518518518519 0.03125 0.03148148148148148
0 0.47291666666666665 0.6259259259259259 0.03125 0.03148148148148148
0 0.3802083333333333 0.6259259259259259 0.03125 0.03148148148148148
0 0.28541666666666665 0.625 0.03125 0.03148148148148148
0 0.8291666666666667 0.7148148148148148 0.03125 0.03148148148148148
0 0.7458333333333333 0.7157407407407408 0.03125 0.03148148148148148
0 0.6583333333333333 0.7157407407407408 0.03125 0.03148148148148148
0 0.5697916666666667 0.7166666666666667 0.03125 0.03148148148148148
0 0.47708333333333336 0.7175925925925926 0.03125 0.03148148148148148
0 0.38125 0.7185185185185186 0.03125 0.03148148148148148
0 0.2833333333333333 0.7199074074074074 0.03125 0.03148148148148148