0 0.7020833333333333 0.18194444444444444 0.025 0.03333333333333333
0 0.6354166666666666 0.18333333333333332 0.025 0.03333333333333333
0 0.5697916666666667 0.18472222222222223 0.025 0.03333333333333333
0 0.5041666666666667 0.18611111111111112 0.025 0.03333333333333333
0 0.4375 0.1875 0.025 0.03333333333333333
0 0.37083333333333335 0.19027777777777777 0.025 0.03333333333333333
0 0.30416666666666664 0.19166666666666668 0.025 0.03333333333333333
0 0.7135416666666666 0.24305555555555555 0.025 0.03333333333333333
0 0.64375 0.24583333333333332 0.025 0.03333333333333333
0 0.575 0.24722222222222223 0.025 0.03333333333333333
0 0.5052083333333334 0.24861111111111112 0.025 0.03333333333333333
0 0.4354166666666667 0.25 0.025 0.03333333333333333
0 0.36666666666666664 0.25277777777777777 0.025 0.03333333333333333
0 0.296875 0.25416666666666665 0.025 0.03333333333333333
0 0.7260416666666667 0.3125 0.025 0.03333333333333333
0 0.653125 0.3138888888888889 0.025 0.03333333333333333
0 0.5802083333333333 0.31527777777777777 0.025 0.03333333333333333
0 0.5072916666666667 0.31805555555555554 0.025 0.03333333333333333
0 0.434375 0.3194444444444444 0.025 0.03333333333333333
0 0.36041666666666666 0.32083333333333336 0.025 0.03333333333333333
0 0.2875 0.3236111111111111 0.025 0.03333333333333333
0 0.7395833333333334 0.3875 0.025 0.03333333333333333
0 0.6635416666666667 0.3902777777777778 0.025 0.03333333333333333
0 0.5864583333333333 0.39166666666666666 0.025 0.03333333333333333
0 0.509375 0.39444444444444443 0.025 0.03333333333333333
0 0.4322916666666667 0.3958333333333333 0.025 0.03333333333333333
0 0.35520833333333335 0.39861111111111114 0.025 0.03333333333333333
0 0.27708333333333335 0.4 0.025 0.03333333333333333
0 0.7552083333333334 0.4722222222222222 0.025 0.03333333333333333
0 0.6739583333333333 0.475 0.025 0.03333333333333333
0 0.5927083333333333 0.47638888888888886 0.025 0.03333333333333333
0 0.5114583333333333 0.4791666666666667 0.025 0.03333333333333333
0 0.43020833333333336 0.48194444444444445 0.025 0.03333333333333333
0 0.34791666666666665 0.48333333333333334 0.025 0.03333333333333333
0 0.26666666666666666 0.4861111111111111 0.025 0.03333333333333333
0 0.7729166666666667 0.5680555555555555 0.025 0.03333333333333333
0 0.6864583333333333 0.5694444444444444 0.025 0.03333333333333333
0 0.6 0.5722222222222222 0.025 0.03333333333333333
0 0.5135416666666667 0.575 0.025 0.03333333333333333
0 0.4270833333333333 0.5777777777777777 0.025 0.03333333333333333
0 0.340625 0.5791666666666667 0.025 0.03333333333333333
0 0.25416666666666665 0.5819444444444445 0.025 0.03333333333333333
0 0.7927083333333333 0.675 0.025 0.03333333333333333
0 0.7010416666666667 0.6777777777777778 0.025 0.03333333333333333
0 0.609375 0.6805555555555556 0.025 0.03333333333333333
0 0.5166666666666667 0.6833333333333333 0.025 0.03333333333333333
0 0.425 0.6861111111111111 0.025 0.03333333333333333
0 0.33229166666666665 0.6888888888888889 0.025 0.03333333333333333
0 0.23958333333333334 0.6916666666666667 0.025 0.03333333333333333