0 0.1625 0.6416666666666667 0.029166666666666667 0.029166666666666667
0 0.24375 0.6458333333333334 0.029166666666666667 0.029166666666666667
0 0.32708333333333334 0.65 0.029166666666666667 0.029166666666666667
0 0.4114583333333333 0.6550925925925926 0.029166666666666667 0.029166666666666667
0 0.49895833333333334 0.6592592592592592 0.029166666666666667 0.029166666666666667
0 0.5885416666666666 0.6648148148148149 0.029166666666666667 0.029166666666666667
0 0.6791666666666667 0.6685185185185185 0.029166666666666667 0.029166666666666667
0 0.175 0.5583333333333333 0.029166666666666667 0.029166666666666667
0 0.2552083333333333 0.5625 0.029166666666666667 0.029166666666666667
0 0.33645833333333336 0.5657407407407408 0.029166666666666667 0.029166666666666667
0 0.4197916666666667 0.5685185185185185 0.029166666666666667 0.029166666666666667
0 0.5052083333333334 0.5731481481481482 0.029166666666666667 0.029166666666666667
0 0.5927083333333333 0.575925925925926 0.029166666666666667 0.029166666666666667
0 0.6822916666666666 0.5800925925925926 0.029166666666666667 0.029166666666666667
0 0.1875 0.4791666666666667 0.029166666666666667 0.029166666666666667
0 0.265625 0.48148148148148145 0.029166666666666667 0.029166666666666667
0 0.3458333333333333 0.4842592592592593 0.029166666666666667 0.029166666666666667
0 0.4270833333333333 0.48657407407407405 0.029166666666666667 0.029166666666666667
0 0.5114583333333333 0.48842592592592593 0.029166666666666667 0.029166666666666667
0 0.596875 0.49166666666666664 0.029166666666666667 0.029166666666666667
0 0.684375 0.4935185185185185 0.029166666666666667 0.029166666666666667
0 0.2 0.40324074074074073 0.029166666666666667 0.029166666666666667
0 0.2760416666666667 0.4041666666666667 0.029166666666666667 0.029166666666666667
0 0.35520833333333335 0.4064814814814815 0.029166666666666667 0.029166666666666667
0 0.4354166666666667 0.4074074074074074 0.029166666666666667 0.029166666666666667
0 0.5166666666666667 0.40925925925925927 0.029166666666666667 0.029166666666666667
0 0.6010416666666667 0.4101851851851852 0.029166666666666667 0.029166666666666667
0 0.6864583333333333 0.4125 0.029166666666666667 0.029166666666666667
0 0.21145833333333333 0.32916666666666666 0.029166666666666667 0.029166666666666667
0 0.2864583333333333 0.3300925925925926 0.029166666666666667 0.029166666666666667
0 0.36354166666666665 0.3314814814814815 0.029166666666666667 0.029166666666666667
0 0.44166666666666665 0.3314814814814815 0.029166666666666667 0.029166666666666667
0 0.5229166666666667 0.33240740740740743 0.029166666666666667 0.029166666666666667
0 0.6041666666666666 0.3333333333333333 0.029166666666666667 0.029166666666666667
0 0.6885416666666667 0.3333333333333333 0.029166666666666667 0.029166666666666667
0 0.221875 0.25833333333333336 0.029166666666666667 0.029166666666666667
0 0.29583333333333334 0.25833333333333336 0.029166666666666667 0.029166666666666667
0 0.371875 0.25833333333333336 0.029166666666666667 0.029166666666666667
0 0.44895833333333335 0.25833333333333336 0.029166666666666667 0.029166666666666667
0 0.528125 0.25833333333333336 0.029166666666666667 0.029166666666666667
0 0.6083333333333333 0.25833333333333336 0.029166666666666667 0.029166666666666667
0 0.690625 0.25833333333333336 0.029166666666666667 0.029166666666666667
0 0.23333333333333334 0.19074074074074074 0.029166666666666667 0.029166666666666667
0 0.30520833333333336 0.19074074074074074 0.029166666666666667 0.029166666666666667
0 0.3802083333333333 0.18981481481481483 0.029166666666666667 0.029166666666666667
0 0.4552083333333333 0.1884259259259259 0.029166666666666667 0.029166666666666667
0 0.5333333333333333 0.1875 0.029166666666666667 0.029166666666666667
0 0.6114583333333333 0.1875 0.029166666666666667 0.029166666666666667
0 0.6927083333333334 0.1865740740740741 0.029166666666666667 0.029166666666666667