0 0.2947916666666667 0.19444444444444445 0.01875 0.03333333333333333
0 0.28958333333333336 0.2759259259259259 0.01875 0.03333333333333333
0 0.2833333333333333 0.362962962962963 0.01875 0.03333333333333333
0 0.27708333333333335 0.45740740740740743 0.01875 0.03333333333333333
0 0.26979166666666665 0.5592592592592592 0.01875 0.03333333333333333
0 0.2625 0.6685185185185185 0.01875 0.03333333333333333
0 0.25416666666666665 0.7870370370370371 0.01875 0.03333333333333333
0 0.35520833333333335 0.19444444444444445 0.01875 0.03333333333333333
0 0.35208333333333336 0.2777777777777778 0.01875 0.03333333333333333
0 0.34791666666666665 0.3648148148148148 0.01875 0.03333333333333333
0 0.34479166666666666 0.45925925925925926 0.01875 0.03333333333333333
0 0.340625 0.5592592592592592 0.01875 0.03333333333333333
0 0.33541666666666664 0.6685185185185185 0.01875 0.03333333333333333
0 0.3302083333333333 0.7870370370370371 0.01875 0.03333333333333333
0 0.415625 0.1962962962962963 0.01875 0.03333333333333333
0 0.41458333333333336 0.2777777777777778 0.01875 0.03333333333333333
0 0.41354166666666664 0.3648148148148148 0.01875 0.03333333333333333
0 0.4114583333333333 0.45925925925925926 0.01875 0.03333333333333333
0 0.41041666666666665 0.5592592592592592 0.01875 0.03333333333333333
0 0.4083333333333333 0.6685185185185185 0.01875 0.03333333333333333
0 0.40625 0.7870370370370371 0.01875 0.03333333333333333
0 0.47604166666666664 0.19814814814814816 0.01875 0.03333333333333333
0 0.47708333333333336 0.2796296296296296 0.01875 0.03333333333333333
0 0.47708333333333336 0.36666666666666664 0.01875 0.03333333333333333
0 0.478125 0.45925925925925926 0.01875 0.03333333333333333
0 0.4791666666666667 0.5611111111111111 0.01875 0.03333333333333333
0 0.48020833333333335 0.6685185185185185 0.01875 0.03333333333333333
0 0.48125 0.7870370370370371 0.01875 0.03333333333333333
0 0.5354166666666667 0.2 0.01875 0.03333333333333333
0 0.5385416666666667 0.2796296296296296 0.01875 0.03333333333333333
0 0.5416666666666666 0.36666666666666664 0.01875 0.03333333333333333
0 0.5447916666666667 0.46111111111111114 0.01875 0.03333333333333333
0 0.5479166666666667 0.5611111111111111 0.01875 0.03333333333333333
0 0.5520833333333334 0.6685185185185185 0.01875 0.03333333333333333
0 0.55625 0.7870370370370371 0.01875 0.03333333333333333
0 0.5947916666666667 0.2 0.01875 0.03333333333333333
0 0.6 0.2814814814814815 0.01875 0.03333333333333333
0 0.6052083333333333 0.3685185185185185 0.01875 0.03333333333333333
0 0.6104166666666667 0.46111111111111114 0.01875 0.03333333333333333
0 0.6166666666666667 0.5611111111111111 0.01875 0.03333333333333333
0 0.6229166666666667 0.6685185185185185 0.01875 0.03333333333333333
0 0.6302083333333334 0.7870370370370371 0.01875 0.03333333333333333
0 0.6541666666666667 0.20185185185185187 0.01875 0.03333333333333333
0 0.6614583333333334 0.2833333333333333 0.01875 0.03333333333333333
0 0.66875 0.3685185185185185 0.01875 0.03333333333333333
0 0.6760416666666667 0.46111111111111114 0.01875 0.03333333333333333
0 0.684375 0.5611111111111111 0.01875 0.03333333333333333
0 0.69375 0.6703703703703704 0.01875 0.03333333333333333
0 0.7041666666666667 0.7870370370370371 0.01875 0.03333333333333333