0 0.23645833333333333 0.6583333333333333 0.03333333333333333 0.03333333333333333
0 0.334375 0.6601851851851852 0.03333333333333333 0.03333333333333333
0 0.4322916666666667 0.6615740740740741 0.03333333333333333 0.03333333333333333
0 0.5291666666666667 0.663425925925926 0.03333333333333333 0.03333333333333333
0 0.6260416666666667 0.6657407407407407 0.03333333333333333 0.03333333333333333
0 0.7229166666666667 0.6675925925925926 0.03333333333333333 0.03333333333333333
0 0.81875 0.6685185185185185 0.03333333333333333 0.03333333333333333
0 0.246875 0.5657407407407408 0.03333333333333333 0.03333333333333333
0 0.3416666666666667 0.5675925925925925 0.03333333333333333 0.03333333333333333
0 0.4354166666666667 0.5699074074074074 0.03333333333333333 0.03333333333333333
0 0.5291666666666667 0.5717592592592593 0.03333333333333333 0.03333333333333333
0 0.6229166666666667 0.5740740740740741 0.03333333333333333 0.03333333333333333
0 0.7166666666666667 0.575 0.03333333333333333 0.03333333333333333
0 0.809375 0.5768518518518518 0.03333333333333333 0.03333333333333333
0 0.25729166666666664 0.48009259259259257 0.03333333333333333 0.03333333333333333
0 0.34791666666666665 0.48148148148148145 0.03333333333333333 0.03333333333333333
0 0.4395833333333333 0.48333333333333334 0.03333333333333333 0.03333333333333333
0 0.5302083333333333 0.48518518518518516 0.03333333333333333 0.03333333333333333
0 0.6208333333333333 0.4875 0.03333333333333333 0.03333333333333333
0 0.7104166666666667 0.4898148148148148 0.03333333333333333 0.03333333333333333
0 0.8010416666666667 0.49166666666666664 0.03333333333333333 0.03333333333333333
0 0.265625 0.3990740740740741 0.03333333333333333 0.03333333333333333
0 0.3541666666666667 0.4009259259259259 0.03333333333333333 0.03333333333333333
0 0.4427083333333333 0.40324074074074073 0.03333333333333333 0.03333333333333333
0 0.5302083333333333 0.4050925925925926 0.03333333333333333 0.03333333333333333
0 0.6177083333333333 0.4074074074074074 0.03333333333333333 0.03333333333333333
0 0.7052083333333333 0.40925925925925927 0.03333333333333333 0.03333333333333333
0 0.7916666666666666 0.4115740740740741 0.03333333333333333 0.03333333333333333
0 0.275 0.32407407407407407 0.03333333333333333 0.03333333333333333
0 0.36041666666666666 0.32592592592592595 0.03333333333333333 0.03333333333333333
0 0.44583333333333336 0.3282407407407407 0.03333333333333333 0.03333333333333333
0 0.5302083333333333 0.3300925925925926 0.03333333333333333 0.03333333333333333
0 0.615625 0.33240740740740743 0.03333333333333333 0.03333333333333333
0 0.7 0.33425925925925926 0.03333333333333333 0.03333333333333333
0 0.784375 0.3365740740740741 0.03333333333333333 0.03333333333333333
0 0.28229166666666666 0.25324074074074077 0.03333333333333333 0.03333333333333333
0 0.365625 0.2550925925925926 0.03333333333333333 0.03333333333333333
0 0.44895833333333335 0.2574074074074074 0.03333333333333333 0.03333333333333333
0 0.53125 0.25925925925925924 0.03333333333333333 0.03333333333333333
0 0.6135416666666667 0.26157407407407407 0.03333333333333333 0.03333333333333333
0 0.6947916666666667 0.26342592592592595 0.03333333333333333 0.03333333333333333
0 0.7770833333333333 0.2657407407407407 0.03333333333333333 0.03333333333333333
0 0.290625 0.1865740740740741 0.03333333333333333 0.03333333333333333
0 0.37083333333333335 0.1884259259259259 0.03333333333333333 0.03333333333333333
0 0.4510416666666667 0.19074074074074074 0.03333333333333333 0.03333333333333333
0 0.53125 0.1925925925925926 0.03333333333333333 0.03333333333333333
0 0.6114583333333333 0.19490740740740742 0.03333333333333333 0.03333333333333333
0 0.690625 0.19675925925925927 0.03333333333333333 0.03333333333333333
0 0.7697916666666667 0.19907407407407407 0.03333333333333333 0.03333333333333333