0 0.7020833333333333 0.19166666666666668 0.025 0.03333333333333333
0 0.6364583333333333 0.19305555555555556 0.025 0.03333333333333333
0 0.5697916666666667 0.19444444444444445 0.025 0.03333333333333333
0 0.503125 0.19583333333333333 0.025 0.03333333333333333
0 0.43645833333333334 0.19722222222222222 0.025 0.03333333333333333
0 0.3697916666666667 0.19722222222222222 0.025 0.03333333333333333
0 0.3020833333333333 0.1986111111111111 0.025 0.03333333333333333
0 0.7135416666666666 0.25555555555555554 0.025 0.03333333333333333
0 0.64375 0.2569444444444444 0.025 0.03333333333333333
0 0.5739583333333333 0.25833333333333336 0.025 0.03333333333333333
0 0.5041666666666667 0.25833333333333336 0.025 0.03333333333333333
0 0.434375 0.25972222222222224 0.025 0.03333333333333333
0 0.36354166666666665 0.2611111111111111 0.025 0.03333333333333333
0 0.29375 0.2625 0.025 0.03333333333333333
0 0.725 0.325 0.025 0.03333333333333333
0 0.6520833333333333 0.3263888888888889 0.025 0.03333333333333333
0 0.5791666666666667 0.3277777777777778 0.025 0.03333333333333333
0 0.5052083333333334 0.32916666666666666 0.025 0.03333333333333333
0 0.4322916666666667 0.33055555555555555 0.025 0.03333333333333333
0 0.35833333333333334 0.33194444444444443 0.025 0.03333333333333333
0 0.284375 0.3333333333333333 0.025 0.03333333333333333
0 0.7375 0.4013888888888889 0.025 0.03333333333333333
0 0.6604166666666667 0.4027777777777778 0.025 0.03333333333333333
0 0.584375 0.4041666666666667 0.025 0.03333333333333333
0 0.5072916666666667 0.40555555555555556 0.025 0.03333333333333333
0 0.42916666666666664 0.40694444444444444 0.025 0.03333333333333333
0 0.35208333333333336 0.4097222222222222 0.025 0.03333333333333333
0 0.27395833333333336 0.4111111111111111 0.025 0.03333333333333333
0 0.7520833333333333 0.4861111111111111 0.025 0.03333333333333333
0 0.6708333333333333 0.4875 0.025 0.03333333333333333
0 0.5895833333333333 0.49027777777777776 0.025 0.03333333333333333
0 0.5083333333333333 0.49166666666666664 0.025 0.03333333333333333
0 0.42604166666666665 0.4930555555555556 0.025 0.03333333333333333
0 0.34479166666666666 0.49583333333333335 0.025 0.03333333333333333
0 0.2625 0.49722222222222223 0.025 0.03333333333333333
0 0.7677083333333333 0.5805555555555556 0.025 0.03333333333333333
0 0.6822916666666666 0.5833333333333334 0.025 0.03333333333333333
0 0.5958333333333333 0.5861111111111111 0.025 0.03333333333333333
0 0.509375 0.5875 0.025 0.03333333333333333
0 0.42291666666666666 0.5902777777777778 0.025 0.03333333333333333
0 0.33645833333333336 0.5916666666666667 0.025 0.03333333333333333
0 0.24895833333333334 0.5944444444444444 0.025 0.03333333333333333
0 0.7854166666666667 0.6875 0.025 0.03333333333333333
0 0.6947916666666667 0.6902777777777778 0.025 0.03333333333333333
0 0.603125 0.6930555555555555 0.025 0.03333333333333333
0 0.5114583333333333 0.6958333333333333 0.025 0.03333333333333333
0 0.4197916666666667 0.6986111111111111 0.025 0.03333333333333333
0 0.32708333333333334 0.7013888888888888 0.025 0.03333333333333333
0 0.234375 0.7027777777777777 0.025 0.03333333333333333