0 0.28541666666666665 0.6680555555555555 0.020833333333333332 0.027777777777777776
0 0.36354166666666665 0.6666666666666666 0.020833333333333332 0.027777777777777776
0 0.4427083333333333 0.6638888888888889 0.020833333333333332 0.027777777777777776
0 0.5229166666666667 0.6611111111111111 0.020833333333333332 0.027777777777777776
0 0.6041666666666666 0.6597222222222222 0.020833333333333332 0.027777777777777776
0 0.6864583333333333 0.6569444444444444 0.020833333333333332 0.027777777777777776
0 0.76875 0.6541666666666667 0.020833333333333332 0.027777777777777776
0 0.29791666666666666 0.5763888888888888 0.020833333333333332 0.027777777777777776
0 0.371875 0.5736111111111111 0.020833333333333332 0.027777777777777776
0 0.446875 0.5708333333333333 0.020833333333333332 0.027777777777777776
0 0.5229166666666667 0.5680555555555555 0.020833333333333332 0.027777777777777776
0 0.6 0.5652777777777778 0.020833333333333332 0.027777777777777776
0 0.678125 0.5625 0.020833333333333332 0.027777777777777776
0 0.7572916666666667 0.5597222222222222 0.020833333333333332 0.027777777777777776
0 0.30833333333333335 0.49166666666666664 0.020833333333333332 0.027777777777777776
0 0.37916666666666665 0.4888888888888889 0.020833333333333332 0.027777777777777776
0 0.4510416666666667 0.4861111111111111 0.020833333333333332 0.027777777777777776
0 0.5239583333333333 0.48333333333333334 0.020833333333333332 0.027777777777777776
0 0.596875 0.48055555555555557 0.020833333333333332 0.027777777777777776
0 0.671875 0.47638888888888886 0.020833333333333332 0.027777777777777776
0 0.746875 0.4736111111111111 0.020833333333333332 0.027777777777777776
0 0.3177083333333333 0.4152777777777778 0.020833333333333332 0.027777777777777776
0 0.3854166666666667 0.4125 0.020833333333333332 0.027777777777777776
0 0.45416666666666666 0.4083333333333333 0.020833333333333332 0.027777777777777776
0 0.5239583333333333 0.40555555555555556 0.020833333333333332 0.027777777777777776
0 0.59375 0.4027777777777778 0.020833333333333332 0.027777777777777776
0 0.665625 0.39861111111111114 0.020833333333333332 0.027777777777777776
0 0.7364583333333333 0.3958333333333333 0.020833333333333332 0.027777777777777776
0 0.32708333333333334 0.3458333333333333 0.020833333333333332 0.027777777777777776
0 0.39166666666666666 0.3416666666666667 0.020833333333333332 0.027777777777777776
0 0.45729166666666665 0.3375 0.020833333333333332 0.027777777777777776
0 0.5239583333333333 0.3347222222222222 0.020833333333333332 0.027777777777777776
0 0.5916666666666667 0.33055555555555555 0.020833333333333332 0.027777777777777776
0 0.659375 0.3277777777777778 0.020833333333333332 0.027777777777777776
0 0.728125 0.3236111111111111 0.020833333333333332 0.027777777777777776
0 0.334375 0.28055555555555556 0.020833333333333332 0.027777777777777776
0 0.39791666666666664 0.2763888888888889 0.020833333333333332 0.027777777777777776
0 0.46041666666666664 0.27361111111111114 0.020833333333333332 0.027777777777777776
0 0.5239583333333333 0.26944444444444443 0.020833333333333332 0.027777777777777776
0 0.5885416666666666 0.2652777777777778 0.020833333333333332 0.027777777777777776
0 0.6541666666666667 0.2625 0.020833333333333332 0.027777777777777776
0 0.7197916666666667 0.25833333333333336 0.020833333333333332 0.027777777777777776
0 0.34270833333333334 0.22083333333333333 0.020833333333333332 0.027777777777777776
0 0.40208333333333335 0.21666666666666667 0.020833333333333332 0.027777777777777776
0 0.4635416666666667 0.21388888888888888 0.020833333333333332 0.027777777777777776
0 0.525 0.20972222222222223 0.020833333333333332 0.027777777777777776
0 0.5864583333333333 0.20555555555555555 0.020833333333333332 0.027777777777777776
0 0.6489583333333333 0.2013888888888889 0.020833333333333332 0.027777777777777776
0 0.7125 0.19722222222222222 0.020833333333333332 0.027777777777777776