0 0.28854166666666664 0.6652777777777777 0.020833333333333332 0.027777777777777776
0 0.36770833333333336 0.6638888888888889 0.020833333333333332 0.027777777777777776
0 0.446875 0.6625 0.020833333333333332 0.027777777777777776
0 0.5270833333333333 0.6611111111111111 0.020833333333333332 0.027777777777777776
0 0.609375 0.6597222222222222 0.020833333333333332 0.027777777777777776
0 0.6916666666666667 0.6583333333333333 0.020833333333333332 0.027777777777777776
0 0.7760416666666666 0.6569444444444444 0.020833333333333332 0.027777777777777776
0 0.3020833333333333 0.5736111111111111 0.020833333333333332 0.027777777777777776
0 0.37604166666666666 0.5708333333333333 0.020833333333333332 0.027777777777777776
0 0.45208333333333334 0.5694444444444444 0.020833333333333332 0.027777777777777776
0 0.528125 0.5666666666666667 0.020833333333333332 0.027777777777777776
0 0.60625 0.5652777777777778 0.020833333333333332 0.027777777777777776
0 0.684375 0.5625 0.020833333333333332 0.027777777777777776
0 0.7645833333333333 0.5611111111111111 0.020833333333333332 0.027777777777777776
0 0.31354166666666666 0.49027777777777776 0.020833333333333332 0.027777777777777776
0 0.384375 0.4875 0.020833333333333332 0.027777777777777776
0 0.45625 0.4847222222222222 0.020833333333333332 0.027777777777777776
0 0.5291666666666667 0.48194444444444445 0.020833333333333332 0.027777777777777776
0 0.603125 0.48055555555555557 0.020833333333333332 0.027777777777777776
0 0.678125 0.4777777777777778 0.020833333333333332 0.027777777777777776
0 0.753125 0.475 0.020833333333333332 0.027777777777777776
0 0.325 0.41388888888888886 0.020833333333333332 0.027777777777777776
0 0.3927083333333333 0.4111111111111111 0.020833333333333332 0.027777777777777776
0 0.46041666666666664 0.4083333333333333 0.020833333333333332 0.027777777777777776
0 0.5302083333333333 0.40555555555555556 0.020833333333333332 0.027777777777777776
0 0.6010416666666667 0.4027777777777778 0.020833333333333332 0.027777777777777776
0 0.671875 0.4 0.020833333333333332 0.027777777777777776
0 0.74375 0.3972222222222222 0.020833333333333332 0.027777777777777776
0 0.334375 0.3458333333333333 0.020833333333333332 0.027777777777777776
0 0.39895833333333336 0.3416666666666667 0.020833333333333332 0.027777777777777776
0 0.46458333333333335 0.3388888888888889 0.020833333333333332 0.027777777777777776
0 0.53125 0.33611111111111114 0.020833333333333332 0.027777777777777776
0 0.5979166666666667 0.3333333333333333 0.020833333333333332 0.027777777777777776
0 0.6666666666666666 0.32916666666666666 0.020833333333333332 0.027777777777777776
0 0.7354166666666667 0.3263888888888889 0.020833333333333332 0.027777777777777776
0 0.34375 0.28194444444444444 0.020833333333333332 0.027777777777777776
0 0.40520833333333334 0.2791666666666667 0.020833333333333332 0.027777777777777776
0 0.46875 0.275 0.020833333333333332 0.027777777777777776
0 0.5322916666666667 0.2722222222222222 0.020833333333333332 0.027777777777777776
0 0.5958333333333333 0.26805555555555555 0.020833333333333332 0.027777777777777776
0 0.6614583333333334 0.2652777777777778 0.020833333333333332 0.027777777777777776
0 0.7270833333333333 0.2611111111111111 0.020833333333333332 0.027777777777777776
0 0.35208333333333336 0.22361111111111112 0.020833333333333332 0.027777777777777776
0 0.4114583333333333 0.22083333333333333 0.020833333333333332 0.027777777777777776
0 0.471875 0.21666666666666667 0.020833333333333332 0.027777777777777776
0 0.5322916666666667 0.2125 0.020833333333333332 0.027777777777777776
0 0.59375 0.20972222222222223 0.020833333333333332 0.027777777777777776
0 0.65625 0.20555555555555555 0.020833333333333332 0.027777777777777776
0 0.7197916666666667 0.20277777777777778 0.020833333333333332 0.027777777777777776