0 0.16666666666666666 0.625 0.029166666666666667 0.029166666666666667
0 0.24583333333333332 0.6458333333333334 0.029166666666666667 0.029166666666666667
0 0.328125 0.6657407407407407 0.029166666666666667 0.029166666666666667
0 0.4114583333333333 0.6865740740740741 0.029166666666666667 0.029166666666666667
0 0.49583333333333335 0.7083333333333334 0.029166666666666667 0.029166666666666667
0 0.5833333333333334 0.7300925925925926 0.029166666666666667 0.029166666666666667
0 0.671875 0.7518518518518519 0.029166666666666667 0.029166666666666667
0 0.196875 0.5458333333333333 0.029166666666666667 0.029166666666666667
0 0.275 0.5648148148148148 0.029166666666666667 0.029166666666666667
0 0.3541666666666667 0.5833333333333334 0.029166666666666667 0.029166666666666667
0 0.4354166666666667 0.6032407407407407 0.029166666666666667 0.029166666666666667
0 0.51875 0.6231481481481481 0.029166666666666667 0.029166666666666667
0 0.603125 0.6425925925925926 0.029166666666666667 0.029166666666666667
0 0.6895833333333333 0.663425925925926 0.029166666666666667 0.029166666666666667
0 0.22604166666666667 0.4699074074074074 0.029166666666666667 0.029166666666666667
0 0.3020833333333333 0.4875 0.029166666666666667 0.029166666666666667
0 0.37916666666666665 0.5050925925925925 0.029166666666666667 0.029166666666666667
0 0.4583333333333333 0.524074074074074 0.029166666666666667 0.029166666666666667
0 0.5395833333333333 0.5416666666666666 0.029166666666666667 0.029166666666666667
0 0.621875 0.5615740740740741 0.029166666666666667 0.029166666666666667
0 0.70625 0.5800925925925926 0.029166666666666667 0.029166666666666667
0 0.253125 0.39814814814814814 0.029166666666666667 0.029166666666666667
0 0.32708333333333334 0.4148148148148148 0.029166666666666667 0.029166666666666667
0 0.403125 0.43148148148148147 0.029166666666666667 0.029166666666666667
0 0.48125 0.44814814814814813 0.029166666666666667 0.029166666666666667
0 0.559375 0.46574074074074073 0.029166666666666667 0.029166666666666667
0 0.640625 0.48333333333333334 0.029166666666666667 0.029166666666666667
0 0.721875 0.5009259259259259 0.029166666666666667 0.029166666666666667
0 0.2791666666666667 0.3300925925925926 0.029166666666666667 0.029166666666666667
0 0.35208333333333336 0.3458333333333333 0.029166666666666667 0.029166666666666667
0 0.42604166666666665 0.36157407407407405 0.029166666666666667 0.029166666666666667
0 0.5020833333333333 0.3768518518518518 0.029166666666666667 0.029166666666666667
0 0.5791666666666667 0.39351851851851855 0.029166666666666667 0.029166666666666667
0 0.6572916666666667 0.40925925925925927 0.029166666666666667 0.029166666666666667
0 0.7375 0.42685185185185187 0.029166666666666667 0.029166666666666667
0 0.30416666666666664 0.2657407407407407 0.029166666666666667 0.029166666666666667
0 0.375 0.2800925925925926 0.029166666666666667 0.029166666666666667
0 0.4479166666666667 0.2949074074074074 0.029166666666666667 0.029166666666666667
0 0.521875 0.30925925925925923 0.029166666666666667 0.029166666666666667
0 0.596875 0.325 0.029166666666666667 0.029166666666666667
0 0.6729166666666667 0.3398148148148148 0.029166666666666667 0.029166666666666667
0 0.7510416666666667 0.35509259259259257 0.029166666666666667 0.029166666666666667
0 0.32708333333333334 0.20416666666666666 0.029166666666666667 0.029166666666666667
0 0.396875 0.2175925925925926 0.029166666666666667 0.029166666666666667
0 0.46770833333333334 0.23148148148148148 0.029166666666666667 0.029166666666666667
0 0.540625 0.2449074074074074 0.029166666666666667 0.029166666666666667
0 0.6135416666666667 0.25925925925925924 0.029166666666666667 0.029166666666666667
0 0.6885416666666667 0.2740740740740741 0.029166666666666667 0.029166666666666667
0 0.7645833333333333 0.2884259259259259 0.029166666666666667 0.029166666666666667