0 0.7104166666666667 0.275 0.03125 0.03148148148148148
0 0.6375 0.275 0.03125 0.03148148148148148
0 0.5645833333333333 0.275 0.03125 0.03148148148148148
0 0.49166666666666664 0.275 0.03125 0.03148148148148148
0 0.41875 0.2759259259259259 0.03125 0.03148148148148148
0 0.3458333333333333 0.2759259259259259 0.03125 0.03148148148148148
0 0.271875 0.2759259259259259 0.03125 0.03148148148148148
0 0.71875 0.3375 0.03125 0.03148148148148148
0 0.6427083333333333 0.3384259259259259 0.03125 0.03148148148148148
0 0.5666666666666667 0.3384259259259259 0.03125 0.03148148148148148
0 0.490625 0.3384259259259259 0.03125 0.03148148148148148
0 0.415625 0.3384259259259259 0.03125 0.03148148148148148
0 0.33958333333333335 0.3398148148148148 0.03125 0.03148148148148148
0 0.26458333333333334 0.3398148148148148 0.03125 0.03148148148148148
0 0.7260416666666667 0.4050925925925926 0.03125 0.03148148148148148
0 0.6479166666666667 0.4064814814814815 0.03125 0.03148148148148148
0 0.56875 0.4064814814814815 0.03125 0.03148148148148148
0 0.490625 0.4064814814814815 0.03125 0.03148148148148148
0 0.4125 0.4064814814814815 0.03125 0.03148148148148148
0 0.3333333333333333 0.4074074074074074 0.03125 0.03148148148148148
0 0.2552083333333333 0.4074074074074074 0.03125 0.03148148148148148
0 0.7354166666666667 0.4791666666666667 0.03125 0.03148148148148148
0 0.653125 0.4791666666666667 0.03125 0.03148148148148148
0 0.571875 0.4791666666666667 0.03125 0.03148148148148148
0 0.490625 0.4791666666666667 0.03125 0.03148148148148148
0 0.4083333333333333 0.48009259259259257 0.03125 0.03148148148148148
0 0.32708333333333334 0.48009259259259257 0.03125 0.03148148148148148
0 0.24583333333333332 0.48009259259259257 0.03125 0.03148148148148148
0 0.7447916666666666 0.5583333333333333 0.03125 0.03148148148148148
0 0.659375 0.5583333333333333 0.03125 0.03148148148148148
0 0.575 0.5583333333333333 0.03125 0.03148148148148148
0 0.4895833333333333 0.5583333333333333 0.03125 0.03148148148148148
0 0.40520833333333334 0.5592592592592592 0.03125 0.03148148148148148
0 0.31979166666666664 0.5592592592592592 0.03125 0.03148148148148148
0 0.23541666666666666 0.5592592592592592 0.03125 0.03148148148148148
0 0.7541666666666667 0.6435185185185185 0.03125 0.03148148148148148
0 0.665625 0.6435185185185185 0.03125 0.03148148148148148
0 0.5770833333333333 0.6435185185185185 0.03125 0.03148148148148148
0 0.4895833333333333 0.6449074074074074 0.03125 0.03148148148148148
0 0.4010416666666667 0.6449074074074074 0.03125 0.03148148148148148
0 0.3125 0.6449074074074074 0.03125 0.03148148148148148
0 0.22395833333333334 0.6449074074074074 0.03125 0.03148148148148148
0 0.765625 0.736574074074074 0.03125 0.03148148148148148
0 0.6729166666666667 0.7375 0.03125 0.03148148148148148
0 0.58125 0.7375 0.03125 0.03148148148148148
0 0.48854166666666665 0.7375 0.03125 0.03148148148148148
0 0.3958333333333333 0.7375 0.03125 0.03148148148148148
0 0.30416666666666664 0.7384259259259259 0.03125 0.03148148148148148
0 0.21145833333333333 0.7384259259259259 0.03125 0.03148148148148148