0 0.6833333333333333 0.17222222222222222 0.025 0.03333333333333333
0 0.615625 0.1736111111111111 0.025 0.03333333333333333
0 0.5479166666666667 0.1736111111111111 0.025 0.03333333333333333
0 0.48020833333333335 0.175 0.025 0.03333333333333333
0 0.4114583333333333 0.1763888888888889 0.025 0.03333333333333333
0 0.34270833333333334 0.17777777777777778 0.025 0.03333333333333333
0 0.27395833333333336 0.17777777777777778 0.025 0.03333333333333333
0 0.6958333333333333 0.2361111111111111 0.025 0.03333333333333333
0 0.625 0.2375 0.025 0.03333333333333333
0 0.5541666666666667 0.2375 0.025 0.03333333333333333
0 0.48333333333333334 0.2388888888888889 0.025 0.03333333333333333
0 0.4114583333333333 0.24027777777777778 0.025 0.03333333333333333
0 0.33958333333333335 0.24166666666666667 0.025 0.03333333333333333
0 0.26666666666666666 0.24305555555555555 0.025 0.03333333333333333
0 0.709375 0.3055555555555556 0.025 0.03333333333333333
0 0.6354166666666666 0.30694444444444446 0.025 0.03333333333333333
0 0.5614583333333333 0.30833333333333335 0.025 0.03333333333333333
0 0.4864583333333333 0.30972222222222223 0.025 0.03333333333333333
0 0.41041666666666665 0.3111111111111111 0.025 0.03333333333333333
0 0.334375 0.3138888888888889 0.025 0.03333333333333333
0 0.25833333333333336 0.31527777777777777 0.025 0.03333333333333333
0 0.725 0.38333333333333336 0.025 0.03333333333333333
0 0.646875 0.38472222222222224 0.025 0.03333333333333333
0 0.56875 0.3875 0.025 0.03333333333333333
0 0.4895833333333333 0.3888888888888889 0.025 0.03333333333333333
0 0.41041666666666665 0.3902777777777778 0.025 0.03333333333333333
0 0.3302083333333333 0.39305555555555555 0.025 0.03333333333333333
0 0.24895833333333334 0.39444444444444443 0.025 0.03333333333333333
0 0.7427083333333333 0.46944444444444444 0.025 0.03333333333333333
0 0.6604166666666667 0.4722222222222222 0.025 0.03333333333333333
0 0.5770833333333333 0.4736111111111111 0.025 0.03333333333333333
0 0.49375 0.47638888888888886 0.025 0.03333333333333333
0 0.409375 0.4791666666666667 0.025 0.03333333333333333
0 0.32395833333333335 0.48194444444444445 0.025 0.03333333333333333
0 0.23854166666666668 0.48333333333333334 0.025 0.03333333333333333
0 0.7614583333333333 0.5666666666666667 0.025 0.03333333333333333
0 0.675 0.5694444444444444 0.025 0.03333333333333333
0 0.5864583333333333 0.5722222222222222 0.025 0.03333333333333333
0 0.4979166666666667 0.575 0.025 0.03333333333333333
0 0.4083333333333333 0.5777777777777777 0.025 0.03333333333333333
0 0.31875 0.5805555555555556 0.025 0.03333333333333333
0 0.22708333333333333 0.5847222222222223 0.025 0.03333333333333333
0 0.784375 0.6763888888888889 0.025 0.03333333333333333
0 0.690625 0.6791666666666667 0.025 0.03333333333333333
0 0.596875 0.6833333333333333 0.025 0.03333333333333333
0 0.503125 0.6861111111111111 0.025 0.03333333333333333
0 0.40729166666666666 0.6902777777777778 0.025 0.03333333333333333
0 0.31145833333333334 0.6944444444444444 0.025 0.03333333333333333
0 0.21458333333333332 0.6972222222222222 0.025 0.03333333333333333