0 0.7010416666666667 0.18888888888888888 0.025 0.03333333333333333
0 0.6333333333333333 0.18888888888888888 0.025 0.03333333333333333
0 0.5645833333333333 0.18888888888888888 0.025 0.03333333333333333
0 0.496875 0.18888888888888888 0.025 0.03333333333333333
0 0.428125 0.1875 0.025 0.03333333333333333
0 0.36041666666666666 0.1875 0.025 0.03333333333333333
0 0.29270833333333335 0.1875 0.025 0.03333333333333333
0 0.7114583333333333 0.25416666666666665 0.025 0.03333333333333333
0 0.6395833333333333 0.25416666666666665 0.025 0.03333333333333333
0 0.5677083333333334 0.25416666666666665 0.025 0.03333333333333333
0 0.496875 0.25277777777777777 0.025 0.03333333333333333
0 0.425 0.25277777777777777 0.025 0.03333333333333333
0 0.3541666666666667 0.25277777777777777 0.025 0.03333333333333333
0 0.2833333333333333 0.25277777777777777 0.025 0.03333333333333333
0 0.7229166666666667 0.3263888888888889 0.025 0.03333333333333333
0 0.646875 0.3263888888888889 0.025 0.03333333333333333
0 0.571875 0.325 0.025 0.03333333333333333
0 0.496875 0.325 0.025 0.03333333333333333
0 0.421875 0.325 0.025 0.03333333333333333
0 0.34791666666666665 0.3236111111111111 0.025 0.03333333333333333
0 0.27291666666666664 0.3236111111111111 0.025 0.03333333333333333
0 0.7354166666666667 0.40694444444444444 0.025 0.03333333333333333
0 0.65625 0.40555555555555556 0.025 0.03333333333333333
0 0.5760416666666667 0.40555555555555556 0.025 0.03333333333333333
0 0.4979166666666667 0.4041666666666667 0.025 0.03333333333333333
0 0.41875 0.4041666666666667 0.025 0.03333333333333333
0 0.33958333333333335 0.4027777777777778 0.025 0.03333333333333333
0 0.26145833333333335 0.4027777777777778 0.025 0.03333333333333333
0 0.7489583333333333 0.49444444444444446 0.025 0.03333333333333333
0 0.6645833333333333 0.49444444444444446 0.025 0.03333333333333333
0 0.58125 0.4930555555555556 0.025 0.03333333333333333
0 0.4979166666666667 0.4930555555555556 0.025 0.03333333333333333
0 0.41458333333333336 0.49166666666666664 0.025 0.03333333333333333
0 0.33125 0.49166666666666664 0.025 0.03333333333333333
0 0.24895833333333334 0.49027777777777776 0.025 0.03333333333333333
0 0.7645833333333333 0.5944444444444444 0.025 0.03333333333333333
0 0.675 0.5930555555555556 0.025 0.03333333333333333
0 0.5864583333333333 0.5930555555555556 0.025 0.03333333333333333
0 0.4979166666666667 0.5916666666666667 0.025 0.03333333333333333
0 0.41041666666666665 0.5902777777777778 0.025 0.03333333333333333
0 0.321875 0.5902777777777778 0.025 0.03333333333333333
0 0.234375 0.5888888888888889 0.025 0.03333333333333333
0 0.78125 0.7055555555555556 0.025 0.03333333333333333
0 0.6875 0.7055555555555556 0.025 0.03333333333333333
0 0.5927083333333333 0.7041666666666667 0.025 0.03333333333333333
0 0.49895833333333334 0.7027777777777777 0.025 0.03333333333333333
0 0.40520833333333334 0.7013888888888888 0.025 0.03333333333333333
0 0.31145833333333334 0.7013888888888888 0.025 0.03333333333333333
0 0.21770833333333334 0.7 0.025 0.03333333333333333