0 0.265625 0.1884259259259259 0.035416666666666666 0.03518518518518519
0 0.34270833333333334 0.1865740740740741 0.035416666666666666 0.03518518518518519
0 0.4197916666666667 0.18333333333333332 0.035416666666666666 0.03518518518518519
0 0.496875 0.1814814814814815 0.035416666666666666 0.03518518518518519
0 0.5739583333333333 0.17916666666666667 0.035416666666666666 0.03518518518518519
0 0.6520833333333333 0.17592592592592593 0.035416666666666666 0.03518518518518519
0 0.7291666666666666 0.17407407407407408 0.035416666666666666 0.03518518518518519
0 0.25416666666666665 0.24351851851851852 0.035416666666666666 0.03518518518518519
0 0.3333333333333333 0.24074074074074073 0.035416666666666666 0.03518518518518519
0 0.41458333333333336 0.23842592592592593 0.035416666666666666 0.03518518518518519
0 0.4947916666666667 0.23657407407407408 0.035416666666666666 0.03518518518518519
0 0.575 0.23333333333333334 0.035416666666666666 0.03518518518518519
0 0.6552083333333333 0.23148148148148148 0.035416666666666666 0.03518518518518519
0 0.7364583333333333 0.22824074074074074 0.035416666666666666 0.03518518518518519
0 0.240625 0.30324074074074076 0.035416666666666666 0.03518518518518519
0 0.325 0.3 0.035416666666666666 0.03518518518518519
0 0.4083333333333333 0.29814814814814816 0.035416666666666666 0.03518518518518519
0 0.49166666666666664 0.2949074074074074 0.035416666666666666 0.03518518518518519
0 0.5760416666666667 0.29259259259259257 0.035416666666666666 0.03518518518518519
0 0.659375 0.2898148148148148 0.035416666666666666 0.03518518518518519
0 0.74375 0.2875 0.035416666666666666 0.03518518518518519
0 0.22708333333333333 0.36666666666666664 0.035416666666666666 0.03518518518518519
0 0.3145833333333333 0.3648148148148148 0.035416666666666666 0.03518518518518519
0 0.40208333333333335 0.36157407407407405 0.035416666666666666 0.03518518518518519
0 0.48854166666666665 0.3592592592592593 0.035416666666666666 0.03518518518518519
0 0.5760416666666667 0.35648148148148145 0.035416666666666666 0.03518518518518519
0 0.6635416666666667 0.3541666666666667 0.035416666666666666 0.03518518518518519
0 0.7520833333333333 0.3509259259259259 0.035416666666666666 0.03518518518518519
0 0.2125 0.4375 0.035416666666666666 0.03518518518518519
0 0.303125 0.43425925925925923 0.035416666666666666 0.03518518518518519
0 0.39479166666666665 0.4324074074074074 0.035416666666666666 0.03518518518518519
0 0.48541666666666666 0.42916666666666664 0.035416666666666666 0.03518518518518519
0 0.5770833333333333 0.42592592592592593 0.035416666666666666 0.03518518518518519
0 0.66875 0.42407407407407405 0.035416666666666666 0.03518518518518519
0 0.7604166666666666 0.42083333333333334 0.035416666666666666 0.03518518518518519
0 0.19583333333333333 0.513425925925926 0.035416666666666666 0.03518518518518519
0 0.2916666666666667 0.5115740740740741 0.035416666666666666 0.03518518518518519
0 0.38645833333333335 0.5083333333333333 0.035416666666666666 0.03518518518518519
0 0.4822916666666667 0.5050925925925925 0.035416666666666666 0.03518518518518519
0 0.578125 0.5032407407407408 0.035416666666666666 0.03518518518518519
0 0.6739583333333333 0.5 0.035416666666666666 0.03518518518518519
0 0.7697916666666667 0.4981481481481482 0.035416666666666666 0.03518518518518519
0 0.178125 0.5981481481481481 0.035416666666666666 0.03518518518518519
0 0.278125 0.5958333333333333 0.035416666666666666 0.03518518518518519
0 0.378125 0.5925925925925926 0.035416666666666666 0.03518518518518519
0 0.478125 0.5898148148148148 0.035416666666666666 0.03518518518518519
0 0.5791666666666667 0.5875 0.035416666666666666 0.03518518518518519
0 0.6791666666666667 0.5842592592592593 0.035416666666666666 0.03518518518518519
0 0.7802083333333333 0.5814814814814815 0.035416666666666666 0.03518518518518519