0 0.7052083333333333 0.1587962962962963 0.022916666666666665 0.03425925925925926
0 0.6291666666666667 0.1587962962962963 0.022916666666666665 0.03425925925925926
0 0.553125 0.1574074074074074 0.022916666666666665 0.03425925925925926
0 0.47708333333333336 0.1574074074074074 0.022916666666666665 0.03425925925925926
0 0.4 0.15555555555555556 0.022916666666666665 0.03425925925925926
0 0.321875 0.15555555555555556 0.022916666666666665 0.03425925925925926
0 0.24479166666666666 0.15416666666666667 0.022916666666666665 0.03425925925925926
0 0.7166666666666667 0.23981481481481481 0.022916666666666665 0.03425925925925926
0 0.6385416666666667 0.23981481481481481 0.022916666666666665 0.03425925925925926
0 0.559375 0.23842592592592593 0.022916666666666665 0.03425925925925926
0 0.48020833333333335 0.23842592592592593 0.022916666666666665 0.03425925925925926
0 0.4 0.23657407407407408 0.022916666666666665 0.03425925925925926
0 0.31979166666666664 0.23657407407407408 0.022916666666666665 0.03425925925925926
0 0.23958333333333334 0.23657407407407408 0.022916666666666665 0.03425925925925926
0 0.7291666666666666 0.32546296296296295 0.022916666666666665 0.03425925925925926
0 0.6479166666666667 0.32546296296296295 0.022916666666666665 0.03425925925925926
0 0.565625 0.32546296296296295 0.022916666666666665 0.03425925925925926
0 0.48333333333333334 0.32546296296296295 0.022916666666666665 0.03425925925925926
0 0.4010416666666667 0.32407407407407407 0.022916666666666665 0.03425925925925926
0 0.3177083333333333 0.32407407407407407 0.022916666666666665 0.03425925925925926
0 0.23333333333333334 0.32407407407407407 0.022916666666666665 0.03425925925925926
0 0.7427083333333333 0.41898148148148145 0.022916666666666665 0.03425925925925926
0 0.6583333333333333 0.41898148148148145 0.022916666666666665 0.03425925925925926
0 0.5729166666666666 0.41898148148148145 0.022916666666666665 0.03425925925925926
0 0.4875 0.41898148148148145 0.022916666666666665 0.03425925925925926
0 0.4010416666666667 0.41898148148148145 0.022916666666666665 0.03425925925925926
0 0.3145833333333333 0.41898148148148145 0.022916666666666665 0.03425925925925926
0 0.22708333333333333 0.41898148148148145 0.022916666666666665 0.03425925925925926
0 0.7583333333333333 0.5203703703703704 0.022916666666666665 0.03425925925925926
0 0.6697916666666667 0.5203703703703704 0.022916666666666665 0.03425925925925926
0 0.58125 0.5203703703703704 0.022916666666666665 0.03425925925925926
0 0.49166666666666664 0.5203703703703704 0.022916666666666665 0.03425925925925926
0 0.40208333333333335 0.5217592592592593 0.022916666666666665 0.03425925925925926
0 0.31145833333333334 0.5217592592592593 0.022916666666666665 0.03425925925925926
0 0.22083333333333333 0.5217592592592593 0.022916666666666665 0.03425925925925926
0 0.7739583333333333 0.6291666666666667 0.022916666666666665 0.03425925925925926
0 0.6822916666666666 0.6310185185185185 0.022916666666666665 0.03425925925925926
0 0.5895833333333333 0.6310185185185185 0.022916666666666665 0.03425925925925926
0 0.49583333333333335 0.6324074074074074 0.022916666666666665 0.03425925925925926
0 0.40208333333333335 0.6324074074074074 0.022916666666666665 0.03425925925925926
0 0.30833333333333335 0.6324074074074074 0.022916666666666665 0.03425925925925926
0 0.21354166666666666 0.6337962962962963 0.022916666666666665 0.03425925925925926
0 0.7916666666666666 0.7490740740740741 0.022916666666666665 0.03425925925925926
0 0.6958333333333333 0.7509259259259259 0.022916666666666665 0.03425925925925926
0 0.5989583333333334 0.7509259259259259 0.022916666666666665 0.03425925925925926
0 0.5010416666666667 0.7523148148148148 0.022916666666666665 0.03425925925925926
0 0.403125 0.7537037037037037 0.022916666666666665 0.03425925925925926
0 0.30416666666666664 0.7537037037037037 0.022916666666666665 0.03425925925925926
0 0.20520833333333333 0.7555555555555555 0.022916666666666665 0.03425925925925926