0 0.7322916666666667 0.2351851851851852 0.03333333333333333 0.03333333333333333
0 0.65625 0.23657407407407408 0.03333333333333333 0.03333333333333333
0 0.5791666666666667 0.2375 0.03333333333333333 0.03333333333333333
0 0.503125 0.23842592592592593 0.03333333333333333 0.03333333333333333
0 0.428125 0.23842592592592593 0.03333333333333333 0.03333333333333333
0 0.353125 0.23981481481481481 0.03333333333333333 0.03333333333333333
0 0.278125 0.24074074074074073 0.03333333333333333 0.03333333333333333
0 0.740625 0.29907407407407405 0.03333333333333333 0.03333333333333333
0 0.6604166666666667 0.3 0.03333333333333333 0.03333333333333333
0 0.58125 0.3 0.03333333333333333 0.03333333333333333
0 0.5020833333333333 0.30092592592592593 0.03333333333333333 0.03333333333333333
0 0.4239583333333333 0.30185185185185187 0.03333333333333333 0.03333333333333333
0 0.3458333333333333 0.30185185185185187 0.03333333333333333 0.03333333333333333
0 0.26875 0.30324074074074076 0.03333333333333333 0.03333333333333333
0 0.7489583333333333 0.3675925925925926 0.03333333333333333 0.03333333333333333
0 0.665625 0.3675925925925926 0.03333333333333333 0.03333333333333333
0 0.5833333333333334 0.3685185185185185 0.03333333333333333 0.03333333333333333
0 0.5010416666666667 0.3685185185185185 0.03333333333333333 0.03333333333333333
0 0.4197916666666667 0.3685185185185185 0.03333333333333333 0.03333333333333333
0 0.33958333333333335 0.3699074074074074 0.03333333333333333 0.03333333333333333
0 0.259375 0.3699074074074074 0.03333333333333333 0.03333333333333333
0 0.7583333333333333 0.44166666666666665 0.03333333333333333 0.03333333333333333
0 0.671875 0.44166666666666665 0.03333333333333333 0.03333333333333333
0 0.5854166666666667 0.44166666666666665 0.03333333333333333 0.03333333333333333
0 0.5 0.44166666666666665 0.03333333333333333 0.03333333333333333
0 0.415625 0.44166666666666665 0.03333333333333333 0.03333333333333333
0 0.33125 0.4425925925925926 0.03333333333333333 0.03333333333333333
0 0.24791666666666667 0.4425925925925926 0.03333333333333333 0.03333333333333333
0 0.7677083333333333 0.5217592592592593 0.03333333333333333 0.03333333333333333
0 0.6770833333333334 0.5217592592592593 0.03333333333333333 0.03333333333333333
0 0.5875 0.5217592592592593 0.03333333333333333 0.03333333333333333
0 0.49895833333333334 0.5217592592592593 0.03333333333333333 0.03333333333333333
0 0.41041666666666665 0.5208333333333334 0.03333333333333333 0.03333333333333333
0 0.3229166666666667 0.5208333333333334 0.03333333333333333 0.03333333333333333
0 0.23645833333333333 0.5208333333333334 0.03333333333333333 0.03333333333333333
0 0.7791666666666667 0.6092592592592593 0.03333333333333333 0.03333333333333333
0 0.684375 0.6092592592592593 0.03333333333333333 0.03333333333333333
0 0.590625 0.6083333333333333 0.03333333333333333 0.03333333333333333
0 0.4979166666666667 0.6083333333333333 0.03333333333333333 0.03333333333333333
0 0.40520833333333334 0.6074074074074074 0.03333333333333333 0.03333333333333333
0 0.31354166666666666 0.6074074074074074 0.03333333333333333 0.03333333333333333
0 0.22395833333333334 0.6064814814814815 0.03333333333333333 0.03333333333333333
0 0.790625 0.7050925925925926 0.03333333333333333 0.03333333333333333
0 0.6916666666666667 0.7041666666666667 0.03333333333333333 0.03333333333333333
0 0.59375 0.7032407407407407 0.03333333333333333 0.03333333333333333
0 0.49583333333333335 0.7018518518518518 0.03333333333333333 0.03333333333333333
0 0.4 0.700925925925926 0.03333333333333333 0.03333333333333333
0 0.30416666666666664 0.700925925925926 0.03333333333333333 0.03333333333333333
0 0.209375 0.7 0.03333333333333333 0.03333333333333333