0 0.2552083333333333 0.1875 0.035416666666666666 0.03518518518518519
0 0.33229166666666665 0.18518518518518517 0.035416666666666666 0.03518518518518519
0 0.409375 0.18333333333333332 0.035416666666666666 0.03518518518518519
0 0.4864583333333333 0.1814814814814815 0.035416666666666666 0.03518518518518519
0 0.5625 0.17916666666666667 0.035416666666666666 0.03518518518518519
0 0.6395833333333333 0.17685185185185184 0.035416666666666666 0.03518518518518519
0 0.715625 0.175 0.035416666666666666 0.03518518518518519
0 0.24375 0.23981481481481481 0.035416666666666666 0.03518518518518519
0 0.32395833333333335 0.2375 0.035416666666666666 0.03518518518518519
0 0.4041666666666667 0.2351851851851852 0.035416666666666666 0.03518518518518519
0 0.48333333333333334 0.23333333333333334 0.035416666666666666 0.03518518518518519
0 0.5635416666666667 0.23148148148148148 0.035416666666666666 0.03518518518518519
0 0.64375 0.22916666666666666 0.035416666666666666 0.03518518518518519
0 0.7239583333333334 0.22685185185185186 0.035416666666666666 0.03518518518518519
0 0.23020833333333332 0.2967592592592593 0.035416666666666666 0.03518518518518519
0 0.3145833333333333 0.2949074074074074 0.035416666666666666 0.03518518518518519
0 0.39791666666666664 0.29259259259259257 0.035416666666666666 0.03518518518518519
0 0.48125 0.29074074074074074 0.035416666666666666 0.03518518518518519
0 0.5645833333333333 0.2884259259259259 0.035416666666666666 0.03518518518518519
0 0.6479166666666667 0.2865740740740741 0.035416666666666666 0.03518518518518519
0 0.73125 0.28425925925925927 0.035416666666666666 0.03518518518518519
0 0.21666666666666667 0.36018518518518516 0.035416666666666666 0.03518518518518519
0 0.30416666666666664 0.3574074074074074 0.035416666666666666 0.03518518518518519
0 0.39166666666666666 0.35509259259259257 0.035416666666666666 0.03518518518518519
0 0.4791666666666667 0.35324074074074074 0.035416666666666666 0.03518518518518519
0 0.565625 0.35 0.035416666666666666 0.03518518518518519
0 0.653125 0.34814814814814815 0.035416666666666666 0.03518518518518519
0 0.740625 0.3458333333333333 0.035416666666666666 0.03518518518518519
0 0.20104166666666667 0.42916666666666664 0.035416666666666666 0.03518518518518519
0 0.29270833333333335 0.42592592592592593 0.035416666666666666 0.03518518518518519
0 0.384375 0.42407407407407405 0.035416666666666666 0.03518518518518519
0 0.47604166666666664 0.42083333333333334 0.035416666666666666 0.03518518518518519
0 0.5677083333333334 0.4185185185185185 0.035416666666666666 0.03518518518518519
0 0.6583333333333333 0.41574074074074074 0.035416666666666666 0.03518518518518519
0 0.75 0.4134259259259259 0.035416666666666666 0.03518518518518519
0 0.18333333333333332 0.5041666666666667 0.035416666666666666 0.03518518518518519
0 0.28020833333333334 0.5018518518518519 0.035416666666666666 0.03518518518518519
0 0.3770833333333333 0.49907407407407406 0.035416666666666666 0.03518518518518519
0 0.47291666666666665 0.49675925925925923 0.035416666666666666 0.03518518518518519
0 0.56875 0.4935185185185185 0.035416666666666666 0.03518518518518519
0 0.6645833333333333 0.49074074074074076 0.035416666666666666 0.03518518518518519
0 0.7604166666666666 0.48842592592592593 0.035416666666666666 0.03518518518518519
0 0.16458333333333333 0.5884259259259259 0.035416666666666666 0.03518518518518519
0 0.26666666666666666 0.5851851851851851 0.035416666666666666 0.03518518518518519
0 0.36770833333333336 0.5824074074074074 0.035416666666666666 0.03518518518518519
0 0.46979166666666666 0.5791666666666667 0.035416666666666666 0.03518518518518519
0 0.5708333333333333 0.5768518518518518 0.035416666666666666 0.03518518518518519
0 0.671875 0.5740740740740741 0.035416666666666666 0.03518518518518519
0 0.7729166666666667 0.5708333333333333 0.035416666666666666 0.03518518518518519