0 0.721875 0.23657407407407408 0.035416666666666666 0.03518518518518519
0 0.6333333333333333 0.2375 0.035416666666666666 0.03518518518518519
0 0.546875 0.2375 0.035416666666666666 0.03518518518518519
0 0.4625 0.23842592592592593 0.035416666666666666 0.03518518518518519
0 0.37916666666666665 0.23981481481481481 0.035416666666666666 0.03518518518518519
0 0.2989583333333333 0.23981481481481481 0.035416666666666666 0.03518518518518519
0 0.21979166666666666 0.24074074074074073 0.035416666666666666 0.03518518518518519
0 0.721875 0.31157407407407406 0.035416666666666666 0.03518518518518519
0 0.6302083333333334 0.31157407407407406 0.035416666666666666 0.03518518518518519
0 0.5416666666666666 0.31157407407407406 0.035416666666666666 0.03518518518518519
0 0.45416666666666666 0.31157407407407406 0.035416666666666666 0.03518518518518519
0 0.3697916666666667 0.31157407407407406 0.035416666666666666 0.03518518518518519
0 0.2864583333333333 0.31157407407407406 0.035416666666666666 0.03518518518518519
0 0.20520833333333333 0.31157407407407406 0.035416666666666666 0.03518518518518519
0 0.7208333333333333 0.3925925925925926 0.035416666666666666 0.03518518518518519
0 0.6270833333333333 0.39166666666666666 0.035416666666666666 0.03518518518518519
0 0.5354166666666667 0.3907407407407407 0.035416666666666666 0.03518518518518519
0 0.44583333333333336 0.38981481481481484 0.035416666666666666 0.03518518518518519
0 0.359375 0.38842592592592595 0.035416666666666666 0.03518518518518519
0 0.27395833333333336 0.3875 0.035416666666666666 0.03518518518518519
0 0.18958333333333333 0.38657407407407407 0.035416666666666666 0.03518518518518519
0 0.7208333333333333 0.47824074074074074 0.035416666666666666 0.03518518518518519
0 0.6239583333333333 0.4759259259259259 0.035416666666666666 0.03518518518518519
0 0.5302083333333333 0.4740740740740741 0.035416666666666666 0.03518518518518519
0 0.4375 0.47175925925925927 0.035416666666666666 0.03518518518518519
0 0.34791666666666665 0.4699074074074074 0.035416666666666666 0.03518518518518519
0 0.259375 0.4675925925925926 0.035416666666666666 0.03518518518518519
0 0.17395833333333333 0.46574074074074073 0.035416666666666666 0.03518518518518519
0 0.7208333333333333 0.5685185185185185 0.035416666666666666 0.03518518518518519
0 0.6208333333333333 0.5657407407407408 0.035416666666666666 0.03518518518518519
0 0.5229166666666667 0.5625 0.035416666666666666 0.03518518518518519
0 0.428125 0.5592592592592592 0.035416666666666666 0.03518518518518519
0 0.33541666666666664 0.5564814814814815 0.035416666666666666 0.03518518518518519
0 0.24479166666666666 0.5532407407407407 0.035416666666666666 0.03518518518518519
0 0.15625 0.55 0.035416666666666666 0.03518518518518519
0 0.7208333333333333 0.6666666666666666 0.035416666666666666 0.03518518518518519
0 0.6177083333333333 0.6625 0.035416666666666666 0.03518518518518519
0 0.5166666666666667 0.6574074074074074 0.035416666666666666 0.03518518518518519
0 0.41875 0.6532407407407408 0.035416666666666666 0.03518518518518519
0 0.3229166666666667 0.6481481481481481 0.035416666666666666 0.03518518518518519
0 0.22916666666666666 0.6435185185185185 0.035416666666666666 0.03518518518518519
0 0.13854166666666667 0.6398148148148148 0.035416666666666666 0.03518518518518519
0 0.7208333333333333 0.7717592592592593 0.035416666666666666 0.03518518518518519
0 0.6135416666666667 0.7648148148148148 0.035416666666666666 0.03518518518518519
0 0.509375 0.7583333333333333 0.035416666666666666 0.03518518518518519
0 0.40729166666666666 0.7532407407407408 0.035416666666666666 0.03518518518518519
0 0.309375 0.7467592592592592 0.035416666666666666 0.03518518518518519
0 0.2125 0.7407407407407407 0.035416666666666666 0.03518518518518519
0 0.11875 0.7351851851851852 0.035416666666666666 0.03518518518518519