0 0.696875 0.18194444444444444 0.025 0.03333333333333333
0 0.6291666666666667 0.18333333333333332 0.025 0.03333333333333333
0 0.5604166666666667 0.18472222222222223 0.025 0.03333333333333333
0 0.49166666666666664 0.18611111111111112 0.025 0.03333333333333333
0 0.4239583333333333 0.1875 0.025 0.03333333333333333
0 0.35520833333333335 0.18888888888888888 0.025 0.03333333333333333
0 0.2875 0.19166666666666668 0.025 0.03333333333333333
0 0.7072916666666667 0.24861111111111112 0.025 0.03333333333333333
0 0.6364583333333333 0.25 0.025 0.03333333333333333
0 0.5645833333333333 0.2513888888888889 0.025 0.03333333333333333
0 0.49270833333333336 0.25277777777777777 0.025 0.03333333333333333
0 0.42083333333333334 0.25416666666666665 0.025 0.03333333333333333
0 0.3489583333333333 0.25555555555555554 0.025 0.03333333333333333
0 0.27708333333333335 0.25833333333333336 0.025 0.03333333333333333
0 0.7197916666666667 0.32083333333333336 0.025 0.03333333333333333
0 0.64375 0.3236111111111111 0.025 0.03333333333333333
0 0.56875 0.325 0.025 0.03333333333333333
0 0.49270833333333336 0.3263888888888889 0.025 0.03333333333333333
0 0.41770833333333335 0.3277777777777778 0.025 0.03333333333333333
0 0.34270833333333334 0.32916666666666666 0.025 0.03333333333333333
0 0.26666666666666666 0.33194444444444443 0.025 0.03333333333333333
0 0.7322916666666667 0.4027777777777778 0.025 0.03333333333333333
0 0.653125 0.4041666666666667 0.025 0.03333333333333333
0 0.5729166666666666 0.40555555555555556 0.025 0.03333333333333333
0 0.49375 0.4083333333333333 0.025 0.03333333333333333
0 0.41458333333333336 0.4097222222222222 0.025 0.03333333333333333
0 0.334375 0.4111111111111111 0.025 0.03333333333333333
0 0.2552083333333333 0.4125 0.025 0.03333333333333333
0 0.746875 0.4930555555555556 0.025 0.03333333333333333
0 0.6625 0.49444444444444446 0.025 0.03333333333333333
0 0.578125 0.49722222222222223 0.025 0.03333333333333333
0 0.4947916666666667 0.4986111111111111 0.025 0.03333333333333333
0 0.41041666666666665 0.5 0.025 0.03333333333333333
0 0.3260416666666667 0.5013888888888889 0.025 0.03333333333333333
0 0.24270833333333333 0.5041666666666667 0.025 0.03333333333333333
0 0.7635416666666667 0.5944444444444444 0.025 0.03333333333333333
0 0.6739583333333333 0.5972222222222222 0.025 0.03333333333333333
0 0.584375 0.5986111111111111 0.025 0.03333333333333333
0 0.4947916666666667 0.6 0.025 0.03333333333333333
0 0.40625 0.6027777777777777 0.025 0.03333333333333333
0 0.31666666666666665 0.6041666666666666 0.025 0.03333333333333333
0 0.228125 0.6055555555555555 0.025 0.03333333333333333
0 0.78125 0.7097222222222223 0.025 0.03333333333333333
0 0.6864583333333333 0.7111111111111111 0.025 0.03333333333333333
0 0.590625 0.7138888888888889 0.025 0.03333333333333333
0 0.49583333333333335 0.7152777777777778 0.025 0.03333333333333333
0 0.4010416666666667 0.7166666666666667 0.025 0.03333333333333333
0 0.30625 0.7194444444444444 0.025 0.03333333333333333
0 0.21145833333333333 0.7208333333333333 0.025 0.03333333333333333