0 0.290625 0.6486111111111111 0.020833333333333332 0.027777777777777776
0 0.36875 0.6472222222222223 0.020833333333333332 0.027777777777777776
0 0.446875 0.6458333333333334 0.020833333333333332 0.027777777777777776
0 0.5260416666666666 0.6444444444444445 0.020833333333333332 0.027777777777777776
0 0.6052083333333333 0.6430555555555556 0.020833333333333332 0.027777777777777776
0 0.6854166666666667 0.6416666666666667 0.020833333333333332 0.027777777777777776
0 0.765625 0.6402777777777777 0.020833333333333332 0.027777777777777776
0 0.30104166666666665 0.5583333333333333 0.020833333333333332 0.027777777777777776
0 0.37604166666666666 0.5569444444444445 0.020833333333333332 0.027777777777777776
0 0.45 0.5541666666666667 0.020833333333333332 0.027777777777777776
0 0.525 0.5527777777777778 0.020833333333333332 0.027777777777777776
0 0.6010416666666667 0.5513888888888889 0.020833333333333332 0.027777777777777776
0 0.6770833333333334 0.55 0.020833333333333332 0.027777777777777776
0 0.753125 0.5472222222222223 0.020833333333333332 0.027777777777777776
0 0.3104166666666667 0.475 0.020833333333333332 0.027777777777777776
0 0.38125 0.4736111111111111 0.020833333333333332 0.027777777777777776
0 0.453125 0.4722222222222222 0.020833333333333332 0.027777777777777776
0 0.525 0.46944444444444444 0.020833333333333332 0.027777777777777776
0 0.596875 0.46805555555555556 0.020833333333333332 0.027777777777777776
0 0.66875 0.4666666666666667 0.020833333333333332 0.027777777777777776
0 0.7416666666666667 0.4638888888888889 0.020833333333333332 0.027777777777777776
0 0.31979166666666664 0.4 0.020833333333333332 0.027777777777777776
0 0.3875 0.39861111111111114 0.020833333333333332 0.027777777777777776
0 0.4552083333333333 0.3958333333333333 0.020833333333333332 0.027777777777777776
0 0.5239583333333333 0.39444444444444443 0.020833333333333332 0.027777777777777776
0 0.5927083333333333 0.39305555555555555 0.020833333333333332 0.027777777777777776
0 0.6625 0.3902777777777778 0.020833333333333332 0.027777777777777776
0 0.73125 0.3888888888888889 0.020833333333333332 0.027777777777777776
0 0.32708333333333334 0.33194444444444443 0.020833333333333332 0.027777777777777776
0 0.3927083333333333 0.32916666666666666 0.020833333333333332 0.027777777777777776
0 0.45729166666666665 0.3277777777777778 0.020833333333333332 0.027777777777777776
0 0.5229166666666667 0.325 0.020833333333333332 0.027777777777777776
0 0.5895833333333333 0.3236111111111111 0.020833333333333332 0.027777777777777776
0 0.6552083333333333 0.32083333333333336 0.020833333333333332 0.027777777777777776
0 0.721875 0.3194444444444444 0.020833333333333332 0.027777777777777776
0 0.334375 0.26805555555555555 0.020833333333333332 0.027777777777777776
0 0.396875 0.2652777777777778 0.020833333333333332 0.027777777777777776
0 0.459375 0.2638888888888889 0.020833333333333332 0.027777777777777776
0 0.5229166666666667 0.2611111111111111 0.020833333333333332 0.027777777777777776
0 0.5864583333333333 0.25972222222222224 0.020833333333333332 0.027777777777777776
0 0.65 0.2569444444444444 0.020833333333333332 0.027777777777777776
0 0.7135416666666666 0.25555555555555554 0.020833333333333332 0.027777777777777776
0 0.3416666666666667 0.20972222222222223 0.020833333333333332 0.027777777777777776
0 0.4010416666666667 0.20694444444444443 0.020833333333333332 0.027777777777777776
0 0.46145833333333336 0.20555555555555555 0.020833333333333332 0.027777777777777776
0 0.521875 0.20277777777777778 0.020833333333333332 0.027777777777777776
0 0.5833333333333334 0.2013888888888889 0.020833333333333332 0.027777777777777776
0 0.64375 0.1986111111111111 0.020833333333333332 0.027777777777777776
0 0.7052083333333333 0.19583333333333333 0.020833333333333332 0.027777777777777776