0 0.7260416666666667 0.24259259259259258 0.03125 0.03148148148148148
0 0.6458333333333334 0.24259259259259258 0.03125 0.03148148148148148
0 0.565625 0.24259259259259258 0.03125 0.03148148148148148
0 0.4864583333333333 0.24259259259259258 0.03125 0.03148148148148148
0 0.40729166666666666 0.24259259259259258 0.03125 0.03148148148148148
0 0.32916666666666666 0.24166666666666667 0.03125 0.03148148148148148
0 0.25104166666666666 0.24166666666666667 0.03125 0.03148148148148148
0 0.7291666666666666 0.3199074074074074 0.03125 0.03148148148148148
0 0.6479166666666667 0.3199074074074074 0.03125 0.03148148148148148
0 0.565625 0.31851851851851853 0.03125 0.03148148148148148
0 0.48541666666666666 0.31851851851851853 0.03125 0.03148148148148148
0 0.4041666666666667 0.3175925925925926 0.03125 0.03148148148148148
0 0.32395833333333335 0.3175925925925926 0.03125 0.03148148148148148
0 0.24375 0.3175925925925926 0.03125 0.03148148148148148
0 0.7333333333333333 0.4 0.03125 0.03148148148148148
0 0.65 0.4 0.03125 0.03148148148148148
0 0.5666666666666667 0.3990740740740741 0.03125 0.03148148148148148
0 0.48333333333333334 0.39814814814814814 0.03125 0.03148148148148148
0 0.4010416666666667 0.39814814814814814 0.03125 0.03148148148148148
0 0.31875 0.39675925925925926 0.03125 0.03148148148148148
0 0.23645833333333333 0.39675925925925926 0.03125 0.03148148148148148
0 0.7385416666666667 0.4842592592592593 0.03125 0.03148148148148148
0 0.6520833333333333 0.48333333333333334 0.03125 0.03148148148148148
0 0.5666666666666667 0.48333333333333334 0.03125 0.03148148148148148
0 0.48125 0.4824074074074074 0.03125 0.03148148148148148
0 0.396875 0.48148148148148145 0.03125 0.03148148148148148
0 0.3125 0.48009259259259257 0.03125 0.03148148148148148
0 0.22916666666666666 0.4791666666666667 0.03125 0.03148148148148148
0 0.7427083333333333 0.5731481481481482 0.03125 0.03148148148148148
0 0.6552083333333333 0.5717592592592593 0.03125 0.03148148148148148
0 0.5666666666666667 0.5708333333333333 0.03125 0.03148148148148148
0 0.48020833333333335 0.5699074074074074 0.03125 0.03148148148148148
0 0.3927083333333333 0.5685185185185185 0.03125 0.03148148148148148
0 0.30625 0.5675925925925925 0.03125 0.03148148148148148
0 0.22083333333333333 0.5666666666666667 0.03125 0.03148148148148148
0 0.7479166666666667 0.6666666666666666 0.03125 0.03148148148148148
0 0.6572916666666667 0.6648148148148149 0.03125 0.03148148148148148
0 0.5677083333333334 0.663425925925926 0.03125 0.03148148148148148
0 0.478125 0.6625 0.03125 0.03148148148148148
0 0.3885416666666667 0.6615740740740741 0.03125 0.03148148148148148
0 0.3 0.6592592592592592 0.03125 0.03148148148148148
0 0.2125 0.6583333333333333 0.03125 0.03148148148148148
0 0.753125 0.7648148148148148 0.03125 0.03148148148148148
0 0.6604166666666667 0.7625 0.03125 0.03148148148148148
0 0.5677083333333334 0.7615740740740741 0.03125 0.03148148148148148
0 0.47604166666666664 0.7592592592592593 0.03125 0.03148148148148148
0 0.384375 0.7583333333333333 0.03125 0.03148148148148148
0 0.29375 0.7564814814814815 0.03125 0.03148148148148148
0 0.203125 0.7550925925925925 0.03125 0.03148148148148148