0 0.30625 0.6486111111111111 0.020833333333333332 0.027777777777777776
0 0.38229166666666664 0.6486111111111111 0.020833333333333332 0.027777777777777776
0 0.45729166666666665 0.6486111111111111 0.020833333333333332 0.027777777777777776
0 0.534375 0.6486111111111111 0.020833333333333332 0.027777777777777776
0 0.6114583333333333 0.6486111111111111 0.020833333333333332 0.027777777777777776
0 0.6895833333333333 0.6486111111111111 0.020833333333333332 0.027777777777777776
0 0.76875 0.6486111111111111 0.020833333333333332 0.027777777777777776
0 0.3177083333333333 0.5625 0.020833333333333332 0.027777777777777776
0 0.3885416666666667 0.5611111111111111 0.020833333333333332 0.027777777777777776
0 0.46145833333333336 0.5611111111111111 0.020833333333333332 0.027777777777777776
0 0.534375 0.5611111111111111 0.020833333333333332 0.027777777777777776
0 0.6083333333333333 0.5597222222222222 0.020833333333333332 0.027777777777777776
0 0.6822916666666666 0.5597222222222222 0.020833333333333332 0.027777777777777776
0 0.7572916666666667 0.5597222222222222 0.020833333333333332 0.027777777777777776
0 0.32708333333333334 0.48333333333333334 0.020833333333333332 0.027777777777777776
0 0.3958333333333333 0.48194444444444445 0.020833333333333332 0.027777777777777776
0 0.46458333333333335 0.48194444444444445 0.020833333333333332 0.027777777777777776
0 0.534375 0.48055555555555557 0.020833333333333332 0.027777777777777776
0 0.6041666666666666 0.48055555555555557 0.020833333333333332 0.027777777777777776
0 0.6760416666666667 0.4791666666666667 0.020833333333333332 0.027777777777777776
0 0.7479166666666667 0.4791666666666667 0.020833333333333332 0.027777777777777776
0 0.33541666666666664 0.4111111111111111 0.020833333333333332 0.027777777777777776
0 0.4010416666666667 0.4097222222222222 0.020833333333333332 0.027777777777777776
0 0.46770833333333334 0.4097222222222222 0.020833333333333332 0.027777777777777776
0 0.534375 0.4083333333333333 0.020833333333333332 0.027777777777777776
0 0.6020833333333333 0.40694444444444444 0.020833333333333332 0.027777777777777776
0 0.6697916666666667 0.40694444444444444 0.020833333333333332 0.027777777777777776
0 0.7385416666666667 0.40555555555555556 0.020833333333333332 0.027777777777777776
0 0.34375 0.3458333333333333 0.020833333333333332 0.027777777777777776
0 0.40625 0.34444444444444444 0.020833333333333332 0.027777777777777776
0 0.46979166666666666 0.34305555555555556 0.020833333333333332 0.027777777777777776
0 0.534375 0.3416666666666667 0.020833333333333332 0.027777777777777776
0 0.5989583333333334 0.3402777777777778 0.020833333333333332 0.027777777777777776
0 0.6635416666666667 0.3388888888888889 0.020833333333333332 0.027777777777777776
0 0.7291666666666666 0.3375 0.020833333333333332 0.027777777777777776
0 0.35104166666666664 0.2847222222222222 0.020833333333333332 0.027777777777777776
0 0.4114583333333333 0.2833333333333333 0.020833333333333332 0.027777777777777776
0 0.47291666666666665 0.28194444444444444 0.020833333333333332 0.027777777777777776
0 0.534375 0.28055555555555556 0.020833333333333332 0.027777777777777776
0 0.5958333333333333 0.2791666666666667 0.020833333333333332 0.027777777777777776
0 0.6583333333333333 0.2777777777777778 0.020833333333333332 0.027777777777777776
0 0.721875 0.2763888888888889 0.020833333333333332 0.027777777777777776
0 0.35833333333333334 0.22777777777777777 0.020833333333333332 0.027777777777777776
0 0.4166666666666667 0.2263888888888889 0.020833333333333332 0.027777777777777776
0 0.475 0.225 0.020833333333333332 0.027777777777777776
0 0.534375 0.22361111111111112 0.020833333333333332 0.027777777777777776
0 0.59375 0.2222222222222222 0.020833333333333332 0.027777777777777776
0 0.6541666666666667 0.21944444444444444 0.020833333333333332 0.027777777777777776
0 0.7145833333333333 0.21805555555555556 0.020833333333333332 0.027777777777777776