0 0.21979166666666666 0.7509259259259259 0.03125 0.03148148148148148
0 0.31145833333333334 0.7532407407407408 0.03125 0.03148148148148148
0 0.40208333333333335 0.7550925925925925 0.03125 0.03148148148148148
0 0.49375 0.7574074074074074 0.03125 0.03148148148148148
0 0.5864583333333333 0.7592592592592593 0.03125 0.03148148148148148
0 0.678125 0.7615740740740741 0.03125 0.03148148148148148
0 0.7708333333333334 0.7648148148148148 0.03125 0.03148148148148148
0 0.23333333333333334 0.6592592592592592 0.03125 0.03148148148148148
0 0.32083333333333336 0.6615740740740741 0.03125 0.03148148148148148
0 0.4083333333333333 0.663425925925926 0.03125 0.03148148148148148
0 0.49583333333333335 0.6657407407407407 0.03125 0.03148148148148148
0 0.5833333333333334 0.6675925925925926 0.03125 0.03148148148148148
0 0.671875 0.6699074074074074 0.03125 0.03148148148148148
0 0.7604166666666666 0.6717592592592593 0.03125 0.03148148148148148
0 0.246875 0.575925925925926 0.03125 0.03148148148148148
0 0.3302083333333333 0.5782407407407407 0.03125 0.03148148148148148
0 0.41354166666666664 0.5800925925925926 0.03125 0.03148148148148148
0 0.496875 0.5814814814814815 0.03125 0.03148148148148148
0 0.58125 0.5833333333333334 0.03125 0.03148148148148148
0 0.665625 0.5851851851851851 0.03125 0.03148148148148148
0 0.7510416666666667 0.586574074074074 0.03125 0.03148148148148148
0 0.25833333333333336 0.5 0.03125 0.03148148148148148
0 0.3375 0.5009259259259259 0.03125 0.03148148148148148
0 0.41875 0.5032407407407408 0.03125 0.03148148148148148
0 0.49895833333333334 0.5041666666666667 0.03125 0.03148148148148148
0 0.5791666666666667 0.5064814814814815 0.03125 0.03148148148148148
0 0.6604166666666667 0.5074074074074074 0.03125 0.03148148148148148
0 0.7416666666666667 0.5092592592592593 0.03125 0.03148148148148148
0 0.26875 0.42916666666666664 0.03125 0.03148148148148148
0 0.3458333333333333 0.4300925925925926 0.03125 0.03148148148148148
0 0.42291666666666666 0.43148148148148147 0.03125 0.03148148148148148
0 0.5 0.43333333333333335 0.03125 0.03148148148148148
0 0.578125 0.43425925925925923 0.03125 0.03148148148148148
0 0.6552083333333333 0.4351851851851852 0.03125 0.03148148148148148
0 0.7333333333333333 0.4375 0.03125 0.03148148148148148
0 0.278125 0.36342592592592593 0.03125 0.03148148148148148
0 0.353125 0.3648148148148148 0.03125 0.03148148148148148
0 0.4270833333333333 0.36574074074074076 0.03125 0.03148148148148148
0 0.5010416666666667 0.3675925925925926 0.03125 0.03148148148148148
0 0.5760416666666667 0.3685185185185185 0.03125 0.03148148148148148
0 0.6510416666666666 0.3699074074074074 0.03125 0.03148148148148148
0 0.7260416666666667 0.37083333333333335 0.03125 0.03148148148148148
0 0.2875 0.30324074074074076 0.03125 0.03148148148148148
0 0.359375 0.30416666666666664 0.03125 0.03148148148148148
0 0.43020833333333336 0.3050925925925926 0.03125 0.03148148148148148
0 0.5020833333333333 0.30648148148148147 0.03125 0.03148148148148148
0 0.5739583333333333 0.3074074074074074 0.03125 0.03148148148148148
0 0.646875 0.30833333333333335 0.03125 0.03148148148148148
0 0.71875 0.30925925925925923 0.03125 0.03148148148148148