0 0.24375 0.21342592592592594 0.0375 0.0375
0 0.23125 0.26666666666666666 0.0375 0.0375
0 0.21666666666666667 0.325 0.0375 0.0375
0 0.20104166666666667 0.38981481481481484 0.0375 0.0375
0 0.18333333333333332 0.4601851851851852 0.0375 0.0375
0 0.16354166666666667 0.538425925925926 0.0375 0.0375
0 0.14270833333333333 0.6268518518518519 0.0375 0.0375
0 0.3229166666666667 0.21574074074074073 0.0375 0.0375
0 0.31354166666666666 0.26851851851851855 0.0375 0.0375
0 0.303125 0.3282407407407407 0.0375 0.0375
0 0.2916666666666667 0.3925925925925926 0.0375 0.0375
0 0.278125 0.4634259259259259 0.0375 0.0375
0 0.26458333333333334 0.5425925925925926 0.0375 0.0375
0 0.24791666666666667 0.6300925925925925 0.0375 0.0375
0 0.40208333333333335 0.2175925925925926 0.0375 0.0375
0 0.3958333333333333 0.27175925925925926 0.0375 0.0375
0 0.38958333333333334 0.3300925925925926 0.0375 0.0375
0 0.38125 0.3958333333333333 0.0375 0.0375
0 0.37395833333333334 0.4666666666666667 0.0375 0.0375
0 0.3645833333333333 0.5458333333333333 0.0375 0.0375
0 0.3541666666666667 0.6333333333333333 0.0375 0.0375
0 0.48125 0.22083333333333333 0.0375 0.0375
0 0.478125 0.275 0.0375 0.0375
0 0.475 0.3333333333333333 0.0375 0.0375
0 0.471875 0.39814814814814814 0.0375 0.0375
0 0.46875 0.4699074074074074 0.0375 0.0375
0 0.46458333333333335 0.549074074074074 0.0375 0.0375
0 0.46041666666666664 0.6375 0.0375 0.0375
0 0.559375 0.22314814814814815 0.0375 0.0375
0 0.5604166666666667 0.27685185185185185 0.0375 0.0375
0 0.5614583333333333 0.3365740740740741 0.0375 0.0375
0 0.5625 0.4009259259259259 0.0375 0.0375
0 0.5645833333333333 0.47314814814814815 0.0375 0.0375
0 0.565625 0.5518518518518518 0.0375 0.0375
0 0.5666666666666667 0.6407407407407407 0.0375 0.0375
0 0.6385416666666667 0.22592592592592592 0.0375 0.0375
0 0.64375 0.2800925925925926 0.0375 0.0375
0 0.6479166666666667 0.3398148148148148 0.0375 0.0375
0 0.653125 0.4041666666666667 0.0375 0.0375
0 0.659375 0.4759259259259259 0.0375 0.0375
0 0.665625 0.5550925925925926 0.0375 0.0375
0 0.6729166666666667 0.6449074074074074 0.0375 0.0375
0 0.7177083333333333 0.22824074074074074 0.0375 0.0375
0 0.7260416666666667 0.2824074074074074 0.0375 0.0375
0 0.734375 0.3416666666666667 0.0375 0.0375
0 0.7447916666666666 0.4074074074074074 0.0375 0.0375
0 0.7552083333333334 0.4791666666666667 0.0375 0.0375
0 0.7666666666666667 0.5592592592592592 0.0375 0.0375
0 0.7802083333333333 0.6481481481481481 0.0375 0.0375