0 0.69375 0.16527777777777777 0.025 0.03333333333333333
0 0.625 0.16805555555555557 0.025 0.03333333333333333
0 0.55625 0.16944444444444445 0.025 0.03333333333333333
0 0.4875 0.17222222222222222 0.025 0.03333333333333333
0 0.41875 0.175 0.025 0.03333333333333333
0 0.3489583333333333 0.17777777777777778 0.025 0.03333333333333333
0 0.28020833333333334 0.18055555555555555 0.025 0.03333333333333333
0 0.7052083333333333 0.23055555555555557 0.025 0.03333333333333333
0 0.6333333333333333 0.23333333333333334 0.025 0.03333333333333333
0 0.5604166666666667 0.2361111111111111 0.025 0.03333333333333333
0 0.48854166666666665 0.2388888888888889 0.025 0.03333333333333333
0 0.4166666666666667 0.24305555555555555 0.025 0.03333333333333333
0 0.34375 0.24583333333333332 0.025 0.03333333333333333
0 0.2708333333333333 0.24861111111111112 0.025 0.03333333333333333
0 0.7166666666666667 0.30416666666666664 0.025 0.03333333333333333
0 0.640625 0.30694444444444446 0.025 0.03333333333333333
0 0.565625 0.30972222222222223 0.025 0.03333333333333333
0 0.4895833333333333 0.3125 0.025 0.03333333333333333
0 0.41354166666666664 0.31666666666666665 0.025 0.03333333333333333
0 0.3375 0.3194444444444444 0.025 0.03333333333333333
0 0.26145833333333335 0.32222222222222224 0.025 0.03333333333333333
0 0.7291666666666666 0.38472222222222224 0.025 0.03333333333333333
0 0.65 0.3875 0.025 0.03333333333333333
0 0.5708333333333333 0.3902777777777778 0.025 0.03333333333333333
0 0.490625 0.39444444444444443 0.025 0.03333333333333333
0 0.41041666666666665 0.3972222222222222 0.025 0.03333333333333333
0 0.3302083333333333 0.4013888888888889 0.025 0.03333333333333333
0 0.25 0.4041666666666667 0.025 0.03333333333333333
0 0.74375 0.4736111111111111 0.025 0.03333333333333333
0 0.6604166666666667 0.47638888888888886 0.025 0.03333333333333333
0 0.5760416666666667 0.48055555555555557 0.025 0.03333333333333333
0 0.49166666666666664 0.4847222222222222 0.025 0.03333333333333333
0 0.40729166666666666 0.4875 0.025 0.03333333333333333
0 0.3229166666666667 0.49166666666666664 0.025 0.03333333333333333
0 0.23854166666666668 0.49444444444444446 0.025 0.03333333333333333
0 0.759375 0.5722222222222222 0.025 0.03333333333333333
0 0.6708333333333333 0.5763888888888888 0.025 0.03333333333333333
0 0.5822916666666667 0.5805555555555556 0.025 0.03333333333333333
0 0.49375 0.5847222222222223 0.025 0.03333333333333333
0 0.4041666666666667 0.5888888888888889 0.025 0.03333333333333333
0 0.3145833333333333 0.5930555555555556 0.025 0.03333333333333333
0 0.225 0.5958333333333333 0.025 0.03333333333333333
0 0.778125 0.6847222222222222 0.025 0.03333333333333333
0 0.6833333333333333 0.6888888888888889 0.025 0.03333333333333333
0 0.5895833333333333 0.6930555555555555 0.025 0.03333333333333333
0 0.4947916666666667 0.6972222222222222 0.025 0.03333333333333333
0 0.4 0.7013888888888888 0.025 0.03333333333333333
0 0.30520833333333336 0.7055555555555556 0.025 0.03333333333333333
0 0.21041666666666667 0.7097222222222223 0.025 0.03333333333333333