0 0.29583333333333334 0.65 0.020833333333333332 0.027777777777777776
0 0.3729166666666667 0.6486111111111111 0.020833333333333332 0.027777777777777776
0 0.45 0.6472222222222223 0.020833333333333332 0.027777777777777776
0 0.5291666666666667 0.6458333333333334 0.020833333333333332 0.027777777777777776
0 0.6083333333333333 0.6444444444444445 0.020833333333333332 0.027777777777777776
0 0.6875 0.6430555555555556 0.020833333333333332 0.027777777777777776
0 0.76875 0.6416666666666667 0.020833333333333332 0.027777777777777776
0 0.30520833333333336 0.5597222222222222 0.020833333333333332 0.027777777777777776
0 0.37916666666666665 0.5583333333333333 0.020833333333333332 0.027777777777777776
0 0.453125 0.5569444444444445 0.020833333333333332 0.027777777777777776
0 0.528125 0.5555555555555556 0.020833333333333332 0.027777777777777776
0 0.603125 0.5527777777777778 0.020833333333333332 0.027777777777777776
0 0.6791666666666667 0.5513888888888889 0.020833333333333332 0.027777777777777776
0 0.7552083333333334 0.55 0.020833333333333332 0.027777777777777776
0 0.3145833333333333 0.4777777777777778 0.020833333333333332 0.027777777777777776
0 0.384375 0.47638888888888886 0.020833333333333332 0.027777777777777776
0 0.4552083333333333 0.475 0.020833333333333332 0.027777777777777776
0 0.5270833333333333 0.4722222222222222 0.020833333333333332 0.027777777777777776
0 0.5979166666666667 0.4708333333333333 0.020833333333333332 0.027777777777777776
0 0.6708333333333333 0.46944444444444444 0.020833333333333332 0.027777777777777776
0 0.74375 0.4666666666666667 0.020833333333333332 0.027777777777777776
0 0.3229166666666667 0.4041666666666667 0.020833333333333332 0.027777777777777776
0 0.38958333333333334 0.4013888888888889 0.020833333333333332 0.027777777777777776
0 0.45729166666666665 0.4 0.020833333333333332 0.027777777777777776
0 0.5260416666666666 0.3972222222222222 0.020833333333333332 0.027777777777777776
0 0.5947916666666667 0.3958333333333333 0.020833333333333332 0.027777777777777776
0 0.6635416666666667 0.39305555555555555 0.020833333333333332 0.027777777777777776
0 0.7333333333333333 0.39166666666666666 0.020833333333333332 0.027777777777777776
0 0.3302083333333333 0.33611111111111114 0.020833333333333332 0.027777777777777776
0 0.39479166666666665 0.3333333333333333 0.020833333333333332 0.027777777777777776
0 0.459375 0.33055555555555555 0.020833333333333332 0.027777777777777776
0 0.525 0.32916666666666666 0.020833333333333332 0.027777777777777776
0 0.590625 0.3263888888888889 0.020833333333333332 0.027777777777777776
0 0.65625 0.325 0.020833333333333332 0.027777777777777776
0 0.7229166666666667 0.32222222222222224 0.020833333333333332 0.027777777777777776
0 0.3375 0.2722222222222222 0.020833333333333332 0.027777777777777776
0 0.39895833333333336 0.2708333333333333 0.020833333333333332 0.027777777777777776
0 0.46145833333333336 0.26805555555555555 0.020833333333333332 0.027777777777777776
0 0.5239583333333333 0.2652777777777778 0.020833333333333332 0.027777777777777776
0 0.5875 0.2638888888888889 0.020833333333333332 0.027777777777777776
0 0.65 0.2611111111111111 0.020833333333333332 0.027777777777777776
0 0.7145833333333333 0.25833333333333336 0.020833333333333332 0.027777777777777776
0 0.34375 0.2152777777777778 0.020833333333333332 0.027777777777777776
0 0.403125 0.2125 0.020833333333333332 0.027777777777777776
0 0.4635416666666667 0.20972222222222223 0.020833333333333332 0.027777777777777776
0 0.5229166666666667 0.20694444444444443 0.020833333333333332 0.027777777777777776
0 0.5833333333333334 0.20555555555555555 0.020833333333333332 0.027777777777777776
0 0.6447916666666667 0.20277777777777778 0.020833333333333332 0.027777777777777776
0 0.70625 0.2 0.020833333333333332 0.027777777777777776