0 0.75625 0.2675925925925926 0.035416666666666666 0.03518518518518519
0 0.671875 0.2625 0.035416666666666666 0.03518518518518519
0 0.5885416666666666 0.2564814814814815 0.035416666666666666 0.03518518518518519
0 0.5083333333333333 0.25092592592592594 0.035416666666666666 0.03518518518518519
0 0.42916666666666664 0.24583333333333332 0.035416666666666666 0.03518518518518519
0 0.35208333333333336 0.24074074074074073 0.035416666666666666 0.03518518518518519
0 0.27708333333333335 0.2351851851851852 0.035416666666666666 0.03518518518518519
0 0.7510416666666667 0.3375 0.035416666666666666 0.03518518518518519
0 0.6635416666666667 0.3314814814814815 0.035416666666666666 0.03518518518518519
0 0.578125 0.32407407407407407 0.035416666666666666 0.03518518518518519
0 0.4947916666666667 0.3175925925925926 0.035416666666666666 0.03518518518518519
0 0.41354166666666664 0.31157407407407406 0.035416666666666666 0.03518518518518519
0 0.334375 0.3050925925925926 0.035416666666666666 0.03518518518518519
0 0.25729166666666664 0.29907407407407405 0.035416666666666666 0.03518518518518519
0 0.746875 0.4125 0.035416666666666666 0.03518518518518519
0 0.6552083333333333 0.4050925925925926 0.035416666666666666 0.03518518518518519
0 0.5677083333333334 0.39675925925925926 0.035416666666666666 0.03518518518518519
0 0.48125 0.38981481481481484 0.035416666666666666 0.03518518518518519
0 0.396875 0.3814814814814815 0.035416666666666666 0.03518518518518519
0 0.315625 0.37407407407407406 0.035416666666666666 0.03518518518518519
0 0.23541666666666666 0.36666666666666664 0.035416666666666666 0.03518518518518519
0 0.740625 0.4935185185185185 0.035416666666666666 0.03518518518518519
0 0.646875 0.4842592592592593 0.035416666666666666 0.03518518518518519
0 0.5552083333333333 0.475 0.035416666666666666 0.03518518518518519
0 0.465625 0.46574074074074073 0.035416666666666666 0.03518518518518519
0 0.37916666666666665 0.45740740740740743 0.035416666666666666 0.03518518518518519
0 0.2947916666666667 0.44907407407407407 0.035416666666666666 0.03518518518518519
0 0.2125 0.44074074074074077 0.035416666666666666 0.03518518518518519
0 0.7354166666666667 0.5814814814814815 0.035416666666666666 0.03518518518518519
0 0.6375 0.5699074074074074 0.035416666666666666 0.03518518518518519
0 0.5427083333333333 0.5592592592592592 0.035416666666666666 0.03518518518518519
0 0.45 0.549074074074074 0.035416666666666666 0.03518518518518519
0 0.359375 0.538425925925926 0.035416666666666666 0.03518518518518519
0 0.271875 0.5282407407407408 0.035416666666666666 0.03518518518518519
0 0.1875 0.5185185185185185 0.035416666666666666 0.03518518518518519
0 0.7291666666666666 0.6759259259259259 0.035416666666666666 0.03518518518518519
0 0.6270833333333333 0.6625 0.035416666666666666 0.03518518518518519
0 0.528125 0.65 0.035416666666666666 0.03518518518518519
0 0.4322916666666667 0.6375 0.035416666666666666 0.03518518518518519
0 0.3385416666666667 0.6259259259259259 0.035416666666666666 0.03518518518518519
0 0.24791666666666667 0.6148148148148148 0.035416666666666666 0.03518518518518519
0 0.16041666666666668 0.6032407407407407 0.035416666666666666 0.03518518518518519
0 0.721875 0.7791666666666667 0.035416666666666666 0.03518518518518519
0 0.615625 0.763425925925926 0.035416666666666666 0.03518518518518519
0 0.5135416666666667 0.7490740740740741 0.035416666666666666 0.03518518518518519
0 0.41354166666666664 0.7342592592592593 0.035416666666666666 0.03518518518518519
0 0.31666666666666665 0.7208333333333333 0.035416666666666666 0.03518518518518519
0 0.22291666666666668 0.7074074074074074 0.035416666666666666 0.03518518518518519
0 0.13125 0.6949074074074074 0.035416666666666666 0.03518518518518519