0 0.15520833333333334 0.6375 0.029166666666666667 0.029166666666666667
0 0.23541666666666666 0.6425925925925926 0.029166666666666667 0.029166666666666667
0 0.31875 0.6481481481481481 0.029166666666666667 0.029166666666666667
0 0.403125 0.6541666666666667 0.029166666666666667 0.029166666666666667
0 0.4895833333333333 0.6592592592592592 0.029166666666666667 0.029166666666666667
0 0.578125 0.6657407407407407 0.029166666666666667 0.029166666666666667
0 0.6697916666666667 0.6717592592592593 0.029166666666666667 0.029166666666666667
0 0.17083333333333334 0.5550925925925926 0.029166666666666667 0.029166666666666667
0 0.25 0.5592592592592592 0.029166666666666667 0.029166666666666667
0 0.3302083333333333 0.5634259259259259 0.029166666666666667 0.029166666666666667
0 0.41354166666666664 0.5685185185185185 0.029166666666666667 0.029166666666666667
0 0.4979166666666667 0.5731481481481482 0.029166666666666667 0.029166666666666667
0 0.584375 0.5782407407407407 0.029166666666666667 0.029166666666666667
0 0.6729166666666667 0.5824074074074074 0.029166666666666667 0.029166666666666667
0 0.18541666666666667 0.47685185185185186 0.029166666666666667 0.029166666666666667
0 0.2625 0.48009259259259257 0.029166666666666667 0.029166666666666667
0 0.3416666666666667 0.48333333333333334 0.029166666666666667 0.029166666666666667
0 0.42291666666666666 0.4875 0.029166666666666667 0.029166666666666667
0 0.5052083333333334 0.49074074074074076 0.029166666666666667 0.029166666666666667
0 0.590625 0.4949074074074074 0.029166666666666667 0.029166666666666667
0 0.6770833333333334 0.4981481481481482 0.029166666666666667 0.029166666666666667
0 0.2 0.40185185185185185 0.029166666666666667 0.029166666666666667
0 0.2760416666666667 0.4041666666666667 0.029166666666666667 0.029166666666666667
0 0.353125 0.4074074074074074 0.029166666666666667 0.029166666666666667
0 0.4322916666666667 0.40925925925925927 0.029166666666666667 0.029166666666666667
0 0.5125 0.4125 0.029166666666666667 0.029166666666666667
0 0.5958333333333333 0.4148148148148148 0.029166666666666667 0.029166666666666667
0 0.6802083333333333 0.41759259259259257 0.029166666666666667 0.029166666666666667
0 0.21354166666666666 0.3300925925925926 0.029166666666666667 0.029166666666666667
0 0.2875 0.33240740740740743 0.029166666666666667 0.029166666666666667
0 0.36354166666666665 0.33425925925925926 0.029166666666666667 0.029166666666666667
0 0.440625 0.3351851851851852 0.029166666666666667 0.029166666666666667
0 0.5197916666666667 0.3375 0.029166666666666667 0.029166666666666667
0 0.6010416666666667 0.3398148148148148 0.029166666666666667 0.029166666666666667
0 0.6833333333333333 0.34074074074074073 0.029166666666666667 0.029166666666666667
0 0.22708333333333333 0.2625 0.029166666666666667 0.029166666666666667
0 0.2989583333333333 0.26342592592592595 0.029166666666666667 0.029166666666666667
0 0.3729166666666667 0.26481481481481484 0.029166666666666667 0.029166666666666667
0 0.44895833333333335 0.26481481481481484 0.029166666666666667 0.029166666666666667
0 0.5270833333333333 0.2657407407407407 0.029166666666666667 0.029166666666666667
0 0.6052083333333333 0.26666666666666666 0.029166666666666667 0.029166666666666667
0 0.6864583333333333 0.2675925925925926 0.029166666666666667 0.029166666666666667
0 0.23958333333333334 0.19675925925925927 0.029166666666666667 0.029166666666666667
0 0.3104166666666667 0.19675925925925927 0.029166666666666667 0.029166666666666667
0 0.38333333333333336 0.19675925925925927 0.029166666666666667 0.029166666666666667
0 0.45729166666666665 0.19814814814814816 0.029166666666666667 0.029166666666666667
0 0.5333333333333333 0.19814814814814816 0.029166666666666667 0.029166666666666667
0 0.6104166666666667 0.19814814814814816 0.029166666666666667 0.029166666666666667
0 0.6895833333333333 0.19814814814814816 0.029166666666666667 0.029166666666666667