0 0.6802083333333333 0.1736111111111111 0.025 0.03333333333333333
0 0.6145833333333334 0.1736111111111111 0.025 0.03333333333333333
0 0.5489583333333333 0.1736111111111111 0.025 0.03333333333333333
0 0.48125 0.175 0.025 0.03333333333333333
0 0.41354166666666664 0.175 0.025 0.03333333333333333
0 0.34479166666666666 0.1763888888888889 0.025 0.03333333333333333
0 0.2760416666666667 0.1763888888888889 0.025 0.03333333333333333
0 0.69375 0.2361111111111111 0.025 0.03333333333333333
0 0.625 0.2361111111111111 0.025 0.03333333333333333
0 0.5552083333333333 0.2375 0.025 0.03333333333333333
0 0.484375 0.2388888888888889 0.025 0.03333333333333333
0 0.41354166666666664 0.2388888888888889 0.025 0.03333333333333333
0 0.3416666666666667 0.24027777777777778 0.025 0.03333333333333333
0 0.26875 0.24166666666666667 0.025 0.03333333333333333
0 0.7072916666666667 0.30416666666666664 0.025 0.03333333333333333
0 0.6354166666666666 0.3055555555555556 0.025 0.03333333333333333
0 0.5625 0.30694444444444446 0.025 0.03333333333333333
0 0.48854166666666665 0.30833333333333335 0.025 0.03333333333333333
0 0.41354166666666664 0.30972222222222223 0.025 0.03333333333333333
0 0.3375 0.3125 0.025 0.03333333333333333
0 0.2604166666666667 0.3138888888888889 0.025 0.03333333333333333
0 0.7229166666666667 0.38055555555555554 0.025 0.03333333333333333
0 0.646875 0.38333333333333336 0.025 0.03333333333333333
0 0.5697916666666667 0.38472222222222224 0.025 0.03333333333333333
0 0.49166666666666664 0.3875 0.025 0.03333333333333333
0 0.41354166666666664 0.3888888888888889 0.025 0.03333333333333333
0 0.3333333333333333 0.39166666666666666 0.025 0.03333333333333333
0 0.2520833333333333 0.39305555555555555 0.025 0.03333333333333333
0 0.740625 0.4666666666666667 0.025 0.03333333333333333
0 0.6604166666666667 0.46944444444444444 0.025 0.03333333333333333
0 0.5791666666666667 0.4722222222222222 0.025 0.03333333333333333
0 0.496875 0.475 0.025 0.03333333333333333
0 0.4125 0.4777777777777778 0.025 0.03333333333333333
0 0.328125 0.48055555555555557 0.025 0.03333333333333333
0 0.24166666666666667 0.48333333333333334 0.025 0.03333333333333333
0 0.7604166666666666 0.5625 0.025 0.03333333333333333
0 0.6760416666666667 0.5652777777777778 0.025 0.03333333333333333
0 0.5895833333333333 0.5694444444444444 0.025 0.03333333333333333
0 0.5010416666666667 0.5736111111111111 0.025 0.03333333333333333
0 0.4125 0.5763888888888888 0.025 0.03333333333333333
0 0.321875 0.5805555555555556 0.025 0.03333333333333333
0 0.23020833333333332 0.5847222222222223 0.025 0.03333333333333333
0 0.7833333333333333 0.6708333333333333 0.025 0.03333333333333333
0 0.6927083333333334 0.675 0.025 0.03333333333333333
0 0.6010416666666667 0.6805555555555556 0.025 0.03333333333333333
0 0.5072916666666667 0.6847222222222222 0.025 0.03333333333333333
0 0.4125 0.6902777777777778 0.025 0.03333333333333333
0 0.315625 0.6944444444444444 0.025 0.03333333333333333
0 0.21770833333333334 0.7 0.025 0.03333333333333333