0 0.2947916666666667 0.6458333333333334 0.020833333333333332 0.027777777777777776
0 0.371875 0.6444444444444445 0.020833333333333332 0.027777777777777776
0 0.45 0.6430555555555556 0.020833333333333332 0.027777777777777776
0 0.528125 0.6416666666666667 0.020833333333333332 0.027777777777777776
0 0.6072916666666667 0.6402777777777777 0.020833333333333332 0.027777777777777776
0 0.6875 0.6388888888888888 0.020833333333333332 0.027777777777777776
0 0.7677083333333333 0.6375 0.020833333333333332 0.027777777777777776
0 0.30520833333333336 0.5569444444444445 0.020833333333333332 0.027777777777777776
0 0.378125 0.5555555555555556 0.020833333333333332 0.027777777777777776
0 0.45208333333333334 0.5527777777777778 0.020833333333333332 0.027777777777777776
0 0.5270833333333333 0.5513888888888889 0.020833333333333332 0.027777777777777776
0 0.603125 0.55 0.020833333333333332 0.027777777777777776
0 0.6791666666666667 0.5486111111111112 0.020833333333333332 0.027777777777777776
0 0.7552083333333334 0.5458333333333333 0.020833333333333332 0.027777777777777776
0 0.3145833333333333 0.47638888888888886 0.020833333333333332 0.027777777777777776
0 0.384375 0.4736111111111111 0.020833333333333332 0.027777777777777776
0 0.4552083333333333 0.4722222222222222 0.020833333333333332 0.027777777777777776
0 0.5270833333333333 0.46944444444444444 0.020833333333333332 0.027777777777777776
0 0.5989583333333334 0.46805555555555556 0.020833333333333332 0.027777777777777776
0 0.671875 0.4652777777777778 0.020833333333333332 0.027777777777777776
0 0.7447916666666666 0.4638888888888889 0.020833333333333332 0.027777777777777776
0 0.3229166666666667 0.4013888888888889 0.020833333333333332 0.027777777777777776
0 0.38958333333333334 0.4 0.020833333333333332 0.027777777777777776
0 0.4583333333333333 0.3972222222222222 0.020833333333333332 0.027777777777777776
0 0.5260416666666666 0.39444444444444443 0.020833333333333332 0.027777777777777776
0 0.5947916666666667 0.39305555555555555 0.020833333333333332 0.027777777777777776
0 0.6645833333333333 0.3902777777777778 0.020833333333333332 0.027777777777777776
0 0.734375 0.3888888888888889 0.020833333333333332 0.027777777777777776
0 0.3302083333333333 0.3333333333333333 0.020833333333333332 0.027777777777777776
0 0.39479166666666665 0.33055555555555555 0.020833333333333332 0.027777777777777776
0 0.46041666666666664 0.32916666666666666 0.020833333333333332 0.027777777777777776
0 0.5260416666666666 0.3263888888888889 0.020833333333333332 0.027777777777777776
0 0.5916666666666667 0.3236111111111111 0.020833333333333332 0.027777777777777776
0 0.6583333333333333 0.32222222222222224 0.020833333333333332 0.027777777777777776
0 0.725 0.3194444444444444 0.020833333333333332 0.027777777777777776
0 0.3375 0.2708333333333333 0.020833333333333332 0.027777777777777776
0 0.4 0.26805555555555555 0.020833333333333332 0.027777777777777776
0 0.4625 0.2652777777777778 0.020833333333333332 0.027777777777777776
0 0.525 0.2638888888888889 0.020833333333333332 0.027777777777777776
0 0.5885416666666666 0.2611111111111111 0.020833333333333332 0.027777777777777776
0 0.6520833333333333 0.25833333333333336 0.020833333333333332 0.027777777777777776
0 0.7166666666666667 0.25555555555555554 0.020833333333333332 0.027777777777777776
0 0.34479166666666666 0.2125 0.020833333333333332 0.027777777777777776
0 0.4041666666666667 0.20972222222222223 0.020833333333333332 0.027777777777777776
0 0.46458333333333335 0.20694444444444443 0.020833333333333332 0.027777777777777776
0 0.525 0.20555555555555555 0.020833333333333332 0.027777777777777776
0 0.5854166666666667 0.20277777777777778 0.020833333333333332 0.027777777777777776
0 0.646875 0.2 0.020833333333333332 0.027777777777777776
0 0.709375 0.19722222222222222 0.020833333333333332 0.027777777777777776