0 0.7072916666666667 0.16064814814814815 0.022916666666666665 0.03425925925925926
0 0.63125 0.1587962962962963 0.022916666666666665 0.03425925925925926
0 0.5552083333333333 0.1587962962962963 0.022916666666666665 0.03425925925925926
0 0.478125 0.1587962962962963 0.022916666666666665 0.03425925925925926
0 0.4010416666666667 0.1587962962962963 0.022916666666666665 0.03425925925925926
0 0.32395833333333335 0.1574074074074074 0.022916666666666665 0.03425925925925926
0 0.24583333333333332 0.1574074074074074 0.022916666666666665 0.03425925925925926
0 0.71875 0.23981481481481481 0.022916666666666665 0.03425925925925926
0 0.6395833333333333 0.23981481481481481 0.022916666666666665 0.03425925925925926
0 0.5614583333333333 0.23981481481481481 0.022916666666666665 0.03425925925925926
0 0.48125 0.23981481481481481 0.022916666666666665 0.03425925925925926
0 0.40208333333333335 0.23981481481481481 0.022916666666666665 0.03425925925925926
0 0.32083333333333336 0.23842592592592593 0.022916666666666665 0.03425925925925926
0 0.240625 0.23842592592592593 0.022916666666666665 0.03425925925925926
0 0.73125 0.32546296296296295 0.022916666666666665 0.03425925925925926
0 0.65 0.32546296296296295 0.022916666666666665 0.03425925925925926
0 0.5677083333333334 0.32546296296296295 0.022916666666666665 0.03425925925925926
0 0.48541666666666666 0.32546296296296295 0.022916666666666665 0.03425925925925926
0 0.40208333333333335 0.32546296296296295 0.022916666666666665 0.03425925925925926
0 0.31875 0.32546296296296295 0.022916666666666665 0.03425925925925926
0 0.234375 0.32546296296296295 0.022916666666666665 0.03425925925925926
0 0.7447916666666666 0.41759259259259257 0.022916666666666665 0.03425925925925926
0 0.659375 0.41898148148148145 0.022916666666666665 0.03425925925925926
0 0.575 0.41898148148148145 0.022916666666666665 0.03425925925925926
0 0.48854166666666665 0.41898148148148145 0.022916666666666665 0.03425925925925926
0 0.40208333333333335 0.4203703703703704 0.022916666666666665 0.03425925925925926
0 0.315625 0.4203703703703704 0.022916666666666665 0.03425925925925926
0 0.228125 0.4203703703703704 0.022916666666666665 0.03425925925925926
0 0.759375 0.5185185185185185 0.022916666666666665 0.03425925925925926
0 0.6708333333333333 0.5185185185185185 0.022916666666666665 0.03425925925925926
0 0.5822916666666667 0.5203703703703704 0.022916666666666665 0.03425925925925926
0 0.49270833333333336 0.5203703703703704 0.022916666666666665 0.03425925925925926
0 0.403125 0.5217592592592593 0.022916666666666665 0.03425925925925926
0 0.3125 0.5217592592592593 0.022916666666666665 0.03425925925925926
0 0.22083333333333333 0.5231481481481481 0.022916666666666665 0.03425925925925926
0 0.775 0.6277777777777778 0.022916666666666665 0.03425925925925926
0 0.6833333333333333 0.6277777777777778 0.022916666666666665 0.03425925925925926
0 0.590625 0.6291666666666667 0.022916666666666665 0.03425925925925926
0 0.496875 0.6310185185185185 0.022916666666666665 0.03425925925925926
0 0.403125 0.6324074074074074 0.022916666666666665 0.03425925925925926
0 0.309375 0.6337962962962963 0.022916666666666665 0.03425925925925926
0 0.21354166666666666 0.6337962962962963 0.022916666666666665 0.03425925925925926
0 0.7916666666666666 0.7462962962962963 0.022916666666666665 0.03425925925925926
0 0.6958333333333333 0.7476851851851852 0.022916666666666665 0.03425925925925926
0 0.5989583333333334 0.7490740740740741 0.022916666666666665 0.03425925925925926
0 0.5020833333333333 0.7509259259259259 0.022916666666666665 0.03425925925925926
0 0.4041666666666667 0.7523148148148148 0.022916666666666665 0.03425925925925926
0 0.30520833333333336 0.7537037037037037 0.022916666666666665 0.03425925925925926
0 0.20520833333333333 0.7569444444444444 0.022916666666666665 0.03425925925925926