0 0.653125 0.17777777777777778 0.025 0.03333333333333333
0 0.5875 0.18194444444444444 0.025 0.03333333333333333
0 0.5208333333333334 0.18472222222222223 0.025 0.03333333333333333
0 0.45416666666666666 0.18888888888888888 0.025 0.03333333333333333
0 0.3854166666666667 0.19305555555555556 0.025 0.03333333333333333
0 0.31666666666666665 0.19583333333333333 0.025 0.03333333333333333
0 0.246875 0.2 0.025 0.03333333333333333
0 0.6677083333333333 0.24027777777777778 0.025 0.03333333333333333
0 0.5989583333333334 0.24444444444444444 0.025 0.03333333333333333
0 0.5291666666666667 0.24861111111111112 0.025 0.03333333333333333
0 0.459375 0.25277777777777777 0.025 0.03333333333333333
0 0.3875 0.2569444444444444 0.025 0.03333333333333333
0 0.315625 0.2625 0.025 0.03333333333333333
0 0.24166666666666667 0.26666666666666666 0.025 0.03333333333333333
0 0.684375 0.30972222222222223 0.025 0.03333333333333333
0 0.6125 0.3138888888888889 0.025 0.03333333333333333
0 0.5385416666666667 0.3194444444444444 0.025 0.03333333333333333
0 0.46458333333333335 0.3236111111111111 0.025 0.03333333333333333
0 0.38958333333333334 0.32916666666666666 0.025 0.03333333333333333
0 0.31354166666666666 0.3347222222222222 0.025 0.03333333333333333
0 0.23645833333333333 0.3388888888888889 0.025 0.03333333333333333
0 0.7020833333333333 0.38472222222222224 0.025 0.03333333333333333
0 0.6260416666666667 0.3902777777777778 0.025 0.03333333333333333
0 0.5489583333333333 0.3972222222222222 0.025 0.03333333333333333
0 0.4708333333333333 0.4027777777777778 0.025 0.03333333333333333
0 0.39166666666666666 0.4083333333333333 0.025 0.03333333333333333
0 0.31145833333333334 0.41388888888888886 0.025 0.03333333333333333
0 0.23020833333333332 0.42083333333333334 0.025 0.03333333333333333
0 0.721875 0.46944444444444444 0.025 0.03333333333333333
0 0.6416666666666667 0.47638888888888886 0.025 0.03333333333333333
0 0.5604166666666667 0.48333333333333334 0.025 0.03333333333333333
0 0.478125 0.49027777777777776 0.025 0.03333333333333333
0 0.39479166666666665 0.49722222222222223 0.025 0.03333333333333333
0 0.309375 0.5041666666666667 0.025 0.03333333333333333
0 0.22291666666666668 0.5111111111111111 0.025 0.03333333333333333
0 0.7447916666666666 0.5652777777777778 0.025 0.03333333333333333
0 0.659375 0.5722222222222222 0.025 0.03333333333333333
0 0.5739583333333333 0.5805555555555556 0.025 0.03333333333333333
0 0.4864583333333333 0.5888888888888889 0.025 0.03333333333333333
0 0.396875 0.5972222222222222 0.025 0.03333333333333333
0 0.30625 0.6055555555555555 0.025 0.03333333333333333
0 0.21458333333333332 0.6138888888888889 0.025 0.03333333333333333
0 0.7697916666666667 0.6722222222222223 0.025 0.03333333333333333
0 0.6791666666666667 0.6805555555555556 0.025 0.03333333333333333
0 0.5875 0.6902777777777778 0.025 0.03333333333333333
0 0.4947916666666667 0.7 0.025 0.03333333333333333
0 0.4 0.7097222222222223 0.025 0.03333333333333333
0 0.30416666666666664 0.7194444444444444 0.025 0.03333333333333333
0 0.20625 0.7291666666666666 0.025 0.03333333333333333