0 0.7552083333333334 0.21481481481481482 0.03958333333333333 0.03981481481481482
0 0.671875 0.21157407407407408 0.03958333333333333 0.03981481481481482
0 0.5875 0.20833333333333334 0.03958333333333333 0.03981481481481482
0 0.5041666666666667 0.2064814814814815 0.03958333333333333 0.03981481481481482
0 0.42083333333333334 0.20324074074074075 0.03958333333333333 0.03981481481481482
0 0.3375 0.2 0.03958333333333333 0.03981481481481482
0 0.25416666666666665 0.19814814814814816 0.03958333333333333 0.03981481481481482
0 0.765625 0.27175925925925926 0.03958333333333333 0.03981481481481482
0 0.678125 0.26990740740740743 0.03958333333333333 0.03981481481481482
0 0.590625 0.26666666666666666 0.03958333333333333 0.03981481481481482
0 0.503125 0.26342592592592595 0.03958333333333333 0.03981481481481482
0 0.415625 0.2601851851851852 0.03958333333333333 0.03981481481481482
0 0.32916666666666666 0.2574074074074074 0.03958333333333333 0.03981481481481482
0 0.24166666666666667 0.25416666666666665 0.03958333333333333 0.03981481481481482
0 0.7770833333333333 0.3351851851851852 0.03958333333333333 0.03981481481481482
0 0.6854166666666667 0.33240740740740743 0.03958333333333333 0.03981481481481482
0 0.59375 0.32916666666666666 0.03958333333333333 0.03981481481481482
0 0.5020833333333333 0.32592592592592595 0.03958333333333333 0.03981481481481482
0 0.4114583333333333 0.32314814814814813 0.03958333333333333 0.03981481481481482
0 0.31979166666666664 0.3199074074074074 0.03958333333333333 0.03981481481481482
0 0.22916666666666666 0.31666666666666665 0.03958333333333333 0.03981481481481482
0 0.7895833333333333 0.4050925925925926 0.03958333333333333 0.03981481481481482
0 0.69375 0.40185185185185185 0.03958333333333333 0.03981481481481482
0 0.5979166666666667 0.3990740740740741 0.03958333333333333 0.03981481481481482
0 0.5020833333333333 0.39490740740740743 0.03958333333333333 0.03981481481481482
0 0.40625 0.39166666666666666 0.03958333333333333 0.03981481481481482
0 0.3104166666666667 0.38842592592592595 0.03958333333333333 0.03981481481481482
0 0.215625 0.3851851851851852 0.03958333333333333 0.03981481481481482
0 0.803125 0.4824074074074074 0.03958333333333333 0.03981481481481482
0 0.7020833333333333 0.47824074074074074 0.03958333333333333 0.03981481481481482
0 0.6010416666666667 0.475 0.03958333333333333 0.03981481481481482
0 0.5010416666666667 0.4708333333333333 0.03958333333333333 0.03981481481481482
0 0.4 0.4675925925925926 0.03958333333333333 0.03981481481481482
0 0.3 0.4634259259259259 0.03958333333333333 0.03981481481481482
0 0.2 0.4601851851851852 0.03958333333333333 0.03981481481481482
0 0.8177083333333334 0.5666666666666667 0.03958333333333333 0.03981481481481482
0 0.7114583333333333 0.5625 0.03958333333333333 0.03981481481481482
0 0.6052083333333333 0.5583333333333333 0.03958333333333333 0.03981481481481482
0 0.5 0.5550925925925926 0.03958333333333333 0.03981481481481482
0 0.39375 0.5509259259259259 0.03958333333333333 0.03981481481481482
0 0.28854166666666664 0.5467592592592593 0.03958333333333333 0.03981481481481482
0 0.18229166666666666 0.5435185185185185 0.03958333333333333 0.03981481481481482
0 0.8354166666666667 0.6615740740740741 0.03958333333333333 0.03981481481481482
0 0.7229166666666667 0.6564814814814814 0.03958333333333333 0.03981481481481482
0 0.6104166666666667 0.6518518518518519 0.03958333333333333 0.03981481481481482
0 0.4979166666666667 0.6481481481481481 0.03958333333333333 0.03981481481481482
0 0.38645833333333335 0.6435185185185185 0.03958333333333333 0.03981481481481482
0 0.275 0.6398148148148148 0.03958333333333333 0.03981481481481482
0 0.16354166666666667 0.6351851851851852 0.03958333333333333 0.03981481481481482