0 0.6958333333333333 0.31157407407407406 0.029166666666666667 0.029166666666666667
0 0.63125 0.3125 0.029166666666666667 0.029166666666666667
0 0.5677083333333334 0.31342592592592594 0.029166666666666667 0.029166666666666667
0 0.503125 0.3148148148148148 0.029166666666666667 0.029166666666666667
0 0.4395833333333333 0.3148148148148148 0.029166666666666667 0.029166666666666667
0 0.375 0.31574074074074077 0.029166666666666667 0.029166666666666667
0 0.31145833333333334 0.31666666666666665 0.029166666666666667 0.029166666666666667
0 0.7041666666666667 0.36342592592592593 0.029166666666666667 0.029166666666666667
0 0.6375 0.3648148148148148 0.029166666666666667 0.029166666666666667
0 0.5708333333333333 0.3648148148148148 0.029166666666666667 0.029166666666666667
0 0.5041666666666667 0.36574074074074076 0.029166666666666667 0.029166666666666667
0 0.4375 0.36666666666666664 0.029166666666666667 0.029166666666666667
0 0.37083333333333335 0.3675925925925926 0.029166666666666667 0.029166666666666667
0 0.30416666666666664 0.3675925925925926 0.029166666666666667 0.029166666666666667
0 0.7125 0.4185185185185185 0.029166666666666667 0.029166666666666667
0 0.6427083333333333 0.4199074074074074 0.029166666666666667 0.029166666666666667
0 0.5739583333333333 0.4199074074074074 0.029166666666666667 0.029166666666666667
0 0.5052083333333334 0.42083333333333334 0.029166666666666667 0.029166666666666667
0 0.4354166666666667 0.4217592592592593 0.029166666666666667 0.029166666666666667
0 0.36666666666666664 0.42314814814814816 0.029166666666666667 0.029166666666666667
0 0.29791666666666666 0.42407407407407405 0.029166666666666667 0.029166666666666667
0 0.7208333333333333 0.47824074074074074 0.029166666666666667 0.029166666666666667
0 0.6489583333333333 0.4791666666666667 0.029166666666666667 0.029166666666666667
0 0.5770833333333333 0.48009259259259257 0.029166666666666667 0.029166666666666667
0 0.5052083333333334 0.48148148148148145 0.029166666666666667 0.029166666666666667
0 0.43333333333333335 0.4824074074074074 0.029166666666666667 0.029166666666666667
0 0.3614583333333333 0.4824074074074074 0.029166666666666667 0.029166666666666667
0 0.28958333333333336 0.48333333333333334 0.029166666666666667 0.029166666666666667
0 0.73125 0.5435185185185185 0.029166666666666667 0.029166666666666667
0 0.65625 0.5435185185185185 0.029166666666666667 0.029166666666666667
0 0.58125 0.5449074074074074 0.029166666666666667 0.029166666666666667
0 0.50625 0.5458333333333333 0.029166666666666667 0.029166666666666667
0 0.43125 0.5467592592592593 0.029166666666666667 0.029166666666666667
0 0.35625 0.5481481481481482 0.029166666666666667 0.029166666666666667
0 0.28125 0.549074074074074 0.029166666666666667 0.029166666666666667
0 0.7416666666666667 0.6134259259259259 0.029166666666666667 0.029166666666666667
0 0.6635416666666667 0.6148148148148148 0.029166666666666667 0.029166666666666667
0 0.5854166666666667 0.6157407407407407 0.029166666666666667 0.029166666666666667
0 0.5072916666666667 0.6166666666666667 0.029166666666666667 0.029166666666666667
0 0.42916666666666664 0.6175925925925926 0.029166666666666667 0.029166666666666667
0 0.35 0.6185185185185185 0.029166666666666667 0.029166666666666667
0 0.271875 0.6199074074074075 0.029166666666666667 0.029166666666666667
0 0.753125 0.6907407407407408 0.029166666666666667 0.029166666666666667
0 0.671875 0.6916666666666667 0.029166666666666667 0.029166666666666667
0 0.5895833333333333 0.6925925925925925 0.029166666666666667 0.029166666666666667
0 0.5083333333333333 0.6935185185185185 0.029166666666666667 0.029166666666666667
0 0.42604166666666665 0.6949074074074074 0.029166666666666667 0.029166666666666667
0 0.34375 0.6958333333333333 0.029166666666666667 0.029166666666666667
0 0.2625 0.6967592592592593 0.029166666666666667 0.029166666666666667