0 0.3104166666666667 0.6416666666666667 0.020833333333333332 0.027777777777777776
0 0.38645833333333335 0.6430555555555556 0.020833333333333332 0.027777777777777776
0 0.4625 0.6444444444444445 0.020833333333333332 0.027777777777777776
0 0.5395833333333333 0.6458333333333334 0.020833333333333332 0.027777777777777776
0 0.6177083333333333 0.6472222222222223 0.020833333333333332 0.027777777777777776
0 0.6958333333333333 0.65 0.020833333333333332 0.027777777777777776
0 0.775 0.6513888888888889 0.020833333333333332 0.027777777777777776
0 0.321875 0.5541666666666667 0.020833333333333332 0.027777777777777776
0 0.39375 0.5555555555555556 0.020833333333333332 0.027777777777777776
0 0.4666666666666667 0.5569444444444445 0.020833333333333332 0.027777777777777776
0 0.5395833333333333 0.5583333333333333 0.020833333333333332 0.027777777777777776
0 0.6135416666666667 0.5597222222222222 0.020833333333333332 0.027777777777777776
0 0.6885416666666667 0.5611111111111111 0.020833333333333332 0.027777777777777776
0 0.7635416666666667 0.5611111111111111 0.020833333333333332 0.027777777777777776
0 0.33125 0.47638888888888886 0.020833333333333332 0.027777777777777776
0 0.4 0.47638888888888886 0.020833333333333332 0.027777777777777776
0 0.46979166666666666 0.4777777777777778 0.020833333333333332 0.027777777777777776
0 0.5395833333333333 0.4791666666666667 0.020833333333333332 0.027777777777777776
0 0.6104166666666667 0.4791666666666667 0.020833333333333332 0.027777777777777776
0 0.68125 0.48055555555555557 0.020833333333333332 0.027777777777777776
0 0.753125 0.48055555555555557 0.020833333333333332 0.027777777777777776
0 0.340625 0.4041666666666667 0.020833333333333332 0.027777777777777776
0 0.40625 0.40555555555555556 0.020833333333333332 0.027777777777777776
0 0.47291666666666665 0.40555555555555556 0.020833333333333332 0.027777777777777776
0 0.5395833333333333 0.40555555555555556 0.020833333333333332 0.027777777777777776
0 0.6072916666666667 0.40694444444444444 0.020833333333333332 0.027777777777777776
0 0.675 0.40694444444444444 0.020833333333333332 0.027777777777777776
0 0.74375 0.40694444444444444 0.020833333333333332 0.027777777777777776
0 0.3489583333333333 0.3388888888888889 0.020833333333333332 0.027777777777777776
0 0.4114583333333333 0.3388888888888889 0.020833333333333332 0.027777777777777776
0 0.475 0.3388888888888889 0.020833333333333332 0.027777777777777776
0 0.5395833333333333 0.3388888888888889 0.020833333333333332 0.027777777777777776
0 0.6041666666666666 0.3388888888888889 0.020833333333333332 0.027777777777777776
0 0.66875 0.3388888888888889 0.020833333333333332 0.027777777777777776
0 0.734375 0.3402777777777778 0.020833333333333332 0.027777777777777776
0 0.35625 0.2791666666666667 0.020833333333333332 0.027777777777777776
0 0.4166666666666667 0.2777777777777778 0.020833333333333332 0.027777777777777776
0 0.478125 0.2777777777777778 0.020833333333333332 0.027777777777777776
0 0.5395833333333333 0.2777777777777778 0.020833333333333332 0.027777777777777776
0 0.6010416666666667 0.2777777777777778 0.020833333333333332 0.027777777777777776
0 0.6635416666666667 0.2777777777777778 0.020833333333333332 0.027777777777777776
0 0.7270833333333333 0.2777777777777778 0.020833333333333332 0.027777777777777776
0 0.36354166666666665 0.2222222222222222 0.020833333333333332 0.027777777777777776
0 0.421875 0.2222222222222222 0.020833333333333332 0.027777777777777776
0 0.48020833333333335 0.2222222222222222 0.020833333333333332 0.027777777777777776
0 0.5395833333333333 0.2222222222222222 0.020833333333333332 0.027777777777777776
0 0.5989583333333334 0.22083333333333333 0.020833333333333332 0.027777777777777776
0 0.659375 0.22083333333333333 0.020833333333333332 0.027777777777777776
0 0.7197916666666667 0.22083333333333333 0.020833333333333332 0.027777777777777776