0 0.334375 0.6138888888888889 0.020833333333333332 0.027777777777777776
0 0.41041666666666665 0.6097222222222223 0.020833333333333332 0.027777777777777776
0 0.4864583333333333 0.6069444444444444 0.020833333333333332 0.027777777777777776
0 0.5614583333333333 0.6027777777777777 0.020833333333333332 0.027777777777777776
0 0.6364583333333333 0.6 0.020833333333333332 0.027777777777777776
0 0.7114583333333333 0.5958333333333333 0.020833333333333332 0.027777777777777776
0 0.7854166666666667 0.5916666666666667 0.020833333333333332 0.027777777777777776
0 0.340625 0.5305555555555556 0.020833333333333332 0.027777777777777776
0 0.4125 0.5263888888888889 0.020833333333333332 0.027777777777777776
0 0.484375 0.5236111111111111 0.020833333333333332 0.027777777777777776
0 0.55625 0.5208333333333334 0.020833333333333332 0.027777777777777776
0 0.628125 0.5166666666666667 0.020833333333333332 0.027777777777777776
0 0.6989583333333333 0.5138888888888888 0.020833333333333332 0.027777777777777776
0 0.7697916666666667 0.5111111111111111 0.020833333333333332 0.027777777777777776
0 0.3458333333333333 0.45416666666666666 0.020833333333333332 0.027777777777777776
0 0.41458333333333336 0.4513888888888889 0.020833333333333332 0.027777777777777776
0 0.48333333333333334 0.4486111111111111 0.020833333333333332 0.027777777777777776
0 0.5510416666666667 0.44583333333333336 0.020833333333333332 0.027777777777777776
0 0.6197916666666666 0.44166666666666665 0.020833333333333332 0.027777777777777776
0 0.6875 0.4388888888888889 0.020833333333333332 0.027777777777777776
0 0.7552083333333334 0.4361111111111111 0.020833333333333332 0.027777777777777776
0 0.35 0.38472222222222224 0.020833333333333332 0.027777777777777776
0 0.415625 0.3819444444444444 0.020833333333333332 0.027777777777777776
0 0.48125 0.37916666666666665 0.020833333333333332 0.027777777777777776
0 0.546875 0.3763888888888889 0.020833333333333332 0.027777777777777776
0 0.6114583333333333 0.3736111111111111 0.020833333333333332 0.027777777777777776
0 0.6770833333333334 0.37083333333333335 0.020833333333333332 0.027777777777777776
0 0.7416666666666667 0.3680555555555556 0.020833333333333332 0.027777777777777776
0 0.3541666666666667 0.32083333333333336 0.020833333333333332 0.027777777777777776
0 0.4166666666666667 0.3194444444444444 0.020833333333333332 0.027777777777777776
0 0.48020833333333335 0.31666666666666665 0.020833333333333332 0.027777777777777776
0 0.5427083333333333 0.3138888888888889 0.020833333333333332 0.027777777777777776
0 0.6052083333333333 0.3111111111111111 0.020833333333333332 0.027777777777777776
0 0.6677083333333333 0.30833333333333335 0.020833333333333332 0.027777777777777776
0 0.7291666666666666 0.30694444444444446 0.020833333333333332 0.027777777777777776
0 0.3572916666666667 0.2625 0.020833333333333332 0.027777777777777776
0 0.41875 0.2611111111111111 0.020833333333333332 0.027777777777777776
0 0.4791666666666667 0.25833333333333336 0.020833333333333332 0.027777777777777776
0 0.5385416666666667 0.25555555555555554 0.020833333333333332 0.027777777777777776
0 0.5989583333333334 0.25416666666666665 0.020833333333333332 0.027777777777777776
0 0.6583333333333333 0.2513888888888889 0.020833333333333332 0.027777777777777776
0 0.7177083333333333 0.24861111111111112 0.020833333333333332 0.027777777777777776
0 0.3614583333333333 0.20972222222222223 0.020833333333333332 0.027777777777777776
0 0.4197916666666667 0.20694444444444443 0.020833333333333332 0.027777777777777776
0 0.47708333333333336 0.20555555555555555 0.020833333333333332 0.027777777777777776
0 0.5354166666666667 0.20277777777777778 0.020833333333333332 0.027777777777777776
0 0.5927083333333333 0.2013888888888889 0.020833333333333332 0.027777777777777776
0 0.65 0.1986111111111111 0.020833333333333332 0.027777777777777776
0 0.7072916666666667 0.19583333333333333 0.020833333333333332 0.027777777777777776