0 0.234375 0.6574074074074074 0.03333333333333333 0.03333333333333333
0 0.33229166666666665 0.6583333333333333 0.03333333333333333 0.03333333333333333
0 0.43020833333333336 0.6592592592592592 0.03333333333333333 0.03333333333333333
0 0.528125 0.6601851851851852 0.03333333333333333 0.03333333333333333
0 0.625 0.6601851851851852 0.03333333333333333 0.03333333333333333
0 0.721875 0.6615740740740741 0.03333333333333333 0.03333333333333333
0 0.81875 0.6625 0.03333333333333333 0.03333333333333333
0 0.24375 0.5648148148148148 0.03333333333333333 0.03333333333333333
0 0.3385416666666667 0.5657407407407408 0.03333333333333333 0.03333333333333333
0 0.43333333333333335 0.5666666666666667 0.03333333333333333 0.03333333333333333
0 0.5270833333333333 0.5675925925925925 0.03333333333333333 0.03333333333333333
0 0.621875 0.5685185185185185 0.03333333333333333 0.03333333333333333
0 0.7145833333333333 0.5699074074074074 0.03333333333333333 0.03333333333333333
0 0.8083333333333333 0.5708333333333333 0.03333333333333333 0.03333333333333333
0 0.253125 0.4791666666666667 0.03333333333333333 0.03333333333333333
0 0.34479166666666666 0.48009259259259257 0.03333333333333333 0.03333333333333333
0 0.43645833333333334 0.48148148148148145 0.03333333333333333 0.03333333333333333
0 0.5270833333333333 0.4824074074074074 0.03333333333333333 0.03333333333333333
0 0.6177083333333333 0.48333333333333334 0.03333333333333333 0.03333333333333333
0 0.7083333333333334 0.4842592592592593 0.03333333333333333 0.03333333333333333
0 0.7989583333333333 0.48518518518518516 0.03333333333333333 0.03333333333333333
0 0.2625 0.3990740740740741 0.03333333333333333 0.03333333333333333
0 0.35104166666666664 0.4 0.03333333333333333 0.03333333333333333
0 0.4395833333333333 0.4009259259259259 0.03333333333333333 0.03333333333333333
0 0.5270833333333333 0.40185185185185185 0.03333333333333333 0.03333333333333333
0 0.6145833333333334 0.40324074074074073 0.03333333333333333 0.03333333333333333
0 0.7020833333333333 0.4041666666666667 0.03333333333333333 0.03333333333333333
0 0.7895833333333333 0.4050925925925926 0.03333333333333333 0.03333333333333333
0 0.2708333333333333 0.32314814814814813 0.03333333333333333 0.03333333333333333
0 0.35625 0.32407407407407407 0.03333333333333333 0.03333333333333333
0 0.44166666666666665 0.32592592592592595 0.03333333333333333 0.03333333333333333
0 0.5270833333333333 0.32685185185185184 0.03333333333333333 0.03333333333333333
0 0.6125 0.3282407407407407 0.03333333333333333 0.03333333333333333
0 0.696875 0.32916666666666666 0.03333333333333333 0.03333333333333333
0 0.78125 0.3300925925925926 0.03333333333333333 0.03333333333333333
0 0.278125 0.2518518518518518 0.03333333333333333 0.03333333333333333
0 0.3614583333333333 0.25324074074074077 0.03333333333333333 0.03333333333333333
0 0.44375 0.2550925925925926 0.03333333333333333 0.03333333333333333
0 0.5270833333333333 0.2564814814814815 0.03333333333333333 0.03333333333333333
0 0.609375 0.2574074074074074 0.03333333333333333 0.03333333333333333
0 0.6916666666666667 0.25833333333333336 0.03333333333333333 0.03333333333333333
0 0.7739583333333333 0.2601851851851852 0.03333333333333333 0.03333333333333333
0 0.28541666666666665 0.18518518518518517 0.03333333333333333 0.03333333333333333
0 0.365625 0.1865740740740741 0.03333333333333333 0.03333333333333333
0 0.446875 0.1884259259259259 0.03333333333333333 0.03333333333333333
0 0.5270833333333333 0.18981481481481483 0.03333333333333333 0.03333333333333333
0 0.6072916666666667 0.19074074074074074 0.03333333333333333 0.03333333333333333
0 0.6864583333333333 0.1925925925925926 0.03333333333333333 0.03333333333333333
0 0.7666666666666667 0.1935185185185185 0.03333333333333333 0.03333333333333333