0 0.33541666666666664 0.39305555555555555 0.01875 0.025
0 0.3302083333333333 0.4486111111111111 0.01875 0.025
0 0.32395833333333335 0.5097222222222222 0.01875 0.025
0 0.3177083333333333 0.5736111111111111 0.01875 0.025
0 0.31145833333333334 0.6416666666666667 0.01875 0.025
0 0.30416666666666664 0.7138888888888889 0.01875 0.025
0 0.296875 0.7930555555555555 0.01875 0.025
0 0.3958333333333333 0.39305555555555555 0.01875 0.025
0 0.3927083333333333 0.45 0.01875 0.025
0 0.3885416666666667 0.5111111111111111 0.01875 0.025
0 0.384375 0.575 0.01875 0.025
0 0.3802083333333333 0.6430555555555556 0.01875 0.025
0 0.375 0.7152777777777778 0.01875 0.025
0 0.37083333333333335 0.7944444444444444 0.01875 0.025
0 0.45625 0.39444444444444443 0.01875 0.025
0 0.4552083333333333 0.4513888888888889 0.01875 0.025
0 0.453125 0.5111111111111111 0.01875 0.025
0 0.4510416666666667 0.5763888888888888 0.01875 0.025
0 0.44895833333333335 0.6444444444444445 0.01875 0.025
0 0.446875 0.7166666666666667 0.01875 0.025
0 0.44479166666666664 0.7958333333333333 0.01875 0.025
0 0.5177083333333333 0.3958333333333333 0.01875 0.025
0 0.5177083333333333 0.4527777777777778 0.01875 0.025
0 0.5177083333333333 0.5125 0.01875 0.025
0 0.5177083333333333 0.5763888888888888 0.01875 0.025
0 0.5177083333333333 0.6458333333333334 0.01875 0.025
0 0.5177083333333333 0.7180555555555556 0.01875 0.025
0 0.51875 0.7972222222222223 0.01875 0.025
0 0.578125 0.3972222222222222 0.01875 0.025
0 0.5802083333333333 0.45416666666666666 0.01875 0.025
0 0.5822916666666667 0.5138888888888888 0.01875 0.025
0 0.584375 0.5777777777777777 0.01875 0.025
0 0.5875 0.6472222222222223 0.01875 0.025
0 0.5895833333333333 0.7208333333333333 0.01875 0.025
0 0.5927083333333333 0.7986111111111112 0.01875 0.025
0 0.6395833333333333 0.3972222222222222 0.01875 0.025
0 0.64375 0.45416666666666666 0.01875 0.025
0 0.6479166666666667 0.5152777777777777 0.01875 0.025
0 0.6520833333333333 0.5791666666666667 0.01875 0.025
0 0.65625 0.6486111111111111 0.01875 0.025
0 0.6614583333333334 0.7222222222222222 0.01875 0.025
0 0.6666666666666666 0.8 0.01875 0.025
0 0.7010416666666667 0.39861111111111114 0.01875 0.025
0 0.70625 0.45555555555555555 0.01875 0.025
0 0.7125 0.5166666666666667 0.01875 0.025
0 0.71875 0.5805555555555556 0.01875 0.025
0 0.7260416666666667 0.65 0.01875 0.025
0 0.7333333333333333 0.7236111111111111 0.01875 0.025
0 0.740625 0.8013888888888889 0.01875 0.025