0 0.3375 0.3861111111111111 0.01875 0.025
0 0.33229166666666665 0.44305555555555554 0.01875 0.025
0 0.32708333333333334 0.5041666666666667 0.01875 0.025
0 0.32083333333333336 0.5680555555555555 0.01875 0.025
0 0.3145833333333333 0.6375 0.01875 0.025
0 0.30833333333333335 0.7111111111111111 0.01875 0.025
0 0.30104166666666665 0.7888888888888889 0.01875 0.025
0 0.4 0.3888888888888889 0.01875 0.025
0 0.3958333333333333 0.44583333333333336 0.01875 0.025
0 0.3927083333333333 0.5069444444444444 0.01875 0.025
0 0.3885416666666667 0.5708333333333333 0.01875 0.025
0 0.384375 0.6402777777777777 0.01875 0.025
0 0.3802083333333333 0.7138888888888889 0.01875 0.025
0 0.375 0.7916666666666666 0.01875 0.025
0 0.46145833333333336 0.39166666666666666 0.01875 0.025
0 0.459375 0.4486111111111111 0.01875 0.025
0 0.4583333333333333 0.5083333333333333 0.01875 0.025
0 0.45625 0.5736111111111111 0.01875 0.025
0 0.45416666666666666 0.6416666666666667 0.01875 0.025
0 0.45208333333333334 0.7152777777777778 0.01875 0.025
0 0.45 0.7944444444444444 0.01875 0.025
0 0.5229166666666667 0.39305555555555555 0.01875 0.025
0 0.5229166666666667 0.45 0.01875 0.025
0 0.5239583333333333 0.5111111111111111 0.01875 0.025
0 0.5239583333333333 0.5763888888888888 0.01875 0.025
0 0.5239583333333333 0.6444444444444445 0.01875 0.025
0 0.525 0.7180555555555556 0.01875 0.025
0 0.525 0.7972222222222223 0.01875 0.025
0 0.584375 0.3958333333333333 0.01875 0.025
0 0.5864583333333333 0.4527777777777778 0.01875 0.025
0 0.5885416666666666 0.5138888888888888 0.01875 0.025
0 0.5916666666666667 0.5777777777777777 0.01875 0.025
0 0.59375 0.6472222222222223 0.01875 0.025
0 0.596875 0.7208333333333333 0.01875 0.025
0 0.6 0.8 0.01875 0.025
0 0.6458333333333334 0.3972222222222222 0.01875 0.025
0 0.65 0.45555555555555555 0.01875 0.025
0 0.6541666666666667 0.5152777777777777 0.01875 0.025
0 0.659375 0.5805555555555556 0.01875 0.025
0 0.6635416666666667 0.65 0.01875 0.025
0 0.66875 0.7236111111111111 0.01875 0.025
0 0.675 0.8027777777777778 0.01875 0.025
0 0.7072916666666667 0.4 0.01875 0.025
0 0.7135416666666666 0.45694444444444443 0.01875 0.025
0 0.7197916666666667 0.5180555555555556 0.01875 0.025
0 0.7260416666666667 0.5833333333333334 0.01875 0.025
0 0.7333333333333333 0.6513888888888889 0.01875 0.025
0 0.7416666666666667 0.7263888888888889 0.01875 0.025
0 0.7489583333333333 0.8041666666666667 0.01875 0.025