0 0.7291666666666666 0.2375 0.03333333333333333 0.03333333333333333
0 0.653125 0.2375 0.03333333333333333 0.03333333333333333
0 0.5760416666666667 0.23842592592592593 0.03333333333333333 0.03333333333333333
0 0.5010416666666667 0.23842592592592593 0.03333333333333333 0.03333333333333333
0 0.425 0.23981481481481481 0.03333333333333333 0.03333333333333333
0 0.35104166666666664 0.23981481481481481 0.03333333333333333 0.03333333333333333
0 0.2760416666666667 0.24074074074074073 0.03333333333333333 0.03333333333333333
0 0.7375 0.3 0.03333333333333333 0.03333333333333333
0 0.6572916666666667 0.30092592592592593 0.03333333333333333 0.03333333333333333
0 0.578125 0.30092592592592593 0.03333333333333333 0.03333333333333333
0 0.5 0.30092592592592593 0.03333333333333333 0.03333333333333333
0 0.421875 0.30185185185185187 0.03333333333333333 0.03333333333333333
0 0.34375 0.30185185185185187 0.03333333333333333 0.03333333333333333
0 0.26666666666666666 0.30324074074074076 0.03333333333333333 0.03333333333333333
0 0.7458333333333333 0.3685185185185185 0.03333333333333333 0.03333333333333333
0 0.6625 0.3685185185185185 0.03333333333333333 0.03333333333333333
0 0.5802083333333333 0.3685185185185185 0.03333333333333333 0.03333333333333333
0 0.49895833333333334 0.3685185185185185 0.03333333333333333 0.03333333333333333
0 0.41770833333333335 0.3699074074074074 0.03333333333333333 0.03333333333333333
0 0.33645833333333336 0.3699074074074074 0.03333333333333333 0.03333333333333333
0 0.25625 0.3699074074074074 0.03333333333333333 0.03333333333333333
0 0.7552083333333334 0.4425925925925926 0.03333333333333333 0.03333333333333333
0 0.66875 0.4425925925925926 0.03333333333333333 0.03333333333333333
0 0.5833333333333334 0.4425925925925926 0.03333333333333333 0.03333333333333333
0 0.4979166666666667 0.4425925925925926 0.03333333333333333 0.03333333333333333
0 0.41354166666666664 0.4425925925925926 0.03333333333333333 0.03333333333333333
0 0.32916666666666666 0.4425925925925926 0.03333333333333333 0.03333333333333333
0 0.24583333333333332 0.4425925925925926 0.03333333333333333 0.03333333333333333
0 0.765625 0.5231481481481481 0.03333333333333333 0.03333333333333333
0 0.675 0.5231481481481481 0.03333333333333333 0.03333333333333333
0 0.5854166666666667 0.5217592592592593 0.03333333333333333 0.03333333333333333
0 0.496875 0.5217592592592593 0.03333333333333333 0.03333333333333333
0 0.4083333333333333 0.5217592592592593 0.03333333333333333 0.03333333333333333
0 0.32083333333333336 0.5217592592592593 0.03333333333333333 0.03333333333333333
0 0.23333333333333334 0.5208333333333334 0.03333333333333333 0.03333333333333333
0 0.7760416666666666 0.6101851851851852 0.03333333333333333 0.03333333333333333
0 0.6822916666666666 0.6101851851851852 0.03333333333333333 0.03333333333333333
0 0.5885416666666666 0.6092592592592593 0.03333333333333333 0.03333333333333333
0 0.49583333333333335 0.6083333333333333 0.03333333333333333 0.03333333333333333
0 0.403125 0.6083333333333333 0.03333333333333333 0.03333333333333333
0 0.31145833333333334 0.6074074074074074 0.03333333333333333 0.03333333333333333
0 0.22083333333333333 0.6074074074074074 0.03333333333333333 0.03333333333333333
0 0.7885416666666667 0.7074074074074074 0.03333333333333333 0.03333333333333333
0 0.6895833333333333 0.7064814814814815 0.03333333333333333 0.03333333333333333
0 0.5916666666666667 0.7050925925925926 0.03333333333333333 0.03333333333333333
0 0.49375 0.7041666666666667 0.03333333333333333 0.03333333333333333
0 0.396875 0.7032407407407407 0.03333333333333333 0.03333333333333333
0 0.30104166666666665 0.7018518518518518 0.03333333333333333 0.03333333333333333
0 0.20625 0.700925925925926 0.03333333333333333 0.03333333333333333