0 0.30833333333333335 0.65 0.020833333333333332 0.027777777777777776
0 0.384375 0.65 0.020833333333333332 0.027777777777777776
0 0.46041666666666664 0.6513888888888889 0.020833333333333332 0.027777777777777776
0 0.5375 0.6513888888888889 0.020833333333333332 0.027777777777777776
0 0.615625 0.6513888888888889 0.020833333333333332 0.027777777777777776
0 0.69375 0.6513888888888889 0.020833333333333332 0.027777777777777776
0 0.7729166666666667 0.6513888888888889 0.020833333333333332 0.027777777777777776
0 0.31979166666666664 0.5625 0.020833333333333332 0.027777777777777776
0 0.39166666666666666 0.5625 0.020833333333333332 0.027777777777777776
0 0.46458333333333335 0.5625 0.020833333333333332 0.027777777777777776
0 0.5375 0.5625 0.020833333333333332 0.027777777777777776
0 0.6114583333333333 0.5625 0.020833333333333332 0.027777777777777776
0 0.6854166666666667 0.5625 0.020833333333333332 0.027777777777777776
0 0.7604166666666666 0.5625 0.020833333333333332 0.027777777777777776
0 0.32916666666666666 0.48333333333333334 0.020833333333333332 0.027777777777777776
0 0.39791666666666664 0.48333333333333334 0.020833333333333332 0.027777777777777776
0 0.46770833333333334 0.48194444444444445 0.020833333333333332 0.027777777777777776
0 0.5375 0.48194444444444445 0.020833333333333332 0.027777777777777776
0 0.6072916666666667 0.48194444444444445 0.020833333333333332 0.027777777777777776
0 0.678125 0.48194444444444445 0.020833333333333332 0.027777777777777776
0 0.75 0.48055555555555557 0.020833333333333332 0.027777777777777776
0 0.3385416666666667 0.4111111111111111 0.020833333333333332 0.027777777777777776
0 0.4041666666666667 0.4111111111111111 0.020833333333333332 0.027777777777777776
0 0.4708333333333333 0.4097222222222222 0.020833333333333332 0.027777777777777776
0 0.5375 0.4097222222222222 0.020833333333333332 0.027777777777777776
0 0.6041666666666666 0.4083333333333333 0.020833333333333332 0.027777777777777776
0 0.671875 0.4083333333333333 0.020833333333333332 0.027777777777777776
0 0.7395833333333334 0.40694444444444444 0.020833333333333332 0.027777777777777776
0 0.346875 0.34444444444444444 0.020833333333333332 0.027777777777777776
0 0.41041666666666665 0.34444444444444444 0.020833333333333332 0.027777777777777776
0 0.47291666666666665 0.34305555555555556 0.020833333333333332 0.027777777777777776
0 0.5375 0.34305555555555556 0.020833333333333332 0.027777777777777776
0 0.6010416666666667 0.3416666666666667 0.020833333333333332 0.027777777777777776
0 0.665625 0.3402777777777778 0.020833333333333332 0.027777777777777776
0 0.73125 0.3402777777777778 0.020833333333333332 0.027777777777777776
0 0.35520833333333335 0.2847222222222222 0.020833333333333332 0.027777777777777776
0 0.415625 0.2833333333333333 0.020833333333333332 0.027777777777777776
0 0.47604166666666664 0.28194444444444444 0.020833333333333332 0.027777777777777776
0 0.5375 0.28055555555555556 0.020833333333333332 0.027777777777777776
0 0.5989583333333334 0.28055555555555556 0.020833333333333332 0.027777777777777776
0 0.6604166666666667 0.2791666666666667 0.020833333333333332 0.027777777777777776
0 0.7229166666666667 0.2777777777777778 0.020833333333333332 0.027777777777777776
0 0.3614583333333333 0.22777777777777777 0.020833333333333332 0.027777777777777776
0 0.4197916666666667 0.2263888888888889 0.020833333333333332 0.027777777777777776
0 0.478125 0.2263888888888889 0.020833333333333332 0.027777777777777776
0 0.5364583333333334 0.225 0.020833333333333332 0.027777777777777776
0 0.5958333333333333 0.22361111111111112 0.020833333333333332 0.027777777777777776
0 0.6552083333333333 0.2222222222222222 0.020833333333333332 0.027777777777777776
0 0.715625 0.22083333333333333 0.020833333333333332 0.027777777777777776