0 0.33541666666666664 0.6138888888888889 0.01875 0.025
0 0.41041666666666665 0.6111111111111112 0.01875 0.025
0 0.48541666666666666 0.6083333333333333 0.01875 0.025
0 0.5604166666666667 0.6055555555555555 0.01875 0.025
0 0.6354166666666666 0.6027777777777777 0.01875 0.025
0 0.7104166666666667 0.6 0.01875 0.025
0 0.7854166666666667 0.5986111111111111 0.01875 0.025
0 0.340625 0.5319444444444444 0.01875 0.025
0 0.4125 0.5291666666666667 0.01875 0.025
0 0.484375 0.5263888888888889 0.01875 0.025
0 0.5552083333333333 0.5236111111111111 0.01875 0.025
0 0.6270833333333333 0.5222222222222223 0.01875 0.025
0 0.6989583333333333 0.5194444444444445 0.01875 0.025
0 0.7697916666666667 0.5166666666666667 0.01875 0.025
0 0.3458333333333333 0.45694444444444443 0.01875 0.025
0 0.41458333333333336 0.45416666666666666 0.01875 0.025
0 0.48333333333333334 0.4513888888888889 0.01875 0.025
0 0.5510416666666667 0.45 0.01875 0.025
0 0.6197916666666666 0.44722222222222224 0.01875 0.025
0 0.6875 0.44583333333333336 0.01875 0.025
0 0.75625 0.44305555555555554 0.01875 0.025
0 0.35104166666666664 0.3875 0.01875 0.025
0 0.4166666666666667 0.3861111111111111 0.01875 0.025
0 0.48125 0.38333333333333336 0.01875 0.025
0 0.546875 0.3819444444444444 0.01875 0.025
0 0.6125 0.37916666666666665 0.01875 0.025
0 0.678125 0.37777777777777777 0.01875 0.025
0 0.74375 0.375 0.01875 0.025
0 0.35520833333333335 0.325 0.01875 0.025
0 0.41770833333333335 0.3236111111111111 0.01875 0.025
0 0.48020833333333335 0.32083333333333336 0.01875 0.025
0 0.54375 0.3194444444444444 0.01875 0.025
0 0.60625 0.31666666666666665 0.01875 0.025
0 0.66875 0.31527777777777777 0.01875 0.025
0 0.73125 0.3125 0.01875 0.025
0 0.359375 0.26666666666666666 0.01875 0.025
0 0.4197916666666667 0.2652777777777778 0.01875 0.025
0 0.48020833333333335 0.2638888888888889 0.01875 0.025
0 0.5395833333333333 0.2611111111111111 0.01875 0.025
0 0.6 0.25972222222222224 0.01875 0.025
0 0.6604166666666667 0.2569444444444444 0.01875 0.025
0 0.7208333333333333 0.25555555555555554 0.01875 0.025
0 0.3625 0.21388888888888888 0.01875 0.025
0 0.42083333333333334 0.2111111111111111 0.01875 0.025
0 0.4791666666666667 0.20972222222222223 0.01875 0.025
0 0.5364583333333334 0.20833333333333334 0.01875 0.025
0 0.5947916666666667 0.20694444444444443 0.01875 0.025
0 0.653125 0.20416666666666666 0.01875 0.025
0 0.7104166666666667 0.20277777777777778 0.01875 0.025