0 0.728125 0.17777777777777778 0.025 0.03333333333333333
0 0.6614583333333334 0.175 0.025 0.03333333333333333
0 0.59375 0.17222222222222222 0.025 0.03333333333333333
0 0.5260416666666666 0.16944444444444445 0.025 0.03333333333333333
0 0.4583333333333333 0.16666666666666666 0.025 0.03333333333333333
0 0.390625 0.1638888888888889 0.025 0.03333333333333333
0 0.321875 0.16111111111111112 0.025 0.03333333333333333
0 0.7395833333333334 0.24166666666666667 0.025 0.03333333333333333
0 0.66875 0.2388888888888889 0.025 0.03333333333333333
0 0.5979166666666667 0.2361111111111111 0.025 0.03333333333333333
0 0.5270833333333333 0.23333333333333334 0.025 0.03333333333333333
0 0.4552083333333333 0.23055555555555557 0.025 0.03333333333333333
0 0.384375 0.22777777777777777 0.025 0.03333333333333333
0 0.3125 0.225 0.025 0.03333333333333333
0 0.7510416666666667 0.3125 0.025 0.03333333333333333
0 0.6770833333333334 0.30972222222222223 0.025 0.03333333333333333
0 0.6020833333333333 0.30694444444444446 0.025 0.03333333333333333
0 0.528125 0.30416666666666664 0.025 0.03333333333333333
0 0.453125 0.3013888888888889 0.025 0.03333333333333333
0 0.378125 0.2986111111111111 0.025 0.03333333333333333
0 0.3020833333333333 0.29444444444444445 0.025 0.03333333333333333
0 0.7635416666666667 0.3902777777777778 0.025 0.03333333333333333
0 0.6854166666666667 0.3875 0.025 0.03333333333333333
0 0.6072916666666667 0.38472222222222224 0.025 0.03333333333333333
0 0.528125 0.3819444444444444 0.025 0.03333333333333333
0 0.45 0.37916666666666665 0.025 0.03333333333333333
0 0.37083333333333335 0.3763888888888889 0.025 0.03333333333333333
0 0.290625 0.3736111111111111 0.025 0.03333333333333333
0 0.778125 0.4777777777777778 0.025 0.03333333333333333
0 0.6958333333333333 0.475 0.025 0.03333333333333333
0 0.6125 0.4722222222222222 0.025 0.03333333333333333
0 0.5291666666666667 0.46944444444444444 0.025 0.03333333333333333
0 0.44583333333333336 0.4666666666666667 0.025 0.03333333333333333
0 0.3625 0.4638888888888889 0.025 0.03333333333333333
0 0.278125 0.46111111111111114 0.025 0.03333333333333333
0 0.7947916666666667 0.575 0.025 0.03333333333333333
0 0.7072916666666667 0.5722222222222222 0.025 0.03333333333333333
0 0.61875 0.5694444444444444 0.025 0.03333333333333333
0 0.53125 0.5666666666666667 0.025 0.03333333333333333
0 0.44166666666666665 0.5638888888888889 0.025 0.03333333333333333
0 0.353125 0.5611111111111111 0.025 0.03333333333333333
0 0.2635416666666667 0.5583333333333333 0.025 0.03333333333333333
0 0.8125 0.6861111111111111 0.025 0.03333333333333333
0 0.7197916666666667 0.6833333333333333 0.025 0.03333333333333333
0 0.6260416666666667 0.6805555555555556 0.025 0.03333333333333333
0 0.5322916666666667 0.6777777777777778 0.025 0.03333333333333333
0 0.4375 0.675 0.025 0.03333333333333333
0 0.34270833333333334 0.6722222222222223 0.025 0.03333333333333333
0 0.24791666666666667 0.6694444444444444 0.025 0.03333333333333333