0 0.6989583333333333 0.19305555555555556 0.025 0.03333333333333333
0 0.6322916666666667 0.19166666666666668 0.025 0.03333333333333333
0 0.5645833333333333 0.19166666666666668 0.025 0.03333333333333333
0 0.4979166666666667 0.19027777777777777 0.025 0.03333333333333333
0 0.43125 0.18888888888888888 0.025 0.03333333333333333
0 0.36354166666666665 0.1875 0.025 0.03333333333333333
0 0.296875 0.1875 0.025 0.03333333333333333
0 0.709375 0.2569444444444444 0.025 0.03333333333333333
0 0.6385416666666667 0.2569444444444444 0.025 0.03333333333333333
0 0.56875 0.25555555555555554 0.025 0.03333333333333333
0 0.4979166666666667 0.25416666666666665 0.025 0.03333333333333333
0 0.428125 0.25277777777777777 0.025 0.03333333333333333
0 0.3572916666666667 0.25277777777777777 0.025 0.03333333333333333
0 0.2864583333333333 0.2513888888888889 0.025 0.03333333333333333
0 0.7208333333333333 0.32916666666666666 0.025 0.03333333333333333
0 0.646875 0.3277777777777778 0.025 0.03333333333333333
0 0.5729166666666666 0.3263888888888889 0.025 0.03333333333333333
0 0.49895833333333334 0.325 0.025 0.03333333333333333
0 0.425 0.325 0.025 0.03333333333333333
0 0.35104166666666664 0.3236111111111111 0.025 0.03333333333333333
0 0.2760416666666667 0.32222222222222224 0.025 0.03333333333333333
0 0.7333333333333333 0.40694444444444444 0.025 0.03333333333333333
0 0.6552083333333333 0.40694444444444444 0.025 0.03333333333333333
0 0.5770833333333333 0.40555555555555556 0.025 0.03333333333333333
0 0.49895833333333334 0.4041666666666667 0.025 0.03333333333333333
0 0.42083333333333334 0.4027777777777778 0.025 0.03333333333333333
0 0.34270833333333334 0.4013888888888889 0.025 0.03333333333333333
0 0.26458333333333334 0.4013888888888889 0.025 0.03333333333333333
0 0.746875 0.49583333333333335 0.025 0.03333333333333333
0 0.6645833333333333 0.49444444444444446 0.025 0.03333333333333333
0 0.5822916666666667 0.4930555555555556 0.025 0.03333333333333333
0 0.5 0.49166666666666664 0.025 0.03333333333333333
0 0.4166666666666667 0.49166666666666664 0.025 0.03333333333333333
0 0.334375 0.49027777777777776 0.025 0.03333333333333333
0 0.25104166666666666 0.4888888888888889 0.025 0.03333333333333333
0 0.7635416666666667 0.5944444444444444 0.025 0.03333333333333333
0 0.6760416666666667 0.5930555555555556 0.025 0.03333333333333333
0 0.5885416666666666 0.5916666666666667 0.025 0.03333333333333333
0 0.5 0.5902777777777778 0.025 0.03333333333333333
0 0.4125 0.5902777777777778 0.025 0.03333333333333333
0 0.325 0.5888888888888889 0.025 0.03333333333333333
0 0.23645833333333333 0.5875 0.025 0.03333333333333333
0 0.78125 0.7055555555555556 0.025 0.03333333333333333
0 0.6875 0.7041666666666667 0.025 0.03333333333333333
0 0.5947916666666667 0.7041666666666667 0.025 0.03333333333333333
0 0.5010416666666667 0.7027777777777777 0.025 0.03333333333333333
0 0.40729166666666666 0.7013888888888888 0.025 0.03333333333333333
0 0.31354166666666666 0.7 0.025 0.03333333333333333
0 0.21979166666666666 0.7 0.025 0.03333333333333333