0 0.7385416666666667 0.2064814814814815 0.03333333333333333 0.03333333333333333
0 0.6614583333333334 0.2074074074074074 0.03333333333333333 0.03333333333333333
0 0.584375 0.2074074074074074 0.03333333333333333 0.03333333333333333
0 0.5072916666666667 0.20833333333333334 0.03333333333333333 0.03333333333333333
0 0.43020833333333336 0.20925925925925926 0.03333333333333333 0.03333333333333333
0 0.353125 0.2101851851851852 0.03333333333333333 0.03333333333333333
0 0.27708333333333335 0.21157407407407408 0.03333333333333333 0.03333333333333333
0 0.746875 0.27175925925925926 0.03333333333333333 0.03333333333333333
0 0.6666666666666666 0.27175925925925926 0.03333333333333333 0.03333333333333333
0 0.5864583333333333 0.27314814814814814 0.03333333333333333 0.03333333333333333
0 0.5072916666666667 0.2740740740740741 0.03333333333333333 0.03333333333333333
0 0.4270833333333333 0.275 0.03333333333333333 0.03333333333333333
0 0.34791666666666665 0.275 0.03333333333333333 0.03333333333333333
0 0.26979166666666665 0.2759259259259259 0.03333333333333333 0.03333333333333333
0 0.75625 0.3416666666666667 0.03333333333333333 0.03333333333333333
0 0.6729166666666667 0.3425925925925926 0.03333333333333333 0.03333333333333333
0 0.5895833333333333 0.3425925925925926 0.03333333333333333 0.03333333333333333
0 0.5072916666666667 0.3435185185185185 0.03333333333333333 0.03333333333333333
0 0.4239583333333333 0.3449074074074074 0.03333333333333333 0.03333333333333333
0 0.34270833333333334 0.3458333333333333 0.03333333333333333 0.03333333333333333
0 0.2604166666666667 0.3458333333333333 0.03333333333333333 0.03333333333333333
0 0.765625 0.41759259259259257 0.03333333333333333 0.03333333333333333
0 0.6791666666666667 0.41759259259259257 0.03333333333333333 0.03333333333333333
0 0.5927083333333333 0.4185185185185185 0.03333333333333333 0.03333333333333333
0 0.5072916666666667 0.4199074074074074 0.03333333333333333 0.03333333333333333
0 0.42083333333333334 0.4199074074074074 0.03333333333333333 0.03333333333333333
0 0.33645833333333336 0.42083333333333334 0.03333333333333333 0.03333333333333333
0 0.25104166666666666 0.42083333333333334 0.03333333333333333 0.03333333333333333
0 0.7760416666666666 0.5 0.03333333333333333 0.03333333333333333
0 0.6864583333333333 0.5 0.03333333333333333 0.03333333333333333
0 0.5958333333333333 0.5 0.03333333333333333 0.03333333333333333
0 0.5072916666666667 0.5009259259259259 0.03333333333333333 0.03333333333333333
0 0.41770833333333335 0.5009259259259259 0.03333333333333333 0.03333333333333333
0 0.32916666666666666 0.5018518518518519 0.03333333333333333 0.03333333333333333
0 0.240625 0.5018518518518519 0.03333333333333333 0.03333333333333333
0 0.7875 0.5884259259259259 0.03333333333333333 0.03333333333333333
0 0.69375 0.5884259259259259 0.03333333333333333 0.03333333333333333
0 0.6 0.5884259259259259 0.03333333333333333 0.03333333333333333
0 0.5072916666666667 0.5884259259259259 0.03333333333333333 0.03333333333333333
0 0.41458333333333336 0.5898148148148148 0.03333333333333333 0.03333333333333333
0 0.321875 0.5898148148148148 0.03333333333333333 0.03333333333333333
0 0.23020833333333332 0.5898148148148148 0.03333333333333333 0.03333333333333333
0 0.8 0.6842592592592592 0.03333333333333333 0.03333333333333333
0 0.7020833333333333 0.6842592592592592 0.03333333333333333 0.03333333333333333
0 0.6041666666666666 0.6842592592592592 0.03333333333333333 0.03333333333333333
0 0.5072916666666667 0.6842592592592592 0.03333333333333333 0.03333333333333333
0 0.41041666666666665 0.6842592592592592 0.03333333333333333 0.03333333333333333
0 0.31354166666666666 0.6851851851851852 0.03333333333333333 0.03333333333333333
0 0.21875 0.6851851851851852 0.03333333333333333 0.03333333333333333