0 0.70625 0.18611111111111112 0.025 0.03333333333333333
0 0.6395833333333333 0.1875 0.025 0.03333333333333333
0 0.5729166666666666 0.1875 0.025 0.03333333333333333
0 0.50625 0.18888888888888888 0.025 0.03333333333333333
0 0.4395833333333333 0.19027777777777777 0.025 0.03333333333333333
0 0.371875 0.19166666666666668 0.025 0.03333333333333333
0 0.30520833333333336 0.19305555555555556 0.025 0.03333333333333333
0 0.7166666666666667 0.24861111111111112 0.025 0.03333333333333333
0 0.6479166666666667 0.25 0.025 0.03333333333333333
0 0.578125 0.2513888888888889 0.025 0.03333333333333333
0 0.5072916666666667 0.25277777777777777 0.025 0.03333333333333333
0 0.4375 0.25277777777777777 0.025 0.03333333333333333
0 0.36770833333333336 0.25416666666666665 0.025 0.03333333333333333
0 0.29791666666666666 0.25555555555555554 0.025 0.03333333333333333
0 0.7291666666666666 0.31805555555555554 0.025 0.03333333333333333
0 0.65625 0.3194444444444444 0.025 0.03333333333333333
0 0.5833333333333334 0.32083333333333336 0.025 0.03333333333333333
0 0.509375 0.32083333333333336 0.025 0.03333333333333333
0 0.43645833333333334 0.32222222222222224 0.025 0.03333333333333333
0 0.3625 0.3236111111111111 0.025 0.03333333333333333
0 0.28958333333333336 0.325 0.025 0.03333333333333333
0 0.74375 0.39444444444444443 0.025 0.03333333333333333
0 0.6666666666666666 0.3958333333333333 0.025 0.03333333333333333
0 0.5895833333333333 0.3972222222222222 0.025 0.03333333333333333
0 0.5125 0.39861111111111114 0.025 0.03333333333333333
0 0.434375 0.4 0.025 0.03333333333333333
0 0.3572916666666667 0.4 0.025 0.03333333333333333
0 0.28020833333333334 0.4013888888888889 0.025 0.03333333333333333
0 0.759375 0.4791666666666667 0.025 0.03333333333333333
0 0.6770833333333334 0.48055555555555557 0.025 0.03333333333333333
0 0.5958333333333333 0.48194444444444445 0.025 0.03333333333333333
0 0.5145833333333333 0.48333333333333334 0.025 0.03333333333333333
0 0.43333333333333335 0.4847222222222222 0.025 0.03333333333333333
0 0.35104166666666664 0.4861111111111111 0.025 0.03333333333333333
0 0.26979166666666665 0.4875 0.025 0.03333333333333333
0 0.7760416666666666 0.5736111111111111 0.025 0.03333333333333333
0 0.6895833333333333 0.575 0.025 0.03333333333333333
0 0.6041666666666666 0.5763888888888888 0.025 0.03333333333333333
0 0.5177083333333333 0.5777777777777777 0.025 0.03333333333333333
0 0.43125 0.5791666666666667 0.025 0.03333333333333333
0 0.34479166666666666 0.5819444444444445 0.025 0.03333333333333333
0 0.25833333333333336 0.5833333333333334 0.025 0.03333333333333333
0 0.7958333333333333 0.6791666666666667 0.025 0.03333333333333333
0 0.7041666666666667 0.6819444444444445 0.025 0.03333333333333333
0 0.6125 0.6833333333333333 0.025 0.03333333333333333
0 0.5208333333333334 0.6847222222222222 0.025 0.03333333333333333
0 0.42916666666666664 0.6875 0.025 0.03333333333333333
0 0.33645833333333336 0.6888888888888889 0.025 0.03333333333333333
0 0.24479166666666666 0.6902777777777778 0.025 0.03333333333333333