0 0.7333333333333333 0.15046296296296297 0.020833333333333332 0.03518518518518519
0 0.6614583333333334 0.15046296296296297 0.020833333333333332 0.03518518518518519
0 0.5885416666666666 0.15046296296296297 0.020833333333333332 0.03518518518518519
0 0.5166666666666667 0.15046296296296297 0.020833333333333332 0.03518518518518519
0 0.44479166666666664 0.15046296296296297 0.020833333333333332 0.03518518518518519
0 0.3729166666666667 0.15046296296296297 0.020833333333333332 0.03518518518518519
0 0.30104166666666665 0.15046296296296297 0.020833333333333332 0.03518518518518519
0 0.7416666666666667 0.23055555555555557 0.020833333333333332 0.03518518518518519
0 0.6666666666666666 0.23055555555555557 0.020833333333333332 0.03518518518518519
0 0.5916666666666667 0.23055555555555557 0.020833333333333332 0.03518518518518519
0 0.5166666666666667 0.23055555555555557 0.020833333333333332 0.03518518518518519
0 0.44166666666666665 0.23055555555555557 0.020833333333333332 0.03518518518518519
0 0.36666666666666664 0.23055555555555557 0.020833333333333332 0.03518518518518519
0 0.29270833333333335 0.23055555555555557 0.020833333333333332 0.03518518518518519
0 0.7510416666666667 0.31805555555555554 0.020833333333333332 0.03518518518518519
0 0.6729166666666667 0.31805555555555554 0.020833333333333332 0.03518518518518519
0 0.5947916666666667 0.3162037037037037 0.020833333333333332 0.03518518518518519
0 0.5166666666666667 0.3162037037037037 0.020833333333333332 0.03518518518518519
0 0.43854166666666666 0.3162037037037037 0.020833333333333332 0.03518518518518519
0 0.36041666666666666 0.3162037037037037 0.020833333333333332 0.03518518518518519
0 0.2833333333333333 0.3162037037037037 0.020833333333333332 0.03518518518518519
0 0.7614583333333333 0.4125 0.020833333333333332 0.03518518518518519
0 0.6791666666666667 0.41064814814814815 0.020833333333333332 0.03518518518518519
0 0.5979166666666667 0.41064814814814815 0.020833333333333332 0.03518518518518519
0 0.5166666666666667 0.41064814814814815 0.020833333333333332 0.03518518518518519
0 0.4354166666666667 0.41064814814814815 0.020833333333333332 0.03518518518518519
0 0.3541666666666667 0.41064814814814815 0.020833333333333332 0.03518518518518519
0 0.27291666666666664 0.40925925925925927 0.020833333333333332 0.03518518518518519
0 0.771875 0.5138888888888888 0.020833333333333332 0.03518518518518519
0 0.6864583333333333 0.5138888888888888 0.020833333333333332 0.03518518518518519
0 0.6010416666666667 0.5138888888888888 0.020833333333333332 0.03518518518518519
0 0.515625 0.5120370370370371 0.020833333333333332 0.03518518518518519
0 0.43125 0.5120370370370371 0.020833333333333332 0.03518518518518519
0 0.3458333333333333 0.5120370370370371 0.020833333333333332 0.03518518518518519
0 0.26145833333333335 0.5120370370370371 0.020833333333333332 0.03518518518518519
0 0.7833333333333333 0.6259259259259259 0.020833333333333332 0.03518518518518519
0 0.69375 0.6259259259259259 0.020833333333333332 0.03518518518518519
0 0.6052083333333333 0.6259259259259259 0.020833333333333332 0.03518518518518519
0 0.515625 0.6240740740740741 0.020833333333333332 0.03518518518518519
0 0.4270833333333333 0.6240740740740741 0.020833333333333332 0.03518518518518519
0 0.3385416666666667 0.6240740740740741 0.020833333333333332 0.03518518518518519
0 0.25 0.6222222222222222 0.020833333333333332 0.03518518518518519
0 0.796875 0.75 0.020833333333333332 0.03518518518518519
0 0.703125 0.75 0.020833333333333332 0.03518518518518519
0 0.609375 0.7481481481481481 0.020833333333333332 0.03518518518518519
0 0.515625 0.7481481481481481 0.020833333333333332 0.03518518518518519
0 0.421875 0.7462962962962963 0.020833333333333332 0.03518518518518519
0 0.32916666666666666 0.7462962962962963 0.020833333333333332 0.03518518518518519
0 0.23645833333333333 0.7449074074074075 0.020833333333333332 0.03518518518518519