0 0.21979166666666666 0.21666666666666667 0.0375 0.0375
0 0.30104166666666665 0.21851851851851853 0.0375 0.0375
0 0.38229166666666664 0.22083333333333333 0.0375 0.0375
0 0.4635416666666667 0.22407407407407406 0.0375 0.0375
0 0.54375 0.22592592592592592 0.0375 0.0375
0 0.6239583333333333 0.22824074074074074 0.0375 0.0375
0 0.7041666666666667 0.23148148148148148 0.0375 0.0375
0 0.209375 0.27314814814814814 0.0375 0.0375
0 0.29375 0.2759259259259259 0.0375 0.0375
0 0.378125 0.27824074074074073 0.0375 0.0375
0 0.4625 0.2800925925925926 0.0375 0.0375
0 0.5458333333333333 0.2833333333333333 0.0375 0.0375
0 0.6302083333333334 0.2851851851851852 0.0375 0.0375
0 0.7135416666666666 0.2875 0.0375 0.0375
0 0.19791666666666666 0.33425925925925926 0.0375 0.0375
0 0.28541666666666665 0.3375 0.0375 0.0375
0 0.37395833333333334 0.3398148148148148 0.0375 0.0375
0 0.46145833333333336 0.3425925925925926 0.0375 0.0375
0 0.5489583333333333 0.3449074074074074 0.0375 0.0375
0 0.6364583333333333 0.34675925925925927 0.0375 0.0375
0 0.7229166666666667 0.35 0.0375 0.0375
0 0.184375 0.40185185185185185 0.0375 0.0375
0 0.27708333333333335 0.4041666666666667 0.0375 0.0375
0 0.36875 0.4074074074074074 0.0375 0.0375
0 0.46041666666666664 0.40925925925925927 0.0375 0.0375
0 0.5520833333333334 0.4125 0.0375 0.0375
0 0.6427083333333333 0.4148148148148148 0.0375 0.0375
0 0.7333333333333333 0.4166666666666667 0.0375 0.0375
0 0.17083333333333334 0.4759259259259259 0.0375 0.0375
0 0.26666666666666666 0.47824074074074074 0.0375 0.0375
0 0.36354166666666665 0.48009259259259257 0.0375 0.0375
0 0.459375 0.48333333333333334 0.0375 0.0375
0 0.5552083333333333 0.48518518518518516 0.0375 0.0375
0 0.65 0.48842592592592593 0.0375 0.0375
0 0.7458333333333333 0.49074074074074076 0.0375 0.0375
0 0.15520833333333334 0.5564814814814815 0.0375 0.0375
0 0.25625 0.5592592592592592 0.0375 0.0375
0 0.3572916666666667 0.5615740740740741 0.0375 0.0375
0 0.4583333333333333 0.5634259259259259 0.0375 0.0375
0 0.5583333333333333 0.5666666666666667 0.0375 0.0375
0 0.6583333333333333 0.5685185185185185 0.0375 0.0375
0 0.7583333333333333 0.5708333333333333 0.0375 0.0375
0 0.1375 0.6458333333333334 0.0375 0.0375
0 0.24479166666666666 0.6481481481481481 0.0375 0.0375
0 0.35104166666666664 0.6509259259259259 0.0375 0.0375
0 0.45625 0.6532407407407408 0.0375 0.0375
0 0.5625 0.6550925925925926 0.0375 0.0375
0 0.6677083333333333 0.6583333333333333 0.0375 0.0375
0 0.771875 0.6601851851851852 0.0375 0.0375