0 0.30520833333333336 0.3763888888888889 0.01875 0.025
0 0.3 0.44027777777777777 0.01875 0.025
0 0.29375 0.5069444444444444 0.01875 0.025
0 0.28854166666666664 0.5777777777777777 0.01875 0.025
0 0.28229166666666666 0.6541666666666667 0.01875 0.025
0 0.275 0.7347222222222223 0.01875 0.025
0 0.26875 0.8208333333333333 0.01875 0.025
0 0.36875 0.37777777777777777 0.01875 0.025
0 0.3645833333333333 0.44027777777777777 0.01875 0.025
0 0.3614583333333333 0.5083333333333333 0.01875 0.025
0 0.3572916666666667 0.5791666666666667 0.01875 0.025
0 0.353125 0.6541666666666667 0.01875 0.025
0 0.3489583333333333 0.7347222222222223 0.01875 0.025
0 0.34479166666666666 0.8208333333333333 0.01875 0.025
0 0.4322916666666667 0.37777777777777777 0.01875 0.025
0 0.43020833333333336 0.44166666666666665 0.01875 0.025
0 0.428125 0.5083333333333333 0.01875 0.025
0 0.4270833333333333 0.5805555555555556 0.01875 0.025
0 0.425 0.6555555555555556 0.01875 0.025
0 0.42291666666666666 0.7361111111111112 0.01875 0.025
0 0.42083333333333334 0.8222222222222222 0.01875 0.025
0 0.4947916666666667 0.37916666666666665 0.01875 0.025
0 0.4947916666666667 0.44305555555555554 0.01875 0.025
0 0.49583333333333335 0.5097222222222222 0.01875 0.025
0 0.49583333333333335 0.5805555555555556 0.01875 0.025
0 0.49583333333333335 0.6569444444444444 0.01875 0.025
0 0.49583333333333335 0.7375 0.01875 0.025
0 0.496875 0.8222222222222222 0.01875 0.025
0 0.5583333333333333 0.38055555555555554 0.01875 0.025
0 0.5604166666666667 0.44305555555555554 0.01875 0.025
0 0.5625 0.5111111111111111 0.01875 0.025
0 0.5645833333333333 0.5819444444444445 0.01875 0.025
0 0.5666666666666667 0.6569444444444444 0.01875 0.025
0 0.5697916666666667 0.7375 0.01875 0.025
0 0.571875 0.8236111111111111 0.01875 0.025
0 0.6208333333333333 0.38055555555555554 0.01875 0.025
0 0.625 0.4444444444444444 0.01875 0.025
0 0.6291666666666667 0.5111111111111111 0.01875 0.025
0 0.6333333333333333 0.5819444444444445 0.01875 0.025
0 0.6375 0.6583333333333333 0.01875 0.025
0 0.6427083333333333 0.7388888888888889 0.01875 0.025
0 0.6479166666666667 0.8236111111111111 0.01875 0.025
0 0.684375 0.3819444444444444 0.01875 0.025
0 0.6895833333333333 0.44583333333333336 0.01875 0.025
0 0.6958333333333333 0.5125 0.01875 0.025
0 0.7020833333333333 0.5833333333333334 0.01875 0.025
0 0.7083333333333334 0.6583333333333333 0.01875 0.025
0 0.715625 0.7388888888888889 0.01875 0.025
0 0.7239583333333334 0.825 0.01875 0.025