0 0.7072916666666667 0.30833333333333335 0.03125 0.03148148148148148
0 0.6385416666666667 0.30833333333333335 0.03125 0.03148148148148148
0 0.5708333333333333 0.30833333333333335 0.03125 0.03148148148148148
0 0.5020833333333333 0.3074074074074074 0.03125 0.03148148148148148
0 0.43333333333333335 0.3074074074074074 0.03125 0.03148148148148148
0 0.3645833333333333 0.3074074074074074 0.03125 0.03148148148148148
0 0.29583333333333334 0.3074074074074074 0.03125 0.03148148148148148
0 0.715625 0.36342592592592593 0.03125 0.03148148148148148
0 0.6447916666666667 0.36342592592592593 0.03125 0.03148148148148148
0 0.5739583333333333 0.36342592592592593 0.03125 0.03148148148148148
0 0.5020833333333333 0.36342592592592593 0.03125 0.03148148148148148
0 0.43125 0.3625 0.03125 0.03148148148148148
0 0.359375 0.3625 0.03125 0.03148148148148148
0 0.2875 0.3625 0.03125 0.03148148148148148
0 0.725 0.42407407407407405 0.03125 0.03148148148148148
0 0.6510416666666666 0.42407407407407405 0.03125 0.03148148148148148
0 0.5770833333333333 0.42407407407407405 0.03125 0.03148148148148148
0 0.5020833333333333 0.42407407407407405 0.03125 0.03148148148148148
0 0.428125 0.42314814814814816 0.03125 0.03148148148148148
0 0.353125 0.42314814814814816 0.03125 0.03148148148148148
0 0.278125 0.42314814814814816 0.03125 0.03148148148148148
0 0.7354166666666667 0.4898148148148148 0.03125 0.03148148148148148
0 0.6583333333333333 0.4898148148148148 0.03125 0.03148148148148148
0 0.5802083333333333 0.4898148148148148 0.03125 0.03148148148148148
0 0.5020833333333333 0.4898148148148148 0.03125 0.03148148148148148
0 0.4239583333333333 0.4898148148148148 0.03125 0.03148148148148148
0 0.3458333333333333 0.4898148148148148 0.03125 0.03148148148148148
0 0.2677083333333333 0.4898148148148148 0.03125 0.03148148148148148
0 0.746875 0.5615740740740741 0.03125 0.03148148148148148
0 0.665625 0.5615740740740741 0.03125 0.03148148148148148
0 0.584375 0.5615740740740741 0.03125 0.03148148148148148
0 0.503125 0.5615740740740741 0.03125 0.03148148148148148
0 0.42083333333333334 0.5615740740740741 0.03125 0.03148148148148148
0 0.3385416666666667 0.5625 0.03125 0.03148148148148148
0 0.25625 0.5625 0.03125 0.03148148148148148
0 0.7604166666666666 0.6407407407407407 0.03125 0.03148148148148148
0 0.675 0.6416666666666667 0.03125 0.03148148148148148
0 0.5885416666666666 0.6416666666666667 0.03125 0.03148148148148148
0 0.503125 0.6416666666666667 0.03125 0.03148148148148148
0 0.4166666666666667 0.6416666666666667 0.03125 0.03148148148148148
0 0.3302083333333333 0.6416666666666667 0.03125 0.03148148148148148
0 0.24375 0.6425925925925926 0.03125 0.03148148148148148
0 0.7739583333333333 0.7291666666666666 0.03125 0.03148148148148148
0 0.684375 0.7291666666666666 0.03125 0.03148148148148148
0 0.59375 0.7291666666666666 0.03125 0.03148148148148148
0 0.503125 0.7300925925925926 0.03125 0.03148148148148148
0 0.4125 0.7300925925925926 0.03125 0.03148148148148148
0 0.32083333333333336 0.7300925925925926 0.03125 0.03148148148148148
0 0.23020833333333332 0.7314814814814815 0.03125 0.03148148148148148