0 0.23020833333333332 0.6541666666666667 0.03333333333333333 0.03333333333333333
0 0.32916666666666666 0.6574074074074074 0.03333333333333333 0.03333333333333333
0 0.4270833333333333 0.6601851851851852 0.03333333333333333 0.03333333333333333
0 0.5239583333333333 0.6625 0.03333333333333333 0.03333333333333333
0 0.6208333333333333 0.6657407407407407 0.03333333333333333 0.03333333333333333
0 0.7177083333333333 0.6685185185185185 0.03333333333333333 0.03333333333333333
0 0.8135416666666667 0.6708333333333333 0.03333333333333333 0.03333333333333333
0 0.24270833333333333 0.5625 0.03333333333333333 0.03333333333333333
0 0.3375 0.5657407407407408 0.03333333333333333 0.03333333333333333
0 0.4322916666666667 0.5685185185185185 0.03333333333333333 0.03333333333333333
0 0.5260416666666666 0.5717592592592593 0.03333333333333333 0.03333333333333333
0 0.6197916666666666 0.5740740740740741 0.03333333333333333 0.03333333333333333
0 0.7135416666666666 0.5768518518518518 0.03333333333333333 0.03333333333333333
0 0.80625 0.5800925925925926 0.03333333333333333 0.03333333333333333
0 0.25416666666666665 0.47685185185185186 0.03333333333333333 0.03333333333333333
0 0.3458333333333333 0.48009259259259257 0.03333333333333333 0.03333333333333333
0 0.4375 0.48333333333333334 0.03333333333333333 0.03333333333333333
0 0.528125 0.48657407407407405 0.03333333333333333 0.03333333333333333
0 0.61875 0.48842592592592593 0.03333333333333333 0.03333333333333333
0 0.709375 0.49166666666666664 0.03333333333333333 0.03333333333333333
0 0.8 0.4949074074074074 0.03333333333333333 0.03333333333333333
0 0.26458333333333334 0.39675925925925926 0.03333333333333333 0.03333333333333333
0 0.353125 0.4 0.03333333333333333 0.03333333333333333
0 0.44166666666666665 0.40324074074074073 0.03333333333333333 0.03333333333333333
0 0.5302083333333333 0.4064814814814815 0.03333333333333333 0.03333333333333333
0 0.6177083333333333 0.40925925925925927 0.03333333333333333 0.03333333333333333
0 0.70625 0.4115740740740741 0.03333333333333333 0.03333333333333333
0 0.7927083333333333 0.4148148148148148 0.03333333333333333 0.03333333333333333
0 0.27395833333333336 0.32175925925925924 0.03333333333333333 0.03333333333333333
0 0.36041666666666666 0.325 0.03333333333333333 0.03333333333333333
0 0.44583333333333336 0.3282407407407407 0.03333333333333333 0.03333333333333333
0 0.5322916666666667 0.3300925925925926 0.03333333333333333 0.03333333333333333
0 0.6177083333333333 0.3333333333333333 0.03333333333333333 0.03333333333333333
0 0.7020833333333333 0.3365740740740741 0.03333333333333333 0.03333333333333333
0 0.7875 0.3398148148148148 0.03333333333333333 0.03333333333333333
0 0.2833333333333333 0.25092592592592594 0.03333333333333333 0.03333333333333333
0 0.36666666666666664 0.25416666666666665 0.03333333333333333 0.03333333333333333
0 0.4510416666666667 0.2564814814814815 0.03333333333333333 0.03333333333333333
0 0.5333333333333333 0.25925925925925924 0.03333333333333333 0.03333333333333333
0 0.6166666666666667 0.2625 0.03333333333333333 0.03333333333333333
0 0.6989583333333333 0.2657407407407407 0.03333333333333333 0.03333333333333333
0 0.78125 0.26851851851851855 0.03333333333333333 0.03333333333333333
0 0.2916666666666667 0.18333333333333332 0.03333333333333333 0.03333333333333333
0 0.37395833333333334 0.1865740740740741 0.03333333333333333 0.03333333333333333
0 0.45416666666666666 0.18981481481481483 0.03333333333333333 0.03333333333333333
0 0.5354166666666667 0.1925925925925926 0.03333333333333333 0.03333333333333333
0 0.615625 0.19583333333333333 0.03333333333333333 0.03333333333333333
0 0.6958333333333333 0.19907407407407407 0.03333333333333333 0.03333333333333333
0 0.7760416666666666 0.20185185185185187 0.03333333333333333 0.03333333333333333