0 0.7229166666666667 0.22407407407407406 0.035416666666666666 0.03518518518518519
0 0.6458333333333334 0.22407407407407406 0.035416666666666666 0.03518518518518519
0 0.56875 0.22407407407407406 0.035416666666666666 0.03518518518518519
0 0.49166666666666664 0.22407407407407406 0.035416666666666666 0.03518518518518519
0 0.41458333333333336 0.22407407407407406 0.035416666666666666 0.03518518518518519
0 0.3385416666666667 0.22407407407407406 0.035416666666666666 0.03518518518518519
0 0.26145833333333335 0.22407407407407406 0.035416666666666666 0.03518518518518519
0 0.7291666666666666 0.27824074074074073 0.035416666666666666 0.03518518518518519
0 0.65 0.27824074074074073 0.035416666666666666 0.03518518518518519
0 0.5697916666666667 0.27824074074074073 0.035416666666666666 0.03518518518518519
0 0.4895833333333333 0.27824074074074073 0.035416666666666666 0.03518518518518519
0 0.409375 0.27824074074074073 0.035416666666666666 0.03518518518518519
0 0.3302083333333333 0.27824074074074073 0.035416666666666666 0.03518518518518519
0 0.25 0.27824074074074073 0.035416666666666666 0.03518518518518519
0 0.7375 0.3375 0.035416666666666666 0.03518518518518519
0 0.6541666666666667 0.3375 0.035416666666666666 0.03518518518518519
0 0.5708333333333333 0.3375 0.035416666666666666 0.03518518518518519
0 0.4875 0.3375 0.035416666666666666 0.03518518518518519
0 0.4041666666666667 0.3375 0.035416666666666666 0.03518518518518519
0 0.32083333333333336 0.3375 0.035416666666666666 0.03518518518518519
0 0.2375 0.3375 0.035416666666666666 0.03518518518518519
0 0.7458333333333333 0.40185185185185185 0.035416666666666666 0.03518518518518519
0 0.6583333333333333 0.40185185185185185 0.035416666666666666 0.03518518518518519
0 0.571875 0.40185185185185185 0.035416666666666666 0.03518518518518519
0 0.484375 0.40185185185185185 0.035416666666666666 0.03518518518518519
0 0.39791666666666664 0.4009259259259259 0.035416666666666666 0.03518518518518519
0 0.31145833333333334 0.4009259259259259 0.035416666666666666 0.03518518518518519
0 0.22395833333333334 0.4009259259259259 0.035416666666666666 0.03518518518518519
0 0.7541666666666667 0.47175925925925927 0.035416666666666666 0.03518518518518519
0 0.6635416666666667 0.47175925925925927 0.035416666666666666 0.03518518518518519
0 0.5729166666666666 0.47175925925925927 0.035416666666666666 0.03518518518518519
0 0.48125 0.47175925925925927 0.035416666666666666 0.03518518518518519
0 0.390625 0.47175925925925927 0.035416666666666666 0.03518518518518519
0 0.3 0.47175925925925927 0.035416666666666666 0.03518518518518519
0 0.209375 0.47175925925925927 0.035416666666666666 0.03518518518518519
0 0.7645833333333333 0.549074074074074 0.035416666666666666 0.03518518518518519
0 0.66875 0.549074074074074 0.035416666666666666 0.03518518518518519
0 0.5739583333333333 0.549074074074074 0.035416666666666666 0.03518518518518519
0 0.478125 0.5481481481481482 0.035416666666666666 0.03518518518518519
0 0.38333333333333336 0.5481481481481482 0.035416666666666666 0.03518518518518519
0 0.28854166666666664 0.5481481481481482 0.035416666666666666 0.03518518518518519
0 0.19375 0.5481481481481482 0.035416666666666666 0.03518518518518519
0 0.775 0.6333333333333333 0.035416666666666666 0.03518518518518519
0 0.675 0.6333333333333333 0.035416666666666666 0.03518518518518519
0 0.575 0.6333333333333333 0.035416666666666666 0.03518518518518519
0 0.475 0.6324074074074074 0.035416666666666666 0.03518518518518519
0 0.375 0.6324074074074074 0.035416666666666666 0.03518518518518519
0 0.2760416666666667 0.6324074074074074 0.035416666666666666 0.03518518518518519
0 0.17604166666666668 0.6324074074074074 0.035416666666666666 0.03518518518518519