0 0.2375 0.6564814814814814 0.03333333333333333 0.03333333333333333
0 0.33541666666666664 0.6564814814814814 0.03333333333333333 0.03333333333333333
0 0.43333333333333335 0.6564814814814814 0.03333333333333333 0.03333333333333333
0 0.53125 0.6564814814814814 0.03333333333333333 0.03333333333333333
0 0.6291666666666667 0.6564814814814814 0.03333333333333333 0.03333333333333333
0 0.7260416666666667 0.6564814814814814 0.03333333333333333 0.03333333333333333
0 0.8229166666666666 0.6574074074074074 0.03333333333333333 0.03333333333333333
0 0.24583333333333332 0.5634259259259259 0.03333333333333333 0.03333333333333333
0 0.3416666666666667 0.5634259259259259 0.03333333333333333 0.03333333333333333
0 0.43645833333333334 0.5634259259259259 0.03333333333333333 0.03333333333333333
0 0.5302083333333333 0.5634259259259259 0.03333333333333333 0.03333333333333333
0 0.625 0.5648148148148148 0.03333333333333333 0.03333333333333333
0 0.71875 0.5648148148148148 0.03333333333333333 0.03333333333333333
0 0.8125 0.5648148148148148 0.03333333333333333 0.03333333333333333
0 0.2552083333333333 0.4759259259259259 0.03333333333333333 0.03333333333333333
0 0.346875 0.47685185185185186 0.03333333333333333 0.03333333333333333
0 0.43854166666666666 0.47685185185185186 0.03333333333333333 0.03333333333333333
0 0.5291666666666667 0.47685185185185186 0.03333333333333333 0.03333333333333333
0 0.6208333333333333 0.47824074074074074 0.03333333333333333 0.03333333333333333
0 0.7114583333333333 0.47824074074074074 0.03333333333333333 0.03333333333333333
0 0.8020833333333334 0.47824074074074074 0.03333333333333333 0.03333333333333333
0 0.2625 0.39490740740740743 0.03333333333333333 0.03333333333333333
0 0.35208333333333336 0.3958333333333333 0.03333333333333333 0.03333333333333333
0 0.440625 0.3958333333333333 0.03333333333333333 0.03333333333333333
0 0.5291666666666667 0.39675925925925926 0.03333333333333333 0.03333333333333333
0 0.6166666666666667 0.39675925925925926 0.03333333333333333 0.03333333333333333
0 0.7052083333333333 0.39675925925925926 0.03333333333333333 0.03333333333333333
0 0.7927083333333333 0.39814814814814814 0.03333333333333333 0.03333333333333333
0 0.2708333333333333 0.31851851851851853 0.03333333333333333 0.03333333333333333
0 0.35625 0.3199074074074074 0.03333333333333333 0.03333333333333333
0 0.4427083333333333 0.3199074074074074 0.03333333333333333 0.03333333333333333
0 0.528125 0.32083333333333336 0.03333333333333333 0.03333333333333333
0 0.6135416666666667 0.32083333333333336 0.03333333333333333 0.03333333333333333
0 0.6989583333333333 0.32175925925925924 0.03333333333333333 0.03333333333333333
0 0.784375 0.32175925925925924 0.03333333333333333 0.03333333333333333
0 0.27708333333333335 0.24675925925925926 0.03333333333333333 0.03333333333333333
0 0.3614583333333333 0.24814814814814815 0.03333333333333333 0.03333333333333333
0 0.44479166666666664 0.2490740740740741 0.03333333333333333 0.03333333333333333
0 0.5270833333333333 0.2490740740740741 0.03333333333333333 0.03333333333333333
0 0.6104166666666667 0.25 0.03333333333333333 0.03333333333333333
0 0.69375 0.25 0.03333333333333333 0.03333333333333333
0 0.7760416666666666 0.25092592592592594 0.03333333333333333 0.03333333333333333
0 0.284375 0.18009259259259258 0.03333333333333333 0.03333333333333333
0 0.365625 0.18009259259259258 0.03333333333333333 0.03333333333333333
0 0.44583333333333336 0.1814814814814815 0.03333333333333333 0.03333333333333333
0 0.5270833333333333 0.1824074074074074 0.03333333333333333 0.03333333333333333
0 0.6072916666666667 0.1824074074074074 0.03333333333333333 0.03333333333333333
0 0.6875 0.18333333333333332 0.03333333333333333 0.03333333333333333
0 0.7677083333333333 0.18333333333333332 0.03333333333333333 0.03333333333333333