0 0.17708333333333334 0.611574074074074 0.03125 0.03148148148148148
0 0.265625 0.6166666666666667 0.03125 0.03148148148148148
0 0.35520833333333335 0.6217592592592592 0.03125 0.03148148148148148
0 0.44583333333333336 0.6282407407407408 0.03125 0.03148148148148148
0 0.5364583333333334 0.6333333333333333 0.03125 0.03148148148148148
0 0.628125 0.6398148148148148 0.03125 0.03148148148148148
0 0.7208333333333333 0.6458333333333334 0.03125 0.03148148148148148
0 0.190625 0.524074074074074 0.03125 0.03148148148148148
0 0.278125 0.5291666666666667 0.03125 0.03148148148148148
0 0.365625 0.5342592592592592 0.03125 0.03148148148148148
0 0.453125 0.5398148148148149 0.03125 0.03148148148148148
0 0.5427083333333333 0.5449074074074074 0.03125 0.03148148148148148
0 0.63125 0.5509259259259259 0.03125 0.03148148148148148
0 0.721875 0.5564814814814815 0.03125 0.03148148148148148
0 0.20416666666666666 0.44166666666666665 0.03125 0.03148148148148148
0 0.28958333333333336 0.44675925925925924 0.03125 0.03148148148148148
0 0.375 0.45092592592592595 0.03125 0.03148148148148148
0 0.46041666666666664 0.4564814814814815 0.03125 0.03148148148148148
0 0.5479166666666667 0.4615740740740741 0.03125 0.03148148148148148
0 0.634375 0.46574074074074073 0.03125 0.03148148148148148
0 0.7229166666666667 0.4708333333333333 0.03125 0.03148148148148148
0 0.21770833333333334 0.36342592592592593 0.03125 0.03148148148148148
0 0.3 0.3675925925925926 0.03125 0.03148148148148148
0 0.38333333333333336 0.37175925925925923 0.03125 0.03148148148148148
0 0.46770833333333334 0.37592592592592594 0.03125 0.03148148148148148
0 0.5520833333333334 0.3800925925925926 0.03125 0.03148148148148148
0 0.6375 0.3851851851851852 0.03125 0.03148148148148148
0 0.7239583333333334 0.38981481481481484 0.03125 0.03148148148148148
0 0.23020833333333332 0.2875 0.03125 0.03148148148148148
0 0.3104166666666667 0.2916666666666667 0.03125 0.03148148148148148
0 0.3927083333333333 0.29583333333333334 0.03125 0.03148148148148148
0 0.475 0.3 0.03125 0.03148148148148148
0 0.5572916666666666 0.30416666666666664 0.03125 0.03148148148148148
0 0.640625 0.30833333333333335 0.03125 0.03148148148148148
0 0.725 0.3125 0.03125 0.03148148148148148
0 0.24166666666666667 0.21666666666666667 0.03125 0.03148148148148148
0 0.32083333333333336 0.2199074074074074 0.03125 0.03148148148148148
0 0.4010416666666667 0.22407407407407406 0.03125 0.03148148148148148
0 0.48125 0.22685185185185186 0.03125 0.03148148148148148
0 0.5614583333333333 0.23148148148148148 0.03125 0.03148148148148148
0 0.64375 0.23425925925925925 0.03125 0.03148148148148148
0 0.725 0.23842592592592593 0.03125 0.03148148148148148
0 0.253125 0.14814814814814814 0.03125 0.03148148148148148
0 0.3302083333333333 0.15092592592592594 0.03125 0.03148148148148148
0 0.4083333333333333 0.15416666666666667 0.03125 0.03148148148148148
0 0.4875 0.1574074074074074 0.03125 0.03148148148148148
0 0.5666666666666667 0.16157407407407406 0.03125 0.03148148148148148
0 0.6458333333333334 0.1648148148148148 0.03125 0.03148148148148148
0 0.7260416666666667 0.1675925925925926 0.03125 0.03148148148148148