0 0.7020833333333333 0.3365740740740741 0.03125 0.03148148148148148
0 0.634375 0.3375 0.03125 0.03148148148148148
0 0.565625 0.3384259259259259 0.03125 0.03148148148148148
0 0.4979166666666667 0.3384259259259259 0.03125 0.03148148148148148
0 0.43020833333333336 0.3398148148148148 0.03125 0.03148148148148148
0 0.3614583333333333 0.34074074074074073 0.03125 0.03148148148148148
0 0.29375 0.3416666666666667 0.03125 0.03148148148148148
0 0.7104166666666667 0.39351851851851855 0.03125 0.03148148148148148
0 0.6395833333333333 0.39351851851851855 0.03125 0.03148148148148148
0 0.56875 0.39490740740740743 0.03125 0.03148148148148148
0 0.4979166666666667 0.3958333333333333 0.03125 0.03148148148148148
0 0.4270833333333333 0.39675925925925926 0.03125 0.03148148148148148
0 0.35625 0.39675925925925926 0.03125 0.03148148148148148
0 0.2864583333333333 0.39814814814814814 0.03125 0.03148148148148148
0 0.7197916666666667 0.4550925925925926 0.03125 0.03148148148148148
0 0.6458333333333334 0.4550925925925926 0.03125 0.03148148148148148
0 0.571875 0.4564814814814815 0.03125 0.03148148148148148
0 0.4979166666666667 0.45740740740740743 0.03125 0.03148148148148148
0 0.425 0.4583333333333333 0.03125 0.03148148148148148
0 0.35104166666666664 0.4583333333333333 0.03125 0.03148148148148148
0 0.27708333333333335 0.45925925925925926 0.03125 0.03148148148148148
0 0.7291666666666666 0.5217592592592593 0.03125 0.03148148148148148
0 0.6520833333333333 0.5217592592592593 0.03125 0.03148148148148148
0 0.5760416666666667 0.5231481481481481 0.03125 0.03148148148148148
0 0.49895833333333334 0.524074074074074 0.03125 0.03148148148148148
0 0.421875 0.524074074074074 0.03125 0.03148148148148148
0 0.34479166666666666 0.525 0.03125 0.03148148148148148
0 0.26875 0.5259259259259259 0.03125 0.03148148148148148
0 0.740625 0.5935185185185186 0.03125 0.03148148148148148
0 0.659375 0.5949074074074074 0.03125 0.03148148148148148
0 0.5791666666666667 0.5958333333333333 0.03125 0.03148148148148148
0 0.49895833333333334 0.5958333333333333 0.03125 0.03148148148148148
0 0.41875 0.5967592592592592 0.03125 0.03148148148148148
0 0.3385416666666667 0.5981481481481481 0.03125 0.03148148148148148
0 0.25833333333333336 0.5990740740740741 0.03125 0.03148148148148148
0 0.7520833333333333 0.6731481481481482 0.03125 0.03148148148148148
0 0.6677083333333333 0.674074074074074 0.03125 0.03148148148148148
0 0.5833333333333334 0.675 0.03125 0.03148148148148148
0 0.49895833333333334 0.6759259259259259 0.03125 0.03148148148148148
0 0.415625 0.6759259259259259 0.03125 0.03148148148148148
0 0.33125 0.6768518518518518 0.03125 0.03148148148148148
0 0.24791666666666667 0.6782407407407407 0.03125 0.03148148148148148
0 0.7645833333333333 0.7601851851851852 0.03125 0.03148148148148148
0 0.6760416666666667 0.7615740740740741 0.03125 0.03148148148148148
0 0.5885416666666666 0.7625 0.03125 0.03148148148148148
0 0.5 0.7625 0.03125 0.03148148148148148
0 0.4114583333333333 0.763425925925926 0.03125 0.03148148148148148
0 0.32395833333333335 0.7648148148148148 0.03125 0.03148148148148148
0 0.23541666666666666 0.7657407407407407 0.03125 0.03148148148148148