0 0.7041666666666667 0.16064814814814815 0.022916666666666665 0.03425925925925926
0 0.628125 0.16064814814814815 0.022916666666666665 0.03425925925925926
0 0.5520833333333334 0.1587962962962963 0.022916666666666665 0.03425925925925926
0 0.47604166666666664 0.1587962962962963 0.022916666666666665 0.03425925925925926
0 0.39895833333333336 0.1587962962962963 0.022916666666666665 0.03425925925925926
0 0.32083333333333336 0.1574074074074074 0.022916666666666665 0.03425925925925926
0 0.24375 0.1574074074074074 0.022916666666666665 0.03425925925925926
0 0.715625 0.2412037037037037 0.022916666666666665 0.03425925925925926
0 0.6375 0.23981481481481481 0.022916666666666665 0.03425925925925926
0 0.5583333333333333 0.23981481481481481 0.022916666666666665 0.03425925925925926
0 0.4791666666666667 0.23981481481481481 0.022916666666666665 0.03425925925925926
0 0.39895833333333336 0.23842592592592593 0.022916666666666665 0.03425925925925926
0 0.31875 0.23842592592592593 0.022916666666666665 0.03425925925925926
0 0.23854166666666668 0.23842592592592593 0.022916666666666665 0.03425925925925926
0 0.728125 0.32731481481481484 0.022916666666666665 0.03425925925925926
0 0.646875 0.32731481481481484 0.022916666666666665 0.03425925925925926
0 0.5645833333333333 0.32546296296296295 0.022916666666666665 0.03425925925925926
0 0.4822916666666667 0.32546296296296295 0.022916666666666665 0.03425925925925926
0 0.4 0.32546296296296295 0.022916666666666665 0.03425925925925926
0 0.315625 0.32546296296296295 0.022916666666666665 0.03425925925925926
0 0.23229166666666667 0.32546296296296295 0.022916666666666665 0.03425925925925926
0 0.7416666666666667 0.41898148148148145 0.022916666666666665 0.03425925925925926
0 0.6572916666666667 0.41898148148148145 0.022916666666666665 0.03425925925925926
0 0.571875 0.41898148148148145 0.022916666666666665 0.03425925925925926
0 0.4864583333333333 0.41898148148148145 0.022916666666666665 0.03425925925925926
0 0.4 0.41898148148148145 0.022916666666666665 0.03425925925925926
0 0.31354166666666666 0.41898148148148145 0.022916666666666665 0.03425925925925926
0 0.22604166666666667 0.41898148148148145 0.022916666666666665 0.03425925925925926
0 0.75625 0.5203703703703704 0.022916666666666665 0.03425925925925926
0 0.6677083333333333 0.5203703703703704 0.022916666666666665 0.03425925925925926
0 0.5791666666666667 0.5203703703703704 0.022916666666666665 0.03425925925925926
0 0.490625 0.5203703703703704 0.022916666666666665 0.03425925925925926
0 0.4 0.5217592592592593 0.022916666666666665 0.03425925925925926
0 0.3104166666666667 0.5217592592592593 0.022916666666666665 0.03425925925925926
0 0.21875 0.5217592592592593 0.022916666666666665 0.03425925925925926
0 0.771875 0.6291666666666667 0.022916666666666665 0.03425925925925926
0 0.6802083333333333 0.6291666666666667 0.022916666666666665 0.03425925925925926
0 0.5875 0.6310185185185185 0.022916666666666665 0.03425925925925926
0 0.4947916666666667 0.6310185185185185 0.022916666666666665 0.03425925925925926
0 0.4010416666666667 0.6310185185185185 0.022916666666666665 0.03425925925925926
0 0.30625 0.6324074074074074 0.022916666666666665 0.03425925925925926
0 0.21145833333333333 0.6324074074074074 0.022916666666666665 0.03425925925925926
0 0.7895833333333333 0.7476851851851852 0.022916666666666665 0.03425925925925926
0 0.69375 0.7490740740740741 0.022916666666666665 0.03425925925925926
0 0.596875 0.7490740740740741 0.022916666666666665 0.03425925925925926
0 0.49895833333333334 0.7509259259259259 0.022916666666666665 0.03425925925925926
0 0.4010416666666667 0.7523148148148148 0.022916666666666665 0.03425925925925926
0 0.303125 0.7537037037037037 0.022916666666666665 0.03425925925925926
0 0.203125 0.7537037037037037 0.022916666666666665 0.03425925925925926