0 0.7520833333333333 0.20833333333333334 0.0375 0.0375
0 0.6697916666666667 0.2064814814814815 0.0375 0.0375
0 0.5885416666666666 0.2050925925925926 0.0375 0.0375
0 0.50625 0.20324074074074075 0.0375 0.0375
0 0.425 0.20092592592592592 0.0375 0.0375
0 0.34375 0.2 0.0375 0.0375
0 0.2625 0.19814814814814816 0.0375 0.0375
0 0.7625 0.2657407407407407 0.0375 0.0375
0 0.6770833333333334 0.26342592592592595 0.0375 0.0375
0 0.5916666666666667 0.26157407407407407 0.0375 0.0375
0 0.50625 0.2601851851851852 0.0375 0.0375
0 0.421875 0.25833333333333336 0.0375 0.0375
0 0.33645833333333336 0.2564814814814815 0.0375 0.0375
0 0.25104166666666666 0.25416666666666665 0.0375 0.0375
0 0.7729166666666667 0.3282407407407407 0.0375 0.0375
0 0.684375 0.32592592592592595 0.0375 0.0375
0 0.5947916666666667 0.32407407407407407 0.0375 0.0375
0 0.50625 0.32175925925925924 0.0375 0.0375
0 0.4166666666666667 0.3199074074074074 0.0375 0.0375
0 0.328125 0.3175925925925926 0.0375 0.0375
0 0.23958333333333334 0.31574074074074077 0.0375 0.0375
0 0.7854166666666667 0.3958333333333333 0.0375 0.0375
0 0.6916666666666667 0.39351851851851855 0.0375 0.0375
0 0.5989583333333334 0.39166666666666666 0.0375 0.0375
0 0.5052083333333334 0.38981481481481484 0.0375 0.0375
0 0.4125 0.3875 0.0375 0.0375
0 0.31979166666666664 0.3851851851851852 0.0375 0.0375
0 0.22708333333333333 0.38333333333333336 0.0375 0.0375
0 0.7989583333333333 0.4708333333333333 0.0375 0.0375
0 0.7010416666666667 0.4685185185185185 0.0375 0.0375
0 0.603125 0.46574074074074073 0.0375 0.0375
0 0.5052083333333334 0.4634259259259259 0.0375 0.0375
0 0.40729166666666666 0.4615740740740741 0.0375 0.0375
0 0.3104166666666667 0.45925925925925926 0.0375 0.0375
0 0.2125 0.45740740740740743 0.0375 0.0375
0 0.8135416666666667 0.5532407407407407 0.0375 0.0375
0 0.7104166666666667 0.5509259259259259 0.0375 0.0375
0 0.6072916666666667 0.5481481481481482 0.0375 0.0375
0 0.5041666666666667 0.5458333333333333 0.0375 0.0375
0 0.40208333333333335 0.5435185185185185 0.0375 0.0375
0 0.2989583333333333 0.5407407407407407 0.0375 0.0375
0 0.196875 0.538425925925926 0.0375 0.0375
0 0.8302083333333333 0.6449074074074074 0.0375 0.0375
0 0.7208333333333333 0.6416666666666667 0.0375 0.0375
0 0.6125 0.6398148148148148 0.0375 0.0375
0 0.5041666666666667 0.6365740740740741 0.0375 0.0375
0 0.3958333333333333 0.6342592592592593 0.0375 0.0375
0 0.2875 0.6314814814814815 0.0375 0.0375
0 0.17916666666666667 0.6291666666666667 0.0375 0.0375