0 0.6645833333333333 0.1736111111111111 0.025 0.03333333333333333
0 0.5958333333333333 0.17916666666666667 0.025 0.03333333333333333
0 0.5270833333333333 0.18472222222222223 0.025 0.03333333333333333
0 0.459375 0.18888888888888888 0.025 0.03333333333333333
0 0.39166666666666666 0.19444444444444445 0.025 0.03333333333333333
0 0.32395833333333335 0.2 0.025 0.03333333333333333
0 0.25729166666666664 0.20555555555555555 0.025 0.03333333333333333
0 0.675 0.2375 0.025 0.03333333333333333
0 0.603125 0.24305555555555555 0.025 0.03333333333333333
0 0.53125 0.24861111111111112 0.025 0.03333333333333333
0 0.459375 0.25416666666666665 0.025 0.03333333333333333
0 0.3885416666666667 0.25972222222222224 0.025 0.03333333333333333
0 0.3177083333333333 0.2638888888888889 0.025 0.03333333333333333
0 0.24791666666666667 0.26944444444444443 0.025 0.03333333333333333
0 0.6875 0.30833333333333335 0.025 0.03333333333333333
0 0.6104166666666667 0.3138888888888889 0.025 0.03333333333333333
0 0.5354166666666667 0.3194444444444444 0.025 0.03333333333333333
0 0.459375 0.325 0.025 0.03333333333333333
0 0.3854166666666667 0.33055555555555555 0.025 0.03333333333333333
0 0.3104166666666667 0.33611111111111114 0.025 0.03333333333333333
0 0.23645833333333333 0.3402777777777778 0.025 0.03333333333333333
0 0.7 0.3875 0.025 0.03333333333333333
0 0.6197916666666666 0.39305555555555555 0.025 0.03333333333333333
0 0.5395833333333333 0.39861111111111114 0.025 0.03333333333333333
0 0.46041666666666664 0.4041666666666667 0.025 0.03333333333333333
0 0.38125 0.4097222222222222 0.025 0.03333333333333333
0 0.303125 0.41388888888888886 0.025 0.03333333333333333
0 0.225 0.41944444444444445 0.025 0.03333333333333333
0 0.7145833333333333 0.475 0.025 0.03333333333333333
0 0.6291666666666667 0.48055555555555557 0.025 0.03333333333333333
0 0.5447916666666667 0.4861111111111111 0.025 0.03333333333333333
0 0.46041666666666664 0.49166666666666664 0.025 0.03333333333333333
0 0.3770833333333333 0.49722222222222223 0.025 0.03333333333333333
0 0.2947916666666667 0.5027777777777778 0.025 0.03333333333333333
0 0.2125 0.5069444444444444 0.025 0.03333333333333333
0 0.7302083333333333 0.5736111111111111 0.025 0.03333333333333333
0 0.6395833333333333 0.5791666666666667 0.025 0.03333333333333333
0 0.55 0.5847222222222223 0.025 0.03333333333333333
0 0.46041666666666664 0.5902777777777778 0.025 0.03333333333333333
0 0.3729166666666667 0.5958333333333333 0.025 0.03333333333333333
0 0.284375 0.6013888888888889 0.025 0.03333333333333333
0 0.19791666666666666 0.6055555555555555 0.025 0.03333333333333333
0 0.7489583333333333 0.6861111111111111 0.025 0.03333333333333333
0 0.6520833333333333 0.6916666666666667 0.025 0.03333333333333333
0 0.55625 0.6958333333333333 0.025 0.03333333333333333
0 0.46145833333333336 0.7013888888888888 0.025 0.03333333333333333
0 0.36666666666666664 0.7069444444444445 0.025 0.03333333333333333
0 0.27395833333333336 0.7125 0.025 0.03333333333333333
0 0.18125 0.7166666666666667 0.025 0.03333333333333333