0 0.29583333333333334 0.6430555555555556 0.020833333333333332 0.027777777777777776
0 0.371875 0.6416666666666667 0.020833333333333332 0.027777777777777776
0 0.44895833333333335 0.6402777777777777 0.020833333333333332 0.027777777777777776
0 0.5270833333333333 0.6388888888888888 0.020833333333333332 0.027777777777777776
0 0.6052083333333333 0.6388888888888888 0.020833333333333332 0.027777777777777776
0 0.6854166666666667 0.6375 0.020833333333333332 0.027777777777777776
0 0.7645833333333333 0.6361111111111111 0.020833333333333332 0.027777777777777776
0 0.30625 0.5541666666666667 0.020833333333333332 0.027777777777777776
0 0.37916666666666665 0.5513888888888889 0.020833333333333332 0.027777777777777776
0 0.45208333333333334 0.55 0.020833333333333332 0.027777777777777776
0 0.5270833333333333 0.5486111111111112 0.020833333333333332 0.027777777777777776
0 0.6010416666666667 0.5472222222222223 0.020833333333333332 0.027777777777777776
0 0.6770833333333334 0.5458333333333333 0.020833333333333332 0.027777777777777776
0 0.753125 0.5444444444444444 0.020833333333333332 0.027777777777777776
0 0.315625 0.4722222222222222 0.020833333333333332 0.027777777777777776
0 0.3854166666666667 0.4708333333333333 0.020833333333333332 0.027777777777777776
0 0.4552083333333333 0.46944444444444444 0.020833333333333332 0.027777777777777776
0 0.5260416666666666 0.4666666666666667 0.020833333333333332 0.027777777777777776
0 0.5979166666666667 0.4652777777777778 0.020833333333333332 0.027777777777777776
0 0.6697916666666667 0.4638888888888889 0.020833333333333332 0.027777777777777776
0 0.7416666666666667 0.46111111111111114 0.020833333333333332 0.027777777777777776
0 0.325 0.39861111111111114 0.020833333333333332 0.027777777777777776
0 0.39166666666666666 0.3958333333333333 0.020833333333333332 0.027777777777777776
0 0.4583333333333333 0.39444444444444443 0.020833333333333332 0.027777777777777776
0 0.5260416666666666 0.39305555555555555 0.020833333333333332 0.027777777777777776
0 0.5947916666666667 0.3902777777777778 0.020833333333333332 0.027777777777777776
0 0.6625 0.3888888888888889 0.020833333333333332 0.027777777777777776
0 0.7322916666666667 0.3861111111111111 0.020833333333333332 0.027777777777777776
0 0.3333333333333333 0.33055555555555555 0.020833333333333332 0.027777777777777776
0 0.396875 0.3277777777777778 0.020833333333333332 0.027777777777777776
0 0.46145833333333336 0.3263888888888889 0.020833333333333332 0.027777777777777776
0 0.5260416666666666 0.3236111111111111 0.020833333333333332 0.027777777777777776
0 0.5916666666666667 0.32222222222222224 0.020833333333333332 0.027777777777777776
0 0.6572916666666667 0.3194444444444444 0.020833333333333332 0.027777777777777776
0 0.7229166666666667 0.31805555555555554 0.020833333333333332 0.027777777777777776
0 0.340625 0.26805555555555555 0.020833333333333332 0.027777777777777776
0 0.40208333333333335 0.2652777777777778 0.020833333333333332 0.027777777777777776
0 0.4635416666666667 0.2638888888888889 0.020833333333333332 0.027777777777777776
0 0.5260416666666666 0.2611111111111111 0.020833333333333332 0.027777777777777776
0 0.5885416666666666 0.25833333333333336 0.020833333333333332 0.027777777777777776
0 0.6510416666666666 0.2569444444444444 0.020833333333333332 0.027777777777777776
0 0.7145833333333333 0.25416666666666665 0.020833333333333332 0.027777777777777776
0 0.34791666666666665 0.2111111111111111 0.020833333333333332 0.027777777777777776
0 0.40625 0.20833333333333334 0.020833333333333332 0.027777777777777776
0 0.465625 0.20555555555555555 0.020833333333333332 0.027777777777777776
0 0.5260416666666666 0.20277777777777778 0.020833333333333332 0.027777777777777776
0 0.5854166666666667 0.2013888888888889 0.020833333333333332 0.027777777777777776
0 0.6458333333333334 0.1986111111111111 0.020833333333333332 0.027777777777777776
0 0.7072916666666667 0.19583333333333333 0.020833333333333332 0.027777777777777776