0 0.28958333333333336 0.6694444444444444 0.020833333333333332 0.027777777777777776
0 0.36770833333333336 0.6652777777777777 0.020833333333333332 0.027777777777777776
0 0.446875 0.6625 0.020833333333333332 0.027777777777777776
0 0.5270833333333333 0.6597222222222222 0.020833333333333332 0.027777777777777776
0 0.609375 0.6555555555555556 0.020833333333333332 0.027777777777777776
0 0.69375 0.6513888888888889 0.020833333333333332 0.027777777777777776
0 0.7802083333333333 0.6486111111111111 0.020833333333333332 0.027777777777777776
0 0.30104166666666665 0.5763888888888888 0.020833333333333332 0.027777777777777776
0 0.375 0.5722222222222222 0.020833333333333332 0.027777777777777776
0 0.45 0.5680555555555555 0.020833333333333332 0.027777777777777776
0 0.5270833333333333 0.5638888888888889 0.020833333333333332 0.027777777777777776
0 0.6052083333333333 0.5597222222222222 0.020833333333333332 0.027777777777777776
0 0.6854166666666667 0.5555555555555556 0.020833333333333332 0.027777777777777776
0 0.7666666666666667 0.5513888888888889 0.020833333333333332 0.027777777777777776
0 0.31145833333333334 0.49166666666666664 0.020833333333333332 0.027777777777777776
0 0.38125 0.4875 0.020833333333333332 0.027777777777777776
0 0.453125 0.48194444444444445 0.020833333333333332 0.027777777777777776
0 0.5270833333333333 0.4777777777777778 0.020833333333333332 0.027777777777777776
0 0.6010416666666667 0.4722222222222222 0.020833333333333332 0.027777777777777776
0 0.6770833333333334 0.46805555555555556 0.020833333333333332 0.027777777777777776
0 0.7552083333333334 0.4625 0.020833333333333332 0.027777777777777776
0 0.31979166666666664 0.41388888888888886 0.020833333333333332 0.027777777777777776
0 0.3875 0.4097222222222222 0.020833333333333332 0.027777777777777776
0 0.45625 0.4041666666666667 0.020833333333333332 0.027777777777777776
0 0.5260416666666666 0.39861111111111114 0.020833333333333332 0.027777777777777776
0 0.5979166666666667 0.39305555555555555 0.020833333333333332 0.027777777777777776
0 0.6697916666666667 0.3875 0.020833333333333332 0.027777777777777776
0 0.74375 0.3819444444444444 0.020833333333333332 0.027777777777777776
0 0.328125 0.34444444444444444 0.020833333333333332 0.027777777777777776
0 0.39375 0.3388888888888889 0.020833333333333332 0.027777777777777776
0 0.459375 0.3333333333333333 0.020833333333333332 0.027777777777777776
0 0.5260416666666666 0.3263888888888889 0.020833333333333332 0.027777777777777776
0 0.5947916666666667 0.32083333333333336 0.020833333333333332 0.027777777777777776
0 0.6635416666666667 0.31527777777777777 0.020833333333333332 0.027777777777777776
0 0.734375 0.30972222222222223 0.020833333333333332 0.027777777777777776
0 0.33645833333333336 0.2791666666666667 0.020833333333333332 0.027777777777777776
0 0.39895833333333336 0.27361111111111114 0.020833333333333332 0.027777777777777776
0 0.46145833333333336 0.26666666666666666 0.020833333333333332 0.027777777777777776
0 0.5260416666666666 0.2611111111111111 0.020833333333333332 0.027777777777777776
0 0.5916666666666667 0.25555555555555554 0.020833333333333332 0.027777777777777776
0 0.6572916666666667 0.24861111111111112 0.020833333333333332 0.027777777777777776
0 0.725 0.24305555555555555 0.020833333333333332 0.027777777777777776
0 0.34375 0.21944444444444444 0.020833333333333332 0.027777777777777776
0 0.403125 0.2125 0.020833333333333332 0.027777777777777776
0 0.4635416666666667 0.20694444444444443 0.020833333333333332 0.027777777777777776
0 0.5260416666666666 0.2 0.020833333333333332 0.027777777777777776
0 0.5885416666666666 0.19444444444444445 0.020833333333333332 0.027777777777777776
0 0.6520833333333333 0.1875 0.020833333333333332 0.027777777777777776
0 0.7166666666666667 0.18055555555555555 0.020833333333333332 0.027777777777777776