0 0.7510416666666667 0.1550925925925926 0.035416666666666666 0.03518518518518519
0 0.671875 0.15324074074074073 0.035416666666666666 0.03518518518518519
0 0.5927083333333333 0.15092592592592594 0.035416666666666666 0.03518518518518519
0 0.5135416666666667 0.14907407407407408 0.035416666666666666 0.03518518518518519
0 0.43333333333333335 0.14675925925925926 0.035416666666666666 0.03518518518518519
0 0.353125 0.14583333333333334 0.035416666666666666 0.03518518518518519
0 0.27291666666666664 0.14351851851851852 0.035416666666666666 0.03518518518518519
0 0.7625 0.2125 0.035416666666666666 0.03518518518518519
0 0.6802083333333333 0.2101851851851852 0.035416666666666666 0.03518518518518519
0 0.5979166666666667 0.20833333333333334 0.035416666666666666 0.03518518518518519
0 0.515625 0.2064814814814815 0.035416666666666666 0.03518518518518519
0 0.43333333333333335 0.20416666666666666 0.035416666666666666 0.03518518518518519
0 0.35 0.20185185185185187 0.035416666666666666 0.03518518518518519
0 0.26666666666666666 0.2 0.035416666666666666 0.03518518518518519
0 0.775 0.2740740740740741 0.035416666666666666 0.03518518518518519
0 0.6895833333333333 0.27175925925925926 0.035416666666666666 0.03518518518518519
0 0.6041666666666666 0.26990740740740743 0.035416666666666666 0.03518518518518519
0 0.51875 0.2675925925925926 0.035416666666666666 0.03518518518518519
0 0.4322916666666667 0.2657407407407407 0.035416666666666666 0.03518518518518519
0 0.3458333333333333 0.26342592592592595 0.035416666666666666 0.03518518518518519
0 0.2604166666666667 0.26157407407407407 0.035416666666666666 0.03518518518518519
0 0.7885416666666667 0.3398148148148148 0.035416666666666666 0.03518518518518519
0 0.7 0.3375 0.035416666666666666 0.03518518518518519
0 0.6104166666666667 0.3365740740740741 0.035416666666666666 0.03518518518518519
0 0.5208333333333334 0.33425925925925926 0.035416666666666666 0.03518518518518519
0 0.4322916666666667 0.33240740740740743 0.035416666666666666 0.03518518518518519
0 0.34270833333333334 0.3300925925925926 0.035416666666666666 0.03518518518518519
0 0.2520833333333333 0.3282407407407407 0.035416666666666666 0.03518518518518519
0 0.803125 0.4115740740740741 0.035416666666666666 0.03518518518518519
0 0.7104166666666667 0.4101851851851852 0.035416666666666666 0.03518518518518519
0 0.6177083333333333 0.4083333333333333 0.035416666666666666 0.03518518518518519
0 0.525 0.4064814814814815 0.035416666666666666 0.03518518518518519
0 0.43125 0.4041666666666667 0.035416666666666666 0.03518518518518519
0 0.3375 0.40185185185185185 0.035416666666666666 0.03518518518518519
0 0.24479166666666666 0.4 0.035416666666666666 0.03518518518518519
0 0.81875 0.49074074074074076 0.035416666666666666 0.03518518518518519
0 0.721875 0.48842592592592593 0.035416666666666666 0.03518518518518519
0 0.625 0.48657407407407405 0.035416666666666666 0.03518518518518519
0 0.528125 0.4842592592592593 0.035416666666666666 0.03518518518518519
0 0.43020833333333336 0.4824074074074074 0.035416666666666666 0.03518518518518519
0 0.3333333333333333 0.48009259259259257 0.035416666666666666 0.03518518518518519
0 0.23541666666666666 0.47824074074074074 0.035416666666666666 0.03518518518518519
0 0.8354166666666667 0.575925925925926 0.035416666666666666 0.03518518518518519
0 0.734375 0.5740740740740741 0.035416666666666666 0.03518518518518519
0 0.6333333333333333 0.5717592592592593 0.035416666666666666 0.03518518518518519
0 0.53125 0.5699074074074074 0.035416666666666666 0.03518518518518519
0 0.43020833333333336 0.5675925925925925 0.035416666666666666 0.03518518518518519
0 0.328125 0.5657407407407408 0.035416666666666666 0.03518518518518519
0 0.22604166666666667 0.5634259259259259 0.035416666666666666 0.03518518518518519