0 0.7010416666666667 0.1337962962962963 0.022916666666666665 0.03425925925925926
0 0.6270833333333333 0.13240740740740742 0.022916666666666665 0.03425925925925926
0 0.5520833333333334 0.1310185185185185 0.022916666666666665 0.03425925925925926
0 0.47604166666666664 0.12916666666666668 0.022916666666666665 0.03425925925925926
0 0.4 0.12777777777777777 0.022916666666666665 0.03425925925925926
0 0.32395833333333335 0.12638888888888888 0.022916666666666665 0.03425925925925926
0 0.246875 0.12453703703703704 0.022916666666666665 0.03425925925925926
0 0.7114583333333333 0.21203703703703702 0.022916666666666665 0.03425925925925926
0 0.634375 0.2101851851851852 0.022916666666666665 0.03425925925925926
0 0.5572916666666666 0.20879629629629629 0.022916666666666665 0.03425925925925926
0 0.4791666666666667 0.20694444444444443 0.022916666666666665 0.03425925925925926
0 0.4 0.20555555555555555 0.022916666666666665 0.03425925925925926
0 0.32083333333333336 0.20416666666666666 0.022916666666666665 0.03425925925925926
0 0.240625 0.20416666666666666 0.022916666666666665 0.03425925925925926
0 0.7239583333333334 0.29444444444444445 0.022916666666666665 0.03425925925925926
0 0.64375 0.29305555555555557 0.022916666666666665 0.03425925925925926
0 0.5635416666666667 0.2912037037037037 0.022916666666666665 0.03425925925925926
0 0.4822916666666667 0.2912037037037037 0.022916666666666665 0.03425925925925926
0 0.4 0.2898148148148148 0.022916666666666665 0.03425925925925926
0 0.3177083333333333 0.287962962962963 0.022916666666666665 0.03425925925925926
0 0.23541666666666666 0.287962962962963 0.022916666666666665 0.03425925925925926
0 0.7364583333333333 0.38333333333333336 0.022916666666666665 0.03425925925925926
0 0.653125 0.3814814814814815 0.022916666666666665 0.03425925925925926
0 0.5697916666666667 0.3814814814814815 0.022916666666666665 0.03425925925925926
0 0.48541666666666666 0.3800925925925926 0.022916666666666665 0.03425925925925926
0 0.4 0.3800925925925926 0.022916666666666665 0.03425925925925926
0 0.3145833333333333 0.3787037037037037 0.022916666666666665 0.03425925925925926
0 0.228125 0.3787037037037037 0.022916666666666665 0.03425925925925926
0 0.7489583333333333 0.47824074074074074 0.022916666666666665 0.03425925925925926
0 0.6635416666666667 0.47824074074074074 0.022916666666666665 0.03425925925925926
0 0.5760416666666667 0.47824074074074074 0.022916666666666665 0.03425925925925926
0 0.48854166666666665 0.47824074074074074 0.022916666666666665 0.03425925925925926
0 0.4 0.47685185185185186 0.022916666666666665 0.03425925925925926
0 0.31145833333333334 0.47685185185185186 0.022916666666666665 0.03425925925925926
0 0.221875 0.47685185185185186 0.022916666666666665 0.03425925925925926
0 0.7635416666666667 0.5824074074074074 0.022916666666666665 0.03425925925925926
0 0.6739583333333333 0.5824074074074074 0.022916666666666665 0.03425925925925926
0 0.584375 0.5824074074074074 0.022916666666666665 0.03425925925925926
0 0.49270833333333336 0.5824074074074074 0.022916666666666665 0.03425925925925926
0 0.4 0.5824074074074074 0.022916666666666665 0.03425925925925926
0 0.3072916666666667 0.5824074074074074 0.022916666666666665 0.03425925925925926
0 0.21354166666666666 0.5824074074074074 0.022916666666666665 0.03425925925925926
0 0.7802083333333333 0.6962962962962963 0.022916666666666665 0.03425925925925926
0 0.6864583333333333 0.6962962962962963 0.022916666666666665 0.03425925925925926
0 0.5916666666666667 0.6962962962962963 0.022916666666666665 0.03425925925925926
0 0.496875 0.6976851851851852 0.022916666666666665 0.03425925925925926
0 0.4010416666666667 0.6976851851851852 0.022916666666666665 0.03425925925925926
0 0.303125 0.6976851851851852 0.022916666666666665 0.03425925925925926
0 0.20520833333333333 0.6995370370370371 0.022916666666666665 0.03425925925925926