0 0.30833333333333335 0.37916666666666665 0.01875 0.025
0 0.3020833333333333 0.44166666666666665 0.01875 0.025
0 0.296875 0.5083333333333333 0.01875 0.025
0 0.290625 0.5777777777777777 0.01875 0.025
0 0.2833333333333333 0.6527777777777778 0.01875 0.025
0 0.2760416666666667 0.7319444444444444 0.01875 0.025
0 0.26875 0.8166666666666667 0.01875 0.025
0 0.37083333333333335 0.37916666666666665 0.01875 0.025
0 0.36666666666666664 0.44166666666666665 0.01875 0.025
0 0.36354166666666665 0.5083333333333333 0.01875 0.025
0 0.35833333333333334 0.5791666666666667 0.01875 0.025
0 0.3541666666666667 0.6541666666666667 0.01875 0.025
0 0.3489583333333333 0.7333333333333333 0.01875 0.025
0 0.34375 0.8180555555555555 0.01875 0.025
0 0.43333333333333335 0.38055555555555554 0.01875 0.025
0 0.43125 0.44305555555555554 0.01875 0.025
0 0.42916666666666664 0.5097222222222222 0.01875 0.025
0 0.4270833333333333 0.5791666666666667 0.01875 0.025
0 0.425 0.6541666666666667 0.01875 0.025
0 0.421875 0.7333333333333333 0.01875 0.025
0 0.4197916666666667 0.8194444444444444 0.01875 0.025
0 0.496875 0.38055555555555554 0.01875 0.025
0 0.496875 0.44305555555555554 0.01875 0.025
0 0.49583333333333335 0.5097222222222222 0.01875 0.025
0 0.49583333333333335 0.5805555555555556 0.01875 0.025
0 0.49583333333333335 0.6555555555555556 0.01875 0.025
0 0.4947916666666667 0.7347222222222223 0.01875 0.025
0 0.4947916666666667 0.8194444444444444 0.01875 0.025
0 0.559375 0.38055555555555554 0.01875 0.025
0 0.5614583333333333 0.4444444444444444 0.01875 0.025
0 0.5625 0.5111111111111111 0.01875 0.025
0 0.5645833333333333 0.5805555555555556 0.01875 0.025
0 0.5666666666666667 0.6555555555555556 0.01875 0.025
0 0.56875 0.7361111111111112 0.01875 0.025
0 0.5708333333333333 0.8208333333333333 0.01875 0.025
0 0.6229166666666667 0.3819444444444444 0.01875 0.025
0 0.6260416666666667 0.4444444444444444 0.01875 0.025
0 0.6302083333333334 0.5111111111111111 0.01875 0.025
0 0.6333333333333333 0.5819444444444445 0.01875 0.025
0 0.6375 0.6569444444444444 0.01875 0.025
0 0.6416666666666667 0.7375 0.01875 0.025
0 0.6458333333333334 0.8222222222222222 0.01875 0.025
0 0.6864583333333333 0.3819444444444444 0.01875 0.025
0 0.6916666666666667 0.44583333333333336 0.01875 0.025
0 0.696875 0.5125 0.01875 0.025
0 0.7020833333333333 0.5833333333333334 0.01875 0.025
0 0.7083333333333334 0.6583333333333333 0.01875 0.025
0 0.715625 0.7375 0.01875 0.025
0 0.721875 0.8236111111111111 0.01875 0.025