0 0.26875 0.2050925925925926 0.035416666666666666 0.03518518518518519
0 0.3458333333333333 0.2064814814814815 0.035416666666666666 0.03518518518518519
0 0.4239583333333333 0.2074074074074074 0.035416666666666666 0.03518518518518519
0 0.5010416666666667 0.20925925925925926 0.035416666666666666 0.03518518518518519
0 0.578125 0.2101851851851852 0.035416666666666666 0.03518518518518519
0 0.6552083333333333 0.21157407407407408 0.035416666666666666 0.03518518518518519
0 0.73125 0.2125 0.035416666666666666 0.03518518518518519
0 0.25729166666666664 0.25925925925925924 0.035416666666666666 0.03518518518518519
0 0.3385416666666667 0.26157407407407407 0.035416666666666666 0.03518518518518519
0 0.41875 0.2625 0.035416666666666666 0.03518518518518519
0 0.49895833333333334 0.26342592592592595 0.035416666666666666 0.03518518518518519
0 0.5791666666666667 0.26481481481481484 0.035416666666666666 0.03518518518518519
0 0.659375 0.2657407407407407 0.035416666666666666 0.03518518518518519
0 0.7395833333333334 0.26666666666666666 0.035416666666666666 0.03518518518518519
0 0.24479166666666666 0.31851851851851853 0.035416666666666666 0.03518518518518519
0 0.32916666666666666 0.3199074074074074 0.035416666666666666 0.03518518518518519
0 0.41354166666666664 0.32083333333333336 0.035416666666666666 0.03518518518518519
0 0.4979166666666667 0.32314814814814813 0.035416666666666666 0.03518518518518519
0 0.58125 0.32407407407407407 0.035416666666666666 0.03518518518518519
0 0.6645833333333333 0.325 0.035416666666666666 0.03518518518518519
0 0.7479166666666667 0.32592592592592595 0.035416666666666666 0.03518518518518519
0 0.23125 0.38333333333333336 0.035416666666666666 0.03518518518518519
0 0.31979166666666664 0.38425925925925924 0.035416666666666666 0.03518518518518519
0 0.4083333333333333 0.3851851851851852 0.035416666666666666 0.03518518518518519
0 0.49583333333333335 0.38657407407407407 0.035416666666666666 0.03518518518518519
0 0.5833333333333334 0.3875 0.035416666666666666 0.03518518518518519
0 0.6697916666666667 0.38842592592592595 0.035416666666666666 0.03518518518518519
0 0.7572916666666667 0.38981481481481484 0.035416666666666666 0.03518518518518519
0 0.21666666666666667 0.45416666666666666 0.035416666666666666 0.03518518518518519
0 0.309375 0.4550925925925926 0.035416666666666666 0.03518518518518519
0 0.40208333333333335 0.4564814814814815 0.035416666666666666 0.03518518518518519
0 0.49375 0.45740740740740743 0.035416666666666666 0.03518518518518519
0 0.5854166666666667 0.4583333333333333 0.035416666666666666 0.03518518518518519
0 0.6760416666666667 0.45925925925925926 0.035416666666666666 0.03518518518518519
0 0.7677083333333333 0.4601851851851852 0.035416666666666666 0.03518518518518519
0 0.20104166666666667 0.5314814814814814 0.035416666666666666 0.03518518518518519
0 0.29791666666666666 0.5324074074074074 0.035416666666666666 0.03518518518518519
0 0.39479166666666665 0.5333333333333333 0.035416666666666666 0.03518518518518519
0 0.49166666666666664 0.5342592592592592 0.035416666666666666 0.03518518518518519
0 0.5875 0.5351851851851852 0.035416666666666666 0.03518518518518519
0 0.6833333333333333 0.5365740740740741 0.035416666666666666 0.03518518518518519
0 0.778125 0.5375 0.035416666666666666 0.03518518518518519
0 0.18333333333333332 0.6175925925925926 0.035416666666666666 0.03518518518518519
0 0.28541666666666665 0.6175925925925926 0.035416666666666666 0.03518518518518519
0 0.3875 0.6185185185185185 0.035416666666666666 0.03518518518518519
0 0.48854166666666665 0.6199074074074075 0.035416666666666666 0.03518518518518519
0 0.5895833333333333 0.6208333333333333 0.035416666666666666 0.03518518518518519
0 0.690625 0.6217592592592592 0.035416666666666666 0.03518518518518519
0 0.790625 0.6217592592592592 0.035416666666666666 0.03518518518518519