0 0.18333333333333332 0.6333333333333333 0.029166666666666667 0.029166666666666667
0 0.26458333333333334 0.6375 0.029166666666666667 0.029166666666666667
0 0.34791666666666665 0.6416666666666667 0.029166666666666667 0.029166666666666667
0 0.434375 0.6467592592592593 0.029166666666666667 0.029166666666666667
0 0.521875 0.6509259259259259 0.029166666666666667 0.029166666666666667
0 0.6125 0.6564814814814814 0.029166666666666667 0.029166666666666667
0 0.7052083333333333 0.6601851851851852 0.029166666666666667 0.029166666666666667
0 0.19583333333333333 0.55 0.029166666666666667 0.029166666666666667
0 0.275 0.5532407407407407 0.029166666666666667 0.029166666666666667
0 0.3572916666666667 0.5564814814814815 0.029166666666666667 0.029166666666666667
0 0.44166666666666665 0.5592592592592592 0.029166666666666667 0.029166666666666667
0 0.528125 0.5634259259259259 0.029166666666666667 0.029166666666666667
0 0.615625 0.5666666666666667 0.029166666666666667 0.029166666666666667
0 0.70625 0.5699074074074074 0.029166666666666667 0.029166666666666667
0 0.20729166666666668 0.4699074074074074 0.029166666666666667 0.029166666666666667
0 0.2864583333333333 0.47175925925925927 0.029166666666666667 0.029166666666666667
0 0.36666666666666664 0.4740740740740741 0.029166666666666667 0.029166666666666667
0 0.44895833333333335 0.4759259259259259 0.029166666666666667 0.029166666666666667
0 0.5333333333333333 0.4791666666666667 0.029166666666666667 0.029166666666666667
0 0.6197916666666666 0.48148148148148145 0.029166666666666667 0.029166666666666667
0 0.7083333333333334 0.48333333333333334 0.029166666666666667 0.029166666666666667
0 0.21875 0.3925925925925926 0.029166666666666667 0.029166666666666667
0 0.29583333333333334 0.39351851851851855 0.029166666666666667 0.029166666666666667
0 0.375 0.3958333333333333 0.029166666666666667 0.029166666666666667
0 0.45625 0.39675925925925926 0.029166666666666667 0.029166666666666667
0 0.5385416666666667 0.39814814814814814 0.029166666666666667 0.029166666666666667
0 0.6229166666666667 0.3990740740740741 0.029166666666666667 0.029166666666666667
0 0.7104166666666667 0.4009259259259259 0.029166666666666667 0.029166666666666667
0 0.23020833333333332 0.31851851851851853 0.029166666666666667 0.029166666666666667
0 0.30625 0.3199074074074074 0.029166666666666667 0.029166666666666667
0 0.38333333333333336 0.3199074074074074 0.029166666666666667 0.029166666666666667
0 0.4625 0.3199074074074074 0.029166666666666667 0.029166666666666667
0 0.54375 0.32083333333333336 0.029166666666666667 0.029166666666666667
0 0.6270833333333333 0.32083333333333336 0.029166666666666667 0.029166666666666667
0 0.7114583333333333 0.32175925925925924 0.029166666666666667 0.029166666666666667
0 0.240625 0.24814814814814815 0.029166666666666667 0.029166666666666667
0 0.3145833333333333 0.24814814814814815 0.029166666666666667 0.029166666666666667
0 0.39166666666666666 0.24675925925925926 0.029166666666666667 0.029166666666666667
0 0.46875 0.24675925925925926 0.029166666666666667 0.029166666666666667
0 0.5489583333333333 0.24583333333333332 0.029166666666666667 0.029166666666666667
0 0.6302083333333334 0.24583333333333332 0.029166666666666667 0.029166666666666667
0 0.7135416666666666 0.24583333333333332 0.029166666666666667 0.029166666666666667
0 0.25104166666666666 0.17916666666666667 0.029166666666666667 0.029166666666666667
0 0.32395833333333335 0.17824074074074073 0.029166666666666667 0.029166666666666667
0 0.39895833333333336 0.17685185185185184 0.029166666666666667 0.029166666666666667
0 0.475 0.17592592592592593 0.029166666666666667 0.029166666666666667
0 0.553125 0.175 0.029166666666666667 0.029166666666666667
0 0.6333333333333333 0.17407407407407408 0.029166666666666667 0.029166666666666667
0 0.7145833333333333 0.17175925925925925 0.029166666666666667 0.029166666666666667