0 0.6791666666666667 0.35833333333333334 0.03125 0.03148148148148148
0 0.6114583333333333 0.3592592592592593 0.03125 0.03148148148148148
0 0.54375 0.36157407407407405 0.03125 0.03148148148148148
0 0.47604166666666664 0.3625 0.03125 0.03148148148148148
0 0.4083333333333333 0.36342592592592593 0.03125 0.03148148148148148
0 0.340625 0.3648148148148148 0.03125 0.03148148148148148
0 0.27395833333333336 0.36666666666666664 0.03125 0.03148148148148148
0 0.6875 0.4148148148148148 0.03125 0.03148148148148148
0 0.6166666666666667 0.41574074074074074 0.03125 0.03148148148148148
0 0.546875 0.41759259259259257 0.03125 0.03148148148148148
0 0.47604166666666664 0.4185185185185185 0.03125 0.03148148148148148
0 0.40625 0.4199074074074074 0.03125 0.03148148148148148
0 0.33541666666666664 0.42083333333333334 0.03125 0.03148148148148148
0 0.265625 0.42314814814814816 0.03125 0.03148148148148148
0 0.6958333333333333 0.475 0.03125 0.03148148148148148
0 0.6229166666666667 0.4759259259259259 0.03125 0.03148148148148148
0 0.55 0.47824074074074074 0.03125 0.03148148148148148
0 0.47708333333333336 0.4791666666666667 0.03125 0.03148148148148148
0 0.403125 0.48009259259259257 0.03125 0.03148148148148148
0 0.3302083333333333 0.4824074074074074 0.03125 0.03148148148148148
0 0.25729166666666664 0.48333333333333334 0.03125 0.03148148148148148
0 0.7052083333333333 0.5407407407407407 0.03125 0.03148148148148148
0 0.6291666666666667 0.5425925925925926 0.03125 0.03148148148148148
0 0.553125 0.5435185185185185 0.03125 0.03148148148148148
0 0.47708333333333336 0.5449074074074074 0.03125 0.03148148148148148
0 0.4010416666666667 0.5467592592592593 0.03125 0.03148148148148148
0 0.32395833333333335 0.5481481481481482 0.03125 0.03148148148148148
0 0.24791666666666667 0.55 0.03125 0.03148148148148148
0 0.7166666666666667 0.6125 0.03125 0.03148148148148148
0 0.6364583333333333 0.6134259259259259 0.03125 0.03148148148148148
0 0.5572916666666666 0.6157407407407407 0.03125 0.03148148148148148
0 0.47708333333333336 0.6166666666666667 0.03125 0.03148148148148148
0 0.39791666666666664 0.6185185185185185 0.03125 0.03148148148148148
0 0.3177083333333333 0.6199074074074075 0.03125 0.03148148148148148
0 0.2375 0.6217592592592592 0.03125 0.03148148148148148
0 0.728125 0.6907407407407408 0.03125 0.03148148148148148
0 0.64375 0.6925925925925925 0.03125 0.03148148148148148
0 0.5604166666666667 0.6935185185185185 0.03125 0.03148148148148148
0 0.47708333333333336 0.6958333333333333 0.03125 0.03148148148148148
0 0.39375 0.6967592592592593 0.03125 0.03148148148148148
0 0.3104166666666667 0.6990740740740741 0.03125 0.03148148148148148
0 0.22708333333333333 0.7 0.03125 0.03148148148148148
0 0.740625 0.7768518518518519 0.03125 0.03148148148148148
0 0.653125 0.7791666666666667 0.03125 0.03148148148148148
0 0.565625 0.7800925925925926 0.03125 0.03148148148148148
0 0.478125 0.7824074074074074 0.03125 0.03148148148148148
0 0.390625 0.7833333333333333 0.03125 0.03148148148148148
0 0.3020833333333333 0.7851851851851852 0.03125 0.03148148148148148
0 0.21458333333333332 0.7875 0.03125 0.03148148148148148