0 0.7260416666666667 0.8291666666666667 0.020833333333333332 0.027777777777777776
0 0.7177083333333333 0.7430555555555556 0.020833333333333332 0.027777777777777776
0 0.7104166666666667 0.6625 0.020833333333333332 0.027777777777777776
0 0.7041666666666667 0.5861111111111111 0.020833333333333332 0.027777777777777776
0 0.6979166666666666 0.5152777777777777 0.020833333333333332 0.027777777777777776
0 0.6916666666666667 0.44722222222222224 0.020833333333333332 0.027777777777777776
0 0.6864583333333333 0.38333333333333336 0.020833333333333332 0.027777777777777776
0 0.6489583333333333 0.8277777777777777 0.020833333333333332 0.027777777777777776
0 0.64375 0.7416666666666667 0.020833333333333332 0.027777777777777776
0 0.6395833333333333 0.6611111111111111 0.020833333333333332 0.027777777777777776
0 0.6354166666666666 0.5847222222222223 0.020833333333333332 0.027777777777777776
0 0.6302083333333334 0.5138888888888888 0.020833333333333332 0.027777777777777776
0 0.6270833333333333 0.44583333333333336 0.020833333333333332 0.027777777777777776
0 0.6229166666666667 0.3819444444444444 0.020833333333333332 0.027777777777777776
0 0.5729166666666666 0.8263888888888888 0.020833333333333332 0.027777777777777776
0 0.5697916666666667 0.7402777777777778 0.020833333333333332 0.027777777777777776
0 0.5677083333333334 0.6597222222222222 0.020833333333333332 0.027777777777777776
0 0.565625 0.5833333333333334 0.020833333333333332 0.027777777777777776
0 0.5635416666666667 0.5125 0.020833333333333332 0.027777777777777776
0 0.5614583333333333 0.4444444444444444 0.020833333333333332 0.027777777777777776
0 0.559375 0.38055555555555554 0.020833333333333332 0.027777777777777776
0 0.49583333333333335 0.825 0.020833333333333332 0.027777777777777776
0 0.49583333333333335 0.7388888888888889 0.020833333333333332 0.027777777777777776
0 0.49583333333333335 0.6583333333333333 0.020833333333333332 0.027777777777777776
0 0.49583333333333335 0.5819444444444445 0.020833333333333332 0.027777777777777776
0 0.49583333333333335 0.5111111111111111 0.020833333333333332 0.027777777777777776
0 0.49583333333333335 0.44305555555555554 0.020833333333333332 0.027777777777777776
0 0.49583333333333335 0.37916666666666665 0.020833333333333332 0.027777777777777776
0 0.4197916666666667 0.8236111111111111 0.020833333333333332 0.027777777777777776
0 0.421875 0.7375 0.020833333333333332 0.027777777777777776
0 0.4239583333333333 0.6569444444444444 0.020833333333333332 0.027777777777777776
0 0.42604166666666665 0.5805555555555556 0.020833333333333332 0.027777777777777776
0 0.428125 0.5097222222222222 0.020833333333333332 0.027777777777777776
0 0.43020833333333336 0.44166666666666665 0.020833333333333332 0.027777777777777776
0 0.43125 0.37777777777777777 0.020833333333333332 0.027777777777777776
0 0.34270833333333334 0.8222222222222222 0.020833333333333332 0.027777777777777776
0 0.34791666666666665 0.7361111111111112 0.020833333333333332 0.027777777777777776
0 0.35208333333333336 0.6555555555555556 0.020833333333333332 0.027777777777777776
0 0.35625 0.5791666666666667 0.020833333333333332 0.027777777777777776
0 0.36041666666666666 0.5069444444444444 0.020833333333333332 0.027777777777777776
0 0.3645833333333333 0.44027777777777777 0.020833333333333332 0.027777777777777776
0 0.36770833333333336 0.3763888888888889 0.020833333333333332 0.027777777777777776
0 0.26666666666666666 0.8208333333333333 0.020833333333333332 0.027777777777777776
0 0.27395833333333336 0.7347222222222223 0.020833333333333332 0.027777777777777776
0 0.28020833333333334 0.6541666666666667 0.020833333333333332 0.027777777777777776
0 0.2864583333333333 0.5777777777777777 0.020833333333333332 0.027777777777777776
0 0.29270833333333335 0.5055555555555555 0.020833333333333332 0.027777777777777776
0 0.2989583333333333 0.4388888888888889 0.020833333333333332 0.027777777777777776
0 0.30416666666666664 0.375 0.020833333333333332 0.027777777777777776