0 0.653125 0.17777777777777778 0.025 0.03333333333333333
0 0.5875 0.18055555555555555 0.025 0.03333333333333333
0 0.521875 0.18333333333333332 0.025 0.03333333333333333
0 0.45416666666666666 0.1875 0.025 0.03333333333333333
0 0.38645833333333335 0.19166666666666668 0.025 0.03333333333333333
0 0.3177083333333333 0.19444444444444445 0.025 0.03333333333333333
0 0.246875 0.1986111111111111 0.025 0.03333333333333333
0 0.6677083333333333 0.2388888888888889 0.025 0.03333333333333333
0 0.5989583333333334 0.24305555555555555 0.025 0.03333333333333333
0 0.5302083333333333 0.24722222222222223 0.025 0.03333333333333333
0 0.459375 0.2513888888888889 0.025 0.03333333333333333
0 0.3885416666666667 0.25555555555555554 0.025 0.03333333333333333
0 0.315625 0.25972222222222224 0.025 0.03333333333333333
0 0.24270833333333333 0.2638888888888889 0.025 0.03333333333333333
0 0.684375 0.30694444444444446 0.025 0.03333333333333333
0 0.6125 0.3125 0.025 0.03333333333333333
0 0.5395833333333333 0.31666666666666665 0.025 0.03333333333333333
0 0.465625 0.32222222222222224 0.025 0.03333333333333333
0 0.390625 0.3263888888888889 0.025 0.03333333333333333
0 0.3145833333333333 0.33194444444444443 0.025 0.03333333333333333
0 0.23645833333333333 0.3375 0.025 0.03333333333333333
0 0.7020833333333333 0.38333333333333336 0.025 0.03333333333333333
0 0.6270833333333333 0.3888888888888889 0.025 0.03333333333333333
0 0.55 0.39444444444444443 0.025 0.03333333333333333
0 0.47291666666666665 0.4 0.025 0.03333333333333333
0 0.3927083333333333 0.40694444444444444 0.025 0.03333333333333333
0 0.3125 0.4125 0.025 0.03333333333333333
0 0.23020833333333332 0.41805555555555557 0.025 0.03333333333333333
0 0.7229166666666667 0.4666666666666667 0.025 0.03333333333333333
0 0.6427083333333333 0.4736111111111111 0.025 0.03333333333333333
0 0.5625 0.48055555555555557 0.025 0.03333333333333333
0 0.48020833333333335 0.4875 0.025 0.03333333333333333
0 0.3958333333333333 0.49444444444444446 0.025 0.03333333333333333
0 0.3104166666666667 0.5027777777777778 0.025 0.03333333333333333
0 0.22395833333333334 0.5097222222222222 0.025 0.03333333333333333
0 0.7458333333333333 0.5625 0.025 0.03333333333333333
0 0.6614583333333334 0.5694444444444444 0.025 0.03333333333333333
0 0.5760416666666667 0.5777777777777777 0.025 0.03333333333333333
0 0.48854166666666665 0.5861111111111111 0.025 0.03333333333333333
0 0.39895833333333336 0.5944444444444444 0.025 0.03333333333333333
0 0.30833333333333335 0.6041666666666666 0.025 0.03333333333333333
0 0.215625 0.6125 0.025 0.03333333333333333
0 0.7708333333333334 0.6680555555555555 0.025 0.03333333333333333
0 0.6822916666666666 0.6777777777777778 0.025 0.03333333333333333
0 0.590625 0.6875 0.025 0.03333333333333333
0 0.4979166666666667 0.6986111111111111 0.025 0.03333333333333333
0 0.403125 0.7083333333333334 0.025 0.03333333333333333
0 0.30625 0.7180555555555556 0.025 0.03333333333333333
0 0.20729166666666668 0.7291666666666666 0.025 0.03333333333333333