0 0.290625 0.6680555555555555 0.020833333333333332 0.027777777777777776
0 0.36770833333333336 0.6638888888888889 0.020833333333333332 0.027777777777777776
0 0.446875 0.6597222222222222 0.020833333333333332 0.027777777777777776
0 0.5270833333333333 0.6555555555555556 0.020833333333333332 0.027777777777777776
0 0.609375 0.6513888888888889 0.020833333333333332 0.027777777777777776
0 0.6927083333333334 0.6472222222222223 0.020833333333333332 0.027777777777777776
0 0.7791666666666667 0.6430555555555556 0.020833333333333332 0.027777777777777776
0 0.30104166666666665 0.575 0.020833333333333332 0.027777777777777776
0 0.375 0.5708333333333333 0.020833333333333332 0.027777777777777776
0 0.45 0.5666666666666667 0.020833333333333332 0.027777777777777776
0 0.5270833333333333 0.5611111111111111 0.020833333333333332 0.027777777777777776
0 0.6052083333333333 0.5569444444444445 0.020833333333333332 0.027777777777777776
0 0.6854166666666667 0.5513888888888889 0.020833333333333332 0.027777777777777776
0 0.7666666666666667 0.5458333333333333 0.020833333333333332 0.027777777777777776
0 0.3104166666666667 0.49166666666666664 0.020833333333333332 0.027777777777777776
0 0.38125 0.4861111111111111 0.020833333333333332 0.027777777777777776
0 0.453125 0.48055555555555557 0.020833333333333332 0.027777777777777776
0 0.5270833333333333 0.475 0.020833333333333332 0.027777777777777776
0 0.6010416666666667 0.46944444444444444 0.020833333333333332 0.027777777777777776
0 0.6770833333333334 0.4638888888888889 0.020833333333333332 0.027777777777777776
0 0.7552083333333334 0.4583333333333333 0.020833333333333332 0.027777777777777776
0 0.31979166666666664 0.41388888888888886 0.020833333333333332 0.027777777777777776
0 0.3875 0.4083333333333333 0.020833333333333332 0.027777777777777776
0 0.45625 0.4027777777777778 0.020833333333333332 0.027777777777777776
0 0.5270833333333333 0.3972222222222222 0.020833333333333332 0.027777777777777776
0 0.5979166666666667 0.3902777777777778 0.020833333333333332 0.027777777777777776
0 0.6708333333333333 0.38472222222222224 0.020833333333333332 0.027777777777777776
0 0.7447916666666666 0.37916666666666665 0.020833333333333332 0.027777777777777776
0 0.328125 0.34305555555555556 0.020833333333333332 0.027777777777777776
0 0.3927083333333333 0.3375 0.020833333333333332 0.027777777777777776
0 0.459375 0.33055555555555555 0.020833333333333332 0.027777777777777776
0 0.5270833333333333 0.325 0.020833333333333332 0.027777777777777776
0 0.5947916666666667 0.31805555555555554 0.020833333333333332 0.027777777777777776
0 0.6645833333333333 0.3125 0.020833333333333332 0.027777777777777776
0 0.7354166666666667 0.3055555555555556 0.020833333333333332 0.027777777777777776
0 0.33541666666666664 0.2777777777777778 0.020833333333333332 0.027777777777777776
0 0.39791666666666664 0.2708333333333333 0.020833333333333332 0.027777777777777776
0 0.46145833333333336 0.2652777777777778 0.020833333333333332 0.027777777777777776
0 0.5260416666666666 0.25833333333333336 0.020833333333333332 0.027777777777777776
0 0.5927083333333333 0.2513888888888889 0.020833333333333332 0.027777777777777776
0 0.659375 0.24583333333333332 0.020833333333333332 0.027777777777777776
0 0.7270833333333333 0.2388888888888889 0.020833333333333332 0.027777777777777776
0 0.34270833333333334 0.21666666666666667 0.020833333333333332 0.027777777777777776
0 0.403125 0.2111111111111111 0.020833333333333332 0.027777777777777776
0 0.46458333333333335 0.20416666666666666 0.020833333333333332 0.027777777777777776
0 0.5260416666666666 0.19722222222222222 0.020833333333333332 0.027777777777777776
0 0.5895833333333333 0.19027777777777777 0.020833333333333332 0.027777777777777776
0 0.6541666666666667 0.18333333333333332 0.020833333333333332 0.027777777777777776
0 0.71875 0.1763888888888889 0.020833333333333332 0.027777777777777776