0 0.6947916666666667 0.15694444444444444 0.025 0.03333333333333333
0 0.6270833333333333 0.15833333333333333 0.025 0.03333333333333333
0 0.5583333333333333 0.16111111111111112 0.025 0.03333333333333333
0 0.4895833333333333 0.1625 0.025 0.03333333333333333
0 0.42083333333333334 0.1638888888888889 0.025 0.03333333333333333
0 0.353125 0.16666666666666666 0.025 0.03333333333333333
0 0.284375 0.16805555555555557 0.025 0.03333333333333333
0 0.7052083333333333 0.2222222222222222 0.025 0.03333333333333333
0 0.6333333333333333 0.22361111111111112 0.025 0.03333333333333333
0 0.5614583333333333 0.2263888888888889 0.025 0.03333333333333333
0 0.490625 0.22777777777777777 0.025 0.03333333333333333
0 0.41875 0.22916666666666666 0.025 0.03333333333333333
0 0.346875 0.23194444444444445 0.025 0.03333333333333333
0 0.2760416666666667 0.23333333333333334 0.025 0.03333333333333333
0 0.7166666666666667 0.29444444444444445 0.025 0.03333333333333333
0 0.6416666666666667 0.29583333333333334 0.025 0.03333333333333333
0 0.565625 0.2972222222222222 0.025 0.03333333333333333
0 0.490625 0.3 0.025 0.03333333333333333
0 0.415625 0.3013888888888889 0.025 0.03333333333333333
0 0.340625 0.30416666666666664 0.025 0.03333333333333333
0 0.265625 0.3055555555555556 0.025 0.03333333333333333
0 0.7291666666666666 0.37222222222222223 0.025 0.03333333333333333
0 0.65 0.375 0.025 0.03333333333333333
0 0.5708333333333333 0.3763888888888889 0.025 0.03333333333333333
0 0.49166666666666664 0.37916666666666665 0.025 0.03333333333333333
0 0.4125 0.38055555555555554 0.025 0.03333333333333333
0 0.3333333333333333 0.38333333333333336 0.025 0.03333333333333333
0 0.2552083333333333 0.38472222222222224 0.025 0.03333333333333333
0 0.7427083333333333 0.4597222222222222 0.025 0.03333333333333333
0 0.659375 0.4625 0.025 0.03333333333333333
0 0.5760416666666667 0.4638888888888889 0.025 0.03333333333333333
0 0.49270833333333336 0.4666666666666667 0.025 0.03333333333333333
0 0.409375 0.46805555555555556 0.025 0.03333333333333333
0 0.3260416666666667 0.4708333333333333 0.025 0.03333333333333333
0 0.24270833333333333 0.4722222222222222 0.025 0.03333333333333333
0 0.7572916666666667 0.5583333333333333 0.025 0.03333333333333333
0 0.6697916666666667 0.5597222222222222 0.025 0.03333333333333333
0 0.58125 0.5625 0.025 0.03333333333333333
0 0.49375 0.5638888888888889 0.025 0.03333333333333333
0 0.40520833333333334 0.5666666666666667 0.025 0.03333333333333333
0 0.3177083333333333 0.5680555555555555 0.025 0.03333333333333333
0 0.23020833333333332 0.5708333333333333 0.025 0.03333333333333333
0 0.775 0.6666666666666666 0.025 0.03333333333333333
0 0.68125 0.6694444444444444 0.025 0.03333333333333333
0 0.5875 0.6708333333333333 0.025 0.03333333333333333
0 0.49375 0.6736111111111112 0.025 0.03333333333333333
0 0.4010416666666667 0.6763888888888889 0.025 0.03333333333333333
0 0.3072916666666667 0.6777777777777778 0.025 0.03333333333333333
0 0.21458333333333332 0.6805555555555556 0.025 0.03333333333333333