0 0.70625 0.16064814814814815 0.022916666666666665 0.03425925925925926
0 0.6302083333333334 0.16064814814814815 0.022916666666666665 0.03425925925925926
0 0.5541666666666667 0.16064814814814815 0.022916666666666665 0.03425925925925926
0 0.478125 0.1587962962962963 0.022916666666666665 0.03425925925925926
0 0.4010416666666667 0.1587962962962963 0.022916666666666665 0.03425925925925926
0 0.3229166666666667 0.1587962962962963 0.022916666666666665 0.03425925925925926
0 0.24583333333333332 0.1574074074074074 0.022916666666666665 0.03425925925925926
0 0.7177083333333333 0.2412037037037037 0.022916666666666665 0.03425925925925926
0 0.6395833333333333 0.23981481481481481 0.022916666666666665 0.03425925925925926
0 0.5604166666666667 0.23981481481481481 0.022916666666666665 0.03425925925925926
0 0.48020833333333335 0.23981481481481481 0.022916666666666665 0.03425925925925926
0 0.4010416666666667 0.23981481481481481 0.022916666666666665 0.03425925925925926
0 0.32083333333333336 0.23981481481481481 0.022916666666666665 0.03425925925925926
0 0.23958333333333334 0.23981481481481481 0.022916666666666665 0.03425925925925926
0 0.7302083333333333 0.32731481481481484 0.022916666666666665 0.03425925925925926
0 0.6489583333333333 0.32731481481481484 0.022916666666666665 0.03425925925925926
0 0.5666666666666667 0.32731481481481484 0.022916666666666665 0.03425925925925926
0 0.484375 0.32731481481481484 0.022916666666666665 0.03425925925925926
0 0.4010416666666667 0.32731481481481484 0.022916666666666665 0.03425925925925926
0 0.3177083333333333 0.32731481481481484 0.022916666666666665 0.03425925925925926
0 0.234375 0.32731481481481484 0.022916666666666665 0.03425925925925926
0 0.74375 0.4203703703703704 0.022916666666666665 0.03425925925925926
0 0.6583333333333333 0.4203703703703704 0.022916666666666665 0.03425925925925926
0 0.5729166666666666 0.4203703703703704 0.022916666666666665 0.03425925925925926
0 0.4875 0.4203703703703704 0.022916666666666665 0.03425925925925926
0 0.4010416666666667 0.4203703703703704 0.022916666666666665 0.03425925925925926
0 0.3145833333333333 0.4222222222222222 0.022916666666666665 0.03425925925925926
0 0.22708333333333333 0.4222222222222222 0.022916666666666665 0.03425925925925926
0 0.7572916666666667 0.5203703703703704 0.022916666666666665 0.03425925925925926
0 0.6697916666666667 0.5217592592592593 0.022916666666666665 0.03425925925925926
0 0.58125 0.5217592592592593 0.022916666666666665 0.03425925925925926
0 0.49166666666666664 0.5217592592592593 0.022916666666666665 0.03425925925925926
0 0.40208333333333335 0.5231481481481481 0.022916666666666665 0.03425925925925926
0 0.31145833333333334 0.5231481481481481 0.022916666666666665 0.03425925925925926
0 0.22083333333333333 0.5231481481481481 0.022916666666666665 0.03425925925925926
0 0.7729166666666667 0.6310185185185185 0.022916666666666665 0.03425925925925926
0 0.68125 0.6310185185185185 0.022916666666666665 0.03425925925925926
0 0.5885416666666666 0.6324074074074074 0.022916666666666665 0.03425925925925926
0 0.49583333333333335 0.6324074074074074 0.022916666666666665 0.03425925925925926
0 0.40208333333333335 0.6337962962962963 0.022916666666666665 0.03425925925925926
0 0.30833333333333335 0.6337962962962963 0.022916666666666665 0.03425925925925926
0 0.21354166666666666 0.6356481481481482 0.022916666666666665 0.03425925925925926
0 0.790625 0.7490740740740741 0.022916666666666665 0.03425925925925926
0 0.69375 0.7509259259259259 0.022916666666666665 0.03425925925925926
0 0.5979166666666667 0.7523148148148148 0.022916666666666665 0.03425925925925926
0 0.5 0.7537037037037037 0.022916666666666665 0.03425925925925926
0 0.40208333333333335 0.7537037037037037 0.022916666666666665 0.03425925925925926
0 0.30416666666666664 0.7555555555555555 0.022916666666666665 0.03425925925925926
0 0.20520833333333333 0.7569444444444444 0.022916666666666665 0.03425925925925926