0 0.3385416666666667 0.39305555555555555 0.01875 0.025
0 0.33229166666666665 0.45 0.01875 0.025
0 0.32708333333333334 0.5097222222222222 0.01875 0.025
0 0.32083333333333336 0.5736111111111111 0.01875 0.025
0 0.31354166666666666 0.6416666666666667 0.01875 0.025
0 0.30625 0.7152777777777778 0.01875 0.025
0 0.2989583333333333 0.7930555555555555 0.01875 0.025
0 0.39895833333333336 0.39444444444444443 0.01875 0.025
0 0.3958333333333333 0.45 0.01875 0.025
0 0.39166666666666666 0.5111111111111111 0.01875 0.025
0 0.3875 0.575 0.01875 0.025
0 0.38229166666666664 0.6430555555555556 0.01875 0.025
0 0.378125 0.7152777777777778 0.01875 0.025
0 0.3729166666666667 0.7930555555555555 0.01875 0.025
0 0.46041666666666664 0.39444444444444443 0.01875 0.025
0 0.4583333333333333 0.4513888888888889 0.01875 0.025
0 0.45625 0.5111111111111111 0.01875 0.025
0 0.45416666666666666 0.5763888888888888 0.01875 0.025
0 0.45208333333333334 0.6444444444444445 0.01875 0.025
0 0.44895833333333335 0.7166666666666667 0.01875 0.025
0 0.446875 0.7944444444444444 0.01875 0.025
0 0.521875 0.3958333333333333 0.01875 0.025
0 0.521875 0.4527777777777778 0.01875 0.025
0 0.5208333333333334 0.5125 0.01875 0.025
0 0.5208333333333334 0.5763888888888888 0.01875 0.025
0 0.5208333333333334 0.6444444444444445 0.01875 0.025
0 0.5208333333333334 0.7180555555555556 0.01875 0.025
0 0.5208333333333334 0.7958333333333333 0.01875 0.025
0 0.5822916666666667 0.3972222222222222 0.01875 0.025
0 0.584375 0.45416666666666666 0.01875 0.025
0 0.5864583333333333 0.5138888888888888 0.01875 0.025
0 0.5875 0.5777777777777777 0.01875 0.025
0 0.5895833333333333 0.6458333333333334 0.01875 0.025
0 0.5916666666666667 0.7194444444444444 0.01875 0.025
0 0.5947916666666667 0.7972222222222223 0.01875 0.025
0 0.64375 0.3972222222222222 0.01875 0.025
0 0.646875 0.45416666666666666 0.01875 0.025
0 0.6510416666666666 0.5152777777777777 0.01875 0.025
0 0.6552083333333333 0.5791666666666667 0.01875 0.025
0 0.659375 0.6472222222222223 0.01875 0.025
0 0.6635416666666667 0.7208333333333333 0.01875 0.025
0 0.66875 0.7986111111111112 0.01875 0.025
0 0.7052083333333333 0.39861111111111114 0.01875 0.025
0 0.7104166666666667 0.45555555555555555 0.01875 0.025
0 0.715625 0.5152777777777777 0.01875 0.025
0 0.721875 0.5805555555555556 0.01875 0.025
0 0.728125 0.6486111111111111 0.01875 0.025
0 0.7354166666666667 0.7208333333333333 0.01875 0.025
0 0.7427083333333333 0.8 0.01875 0.025