0 0.3072916666666667 0.6430555555555556 0.020833333333333332 0.027777777777777776
0 0.384375 0.6416666666666667 0.020833333333333332 0.027777777777777776
0 0.46145833333333336 0.6402777777777777 0.020833333333333332 0.027777777777777776
0 0.5385416666666667 0.6402777777777777 0.020833333333333332 0.027777777777777776
0 0.615625 0.6388888888888888 0.020833333333333332 0.027777777777777776
0 0.69375 0.6375 0.020833333333333332 0.027777777777777776
0 0.7708333333333334 0.6361111111111111 0.020833333333333332 0.027777777777777776
0 0.31666666666666665 0.5541666666666667 0.020833333333333332 0.027777777777777776
0 0.38958333333333334 0.5527777777777778 0.020833333333333332 0.027777777777777776
0 0.4635416666666667 0.5513888888888889 0.020833333333333332 0.027777777777777776
0 0.5375 0.5513888888888889 0.020833333333333332 0.027777777777777776
0 0.6114583333333333 0.55 0.020833333333333332 0.027777777777777776
0 0.6854166666666667 0.5486111111111112 0.020833333333333332 0.027777777777777776
0 0.759375 0.5472222222222223 0.020833333333333332 0.027777777777777776
0 0.325 0.4736111111111111 0.020833333333333332 0.027777777777777776
0 0.3958333333333333 0.4722222222222222 0.020833333333333332 0.027777777777777776
0 0.465625 0.4708333333333333 0.020833333333333332 0.027777777777777776
0 0.5364583333333334 0.46944444444444444 0.020833333333333332 0.027777777777777776
0 0.6072916666666667 0.46805555555555556 0.020833333333333332 0.027777777777777776
0 0.6770833333333334 0.4666666666666667 0.020833333333333332 0.027777777777777776
0 0.7479166666666667 0.4666666666666667 0.020833333333333332 0.027777777777777776
0 0.3333333333333333 0.39861111111111114 0.020833333333333332 0.027777777777777776
0 0.4 0.3972222222222222 0.020833333333333332 0.027777777777777776
0 0.46770833333333334 0.3958333333333333 0.020833333333333332 0.027777777777777776
0 0.5354166666666667 0.3958333333333333 0.020833333333333332 0.027777777777777776
0 0.603125 0.39444444444444443 0.020833333333333332 0.027777777777777776
0 0.6708333333333333 0.39305555555555555 0.020833333333333332 0.027777777777777776
0 0.7385416666666667 0.39166666666666666 0.020833333333333332 0.027777777777777776
0 0.33958333333333335 0.33055555555555555 0.020833333333333332 0.027777777777777776
0 0.40520833333333334 0.32916666666666666 0.020833333333333332 0.027777777777777776
0 0.46979166666666666 0.3277777777777778 0.020833333333333332 0.027777777777777776
0 0.534375 0.3263888888888889 0.020833333333333332 0.027777777777777776
0 0.5989583333333334 0.3263888888888889 0.020833333333333332 0.027777777777777776
0 0.6645833333333333 0.325 0.020833333333333332 0.027777777777777776
0 0.7291666666666666 0.3236111111111111 0.020833333333333332 0.027777777777777776
0 0.346875 0.26666666666666666 0.020833333333333332 0.027777777777777776
0 0.409375 0.26666666666666666 0.020833333333333332 0.027777777777777776
0 0.4708333333333333 0.2652777777777778 0.020833333333333332 0.027777777777777776
0 0.5333333333333333 0.2638888888888889 0.020833333333333332 0.027777777777777776
0 0.5958333333333333 0.2625 0.020833333333333332 0.027777777777777776
0 0.6583333333333333 0.2625 0.020833333333333332 0.027777777777777776
0 0.7208333333333333 0.2611111111111111 0.020833333333333332 0.027777777777777776
0 0.353125 0.20833333333333334 0.020833333333333332 0.027777777777777776
0 0.4125 0.20833333333333334 0.020833333333333332 0.027777777777777776
0 0.47291666666666665 0.20694444444444443 0.020833333333333332 0.027777777777777776
0 0.5322916666666667 0.20555555555555555 0.020833333333333332 0.027777777777777776
0 0.5927083333333333 0.20416666666666666 0.020833333333333332 0.027777777777777776
0 0.653125 0.20416666666666666 0.020833333333333332 0.027777777777777776
0 0.7125 0.20277777777777778 0.020833333333333332 0.027777777777777776