0 0.30416666666666664 0.375 0.020833333333333332 0.027777777777777776
0 0.2989583333333333 0.4388888888888889 0.020833333333333332 0.027777777777777776
0 0.29270833333333335 0.5069444444444444 0.020833333333333332 0.027777777777777776
0 0.2875 0.5791666666666667 0.020833333333333332 0.027777777777777776
0 0.28125 0.6555555555555556 0.020833333333333332 0.027777777777777776
0 0.27395833333333336 0.7375 0.020833333333333332 0.027777777777777776
0 0.26666666666666666 0.825 0.020833333333333332 0.027777777777777776
0 0.36875 0.3763888888888889 0.020833333333333332 0.027777777777777776
0 0.3645833333333333 0.44027777777777777 0.020833333333333332 0.027777777777777776
0 0.3614583333333333 0.5083333333333333 0.020833333333333332 0.027777777777777776
0 0.3572916666666667 0.5791666666666667 0.020833333333333332 0.027777777777777776
0 0.353125 0.6569444444444444 0.020833333333333332 0.027777777777777776
0 0.3489583333333333 0.7375 0.020833333333333332 0.027777777777777776
0 0.34375 0.825 0.020833333333333332 0.027777777777777776
0 0.4322916666666667 0.3763888888888889 0.020833333333333332 0.027777777777777776
0 0.43020833333333336 0.44027777777777777 0.020833333333333332 0.027777777777777776
0 0.42916666666666664 0.5083333333333333 0.020833333333333332 0.027777777777777776
0 0.4270833333333333 0.5805555555555556 0.020833333333333332 0.027777777777777776
0 0.425 0.6569444444444444 0.020833333333333332 0.027777777777777776
0 0.42291666666666666 0.7388888888888889 0.020833333333333332 0.027777777777777776
0 0.42083333333333334 0.825 0.020833333333333332 0.027777777777777776
0 0.49583333333333335 0.37777777777777777 0.020833333333333332 0.027777777777777776
0 0.49583333333333335 0.44166666666666665 0.020833333333333332 0.027777777777777776
0 0.496875 0.5097222222222222 0.020833333333333332 0.027777777777777776
0 0.496875 0.5819444444444445 0.020833333333333332 0.027777777777777776
0 0.496875 0.6583333333333333 0.020833333333333332 0.027777777777777776
0 0.496875 0.7388888888888889 0.020833333333333332 0.027777777777777776
0 0.4979166666666667 0.8263888888888888 0.020833333333333332 0.027777777777777776
0 0.559375 0.37916666666666665 0.020833333333333332 0.027777777777777776
0 0.5614583333333333 0.44305555555555554 0.020833333333333332 0.027777777777777776
0 0.5645833333333333 0.5097222222222222 0.020833333333333332 0.027777777777777776
0 0.5666666666666667 0.5819444444444445 0.020833333333333332 0.027777777777777776
0 0.56875 0.6583333333333333 0.020833333333333332 0.027777777777777776
0 0.571875 0.7402777777777778 0.020833333333333332 0.027777777777777776
0 0.5739583333333333 0.8263888888888888 0.020833333333333332 0.027777777777777776
0 0.6239583333333333 0.37916666666666665 0.020833333333333332 0.027777777777777776
0 0.6270833333333333 0.44305555555555554 0.020833333333333332 0.027777777777777776
0 0.63125 0.5111111111111111 0.020833333333333332 0.027777777777777776
0 0.6354166666666666 0.5833333333333334 0.020833333333333332 0.027777777777777776
0 0.640625 0.6597222222222222 0.020833333333333332 0.027777777777777776
0 0.6458333333333334 0.7402777777777778 0.020833333333333332 0.027777777777777776
0 0.6510416666666666 0.8277777777777777 0.020833333333333332 0.027777777777777776
0 0.6864583333333333 0.38055555555555554 0.020833333333333332 0.027777777777777776
0 0.6927083333333334 0.4444444444444444 0.020833333333333332 0.027777777777777776
0 0.6989583333333333 0.5125 0.020833333333333332 0.027777777777777776
0 0.7052083333333333 0.5833333333333334 0.020833333333333332 0.027777777777777776
0 0.7114583333333333 0.6597222222222222 0.020833333333333332 0.027777777777777776
0 0.71875 0.7416666666666667 0.020833333333333332 0.027777777777777776
0 0.7270833333333333 0.8277777777777777 0.020833333333333332 0.027777777777777776