0 0.30833333333333335 0.6472222222222223 0.020833333333333332 0.027777777777777776
0 0.38229166666666664 0.6472222222222223 0.020833333333333332 0.027777777777777776
0 0.4583333333333333 0.6486111111111111 0.020833333333333332 0.027777777777777776
0 0.534375 0.6486111111111111 0.020833333333333332 0.027777777777777776
0 0.6104166666666667 0.65 0.020833333333333332 0.027777777777777776
0 0.6885416666666667 0.65 0.020833333333333332 0.027777777777777776
0 0.7666666666666667 0.65 0.020833333333333332 0.027777777777777776
0 0.31875 0.5611111111111111 0.020833333333333332 0.027777777777777776
0 0.38958333333333334 0.5611111111111111 0.020833333333333332 0.027777777777777776
0 0.46145833333333336 0.5611111111111111 0.020833333333333332 0.027777777777777776
0 0.534375 0.5611111111111111 0.020833333333333332 0.027777777777777776
0 0.6072916666666667 0.5611111111111111 0.020833333333333332 0.027777777777777776
0 0.6802083333333333 0.5611111111111111 0.020833333333333332 0.027777777777777776
0 0.7552083333333334 0.5611111111111111 0.020833333333333332 0.027777777777777776
0 0.328125 0.48194444444444445 0.020833333333333332 0.027777777777777776
0 0.396875 0.48055555555555557 0.020833333333333332 0.027777777777777776
0 0.46458333333333335 0.48055555555555557 0.020833333333333332 0.027777777777777776
0 0.534375 0.48055555555555557 0.020833333333333332 0.027777777777777776
0 0.603125 0.48055555555555557 0.020833333333333332 0.027777777777777776
0 0.6739583333333333 0.48055555555555557 0.020833333333333332 0.027777777777777776
0 0.7447916666666666 0.48055555555555557 0.020833333333333332 0.027777777777777776
0 0.3375 0.4097222222222222 0.020833333333333332 0.027777777777777776
0 0.40208333333333335 0.4083333333333333 0.020833333333333332 0.027777777777777776
0 0.46770833333333334 0.4083333333333333 0.020833333333333332 0.027777777777777776
0 0.534375 0.4083333333333333 0.020833333333333332 0.027777777777777776
0 0.6 0.40694444444444444 0.020833333333333332 0.027777777777777776
0 0.6677083333333333 0.40694444444444444 0.020833333333333332 0.027777777777777776
0 0.7354166666666667 0.40555555555555556 0.020833333333333332 0.027777777777777776
0 0.3458333333333333 0.34305555555555556 0.020833333333333332 0.027777777777777776
0 0.4083333333333333 0.34305555555555556 0.020833333333333332 0.027777777777777776
0 0.4708333333333333 0.3416666666666667 0.020833333333333332 0.027777777777777776
0 0.5333333333333333 0.3416666666666667 0.020833333333333332 0.027777777777777776
0 0.5979166666666667 0.3402777777777778 0.020833333333333332 0.027777777777777776
0 0.6614583333333334 0.3388888888888889 0.020833333333333332 0.027777777777777776
0 0.7260416666666667 0.3388888888888889 0.020833333333333332 0.027777777777777776
0 0.353125 0.28194444444444444 0.020833333333333332 0.027777777777777776
0 0.4125 0.28194444444444444 0.020833333333333332 0.027777777777777776
0 0.47291666666666665 0.28055555555555556 0.020833333333333332 0.027777777777777776
0 0.5333333333333333 0.2791666666666667 0.020833333333333332 0.027777777777777776
0 0.5947916666666667 0.2791666666666667 0.020833333333333332 0.027777777777777776
0 0.65625 0.2777777777777778 0.020833333333333332 0.027777777777777776
0 0.71875 0.2763888888888889 0.020833333333333332 0.027777777777777776
0 0.36041666666666666 0.2263888888888889 0.020833333333333332 0.027777777777777776
0 0.41770833333333335 0.225 0.020833333333333332 0.027777777777777776
0 0.475 0.22361111111111112 0.020833333333333332 0.027777777777777776
0 0.5333333333333333 0.22361111111111112 0.020833333333333332 0.027777777777777776
0 0.5927083333333333 0.2222222222222222 0.020833333333333332 0.027777777777777776
0 0.6510416666666666 0.22083333333333333 0.020833333333333332 0.027777777777777776
0 0.7114583333333333 0.21944444444444444 0.020833333333333332 0.027777777777777776