0 0.20625 0.6407407407407407 0.03125 0.03148148148148148
0 0.296875 0.6509259259259259 0.03125 0.03148148148148148
0 0.3885416666666667 0.6625 0.03125 0.03148148148148148
0 0.48125 0.6731481481481482 0.03125 0.03148148148148148
0 0.575 0.6842592592592592 0.03125 0.03148148148148148
0 0.66875 0.6949074074074074 0.03125 0.03148148148148148
0 0.7645833333333333 0.7064814814814815 0.03125 0.03148148148148148
0 0.22708333333333333 0.5532407407407407 0.03125 0.03148148148148148
0 0.3145833333333333 0.5625 0.03125 0.03148148148148148
0 0.4041666666666667 0.5731481481481482 0.03125 0.03148148148148148
0 0.49375 0.5824074074074074 0.03125 0.03148148148148148
0 0.584375 0.5925925925925926 0.03125 0.03148148148148148
0 0.6760416666666667 0.6032407407407407 0.03125 0.03148148148148148
0 0.76875 0.6134259259259259 0.03125 0.03148148148148148
0 0.24583333333333332 0.4699074074074074 0.03125 0.03148148148148148
0 0.33229166666666665 0.4791666666666667 0.03125 0.03148148148148148
0 0.41875 0.48842592592592593 0.03125 0.03148148148148148
0 0.50625 0.4981481481481482 0.03125 0.03148148148148148
0 0.59375 0.5074074074074074 0.03125 0.03148148148148148
0 0.6833333333333333 0.5166666666666667 0.03125 0.03148148148148148
0 0.7729166666666667 0.5259259259259259 0.03125 0.03148148148148148
0 0.26458333333333334 0.3907407407407407 0.03125 0.03148148148148148
0 0.34791666666666665 0.4 0.03125 0.03148148148148148
0 0.4322916666666667 0.4083333333333333 0.03125 0.03148148148148148
0 0.5166666666666667 0.4166666666666667 0.03125 0.03148148148148148
0 0.603125 0.42592592592592593 0.03125 0.03148148148148148
0 0.6895833333333333 0.43425925925925923 0.03125 0.03148148148148148
0 0.7770833333333333 0.44351851851851853 0.03125 0.03148148148148148
0 0.28229166666666666 0.31666666666666665 0.03125 0.03148148148148148
0 0.36354166666666665 0.325 0.03125 0.03148148148148148
0 0.44479166666666664 0.3333333333333333 0.03125 0.03148148148148148
0 0.528125 0.34074074074074073 0.03125 0.03148148148148148
0 0.6114583333333333 0.3490740740740741 0.03125 0.03148148148148148
0 0.6958333333333333 0.3574074074074074 0.03125 0.03148148148148148
0 0.7802083333333333 0.36574074074074076 0.03125 0.03148148148148148
0 0.29791666666666666 0.24675925925925926 0.03125 0.03148148148148148
0 0.3770833333333333 0.25416666666666665 0.03125 0.03148148148148148
0 0.45729166666666665 0.26157407407407407 0.03125 0.03148148148148148
0 0.5375 0.26851851851851855 0.03125 0.03148148148148148
0 0.61875 0.27685185185185185 0.03125 0.03148148148148148
0 0.7010416666666667 0.28425925925925927 0.03125 0.03148148148148148
0 0.7833333333333333 0.29259259259259257 0.03125 0.03148148148148148
0 0.31354166666666666 0.17916666666666667 0.03125 0.03148148148148148
0 0.390625 0.1865740740740741 0.03125 0.03148148148148148
0 0.46875 0.1935185185185185 0.03125 0.03148148148148148
0 0.546875 0.20092592592592592 0.03125 0.03148148148148148
0 0.6260416666666667 0.20833333333333334 0.03125 0.03148148148148148
0 0.70625 0.21574074074074073 0.03125 0.03148148148148148
0 0.7864583333333334 0.22314814814814815 0.03125 0.03148148148148148