0 0.284375 0.6694444444444444 0.020833333333333332 0.027777777777777776
0 0.3625 0.6666666666666666 0.020833333333333332 0.027777777777777776
0 0.44166666666666665 0.6638888888888889 0.020833333333333332 0.027777777777777776
0 0.5229166666666667 0.6611111111111111 0.020833333333333332 0.027777777777777776
0 0.60625 0.6597222222222222 0.020833333333333332 0.027777777777777776
0 0.690625 0.6569444444444444 0.020833333333333332 0.027777777777777776
0 0.7760416666666666 0.6541666666666667 0.020833333333333332 0.027777777777777776
0 0.29583333333333334 0.5763888888888888 0.020833333333333332 0.027777777777777776
0 0.37083333333333335 0.5736111111111111 0.020833333333333332 0.027777777777777776
0 0.44583333333333336 0.5708333333333333 0.020833333333333332 0.027777777777777776
0 0.5239583333333333 0.5666666666666667 0.020833333333333332 0.027777777777777776
0 0.6020833333333333 0.5638888888888889 0.020833333333333332 0.027777777777777776
0 0.6822916666666666 0.5611111111111111 0.020833333333333332 0.027777777777777776
0 0.7645833333333333 0.5569444444444445 0.020833333333333332 0.027777777777777776
0 0.3072916666666667 0.4930555555555556 0.020833333333333332 0.027777777777777776
0 0.378125 0.4888888888888889 0.020833333333333332 0.027777777777777776
0 0.45 0.4847222222222222 0.020833333333333332 0.027777777777777776
0 0.5239583333333333 0.48194444444444445 0.020833333333333332 0.027777777777777776
0 0.5989583333333334 0.4777777777777778 0.020833333333333332 0.027777777777777776
0 0.675 0.4736111111111111 0.020833333333333332 0.027777777777777776
0 0.753125 0.46944444444444444 0.020833333333333332 0.027777777777777776
0 0.31666666666666665 0.4152777777777778 0.020833333333333332 0.027777777777777776
0 0.384375 0.4111111111111111 0.020833333333333332 0.027777777777777776
0 0.45416666666666666 0.40694444444444444 0.020833333333333332 0.027777777777777776
0 0.5239583333333333 0.4027777777777778 0.020833333333333332 0.027777777777777776
0 0.5958333333333333 0.39861111111111114 0.020833333333333332 0.027777777777777776
0 0.66875 0.39444444444444443 0.020833333333333332 0.027777777777777776
0 0.7427083333333333 0.3902777777777778 0.020833333333333332 0.027777777777777776
0 0.3260416666666667 0.3458333333333333 0.020833333333333332 0.027777777777777776
0 0.39166666666666666 0.3416666666666667 0.020833333333333332 0.027777777777777776
0 0.45729166666666665 0.33611111111111114 0.020833333333333332 0.027777777777777776
0 0.525 0.33194444444444443 0.020833333333333332 0.027777777777777776
0 0.59375 0.3277777777777778 0.020833333333333332 0.027777777777777776
0 0.6635416666666667 0.32222222222222224 0.020833333333333332 0.027777777777777776
0 0.7333333333333333 0.31805555555555554 0.020833333333333332 0.027777777777777776
0 0.334375 0.28055555555555556 0.020833333333333332 0.027777777777777776
0 0.396875 0.2763888888888889 0.020833333333333332 0.027777777777777776
0 0.46041666666666664 0.2708333333333333 0.020833333333333332 0.027777777777777776
0 0.525 0.26666666666666666 0.020833333333333332 0.027777777777777776
0 0.590625 0.2611111111111111 0.020833333333333332 0.027777777777777776
0 0.6572916666666667 0.25555555555555554 0.020833333333333332 0.027777777777777776
0 0.725 0.2513888888888889 0.020833333333333332 0.027777777777777776
0 0.3416666666666667 0.2222222222222222 0.020833333333333332 0.027777777777777776
0 0.40208333333333335 0.21666666666666667 0.020833333333333332 0.027777777777777776
0 0.4635416666666667 0.2111111111111111 0.020833333333333332 0.027777777777777776
0 0.5260416666666666 0.20555555555555555 0.020833333333333332 0.027777777777777776
0 0.5885416666666666 0.2013888888888889 0.020833333333333332 0.027777777777777776
0 0.653125 0.19583333333333333 0.020833333333333332 0.027777777777777776
0 0.7177083333333333 0.19027777777777777 0.020833333333333332 0.027777777777777776