0 0.6677083333333333 0.17777777777777778 0.025 0.03333333333333333
0 0.6 0.18194444444444444 0.025 0.03333333333333333
0 0.5322916666666667 0.18611111111111112 0.025 0.03333333333333333
0 0.46458333333333335 0.19027777777777777 0.025 0.03333333333333333
0 0.396875 0.19305555555555556 0.025 0.03333333333333333
0 0.3302083333333333 0.19722222222222222 0.025 0.03333333333333333
0 0.2625 0.2013888888888889 0.025 0.03333333333333333
0 0.678125 0.24027777777777778 0.025 0.03333333333333333
0 0.6072916666666667 0.24444444444444444 0.025 0.03333333333333333
0 0.5354166666666667 0.24861111111111112 0.025 0.03333333333333333
0 0.46458333333333335 0.25277777777777777 0.025 0.03333333333333333
0 0.39375 0.2569444444444444 0.025 0.03333333333333333
0 0.32395833333333335 0.2611111111111111 0.025 0.03333333333333333
0 0.253125 0.2652777777777778 0.025 0.03333333333333333
0 0.690625 0.3111111111111111 0.025 0.03333333333333333
0 0.6145833333333334 0.31527777777777777 0.025 0.03333333333333333
0 0.5395833333333333 0.3194444444444444 0.025 0.03333333333333333
0 0.465625 0.3236111111111111 0.025 0.03333333333333333
0 0.390625 0.3277777777777778 0.025 0.03333333333333333
0 0.31666666666666665 0.33194444444444443 0.025 0.03333333333333333
0 0.24166666666666667 0.33611111111111114 0.025 0.03333333333333333
0 0.703125 0.3888888888888889 0.025 0.03333333333333333
0 0.6239583333333333 0.39305555555555555 0.025 0.03333333333333333
0 0.5447916666666667 0.3972222222222222 0.025 0.03333333333333333
0 0.465625 0.4027777777777778 0.025 0.03333333333333333
0 0.38645833333333335 0.40694444444444444 0.025 0.03333333333333333
0 0.30833333333333335 0.4111111111111111 0.025 0.03333333333333333
0 0.23020833333333332 0.4152777777777778 0.025 0.03333333333333333
0 0.7177083333333333 0.47638888888888886 0.025 0.03333333333333333
0 0.634375 0.48055555555555557 0.025 0.03333333333333333
0 0.55 0.4847222222222222 0.025 0.03333333333333333
0 0.465625 0.49027777777777776 0.025 0.03333333333333333
0 0.38229166666666664 0.49444444444444446 0.025 0.03333333333333333
0 0.2989583333333333 0.4986111111111111 0.025 0.03333333333333333
0 0.21666666666666667 0.5041666666666667 0.025 0.03333333333333333
0 0.734375 0.575 0.025 0.03333333333333333
0 0.6447916666666667 0.5791666666666667 0.025 0.03333333333333333
0 0.5552083333333333 0.5847222222222223 0.025 0.03333333333333333
0 0.4666666666666667 0.5888888888888889 0.025 0.03333333333333333
0 0.378125 0.5944444444444444 0.025 0.03333333333333333
0 0.28958333333333336 0.5986111111111111 0.025 0.03333333333333333
0 0.20104166666666667 0.6027777777777777 0.025 0.03333333333333333
0 0.7541666666666667 0.6875 0.025 0.03333333333333333
0 0.6583333333333333 0.6916666666666667 0.025 0.03333333333333333
0 0.5625 0.6972222222222222 0.025 0.03333333333333333
0 0.4666666666666667 0.7013888888888888 0.025 0.03333333333333333
0 0.371875 0.7069444444444445 0.025 0.03333333333333333
0 0.278125 0.7111111111111111 0.025 0.03333333333333333
0 0.18333333333333332 0.7166666666666667 0.025 0.03333333333333333