0 0.6760416666666667 0.1625 0.025 0.03333333333333333
0 0.6072916666666667 0.16666666666666666 0.025 0.03333333333333333
0 0.5385416666666667 0.16944444444444445 0.025 0.03333333333333333
0 0.46979166666666666 0.1736111111111111 0.025 0.03333333333333333
0 0.4010416666666667 0.1763888888888889 0.025 0.03333333333333333
0 0.33125 0.18055555555555555 0.025 0.03333333333333333
0 0.2625 0.18333333333333332 0.025 0.03333333333333333
0 0.6864583333333333 0.22916666666666666 0.025 0.03333333333333333
0 0.615625 0.23194444444444445 0.025 0.03333333333333333
0 0.54375 0.2361111111111111 0.025 0.03333333333333333
0 0.471875 0.24027777777777778 0.025 0.03333333333333333
0 0.39895833333333336 0.24305555555555555 0.025 0.03333333333333333
0 0.32708333333333334 0.24722222222222223 0.025 0.03333333333333333
0 0.25416666666666665 0.2513888888888889 0.025 0.03333333333333333
0 0.7 0.3013888888888889 0.025 0.03333333333333333
0 0.6239583333333333 0.3055555555555556 0.025 0.03333333333333333
0 0.5489583333333333 0.30833333333333335 0.025 0.03333333333333333
0 0.47291666666666665 0.3125 0.025 0.03333333333333333
0 0.39791666666666664 0.31666666666666665 0.025 0.03333333333333333
0 0.321875 0.32083333333333336 0.025 0.03333333333333333
0 0.24583333333333332 0.325 0.025 0.03333333333333333
0 0.7135416666666666 0.38055555555555554 0.025 0.03333333333333333
0 0.634375 0.38472222222222224 0.025 0.03333333333333333
0 0.5552083333333333 0.3888888888888889 0.025 0.03333333333333333
0 0.475 0.39305555555555555 0.025 0.03333333333333333
0 0.3958333333333333 0.3972222222222222 0.025 0.03333333333333333
0 0.315625 0.4027777777777778 0.025 0.03333333333333333
0 0.23541666666666666 0.40694444444444444 0.025 0.03333333333333333
0 0.7291666666666666 0.46944444444444444 0.025 0.03333333333333333
0 0.6447916666666667 0.4736111111111111 0.025 0.03333333333333333
0 0.5614583333333333 0.4791666666666667 0.025 0.03333333333333333
0 0.478125 0.48333333333333334 0.025 0.03333333333333333
0 0.39375 0.4875 0.025 0.03333333333333333
0 0.309375 0.49166666666666664 0.025 0.03333333333333333
0 0.225 0.49722222222222223 0.025 0.03333333333333333
0 0.7458333333333333 0.5680555555555555 0.025 0.03333333333333333
0 0.6572916666666667 0.5736111111111111 0.025 0.03333333333333333
0 0.56875 0.5777777777777777 0.025 0.03333333333333333
0 0.48020833333333335 0.5833333333333334 0.025 0.03333333333333333
0 0.39166666666666666 0.5875 0.025 0.03333333333333333
0 0.3020833333333333 0.5930555555555556 0.025 0.03333333333333333
0 0.2125 0.5986111111111111 0.025 0.03333333333333333
0 0.7645833333333333 0.6791666666666667 0.025 0.03333333333333333
0 0.671875 0.6847222222222222 0.025 0.03333333333333333
0 0.5770833333333333 0.6902777777777778 0.025 0.03333333333333333
0 0.48333333333333334 0.6958333333333333 0.025 0.03333333333333333
0 0.3885416666666667 0.7 0.025 0.03333333333333333
0 0.29375 0.7055555555555556 0.025 0.03333333333333333
0 0.19895833333333332 0.7111111111111111 0.025 0.03333333333333333