0 0.709375 0.25925925925925924 0.03333333333333333 0.03333333333333333
0 0.634375 0.2574074074074074 0.03333333333333333 0.03333333333333333
0 0.5583333333333333 0.2550925925925926 0.03333333333333333 0.03333333333333333
0 0.48333333333333334 0.25416666666666665 0.03333333333333333 0.03333333333333333
0 0.4083333333333333 0.2518518518518518 0.03333333333333333 0.03333333333333333
0 0.3333333333333333 0.25 0.03333333333333333 0.03333333333333333
0 0.259375 0.24814814814814815 0.03333333333333333 0.03333333333333333
0 0.715625 0.3148148148148148 0.03333333333333333 0.03333333333333333
0 0.6375 0.31157407407407406 0.03333333333333333 0.03333333333333333
0 0.559375 0.30925925925925923 0.03333333333333333 0.03333333333333333
0 0.48125 0.3074074074074074 0.03333333333333333 0.03333333333333333
0 0.403125 0.3050925925925926 0.03333333333333333 0.03333333333333333
0 0.325 0.30324074074074076 0.03333333333333333 0.03333333333333333
0 0.246875 0.30092592592592593 0.03333333333333333 0.03333333333333333
0 0.7229166666666667 0.3731481481481482 0.03333333333333333 0.03333333333333333
0 0.640625 0.37083333333333335 0.03333333333333333 0.03333333333333333
0 0.559375 0.3675925925925926 0.03333333333333333 0.03333333333333333
0 0.478125 0.36574074074074076 0.03333333333333333 0.03333333333333333
0 0.396875 0.36342592592592593 0.03333333333333333 0.03333333333333333
0 0.315625 0.36157407407407405 0.03333333333333333 0.03333333333333333
0 0.234375 0.35833333333333334 0.03333333333333333 0.03333333333333333
0 0.7302083333333333 0.43657407407407406 0.03333333333333333 0.03333333333333333
0 0.6447916666666667 0.43425925925925923 0.03333333333333333 0.03333333333333333
0 0.559375 0.43148148148148147 0.03333333333333333 0.03333333333333333
0 0.475 0.42916666666666664 0.03333333333333333 0.03333333333333333
0 0.38958333333333334 0.42685185185185187 0.03333333333333333 0.03333333333333333
0 0.30520833333333336 0.42407407407407405 0.03333333333333333 0.03333333333333333
0 0.22083333333333333 0.4217592592592593 0.03333333333333333 0.03333333333333333
0 0.7385416666666667 0.5064814814814815 0.03333333333333333 0.03333333333333333
0 0.6489583333333333 0.5041666666666667 0.03333333333333333 0.03333333333333333
0 0.559375 0.5009259259259259 0.03333333333333333 0.03333333333333333
0 0.4708333333333333 0.4981481481481482 0.03333333333333333 0.03333333333333333
0 0.38229166666666664 0.49583333333333335 0.03333333333333333 0.03333333333333333
0 0.29375 0.4925925925925926 0.03333333333333333 0.03333333333333333
0 0.20625 0.4898148148148148 0.03333333333333333 0.03333333333333333
0 0.746875 0.5833333333333334 0.03333333333333333 0.03333333333333333
0 0.653125 0.5800925925925926 0.03333333333333333 0.03333333333333333
0 0.5604166666666667 0.5768518518518518 0.03333333333333333 0.03333333333333333
0 0.4666666666666667 0.5740740740740741 0.03333333333333333 0.03333333333333333
0 0.37395833333333334 0.5708333333333333 0.03333333333333333 0.03333333333333333
0 0.28125 0.5675925925925925 0.03333333333333333 0.03333333333333333
0 0.18958333333333333 0.5648148148148148 0.03333333333333333 0.03333333333333333
0 0.75625 0.6666666666666666 0.03333333333333333 0.03333333333333333
0 0.6583333333333333 0.663425925925926 0.03333333333333333 0.03333333333333333
0 0.5604166666666667 0.6601851851851852 0.03333333333333333 0.03333333333333333
0 0.4625 0.6574074074074074 0.03333333333333333 0.03333333333333333
0 0.365625 0.6541666666666667 0.03333333333333333 0.03333333333333333
0 0.2677083333333333 0.65 0.03333333333333333 0.03333333333333333
0 0.171875 0.6467592592592593 0.03333333333333333 0.03333333333333333