0 0.3 0.19074074074074074 0.01875 0.03333333333333333
0 0.29375 0.2722222222222222 0.01875 0.03333333333333333
0 0.2875 0.3574074074074074 0.01875 0.03333333333333333
0 0.28020833333333334 0.45185185185185184 0.01875 0.03333333333333333
0 0.27291666666666664 0.5518518518518518 0.01875 0.03333333333333333
0 0.26458333333333334 0.6611111111111111 0.01875 0.03333333333333333
0 0.2552083333333333 0.7814814814814814 0.01875 0.03333333333333333
0 0.359375 0.1925925925925926 0.01875 0.03333333333333333
0 0.35625 0.2722222222222222 0.01875 0.03333333333333333
0 0.35208333333333336 0.3592592592592593 0.01875 0.03333333333333333
0 0.34791666666666665 0.45185185185185184 0.01875 0.03333333333333333
0 0.34270833333333334 0.5518518518518518 0.01875 0.03333333333333333
0 0.3375 0.6611111111111111 0.01875 0.03333333333333333
0 0.33229166666666665 0.7814814814814814 0.01875 0.03333333333333333
0 0.4197916666666667 0.1925925925925926 0.01875 0.03333333333333333
0 0.41770833333333335 0.2722222222222222 0.01875 0.03333333333333333
0 0.4166666666666667 0.3592592592592593 0.01875 0.03333333333333333
0 0.41458333333333336 0.45185185185185184 0.01875 0.03333333333333333
0 0.4125 0.5537037037037037 0.01875 0.03333333333333333
0 0.41041666666666665 0.6611111111111111 0.01875 0.03333333333333333
0 0.4083333333333333 0.7814814814814814 0.01875 0.03333333333333333
0 0.4791666666666667 0.19444444444444445 0.01875 0.03333333333333333
0 0.48020833333333335 0.2740740740740741 0.01875 0.03333333333333333
0 0.48020833333333335 0.3592592592592593 0.01875 0.03333333333333333
0 0.48125 0.45185185185185184 0.01875 0.03333333333333333
0 0.4822916666666667 0.5537037037037037 0.01875 0.03333333333333333
0 0.4822916666666667 0.662962962962963 0.01875 0.03333333333333333
0 0.48333333333333334 0.7814814814814814 0.01875 0.03333333333333333
0 0.5385416666666667 0.19444444444444445 0.01875 0.03333333333333333
0 0.5416666666666666 0.2740740740740741 0.01875 0.03333333333333333
0 0.5447916666666667 0.3592592592592593 0.01875 0.03333333333333333
0 0.5479166666666667 0.4537037037037037 0.01875 0.03333333333333333
0 0.5510416666666667 0.5537037037037037 0.01875 0.03333333333333333
0 0.5552083333333333 0.662962962962963 0.01875 0.03333333333333333
0 0.559375 0.7814814814814814 0.01875 0.03333333333333333
0 0.5979166666666667 0.19444444444444445 0.01875 0.03333333333333333
0 0.603125 0.2740740740740741 0.01875 0.03333333333333333
0 0.6083333333333333 0.3611111111111111 0.01875 0.03333333333333333
0 0.6145833333333334 0.4537037037037037 0.01875 0.03333333333333333
0 0.6208333333333333 0.5537037037037037 0.01875 0.03333333333333333
0 0.6270833333333333 0.662962962962963 0.01875 0.03333333333333333
0 0.634375 0.7814814814814814 0.01875 0.03333333333333333
0 0.6572916666666667 0.1962962962962963 0.01875 0.03333333333333333
0 0.6645833333333333 0.2759259259259259 0.01875 0.03333333333333333
0 0.671875 0.3611111111111111 0.01875 0.03333333333333333
0 0.6802083333333333 0.4537037037037037 0.01875 0.03333333333333333
0 0.6895833333333333 0.5537037037037037 0.01875 0.03333333333333333
0 0.6989583333333333 0.662962962962963 0.01875 0.03333333333333333
0 0.709375 0.7796296296296297 0.01875 0.03333333333333333