0 0.753125 0.23148148148148148 0.03333333333333333 0.03333333333333333
0 0.678125 0.22824074074074074 0.03333333333333333 0.03333333333333333
0 0.6 0.22592592592592592 0.03333333333333333 0.03333333333333333
0 0.5208333333333334 0.22314814814814815 0.03333333333333333 0.03333333333333333
0 0.43854166666666666 0.22083333333333333 0.03333333333333333 0.03333333333333333
0 0.3541666666666667 0.2175925925925926 0.03333333333333333 0.03333333333333333
0 0.26875 0.21574074074074073 0.03333333333333333 0.03333333333333333
0 0.7666666666666667 0.29907407407407405 0.03333333333333333 0.03333333333333333
0 0.6885416666666667 0.29814814814814816 0.03333333333333333 0.03333333333333333
0 0.609375 0.29583333333333334 0.03333333333333333 0.03333333333333333
0 0.5270833333333333 0.2935185185185185 0.03333333333333333 0.03333333333333333
0 0.44375 0.29259259259259257 0.03333333333333333 0.03333333333333333
0 0.3572916666666667 0.29074074074074074 0.03333333333333333 0.03333333333333333
0 0.26875 0.2884259259259259 0.03333333333333333 0.03333333333333333
0 0.7802083333333333 0.37083333333333335 0.03333333333333333 0.03333333333333333
0 0.7010416666666667 0.37083333333333335 0.03333333333333333 0.03333333333333333
0 0.61875 0.3699074074074074 0.03333333333333333 0.03333333333333333
0 0.534375 0.3685185185185185 0.03333333333333333 0.03333333333333333
0 0.4479166666666667 0.3675925925925926 0.03333333333333333 0.03333333333333333
0 0.359375 0.3675925925925926 0.03333333333333333 0.03333333333333333
0 0.2677083333333333 0.36666666666666664 0.03333333333333333 0.03333333333333333
0 0.7947916666666667 0.44675925925925924 0.03333333333333333 0.03333333333333333
0 0.7135416666666666 0.44814814814814813 0.03333333333333333 0.03333333333333333
0 0.6291666666666667 0.44814814814814813 0.03333333333333333 0.03333333333333333
0 0.5427083333333333 0.44814814814814813 0.03333333333333333 0.03333333333333333
0 0.453125 0.44907407407407407 0.03333333333333333 0.03333333333333333
0 0.3625 0.44907407407407407 0.03333333333333333 0.03333333333333333
0 0.2677083333333333 0.44907407407407407 0.03333333333333333 0.03333333333333333
0 0.8104166666666667 0.5282407407407408 0.03333333333333333 0.03333333333333333
0 0.7260416666666667 0.5291666666666667 0.03333333333333333 0.03333333333333333
0 0.6395833333333333 0.5314814814814814 0.03333333333333333 0.03333333333333333
0 0.5510416666666667 0.5324074074074074 0.03333333333333333 0.03333333333333333
0 0.459375 0.5342592592592592 0.03333333333333333 0.03333333333333333
0 0.3645833333333333 0.5351851851851852 0.03333333333333333 0.03333333333333333
0 0.2677083333333333 0.5375 0.03333333333333333 0.03333333333333333
0 0.8270833333333333 0.6134259259259259 0.03333333333333333 0.03333333333333333
0 0.740625 0.6166666666666667 0.03333333333333333 0.03333333333333333
0 0.6510416666666666 0.6185185185185185 0.03333333333333333 0.03333333333333333
0 0.559375 0.6217592592592592 0.03333333333333333 0.03333333333333333
0 0.465625 0.625 0.03333333333333333 0.03333333333333333
0 0.36770833333333336 0.6282407407407408 0.03333333333333333 0.03333333333333333
0 0.2677083333333333 0.6314814814814815 0.03333333333333333 0.03333333333333333
0 0.8447916666666667 0.7050925925925926 0.03333333333333333 0.03333333333333333
0 0.7552083333333334 0.7092592592592593 0.03333333333333333 0.03333333333333333
0 0.6635416666666667 0.7134259259259259 0.03333333333333333 0.03333333333333333
0 0.56875 0.7175925925925926 0.03333333333333333 0.03333333333333333
0 0.471875 0.7217592592592592 0.03333333333333333 0.03333333333333333
0 0.37083333333333335 0.7268518518518519 0.03333333333333333 0.03333333333333333
0 0.26666666666666666 0.7314814814814815 0.03333333333333333 0.03333333333333333