0 0.7208333333333333 0.19166666666666668 0.025 0.03333333333333333
0 0.6510416666666666 0.19305555555555556 0.025 0.03333333333333333
0 0.5822916666666667 0.19583333333333333 0.025 0.03333333333333333
0 0.5135416666666667 0.1986111111111111 0.025 0.03333333333333333
0 0.44583333333333336 0.2 0.025 0.03333333333333333
0 0.37916666666666665 0.20277777777777778 0.025 0.03333333333333333
0 0.31354166666666666 0.20416666666666666 0.025 0.03333333333333333
0 0.7302083333333333 0.25555555555555554 0.025 0.03333333333333333
0 0.65625 0.25833333333333336 0.025 0.03333333333333333
0 0.5833333333333334 0.25972222222222224 0.025 0.03333333333333333
0 0.5114583333333333 0.2625 0.025 0.03333333333333333
0 0.440625 0.2638888888888889 0.025 0.03333333333333333
0 0.37083333333333335 0.2652777777777778 0.025 0.03333333333333333
0 0.3020833333333333 0.26805555555555555 0.025 0.03333333333333333
0 0.7395833333333334 0.3277777777777778 0.025 0.03333333333333333
0 0.6614583333333334 0.32916666666666666 0.025 0.03333333333333333
0 0.584375 0.33055555555555555 0.025 0.03333333333333333
0 0.509375 0.3333333333333333 0.025 0.03333333333333333
0 0.434375 0.3347222222222222 0.025 0.03333333333333333
0 0.3614583333333333 0.33611111111111114 0.025 0.03333333333333333
0 0.28854166666666664 0.3375 0.025 0.03333333333333333
0 0.75 0.4083333333333333 0.025 0.03333333333333333
0 0.6677083333333333 0.4083333333333333 0.025 0.03333333333333333
0 0.5864583333333333 0.4097222222222222 0.025 0.03333333333333333
0 0.5072916666666667 0.4111111111111111 0.025 0.03333333333333333
0 0.428125 0.4125 0.025 0.03333333333333333
0 0.35104166666666664 0.4125 0.025 0.03333333333333333
0 0.275 0.41388888888888886 0.025 0.03333333333333333
0 0.7614583333333333 0.49722222222222223 0.025 0.03333333333333333
0 0.6739583333333333 0.49722222222222223 0.025 0.03333333333333333
0 0.5885416666666666 0.4986111111111111 0.025 0.03333333333333333
0 0.5041666666666667 0.4986111111111111 0.025 0.03333333333333333
0 0.42083333333333334 0.4986111111111111 0.025 0.03333333333333333
0 0.33958333333333335 0.4986111111111111 0.025 0.03333333333333333
0 0.25833333333333336 0.5 0.025 0.03333333333333333
0 0.7739583333333333 0.5986111111111111 0.025 0.03333333333333333
0 0.68125 0.5972222222222222 0.025 0.03333333333333333
0 0.590625 0.5972222222222222 0.025 0.03333333333333333
0 0.5010416666666667 0.5972222222222222 0.025 0.03333333333333333
0 0.4125 0.5958333333333333 0.025 0.03333333333333333
0 0.3260416666666667 0.5958333333333333 0.025 0.03333333333333333
0 0.240625 0.5958333333333333 0.025 0.03333333333333333
0 0.7895833333333333 0.7125 0.025 0.03333333333333333
0 0.690625 0.7111111111111111 0.025 0.03333333333333333
0 0.5927083333333333 0.7097222222222223 0.025 0.03333333333333333
0 0.4979166666666667 0.7083333333333334 0.025 0.03333333333333333
0 0.4041666666666667 0.7069444444444445 0.025 0.03333333333333333
0 0.31145833333333334 0.7055555555555556 0.025 0.03333333333333333
0 0.22083333333333333 0.7041666666666667 0.025 0.03333333333333333