0 0.25 0.20324074074074075 0.0375 0.0375
0 0.328125 0.2050925925925926 0.0375 0.0375
0 0.40625 0.2074074074074074 0.0375 0.0375
0 0.484375 0.20925925925925926 0.0375 0.0375
0 0.5635416666666667 0.2125 0.0375 0.0375
0 0.6427083333333333 0.21481481481481482 0.0375 0.0375
0 0.721875 0.21666666666666667 0.0375 0.0375
0 0.2375 0.2574074074074074 0.0375 0.0375
0 0.31979166666666664 0.2601851851851852 0.0375 0.0375
0 0.4010416666666667 0.2625 0.0375 0.0375
0 0.4822916666666667 0.2657407407407407 0.0375 0.0375
0 0.5645833333333333 0.2675925925925926 0.0375 0.0375
0 0.646875 0.26990740740740743 0.0375 0.0375
0 0.7291666666666666 0.27314814814814814 0.0375 0.0375
0 0.225 0.3175925925925926 0.0375 0.0375
0 0.309375 0.3199074074074074 0.0375 0.0375
0 0.39479166666666665 0.32314814814814813 0.0375 0.0375
0 0.48020833333333335 0.32592592592592595 0.0375 0.0375
0 0.565625 0.3282407407407407 0.0375 0.0375
0 0.6520833333333333 0.3314814814814815 0.0375 0.0375
0 0.7385416666666667 0.3333333333333333 0.0375 0.0375
0 0.21041666666666667 0.38333333333333336 0.0375 0.0375
0 0.2989583333333333 0.3851851851851852 0.0375 0.0375
0 0.3885416666666667 0.38842592592592595 0.0375 0.0375
0 0.478125 0.39166666666666666 0.0375 0.0375
0 0.5677083333333334 0.39490740740740743 0.0375 0.0375
0 0.6572916666666667 0.39814814814814814 0.0375 0.0375
0 0.7479166666666667 0.4009259259259259 0.0375 0.0375
0 0.19479166666666667 0.4550925925925926 0.0375 0.0375
0 0.2875 0.4583333333333333 0.0375 0.0375
0 0.38125 0.4615740740740741 0.0375 0.0375
0 0.475 0.4648148148148148 0.0375 0.0375
0 0.56875 0.4675925925925926 0.0375 0.0375
0 0.6635416666666667 0.4708333333333333 0.0375 0.0375
0 0.7583333333333333 0.4740740740740741 0.0375 0.0375
0 0.17708333333333334 0.5342592592592592 0.0375 0.0375
0 0.275 0.5375 0.0375 0.0375
0 0.3729166666666667 0.5407407407407407 0.0375 0.0375
0 0.471875 0.5449074074074074 0.0375 0.0375
0 0.5708333333333333 0.5481481481481482 0.0375 0.0375
0 0.6708333333333333 0.5518518518518518 0.0375 0.0375
0 0.7697916666666667 0.5550925925925926 0.0375 0.0375
0 0.15729166666666666 0.6217592592592592 0.0375 0.0375
0 0.2604166666666667 0.6259259259259259 0.0375 0.0375
0 0.3645833333333333 0.6291666666666667 0.0375 0.0375
0 0.46875 0.6333333333333333 0.0375 0.0375
0 0.5729166666666666 0.6375 0.0375 0.0375
0 0.678125 0.6416666666666667 0.0375 0.0375
0 0.7833333333333333 0.6449074074074074 0.0375 0.0375