0 0.803125 0.1486111111111111 0.020833333333333332 0.03518518518518519
0 0.7302083333333333 0.15046296296296297 0.020833333333333332 0.03518518518518519
0 0.6583333333333333 0.15046296296296297 0.020833333333333332 0.03518518518518519
0 0.5864583333333333 0.15046296296296297 0.020833333333333332 0.03518518518518519
0 0.5145833333333333 0.15231481481481482 0.020833333333333332 0.03518518518518519
0 0.44375 0.15231481481481482 0.020833333333333332 0.03518518518518519
0 0.3729166666666667 0.15231481481481482 0.020833333333333332 0.03518518518518519
0 0.803125 0.22916666666666666 0.020833333333333332 0.03518518518518519
0 0.728125 0.22916666666666666 0.020833333333333332 0.03518518518518519
0 0.653125 0.23055555555555557 0.020833333333333332 0.03518518518518519
0 0.578125 0.23055555555555557 0.020833333333333332 0.03518518518518519
0 0.5041666666666667 0.23055555555555557 0.020833333333333332 0.03518518518518519
0 0.43020833333333336 0.23055555555555557 0.020833333333333332 0.03518518518518519
0 0.35625 0.23055555555555557 0.020833333333333332 0.03518518518518519
0 0.803125 0.3162037037037037 0.020833333333333332 0.03518518518518519
0 0.725 0.3162037037037037 0.020833333333333332 0.03518518518518519
0 0.646875 0.3162037037037037 0.020833333333333332 0.03518518518518519
0 0.5697916666666667 0.3162037037037037 0.020833333333333332 0.03518518518518519
0 0.49166666666666664 0.3162037037037037 0.020833333333333332 0.03518518518518519
0 0.41458333333333336 0.3162037037037037 0.020833333333333332 0.03518518518518519
0 0.3385416666666667 0.3162037037037037 0.020833333333333332 0.03518518518518519
0 0.8041666666666667 0.41064814814814815 0.020833333333333332 0.03518518518518519
0 0.721875 0.41064814814814815 0.020833333333333332 0.03518518518518519
0 0.640625 0.41064814814814815 0.020833333333333332 0.03518518518518519
0 0.559375 0.41064814814814815 0.020833333333333332 0.03518518518518519
0 0.4791666666666667 0.41064814814814815 0.020833333333333332 0.03518518518518519
0 0.39895833333333336 0.41064814814814815 0.020833333333333332 0.03518518518518519
0 0.31875 0.41064814814814815 0.020833333333333332 0.03518518518518519
0 0.8041666666666667 0.5120370370370371 0.020833333333333332 0.03518518518518519
0 0.71875 0.5120370370370371 0.020833333333333332 0.03518518518518519
0 0.6333333333333333 0.5120370370370371 0.020833333333333332 0.03518518518518519
0 0.5489583333333333 0.5120370370370371 0.020833333333333332 0.03518518518518519
0 0.46458333333333335 0.5120370370370371 0.020833333333333332 0.03518518518518519
0 0.38125 0.5120370370370371 0.020833333333333332 0.03518518518518519
0 0.29791666666666666 0.5120370370370371 0.020833333333333332 0.03518518518518519
0 0.8052083333333333 0.6259259259259259 0.020833333333333332 0.03518518518518519
0 0.715625 0.6259259259259259 0.020833333333333332 0.03518518518518519
0 0.6260416666666667 0.6240740740740741 0.020833333333333332 0.03518518518518519
0 0.5375 0.6240740740740741 0.020833333333333332 0.03518518518518519
0 0.45 0.6240740740740741 0.020833333333333332 0.03518518518518519
0 0.3614583333333333 0.6222222222222222 0.020833333333333332 0.03518518518518519
0 0.275 0.6222222222222222 0.020833333333333332 0.03518518518518519
0 0.8052083333333333 0.75 0.020833333333333332 0.03518518518518519
0 0.7114583333333333 0.7481481481481481 0.020833333333333332 0.03518518518518519
0 0.6177083333333333 0.7481481481481481 0.020833333333333332 0.03518518518518519
0 0.525 0.7462962962962963 0.020833333333333332 0.03518518518518519
0 0.4322916666666667 0.7449074074074075 0.020833333333333332 0.03518518518518519
0 0.340625 0.7449074074074075 0.020833333333333332 0.03518518518518519
0 0.24895833333333334 0.7430555555555556 0.020833333333333332 0.03518518518518519