0 0.61875 0.21851851851851853 0.01875 0.03333333333333333
0 0.5625 0.22037037037037038 0.01875 0.03333333333333333
0 0.50625 0.22037037037037038 0.01875 0.03333333333333333
0 0.44895833333333335 0.2222222222222222 0.01875 0.03333333333333333
0 0.39166666666666666 0.2222222222222222 0.01875 0.03333333333333333
0 0.334375 0.22407407407407406 0.01875 0.03333333333333333
0 0.2760416666666667 0.22407407407407406 0.01875 0.03333333333333333
0 0.625 0.29444444444444445 0.01875 0.03333333333333333
0 0.5666666666666667 0.2962962962962963 0.01875 0.03333333333333333
0 0.5083333333333333 0.2962962962962963 0.01875 0.03333333333333333
0 0.45 0.29814814814814816 0.01875 0.03333333333333333
0 0.390625 0.3 0.01875 0.03333333333333333
0 0.3302083333333333 0.30185185185185187 0.01875 0.03333333333333333
0 0.26979166666666665 0.30185185185185187 0.01875 0.03333333333333333
0 0.63125 0.37592592592592594 0.01875 0.03333333333333333
0 0.5708333333333333 0.37777777777777777 0.01875 0.03333333333333333
0 0.5104166666666666 0.37962962962962965 0.01875 0.03333333333333333
0 0.45 0.37962962962962965 0.01875 0.03333333333333333
0 0.3885416666666667 0.3814814814814815 0.01875 0.03333333333333333
0 0.3260416666666667 0.38333333333333336 0.01875 0.03333333333333333
0 0.2635416666666667 0.3851851851851852 0.01875 0.03333333333333333
0 0.6375 0.46296296296296297 0.01875 0.03333333333333333
0 0.5760416666666667 0.4648148148148148 0.01875 0.03333333333333333
0 0.5125 0.4666666666666667 0.01875 0.03333333333333333
0 0.45 0.4685185185185185 0.01875 0.03333333333333333
0 0.38645833333333335 0.4703703703703704 0.01875 0.03333333333333333
0 0.321875 0.4740740740740741 0.01875 0.03333333333333333
0 0.25625 0.4759259259259259 0.01875 0.03333333333333333
0 0.6447916666666667 0.5555555555555556 0.01875 0.03333333333333333
0 0.5802083333333333 0.5592592592592592 0.01875 0.03333333333333333
0 0.515625 0.5611111111111111 0.01875 0.03333333333333333
0 0.45 0.5648148148148148 0.01875 0.03333333333333333
0 0.38333333333333336 0.5666666666666667 0.01875 0.03333333333333333
0 0.31666666666666665 0.5703703703703704 0.01875 0.03333333333333333
0 0.24895833333333334 0.5722222222222222 0.01875 0.03333333333333333
0 0.653125 0.6574074074074074 0.01875 0.03333333333333333
0 0.5864583333333333 0.6611111111111111 0.01875 0.03333333333333333
0 0.51875 0.662962962962963 0.01875 0.03333333333333333
0 0.45 0.6666666666666666 0.01875 0.03333333333333333
0 0.38125 0.6703703703703704 0.01875 0.03333333333333333
0 0.31145833333333334 0.674074074074074 0.01875 0.03333333333333333
0 0.240625 0.6777777777777778 0.01875 0.03333333333333333
0 0.6614583333333334 0.7666666666666667 0.01875 0.03333333333333333
0 0.5916666666666667 0.7703703703703704 0.01875 0.03333333333333333
0 0.521875 0.774074074074074 0.01875 0.03333333333333333
0 0.45 0.7796296296296297 0.01875 0.03333333333333333
0 0.378125 0.7833333333333333 0.01875 0.03333333333333333
0 0.30625 0.7870370370370371 0.01875 0.03333333333333333
0 0.23229166666666667 0.7907407407407407 0.01875 0.03333333333333333