0 0.30625 0.6444444444444445 0.020833333333333332 0.027777777777777776
0 0.38229166666666664 0.6444444444444445 0.020833333333333332 0.027777777777777776
0 0.459375 0.6444444444444445 0.020833333333333332 0.027777777777777776
0 0.5364583333333334 0.6444444444444445 0.020833333333333332 0.027777777777777776
0 0.6145833333333334 0.6458333333333334 0.020833333333333332 0.027777777777777776
0 0.6927083333333334 0.6458333333333334 0.020833333333333332 0.027777777777777776
0 0.7708333333333334 0.6458333333333334 0.020833333333333332 0.027777777777777776
0 0.3177083333333333 0.5569444444444445 0.020833333333333332 0.027777777777777776
0 0.390625 0.5569444444444445 0.020833333333333332 0.027777777777777776
0 0.4635416666666667 0.5569444444444445 0.020833333333333332 0.027777777777777776
0 0.5364583333333334 0.5569444444444445 0.020833333333333332 0.027777777777777776
0 0.6104166666666667 0.5569444444444445 0.020833333333333332 0.027777777777777776
0 0.684375 0.5569444444444445 0.020833333333333332 0.027777777777777776
0 0.759375 0.5569444444444445 0.020833333333333332 0.027777777777777776
0 0.328125 0.4791666666666667 0.020833333333333332 0.027777777777777776
0 0.396875 0.4777777777777778 0.020833333333333332 0.027777777777777776
0 0.4666666666666667 0.4777777777777778 0.020833333333333332 0.027777777777777776
0 0.5364583333333334 0.4777777777777778 0.020833333333333332 0.027777777777777776
0 0.60625 0.4777777777777778 0.020833333333333332 0.027777777777777776
0 0.6770833333333334 0.47638888888888886 0.020833333333333332 0.027777777777777776
0 0.7489583333333333 0.47638888888888886 0.020833333333333332 0.027777777777777776
0 0.3375 0.40694444444444444 0.020833333333333332 0.027777777777777776
0 0.403125 0.40694444444444444 0.020833333333333332 0.027777777777777776
0 0.46979166666666666 0.40555555555555556 0.020833333333333332 0.027777777777777776
0 0.5364583333333334 0.40555555555555556 0.020833333333333332 0.027777777777777776
0 0.603125 0.40555555555555556 0.020833333333333332 0.027777777777777776
0 0.6708333333333333 0.4041666666666667 0.020833333333333332 0.027777777777777776
0 0.7385416666666667 0.4041666666666667 0.020833333333333332 0.027777777777777776
0 0.3458333333333333 0.3416666666666667 0.020833333333333332 0.027777777777777776
0 0.4083333333333333 0.3402777777777778 0.020833333333333332 0.027777777777777776
0 0.471875 0.3402777777777778 0.020833333333333332 0.027777777777777776
0 0.5364583333333334 0.3388888888888889 0.020833333333333332 0.027777777777777776
0 0.6 0.3388888888888889 0.020833333333333332 0.027777777777777776
0 0.6645833333333333 0.3375 0.020833333333333332 0.027777777777777776
0 0.7302083333333333 0.3375 0.020833333333333332 0.027777777777777776
0 0.353125 0.28194444444444444 0.020833333333333332 0.027777777777777776
0 0.41354166666666664 0.28055555555555556 0.020833333333333332 0.027777777777777776
0 0.475 0.2791666666666667 0.020833333333333332 0.027777777777777776
0 0.5364583333333334 0.2791666666666667 0.020833333333333332 0.027777777777777776
0 0.5979166666666667 0.2777777777777778 0.020833333333333332 0.027777777777777776
0 0.659375 0.2777777777777778 0.020833333333333332 0.027777777777777776
0 0.721875 0.2763888888888889 0.020833333333333332 0.027777777777777776
0 0.36041666666666666 0.2263888888888889 0.020833333333333332 0.027777777777777776
0 0.41875 0.225 0.020833333333333332 0.027777777777777776
0 0.47708333333333336 0.22361111111111112 0.020833333333333332 0.027777777777777776
0 0.5364583333333334 0.22361111111111112 0.020833333333333332 0.027777777777777776
0 0.5947916666666667 0.2222222222222222 0.020833333333333332 0.027777777777777776
0 0.6541666666666667 0.22083333333333333 0.020833333333333332 0.027777777777777776
0 0.7145833333333333 0.22083333333333333 0.020833333333333332 0.027777777777777776