0 0.74375 0.23333333333333334 0.035416666666666666 0.03518518518518519
0 0.6635416666666667 0.23148148148148148 0.035416666666666666 0.03518518518518519
0 0.584375 0.22916666666666666 0.035416666666666666 0.03518518518518519
0 0.5041666666666667 0.22685185185185186 0.035416666666666666 0.03518518518518519
0 0.4239583333333333 0.225 0.035416666666666666 0.03518518518518519
0 0.34479166666666666 0.22175925925925927 0.035416666666666666 0.03518518518518519
0 0.26458333333333334 0.2199074074074074 0.035416666666666666 0.03518518518518519
0 0.7520833333333333 0.29074074074074074 0.035416666666666666 0.03518518518518519
0 0.66875 0.2884259259259259 0.035416666666666666 0.03518518518518519
0 0.5854166666666667 0.2865740740740741 0.035416666666666666 0.03518518518518519
0 0.503125 0.2833333333333333 0.035416666666666666 0.03518518518518519
0 0.4197916666666667 0.2814814814814815 0.035416666666666666 0.03518518518518519
0 0.33645833333333336 0.2791666666666667 0.035416666666666666 0.03518518518518519
0 0.25416666666666665 0.27685185185185185 0.035416666666666666 0.03518518518518519
0 0.7614583333333333 0.35324074074074074 0.035416666666666666 0.03518518518518519
0 0.675 0.35 0.035416666666666666 0.03518518518518519
0 0.5875 0.34814814814814815 0.035416666666666666 0.03518518518518519
0 0.5010416666666667 0.3458333333333333 0.035416666666666666 0.03518518518518519
0 0.41458333333333336 0.3425925925925926 0.035416666666666666 0.03518518518518519
0 0.32916666666666666 0.34074074074074073 0.035416666666666666 0.03518518518518519
0 0.24270833333333333 0.3375 0.035416666666666666 0.03518518518518519
0 0.7708333333333334 0.42083333333333334 0.035416666666666666 0.03518518518518519
0 0.6802083333333333 0.41759259259259257 0.035416666666666666 0.03518518518518519
0 0.590625 0.4148148148148148 0.035416666666666666 0.03518518518518519
0 0.5 0.4125 0.035416666666666666 0.03518518518518519
0 0.409375 0.40925925925925927 0.035416666666666666 0.03518518518518519
0 0.31979166666666664 0.4074074074074074 0.035416666666666666 0.03518518518518519
0 0.23020833333333332 0.4041666666666667 0.035416666666666666 0.03518518518518519
0 0.78125 0.4935185185185185 0.035416666666666666 0.03518518518518519
0 0.6864583333333333 0.49074074074074076 0.035416666666666666 0.03518518518518519
0 0.5927083333333333 0.48842592592592593 0.035416666666666666 0.03518518518518519
0 0.4979166666666667 0.48518518518518516 0.035416666666666666 0.03518518518518519
0 0.4041666666666667 0.4824074074074074 0.035416666666666666 0.03518518518518519
0 0.3104166666666667 0.48009259259259257 0.035416666666666666 0.03518518518518519
0 0.215625 0.47685185185185186 0.035416666666666666 0.03518518518518519
0 0.7927083333333333 0.5740740740740741 0.035416666666666666 0.03518518518518519
0 0.69375 0.5708333333333333 0.035416666666666666 0.03518518518518519
0 0.5947916666666667 0.5685185185185185 0.035416666666666666 0.03518518518518519
0 0.496875 0.5657407407407408 0.035416666666666666 0.03518518518518519
0 0.39791666666666664 0.5625 0.035416666666666666 0.03518518518518519
0 0.2989583333333333 0.5592592592592592 0.035416666666666666 0.03518518518518519
0 0.20104166666666667 0.5564814814814815 0.035416666666666666 0.03518518518518519
0 0.8052083333333333 0.6625 0.035416666666666666 0.03518518518518519
0 0.7020833333333333 0.6592592592592592 0.035416666666666666 0.03518518518518519
0 0.5979166666666667 0.6564814814814814 0.035416666666666666 0.03518518518518519
0 0.4947916666666667 0.6532407407407408 0.035416666666666666 0.03518518518518519
0 0.390625 0.65 0.035416666666666666 0.03518518518518519
0 0.2875 0.6467592592592593 0.035416666666666666 0.03518518518518519
0 0.184375 0.6435185185185185 0.035416666666666666 0.03518518518518519