0 0.30833333333333335 0.6458333333333334 0.020833333333333332 0.027777777777777776
0 0.384375 0.6458333333333334 0.020833333333333332 0.027777777777777776
0 0.46145833333333336 0.6458333333333334 0.020833333333333332 0.027777777777777776
0 0.5375 0.6458333333333334 0.020833333333333332 0.027777777777777776
0 0.615625 0.6458333333333334 0.020833333333333332 0.027777777777777776
0 0.6927083333333334 0.6458333333333334 0.020833333333333332 0.027777777777777776
0 0.7708333333333334 0.6458333333333334 0.020833333333333332 0.027777777777777776
0 0.31979166666666664 0.5597222222222222 0.020833333333333332 0.027777777777777776
0 0.39166666666666666 0.5583333333333333 0.020833333333333332 0.027777777777777776
0 0.46458333333333335 0.5583333333333333 0.020833333333333332 0.027777777777777776
0 0.5375 0.5583333333333333 0.020833333333333332 0.027777777777777776
0 0.6114583333333333 0.5583333333333333 0.020833333333333332 0.027777777777777776
0 0.6854166666666667 0.5583333333333333 0.020833333333333332 0.027777777777777776
0 0.759375 0.5569444444444445 0.020833333333333332 0.027777777777777776
0 0.3302083333333333 0.48055555555555557 0.020833333333333332 0.027777777777777776
0 0.39895833333333336 0.4791666666666667 0.020833333333333332 0.027777777777777776
0 0.46770833333333334 0.4791666666666667 0.020833333333333332 0.027777777777777776
0 0.5375 0.4791666666666667 0.020833333333333332 0.027777777777777776
0 0.6072916666666667 0.4777777777777778 0.020833333333333332 0.027777777777777776
0 0.678125 0.4777777777777778 0.020833333333333332 0.027777777777777776
0 0.7489583333333333 0.4777777777777778 0.020833333333333332 0.027777777777777776
0 0.3385416666666667 0.4083333333333333 0.020833333333333332 0.027777777777777776
0 0.40520833333333334 0.40694444444444444 0.020833333333333332 0.027777777777777776
0 0.4708333333333333 0.40694444444444444 0.020833333333333332 0.027777777777777776
0 0.5375 0.40694444444444444 0.020833333333333332 0.027777777777777776
0 0.6041666666666666 0.40555555555555556 0.020833333333333332 0.027777777777777776
0 0.671875 0.40555555555555556 0.020833333333333332 0.027777777777777776
0 0.7385416666666667 0.4041666666666667 0.020833333333333332 0.027777777777777776
0 0.346875 0.3416666666666667 0.020833333333333332 0.027777777777777776
0 0.41041666666666665 0.3416666666666667 0.020833333333333332 0.027777777777777776
0 0.4739583333333333 0.3402777777777778 0.020833333333333332 0.027777777777777776
0 0.5375 0.3402777777777778 0.020833333333333332 0.027777777777777776
0 0.6010416666666667 0.3388888888888889 0.020833333333333332 0.027777777777777776
0 0.665625 0.3388888888888889 0.020833333333333332 0.027777777777777776
0 0.7302083333333333 0.3375 0.020833333333333332 0.027777777777777776
0 0.35520833333333335 0.28194444444444444 0.020833333333333332 0.027777777777777776
0 0.415625 0.28055555555555556 0.020833333333333332 0.027777777777777776
0 0.47604166666666664 0.28055555555555556 0.020833333333333332 0.027777777777777776
0 0.5375 0.2791666666666667 0.020833333333333332 0.027777777777777776
0 0.5989583333333334 0.2791666666666667 0.020833333333333332 0.027777777777777776
0 0.6604166666666667 0.2777777777777778 0.020833333333333332 0.027777777777777776
0 0.721875 0.2763888888888889 0.020833333333333332 0.027777777777777776
0 0.3625 0.2263888888888889 0.020833333333333332 0.027777777777777776
0 0.4197916666666667 0.225 0.020833333333333332 0.027777777777777776
0 0.478125 0.225 0.020833333333333332 0.027777777777777776
0 0.5375 0.22361111111111112 0.020833333333333332 0.027777777777777776
0 0.5958333333333333 0.2222222222222222 0.020833333333333332 0.027777777777777776
0 0.6552083333333333 0.2222222222222222 0.020833333333333332 0.027777777777777776
0 0.7145833333333333 0.22083333333333333 0.020833333333333332 0.027777777777777776