0 0.6947916666666667 0.1527777777777778 0.022916666666666665 0.03425925925925926
0 0.61875 0.1527777777777778 0.022916666666666665 0.03425925925925926
0 0.5427083333333333 0.15416666666666667 0.022916666666666665 0.03425925925925926
0 0.465625 0.15416666666666667 0.022916666666666665 0.03425925925925926
0 0.3885416666666667 0.15416666666666667 0.022916666666666665 0.03425925925925926
0 0.3104166666666667 0.15416666666666667 0.022916666666666665 0.03425925925925926
0 0.23125 0.15416666666666667 0.022916666666666665 0.03425925925925926
0 0.7072916666666667 0.2337962962962963 0.022916666666666665 0.03425925925925926
0 0.628125 0.2337962962962963 0.022916666666666665 0.03425925925925926
0 0.5489583333333333 0.2351851851851852 0.022916666666666665 0.03425925925925926
0 0.46979166666666666 0.2351851851851852 0.022916666666666665 0.03425925925925926
0 0.38958333333333334 0.2351851851851852 0.022916666666666665 0.03425925925925926
0 0.30833333333333335 0.23657407407407408 0.022916666666666665 0.03425925925925926
0 0.22604166666666667 0.23657407407407408 0.022916666666666665 0.03425925925925926
0 0.7197916666666667 0.3194444444444444 0.022916666666666665 0.03425925925925926
0 0.6385416666666667 0.32083333333333336 0.022916666666666665 0.03425925925925926
0 0.55625 0.32083333333333336 0.022916666666666665 0.03425925925925926
0 0.4739583333333333 0.32222222222222224 0.022916666666666665 0.03425925925925926
0 0.390625 0.32407407407407407 0.022916666666666665 0.03425925925925926
0 0.30625 0.32407407407407407 0.022916666666666665 0.03425925925925926
0 0.22083333333333333 0.32546296296296295 0.022916666666666665 0.03425925925925926
0 0.7333333333333333 0.412962962962963 0.022916666666666665 0.03425925925925926
0 0.6489583333333333 0.41435185185185186 0.022916666666666665 0.03425925925925926
0 0.5645833333333333 0.41435185185185186 0.022916666666666665 0.03425925925925926
0 0.478125 0.41574074074074074 0.022916666666666665 0.03425925925925926
0 0.39166666666666666 0.41759259259259257 0.022916666666666665 0.03425925925925926
0 0.30416666666666664 0.41898148148148145 0.022916666666666665 0.03425925925925926
0 0.215625 0.4203703703703704 0.022916666666666665 0.03425925925925926
0 0.7489583333333333 0.5125 0.022916666666666665 0.03425925925925926
0 0.6604166666666667 0.5138888888888888 0.022916666666666665 0.03425925925925926
0 0.571875 0.5157407407407407 0.022916666666666665 0.03425925925925926
0 0.48333333333333334 0.5185185185185185 0.022916666666666665 0.03425925925925926
0 0.3927083333333333 0.5203703703703704 0.022916666666666665 0.03425925925925926
0 0.3020833333333333 0.5217592592592593 0.022916666666666665 0.03425925925925926
0 0.209375 0.525 0.022916666666666665 0.03425925925925926
0 0.7645833333333333 0.6212962962962963 0.022916666666666665 0.03425925925925926
0 0.6739583333333333 0.6231481481481481 0.022916666666666665 0.03425925925925926
0 0.58125 0.6263888888888889 0.022916666666666665 0.03425925925925926
0 0.48854166666666665 0.6291666666666667 0.022916666666666665 0.03425925925925926
0 0.39375 0.6310185185185185 0.022916666666666665 0.03425925925925926
0 0.2989583333333333 0.6337962962962963 0.022916666666666665 0.03425925925925926
0 0.203125 0.6370370370370371 0.022916666666666665 0.03425925925925926
0 0.7822916666666667 0.7384259259259259 0.022916666666666665 0.03425925925925926
0 0.6875 0.7412037037037037 0.022916666666666665 0.03425925925925926
0 0.590625 0.7444444444444445 0.022916666666666665 0.03425925925925926
0 0.49375 0.7490740740740741 0.022916666666666665 0.03425925925925926
0 0.3958333333333333 0.7523148148148148 0.022916666666666665 0.03425925925925926
0 0.296875 0.7555555555555555 0.022916666666666665 0.03425925925925926
0 0.196875 0.7587962962962963 0.022916666666666665 0.03425925925925926