0 0.2552083333333333 0.17314814814814813 0.0375 0.0375
0 0.33541666666666664 0.17083333333333334 0.0375 0.0375
0 0.41458333333333336 0.1699074074074074 0.0375 0.0375
0 0.49375 0.1675925925925926 0.0375 0.0375
0 0.5729166666666666 0.16574074074074074 0.0375 0.0375
0 0.653125 0.16342592592592592 0.0375 0.0375
0 0.7322916666666667 0.16157407407407406 0.0375 0.0375
0 0.24375 0.2300925925925926 0.0375 0.0375
0 0.3260416666666667 0.22824074074074074 0.0375 0.0375
0 0.409375 0.22592592592592592 0.0375 0.0375
0 0.49166666666666664 0.22407407407407406 0.0375 0.0375
0 0.575 0.22175925925925927 0.0375 0.0375
0 0.6572916666666667 0.2199074074074074 0.0375 0.0375
0 0.740625 0.2175925925925926 0.0375 0.0375
0 0.23125 0.29074074074074074 0.0375 0.0375
0 0.31666666666666665 0.2884259259259259 0.0375 0.0375
0 0.403125 0.2865740740740741 0.0375 0.0375
0 0.4895833333333333 0.28425925925925927 0.0375 0.0375
0 0.5760416666666667 0.2824074074074074 0.0375 0.0375
0 0.6625 0.2800925925925926 0.0375 0.0375
0 0.7489583333333333 0.27824074074074073 0.0375 0.0375
0 0.21666666666666667 0.3574074074074074 0.0375 0.0375
0 0.3072916666666667 0.35509259259259257 0.0375 0.0375
0 0.396875 0.35324074074074074 0.0375 0.0375
0 0.4875 0.3509259259259259 0.0375 0.0375
0 0.5770833333333333 0.3490740740740741 0.0375 0.0375
0 0.6677083333333333 0.34675925925925927 0.0375 0.0375
0 0.7583333333333333 0.3449074074074074 0.0375 0.0375
0 0.20208333333333334 0.43148148148148147 0.0375 0.0375
0 0.29583333333333334 0.42824074074074076 0.0375 0.0375
0 0.390625 0.42592592592592593 0.0375 0.0375
0 0.484375 0.42407407407407405 0.0375 0.0375
0 0.5791666666666667 0.4217592592592593 0.0375 0.0375
0 0.6739583333333333 0.4199074074074074 0.0375 0.0375
0 0.7677083333333333 0.41759259259259257 0.0375 0.0375
0 0.18541666666666667 0.5115740740740741 0.0375 0.0375
0 0.2833333333333333 0.5083333333333333 0.0375 0.0375
0 0.38229166666666664 0.5064814814814815 0.0375 0.0375
0 0.48125 0.5041666666666667 0.0375 0.0375
0 0.5802083333333333 0.5018518518518519 0.0375 0.0375
0 0.6802083333333333 0.5 0.0375 0.0375
0 0.7791666666666667 0.49675925925925923 0.0375 0.0375
0 0.16666666666666666 0.5990740740740741 0.0375 0.0375
0 0.2708333333333333 0.5967592592592592 0.0375 0.0375
0 0.37395833333333334 0.5949074074074074 0.0375 0.0375
0 0.478125 0.5925925925925926 0.0375 0.0375
0 0.5822916666666667 0.5907407407407408 0.0375 0.0375
0 0.6864583333333333 0.5875 0.0375 0.0375
0 0.7916666666666666 0.5851851851851851 0.0375 0.0375