0 0.2677083333333333 0.22916666666666666 0.035416666666666666 0.03518518518518519
0 0.34479166666666666 0.22592592592592592 0.035416666666666666 0.03518518518518519
0 0.42291666666666666 0.22407407407407406 0.035416666666666666 0.03518518518518519
0 0.5 0.22175925925925927 0.035416666666666666 0.03518518518518519
0 0.5770833333333333 0.21851851851851853 0.035416666666666666 0.03518518518518519
0 0.6552083333333333 0.21666666666666667 0.035416666666666666 0.03518518518518519
0 0.7322916666666667 0.21342592592592594 0.035416666666666666 0.03518518518518519
0 0.259375 0.28425925925925927 0.035416666666666666 0.03518518518518519
0 0.340625 0.2814814814814815 0.035416666666666666 0.03518518518518519
0 0.42083333333333334 0.27824074074074073 0.035416666666666666 0.03518518518518519
0 0.5020833333333333 0.2759259259259259 0.035416666666666666 0.03518518518518519
0 0.5833333333333334 0.27314814814814814 0.035416666666666666 0.03518518518518519
0 0.6635416666666667 0.2708333333333333 0.035416666666666666 0.03518518518518519
0 0.7447916666666666 0.2675925925925926 0.035416666666666666 0.03518518518518519
0 0.25104166666666666 0.3435185185185185 0.035416666666666666 0.03518518518518519
0 0.33541666666666664 0.34074074074074073 0.035416666666666666 0.03518518518518519
0 0.4197916666666667 0.3384259259259259 0.035416666666666666 0.03518518518518519
0 0.5041666666666667 0.3351851851851852 0.035416666666666666 0.03518518518518519
0 0.5885416666666666 0.33240740740740743 0.035416666666666666 0.03518518518518519
0 0.6729166666666667 0.3300925925925926 0.035416666666666666 0.03518518518518519
0 0.7572916666666667 0.32685185185185184 0.035416666666666666 0.03518518518518519
0 0.24166666666666667 0.40925925925925927 0.035416666666666666 0.03518518518518519
0 0.3302083333333333 0.4064814814814815 0.035416666666666666 0.03518518518518519
0 0.41770833333333335 0.40324074074074073 0.035416666666666666 0.03518518518518519
0 0.50625 0.4 0.035416666666666666 0.03518518518518519
0 0.5947916666666667 0.39814814814814814 0.035416666666666666 0.03518518518518519
0 0.6833333333333333 0.39490740740740743 0.035416666666666666 0.03518518518518519
0 0.771875 0.39166666666666666 0.035416666666666666 0.03518518518518519
0 0.23125 0.48009259259259257 0.035416666666666666 0.03518518518518519
0 0.32395833333333335 0.47685185185185186 0.035416666666666666 0.03518518518518519
0 0.4166666666666667 0.475 0.035416666666666666 0.03518518518518519
0 0.509375 0.47175925925925927 0.035416666666666666 0.03518518518518519
0 0.6020833333333333 0.4685185185185185 0.035416666666666666 0.03518518518518519
0 0.6947916666666667 0.46574074074074073 0.035416666666666666 0.03518518518518519
0 0.7864583333333334 0.4625 0.035416666666666666 0.03518518518518519
0 0.21979166666666666 0.5592592592592592 0.035416666666666666 0.03518518518518519
0 0.3177083333333333 0.5564814814814815 0.035416666666666666 0.03518518518518519
0 0.41458333333333336 0.5532407407407407 0.035416666666666666 0.03518518518518519
0 0.5114583333333333 0.55 0.035416666666666666 0.03518518518518519
0 0.609375 0.5467592592592593 0.035416666666666666 0.03518518518518519
0 0.70625 0.5435185185185185 0.035416666666666666 0.03518518518518519
0 0.8041666666666667 0.5407407407407407 0.035416666666666666 0.03518518518518519
0 0.20729166666666668 0.6467592592592593 0.035416666666666666 0.03518518518518519
0 0.309375 0.6435185185185185 0.035416666666666666 0.03518518518518519
0 0.4125 0.6407407407407407 0.035416666666666666 0.03518518518518519
0 0.5145833333333333 0.6365740740740741 0.035416666666666666 0.03518518518518519
0 0.6177083333333333 0.6333333333333333 0.035416666666666666 0.03518518518518519
0 0.7197916666666667 0.6300925925925925 0.035416666666666666 0.03518518518518519
0 0.8229166666666666 0.6268518518518519 0.035416666666666666 0.03518518518518519