0 0.7291666666666666 0.21342592592592594 0.035416666666666666 0.03518518518518519
0 0.6541666666666667 0.2125 0.035416666666666666 0.03518518518518519
0 0.578125 0.2125 0.035416666666666666 0.03518518518518519
0 0.503125 0.21157407407407408 0.035416666666666666 0.03518518518518519
0 0.428125 0.21157407407407408 0.035416666666666666 0.03518518518518519
0 0.35208333333333336 0.2101851851851852 0.035416666666666666 0.03518518518518519
0 0.27708333333333335 0.2101851851851852 0.035416666666666666 0.03518518518518519
0 0.7375 0.26666666666666666 0.035416666666666666 0.03518518518518519
0 0.659375 0.26666666666666666 0.035416666666666666 0.03518518518518519
0 0.5802083333333333 0.26666666666666666 0.035416666666666666 0.03518518518518519
0 0.5020833333333333 0.2657407407407407 0.035416666666666666 0.03518518518518519
0 0.4239583333333333 0.2657407407407407 0.035416666666666666 0.03518518518518519
0 0.34479166666666666 0.26481481481481484 0.035416666666666666 0.03518518518518519
0 0.26666666666666666 0.26481481481481484 0.035416666666666666 0.03518518518518519
0 0.7458333333333333 0.32592592592592595 0.035416666666666666 0.03518518518518519
0 0.6645833333333333 0.325 0.035416666666666666 0.03518518518518519
0 0.5822916666666667 0.325 0.035416666666666666 0.03518518518518519
0 0.5010416666666667 0.32407407407407407 0.035416666666666666 0.03518518518518519
0 0.4197916666666667 0.32407407407407407 0.035416666666666666 0.03518518518518519
0 0.3375 0.32314814814814813 0.035416666666666666 0.03518518518518519
0 0.25625 0.32314814814814813 0.035416666666666666 0.03518518518518519
0 0.7552083333333334 0.38981481481481484 0.035416666666666666 0.03518518518518519
0 0.6697916666666667 0.38842592592592595 0.035416666666666666 0.03518518518518519
0 0.5854166666666667 0.38842592592592595 0.035416666666666666 0.03518518518518519
0 0.5 0.3875 0.035416666666666666 0.03518518518518519
0 0.41458333333333336 0.3875 0.035416666666666666 0.03518518518518519
0 0.32916666666666666 0.3875 0.035416666666666666 0.03518518518518519
0 0.24375 0.38657407407407407 0.035416666666666666 0.03518518518518519
0 0.765625 0.45925925925925926 0.035416666666666666 0.03518518518518519
0 0.6770833333333334 0.4583333333333333 0.035416666666666666 0.03518518518518519
0 0.5875 0.4583333333333333 0.035416666666666666 0.03518518518518519
0 0.49895833333333334 0.45740740740740743 0.035416666666666666 0.03518518518518519
0 0.409375 0.45740740740740743 0.035416666666666666 0.03518518518518519
0 0.32083333333333336 0.4564814814814815 0.035416666666666666 0.03518518518518519
0 0.23125 0.4564814814814815 0.035416666666666666 0.03518518518518519
0 0.7770833333333333 0.5351851851851852 0.035416666666666666 0.03518518518518519
0 0.6833333333333333 0.5342592592592592 0.035416666666666666 0.03518518518518519
0 0.590625 0.5342592592592592 0.035416666666666666 0.03518518518518519
0 0.496875 0.5333333333333333 0.035416666666666666 0.03518518518518519
0 0.4041666666666667 0.5333333333333333 0.035416666666666666 0.03518518518518519
0 0.3104166666666667 0.5324074074074074 0.035416666666666666 0.03518518518518519
0 0.21666666666666667 0.5324074074074074 0.035416666666666666 0.03518518518518519
0 0.7895833333333333 0.6185185185185185 0.035416666666666666 0.03518518518518519
0 0.6916666666666667 0.6175925925925926 0.035416666666666666 0.03518518518518519
0 0.59375 0.6175925925925926 0.035416666666666666 0.03518518518518519
0 0.49583333333333335 0.6166666666666667 0.035416666666666666 0.03518518518518519
0 0.39791666666666664 0.6166666666666667 0.035416666666666666 0.03518518518518519
0 0.3 0.6166666666666667 0.035416666666666666 0.03518518518518519
0 0.20104166666666667 0.6157407407407407 0.035416666666666666 0.03518518518518519