0 0.6 0.26481481481481484 0.014583333333333334 0.025925925925925925
0 0.5520833333333334 0.26481481481481484 0.014583333333333334 0.025925925925925925
0 0.5041666666666667 0.26481481481481484 0.014583333333333334 0.025925925925925925
0 0.45625 0.26481481481481484 0.014583333333333334 0.025925925925925925
0 0.4083333333333333 0.26481481481481484 0.014583333333333334 0.025925925925925925
0 0.359375 0.26481481481481484 0.014583333333333334 0.025925925925925925
0 0.309375 0.26481481481481484 0.014583333333333334 0.025925925925925925
0 0.6041666666666666 0.3277777777777778 0.014583333333333334 0.025925925925925925
0 0.5552083333333333 0.3277777777777778 0.014583333333333334 0.025925925925925925
0 0.50625 0.3296296296296296 0.014583333333333334 0.025925925925925925
0 0.45625 0.3296296296296296 0.014583333333333334 0.025925925925925925
0 0.40625 0.3296296296296296 0.014583333333333334 0.025925925925925925
0 0.35625 0.3314814814814815 0.014583333333333334 0.025925925925925925
0 0.30520833333333336 0.3314814814814815 0.014583333333333334 0.025925925925925925
0 0.609375 0.3962962962962963 0.014583333333333334 0.025925925925925925
0 0.5583333333333333 0.3962962962962963 0.014583333333333334 0.025925925925925925
0 0.5072916666666667 0.39814814814814814 0.014583333333333334 0.025925925925925925
0 0.45625 0.39814814814814814 0.014583333333333334 0.025925925925925925
0 0.4041666666666667 0.4 0.014583333333333334 0.025925925925925925
0 0.35208333333333336 0.4 0.014583333333333334 0.025925925925925925
0 0.3 0.40185185185185185 0.014583333333333334 0.025925925925925925
0 0.6145833333333334 0.4685185185185185 0.014583333333333334 0.025925925925925925
0 0.5625 0.4703703703703704 0.014583333333333334 0.025925925925925925
0 0.509375 0.4722222222222222 0.014583333333333334 0.025925925925925925
0 0.45625 0.4722222222222222 0.014583333333333334 0.025925925925925925
0 0.403125 0.4740740740740741 0.014583333333333334 0.025925925925925925
0 0.3489583333333333 0.4759259259259259 0.014583333333333334 0.025925925925925925
0 0.29375 0.4759259259259259 0.014583333333333334 0.025925925925925925
0 0.6197916666666666 0.5481481481481482 0.014583333333333334 0.025925925925925925
0 0.565625 0.5481481481481482 0.014583333333333334 0.025925925925925925
0 0.5114583333333333 0.55 0.014583333333333334 0.025925925925925925
0 0.45625 0.5518518518518518 0.014583333333333334 0.025925925925925925
0 0.4010416666666667 0.5537037037037037 0.014583333333333334 0.025925925925925925
0 0.34479166666666666 0.5555555555555556 0.014583333333333334 0.025925925925925925
0 0.2875 0.5574074074074075 0.014583333333333334 0.025925925925925925
0 0.6260416666666667 0.6314814814814815 0.014583333333333334 0.025925925925925925
0 0.5697916666666667 0.6333333333333333 0.014583333333333334 0.025925925925925925
0 0.5125 0.6351851851851852 0.014583333333333334 0.025925925925925925
0 0.45625 0.6370370370370371 0.014583333333333334 0.025925925925925925
0 0.39791666666666664 0.6388888888888888 0.014583333333333334 0.025925925925925925
0 0.340625 0.6407407407407407 0.014583333333333334 0.025925925925925925
0 0.28125 0.6425925925925926 0.014583333333333334 0.025925925925925925
0 0.6322916666666667 0.7222222222222222 0.014583333333333334 0.025925925925925925
0 0.5739583333333333 0.7240740740740741 0.014583333333333334 0.025925925925925925
0 0.5145833333333333 0.725925925925926 0.014583333333333334 0.025925925925925925
0 0.45625 0.7296296296296296 0.014583333333333334 0.025925925925925925
0 0.3958333333333333 0.7314814814814815 0.014583333333333334 0.025925925925925925
0 0.33541666666666664 0.7351851851851852 0.014583333333333334 0.025925925925925925
0 0.27395833333333336 0.737037037037037 0.014583333333333334 0.025925925925925925