0 0.30104166666666665 0.65 0.020833333333333332 0.027777777777777776
0 0.37916666666666665 0.6486111111111111 0.020833333333333332 0.027777777777777776
0 0.45625 0.6486111111111111 0.020833333333333332 0.027777777777777776
0 0.534375 0.6472222222222223 0.020833333333333332 0.027777777777777776
0 0.6125 0.6458333333333334 0.020833333333333332 0.027777777777777776
0 0.6895833333333333 0.6458333333333334 0.020833333333333332 0.027777777777777776
0 0.7677083333333333 0.6444444444444445 0.020833333333333332 0.027777777777777776
0 0.3125 0.5611111111111111 0.020833333333333332 0.027777777777777776
0 0.38645833333333335 0.5597222222222222 0.020833333333333332 0.027777777777777776
0 0.46041666666666664 0.5583333333333333 0.020833333333333332 0.027777777777777776
0 0.534375 0.5583333333333333 0.020833333333333332 0.027777777777777776
0 0.6083333333333333 0.5569444444444445 0.020833333333333332 0.027777777777777776
0 0.6822916666666666 0.5555555555555556 0.020833333333333332 0.027777777777777776
0 0.7552083333333334 0.5555555555555556 0.020833333333333332 0.027777777777777776
0 0.3229166666666667 0.4791666666666667 0.020833333333333332 0.027777777777777776
0 0.3927083333333333 0.4791666666666667 0.020833333333333332 0.027777777777777776
0 0.4635416666666667 0.4777777777777778 0.020833333333333332 0.027777777777777776
0 0.5333333333333333 0.47638888888888886 0.020833333333333332 0.027777777777777776
0 0.6041666666666666 0.47638888888888886 0.020833333333333332 0.027777777777777776
0 0.6739583333333333 0.475 0.020833333333333332 0.027777777777777776
0 0.7447916666666666 0.4736111111111111 0.020833333333333332 0.027777777777777776
0 0.33229166666666665 0.40555555555555556 0.020833333333333332 0.027777777777777776
0 0.39895833333333336 0.40555555555555556 0.020833333333333332 0.027777777777777776
0 0.4666666666666667 0.4041666666666667 0.020833333333333332 0.027777777777777776
0 0.5333333333333333 0.4027777777777778 0.020833333333333332 0.027777777777777776
0 0.6 0.4027777777777778 0.020833333333333332 0.027777777777777776
0 0.6677083333333333 0.4013888888888889 0.020833333333333332 0.027777777777777776
0 0.734375 0.4013888888888889 0.020833333333333332 0.027777777777777776
0 0.340625 0.3388888888888889 0.020833333333333332 0.027777777777777776
0 0.4041666666666667 0.3375 0.020833333333333332 0.027777777777777776
0 0.46875 0.3375 0.020833333333333332 0.027777777777777776
0 0.5333333333333333 0.33611111111111114 0.020833333333333332 0.027777777777777776
0 0.596875 0.33611111111111114 0.020833333333333332 0.027777777777777776
0 0.6614583333333334 0.3347222222222222 0.020833333333333332 0.027777777777777776
0 0.725 0.3333333333333333 0.020833333333333332 0.027777777777777776
0 0.34791666666666665 0.2777777777777778 0.020833333333333332 0.027777777777777776
0 0.409375 0.2763888888888889 0.020833333333333332 0.027777777777777776
0 0.4708333333333333 0.2763888888888889 0.020833333333333332 0.027777777777777776
0 0.5322916666666667 0.275 0.020833333333333332 0.027777777777777776
0 0.59375 0.275 0.020833333333333332 0.027777777777777776
0 0.6552083333333333 0.27361111111111114 0.020833333333333332 0.027777777777777776
0 0.7166666666666667 0.2722222222222222 0.020833333333333332 0.027777777777777776
0 0.35520833333333335 0.22083333333333333 0.020833333333333332 0.027777777777777776
0 0.41458333333333336 0.22083333333333333 0.020833333333333332 0.027777777777777776
0 0.47291666666666665 0.21944444444444444 0.020833333333333332 0.027777777777777776
0 0.5322916666666667 0.21805555555555556 0.020833333333333332 0.027777777777777776
0 0.5916666666666667 0.21805555555555556 0.020833333333333332 0.027777777777777776
0 0.65 0.21666666666666667 0.020833333333333332 0.027777777777777776
0 0.709375 0.21666666666666667 0.020833333333333332 0.027777777777777776