0 0.734375 0.2601851851851852 0.03333333333333333 0.03333333333333333
0 0.6604166666666667 0.2601851851851852 0.03333333333333333 0.03333333333333333
0 0.5864583333333333 0.25925925925925924 0.03333333333333333 0.03333333333333333
0 0.5125 0.25925925925925924 0.03333333333333333 0.03333333333333333
0 0.4395833333333333 0.25925925925925924 0.03333333333333333 0.03333333333333333
0 0.365625 0.25925925925925924 0.03333333333333333 0.03333333333333333
0 0.2916666666666667 0.25833333333333336 0.03333333333333333 0.03333333333333333
0 0.7427083333333333 0.32175925925925924 0.03333333333333333 0.03333333333333333
0 0.665625 0.32175925925925924 0.03333333333333333 0.03333333333333333
0 0.5885416666666666 0.32083333333333336 0.03333333333333333 0.03333333333333333
0 0.5125 0.32083333333333336 0.03333333333333333 0.03333333333333333
0 0.4354166666666667 0.32083333333333336 0.03333333333333333 0.03333333333333333
0 0.359375 0.3199074074074074 0.03333333333333333 0.03333333333333333
0 0.2833333333333333 0.3199074074074074 0.03333333333333333 0.03333333333333333
0 0.7520833333333333 0.38842592592592595 0.03333333333333333 0.03333333333333333
0 0.671875 0.3875 0.03333333333333333 0.03333333333333333
0 0.5916666666666667 0.3875 0.03333333333333333 0.03333333333333333
0 0.5114583333333333 0.3875 0.03333333333333333 0.03333333333333333
0 0.4322916666666667 0.38657407407407407 0.03333333333333333 0.03333333333333333
0 0.353125 0.38657407407407407 0.03333333333333333 0.03333333333333333
0 0.27395833333333336 0.3851851851851852 0.03333333333333333 0.03333333333333333
0 0.7614583333333333 0.4601851851851852 0.03333333333333333 0.03333333333333333
0 0.678125 0.45925925925925926 0.03333333333333333 0.03333333333333333
0 0.5947916666666667 0.45925925925925926 0.03333333333333333 0.03333333333333333
0 0.5114583333333333 0.4583333333333333 0.03333333333333333 0.03333333333333333
0 0.428125 0.4583333333333333 0.03333333333333333 0.03333333333333333
0 0.3458333333333333 0.45740740740740743 0.03333333333333333 0.03333333333333333
0 0.2635416666666667 0.45740740740740743 0.03333333333333333 0.03333333333333333
0 0.771875 0.538425925925926 0.03333333333333333 0.03333333333333333
0 0.684375 0.538425925925926 0.03333333333333333 0.03333333333333333
0 0.5979166666666667 0.5375 0.03333333333333333 0.03333333333333333
0 0.5114583333333333 0.5365740740740741 0.03333333333333333 0.03333333333333333
0 0.4239583333333333 0.5365740740740741 0.03333333333333333 0.03333333333333333
0 0.3375 0.5351851851851852 0.03333333333333333 0.03333333333333333
0 0.2520833333333333 0.5351851851851852 0.03333333333333333 0.03333333333333333
0 0.7833333333333333 0.6240740740740741 0.03333333333333333 0.03333333333333333
0 0.6916666666666667 0.6240740740740741 0.03333333333333333 0.03333333333333333
0 0.6010416666666667 0.6231481481481481 0.03333333333333333 0.03333333333333333
0 0.5104166666666666 0.6217592592592592 0.03333333333333333 0.03333333333333333
0 0.4197916666666667 0.6217592592592592 0.03333333333333333 0.03333333333333333
0 0.32916666666666666 0.6208333333333333 0.03333333333333333 0.03333333333333333
0 0.23958333333333334 0.6199074074074075 0.03333333333333333 0.03333333333333333
0 0.7958333333333333 0.7175925925925926 0.03333333333333333 0.03333333333333333
0 0.7 0.7175925925925926 0.03333333333333333 0.03333333333333333
0 0.6052083333333333 0.7166666666666667 0.03333333333333333 0.03333333333333333
0 0.5104166666666666 0.7157407407407408 0.03333333333333333 0.03333333333333333
0 0.41458333333333336 0.7148148148148148 0.03333333333333333 0.03333333333333333
0 0.31979166666666664 0.7134259259259259 0.03333333333333333 0.03333333333333333
0 0.22604166666666667 0.7125 0.03333333333333333 0.03333333333333333