0 0.33541666666666664 0.39305555555555555 0.01875 0.025
0 0.3302083333333333 0.45 0.01875 0.025
0 0.325 0.5097222222222222 0.01875 0.025
0 0.31875 0.5736111111111111 0.01875 0.025
0 0.3125 0.6416666666666667 0.01875 0.025
0 0.30625 0.7138888888888889 0.01875 0.025
0 0.2989583333333333 0.7916666666666666 0.01875 0.025
0 0.3958333333333333 0.39444444444444443 0.01875 0.025
0 0.3927083333333333 0.45 0.01875 0.025
0 0.38958333333333334 0.5111111111111111 0.01875 0.025
0 0.3854166666666667 0.575 0.01875 0.025
0 0.38125 0.6416666666666667 0.01875 0.025
0 0.3770833333333333 0.7152777777777778 0.01875 0.025
0 0.371875 0.7930555555555555 0.01875 0.025
0 0.45729166666666665 0.39444444444444443 0.01875 0.025
0 0.4552083333333333 0.4513888888888889 0.01875 0.025
0 0.45416666666666666 0.5111111111111111 0.01875 0.025
0 0.45208333333333334 0.575 0.01875 0.025
0 0.45 0.6430555555555556 0.01875 0.025
0 0.4479166666666667 0.7166666666666667 0.01875 0.025
0 0.44583333333333336 0.7944444444444444 0.01875 0.025
0 0.5177083333333333 0.3958333333333333 0.01875 0.025
0 0.5177083333333333 0.4527777777777778 0.01875 0.025
0 0.51875 0.5125 0.01875 0.025
0 0.51875 0.5763888888888888 0.01875 0.025
0 0.51875 0.6444444444444445 0.01875 0.025
0 0.51875 0.7180555555555556 0.01875 0.025
0 0.5197916666666667 0.7958333333333333 0.01875 0.025
0 0.5791666666666667 0.3972222222222222 0.01875 0.025
0 0.58125 0.45416666666666666 0.01875 0.025
0 0.5833333333333334 0.5138888888888888 0.01875 0.025
0 0.5854166666666667 0.5777777777777777 0.01875 0.025
0 0.5875 0.6458333333333334 0.01875 0.025
0 0.590625 0.7194444444444444 0.01875 0.025
0 0.5927083333333333 0.7972222222222223 0.01875 0.025
0 0.6395833333333333 0.3972222222222222 0.01875 0.025
0 0.64375 0.45416666666666666 0.01875 0.025
0 0.6479166666666667 0.5152777777777777 0.01875 0.025
0 0.6520833333333333 0.5791666666666667 0.01875 0.025
0 0.65625 0.6472222222222223 0.01875 0.025
0 0.6614583333333334 0.7194444444444444 0.01875 0.025
0 0.6666666666666666 0.7986111111111112 0.01875 0.025
0 0.7010416666666667 0.39861111111111114 0.01875 0.025
0 0.70625 0.45555555555555555 0.01875 0.025
0 0.7125 0.5166666666666667 0.01875 0.025
0 0.71875 0.5805555555555556 0.01875 0.025
0 0.7260416666666667 0.6486111111111111 0.01875 0.025
0 0.7322916666666667 0.7208333333333333 0.01875 0.025
0 0.740625 0.8 0.01875 0.025