0 0.30520833333333336 0.6458333333333334 0.020833333333333332 0.027777777777777776
0 0.38229166666666664 0.6472222222222223 0.020833333333333332 0.027777777777777776
0 0.459375 0.6472222222222223 0.020833333333333332 0.027777777777777776
0 0.5375 0.6486111111111111 0.020833333333333332 0.027777777777777776
0 0.6166666666666667 0.6486111111111111 0.020833333333333332 0.027777777777777776
0 0.6958333333333333 0.65 0.020833333333333332 0.027777777777777776
0 0.7760416666666666 0.6513888888888889 0.020833333333333332 0.027777777777777776
0 0.315625 0.5583333333333333 0.020833333333333332 0.027777777777777776
0 0.38958333333333334 0.5583333333333333 0.020833333333333332 0.027777777777777776
0 0.4635416666666667 0.5583333333333333 0.020833333333333332 0.027777777777777776
0 0.5375 0.5597222222222222 0.020833333333333332 0.027777777777777776
0 0.6125 0.5597222222222222 0.020833333333333332 0.027777777777777776
0 0.6875 0.5611111111111111 0.020833333333333332 0.027777777777777776
0 0.7635416666666667 0.5611111111111111 0.020833333333333332 0.027777777777777776
0 0.3260416666666667 0.4777777777777778 0.020833333333333332 0.027777777777777776
0 0.396875 0.4777777777777778 0.020833333333333332 0.027777777777777776
0 0.4666666666666667 0.4791666666666667 0.020833333333333332 0.027777777777777776
0 0.5375 0.4791666666666667 0.020833333333333332 0.027777777777777776
0 0.6083333333333333 0.4791666666666667 0.020833333333333332 0.027777777777777776
0 0.6802083333333333 0.4791666666666667 0.020833333333333332 0.027777777777777776
0 0.7520833333333333 0.4791666666666667 0.020833333333333332 0.027777777777777776
0 0.33541666666666664 0.40555555555555556 0.020833333333333332 0.027777777777777776
0 0.403125 0.40555555555555556 0.020833333333333332 0.027777777777777776
0 0.46979166666666666 0.40555555555555556 0.020833333333333332 0.027777777777777776
0 0.5375 0.40555555555555556 0.020833333333333332 0.027777777777777776
0 0.6052083333333333 0.40555555555555556 0.020833333333333332 0.027777777777777776
0 0.6739583333333333 0.40555555555555556 0.020833333333333332 0.027777777777777776
0 0.7427083333333333 0.40555555555555556 0.020833333333333332 0.027777777777777776
0 0.34479166666666666 0.3388888888888889 0.020833333333333332 0.027777777777777776
0 0.4083333333333333 0.3388888888888889 0.020833333333333332 0.027777777777777776
0 0.47291666666666665 0.3388888888888889 0.020833333333333332 0.027777777777777776
0 0.5375 0.3388888888888889 0.020833333333333332 0.027777777777777776
0 0.6020833333333333 0.3388888888888889 0.020833333333333332 0.027777777777777776
0 0.6677083333333333 0.3388888888888889 0.020833333333333332 0.027777777777777776
0 0.7333333333333333 0.3388888888888889 0.020833333333333332 0.027777777777777776
0 0.35208333333333336 0.2791666666666667 0.020833333333333332 0.027777777777777776
0 0.41354166666666664 0.2777777777777778 0.020833333333333332 0.027777777777777776
0 0.475 0.2777777777777778 0.020833333333333332 0.027777777777777776
0 0.5375 0.2777777777777778 0.020833333333333332 0.027777777777777776
0 0.5989583333333334 0.2777777777777778 0.020833333333333332 0.027777777777777776
0 0.6614583333333334 0.2777777777777778 0.020833333333333332 0.027777777777777776
0 0.725 0.2763888888888889 0.020833333333333332 0.027777777777777776
0 0.359375 0.2222222222222222 0.020833333333333332 0.027777777777777776
0 0.41875 0.2222222222222222 0.020833333333333332 0.027777777777777776
0 0.47708333333333336 0.2222222222222222 0.020833333333333332 0.027777777777777776
0 0.5364583333333334 0.2222222222222222 0.020833333333333332 0.027777777777777776
0 0.596875 0.22083333333333333 0.020833333333333332 0.027777777777777776
0 0.65625 0.22083333333333333 0.020833333333333332 0.027777777777777776
0 0.7166666666666667 0.22083333333333333 0.020833333333333332 0.027777777777777776