0 0.6875 0.15416666666666667 0.025 0.03333333333333333
0 0.61875 0.15833333333333333 0.025 0.03333333333333333
0 0.5489583333333333 0.1625 0.025 0.03333333333333333
0 0.48020833333333335 0.16527777777777777 0.025 0.03333333333333333
0 0.4125 0.16944444444444445 0.025 0.03333333333333333
0 0.34375 0.1736111111111111 0.025 0.03333333333333333
0 0.275 0.17777777777777778 0.025 0.03333333333333333
0 0.6989583333333333 0.22083333333333333 0.025 0.03333333333333333
0 0.6270833333333333 0.225 0.025 0.03333333333333333
0 0.5541666666666667 0.22916666666666666 0.025 0.03333333333333333
0 0.4822916666666667 0.23333333333333334 0.025 0.03333333333333333
0 0.41041666666666665 0.2361111111111111 0.025 0.03333333333333333
0 0.3385416666666667 0.24027777777777778 0.025 0.03333333333333333
0 0.2677083333333333 0.24444444444444444 0.025 0.03333333333333333
0 0.7114583333333333 0.29305555555555557 0.025 0.03333333333333333
0 0.6354166666666666 0.2972222222222222 0.025 0.03333333333333333
0 0.5604166666666667 0.3013888888888889 0.025 0.03333333333333333
0 0.484375 0.3055555555555556 0.025 0.03333333333333333
0 0.409375 0.30972222222222223 0.025 0.03333333333333333
0 0.3333333333333333 0.3138888888888889 0.025 0.03333333333333333
0 0.25833333333333336 0.31805555555555554 0.025 0.03333333333333333
0 0.7260416666666667 0.375 0.025 0.03333333333333333
0 0.6458333333333334 0.37916666666666665 0.025 0.03333333333333333
0 0.5666666666666667 0.38333333333333336 0.025 0.03333333333333333
0 0.4864583333333333 0.3875 0.025 0.03333333333333333
0 0.40729166666666666 0.39166666666666666 0.025 0.03333333333333333
0 0.328125 0.3958333333333333 0.025 0.03333333333333333
0 0.24895833333333334 0.4 0.025 0.03333333333333333
0 0.7416666666666667 0.4638888888888889 0.025 0.03333333333333333
0 0.6572916666666667 0.46805555555555556 0.025 0.03333333333333333
0 0.5729166666666666 0.4736111111111111 0.025 0.03333333333333333
0 0.4895833333333333 0.4777777777777778 0.025 0.03333333333333333
0 0.40520833333333334 0.48194444444444445 0.025 0.03333333333333333
0 0.321875 0.4861111111111111 0.025 0.03333333333333333
0 0.23854166666666668 0.49166666666666664 0.025 0.03333333333333333
0 0.759375 0.5638888888888889 0.025 0.03333333333333333
0 0.6697916666666667 0.5694444444444444 0.025 0.03333333333333333
0 0.58125 0.5736111111111111 0.025 0.03333333333333333
0 0.49166666666666664 0.5791666666666667 0.025 0.03333333333333333
0 0.403125 0.5833333333333334 0.025 0.03333333333333333
0 0.3145833333333333 0.5875 0.025 0.03333333333333333
0 0.22604166666666667 0.5916666666666667 0.025 0.03333333333333333
0 0.7791666666666667 0.6777777777777778 0.025 0.03333333333333333
0 0.684375 0.6819444444444445 0.025 0.03333333333333333
0 0.5895833333333333 0.6875 0.025 0.03333333333333333
0 0.4947916666666667 0.6916666666666667 0.025 0.03333333333333333
0 0.4010416666666667 0.6972222222222222 0.025 0.03333333333333333
0 0.30625 0.7013888888888888 0.025 0.03333333333333333
0 0.2125 0.7069444444444445 0.025 0.03333333333333333