0 0.7135416666666666 0.23148148148148148 0.035416666666666666 0.03518518518518519
0 0.6354166666666666 0.2300925925925926 0.035416666666666666 0.03518518518518519
0 0.5572916666666666 0.2300925925925926 0.035416666666666666 0.03518518518518519
0 0.48020833333333335 0.2300925925925926 0.035416666666666666 0.03518518518518519
0 0.40208333333333335 0.2300925925925926 0.035416666666666666 0.03518518518518519
0 0.32395833333333335 0.22916666666666666 0.035416666666666666 0.03518518518518519
0 0.24583333333333332 0.22916666666666666 0.035416666666666666 0.03518518518518519
0 0.7208333333333333 0.2851851851851852 0.035416666666666666 0.03518518518518519
0 0.6395833333333333 0.2851851851851852 0.035416666666666666 0.03518518518518519
0 0.5583333333333333 0.28425925925925927 0.035416666666666666 0.03518518518518519
0 0.47708333333333336 0.28425925925925927 0.035416666666666666 0.03518518518518519
0 0.3958333333333333 0.28425925925925927 0.035416666666666666 0.03518518518518519
0 0.315625 0.28425925925925927 0.035416666666666666 0.03518518518518519
0 0.234375 0.2833333333333333 0.035416666666666666 0.03518518518518519
0 0.7291666666666666 0.3449074074074074 0.035416666666666666 0.03518518518518519
0 0.6447916666666667 0.3449074074074074 0.035416666666666666 0.03518518518518519
0 0.559375 0.3435185185185185 0.035416666666666666 0.03518518518518519
0 0.475 0.3435185185185185 0.035416666666666666 0.03518518518518519
0 0.390625 0.3435185185185185 0.035416666666666666 0.03518518518518519
0 0.30520833333333336 0.3435185185185185 0.035416666666666666 0.03518518518518519
0 0.22083333333333333 0.3425925925925926 0.035416666666666666 0.03518518518518519
0 0.7385416666666667 0.40925925925925927 0.035416666666666666 0.03518518518518519
0 0.65 0.40925925925925927 0.035416666666666666 0.03518518518518519
0 0.5604166666666667 0.40925925925925927 0.035416666666666666 0.03518518518518519
0 0.471875 0.40925925925925927 0.035416666666666666 0.03518518518518519
0 0.38333333333333336 0.4083333333333333 0.035416666666666666 0.03518518518518519
0 0.2947916666666667 0.4083333333333333 0.035416666666666666 0.03518518518518519
0 0.20625 0.4083333333333333 0.035416666666666666 0.03518518518518519
0 0.7479166666666667 0.48148148148148145 0.035416666666666666 0.03518518518518519
0 0.6552083333333333 0.48009259259259257 0.035416666666666666 0.03518518518518519
0 0.5625 0.48009259259259257 0.035416666666666666 0.03518518518518519
0 0.46875 0.48009259259259257 0.035416666666666666 0.03518518518518519
0 0.37604166666666666 0.48009259259259257 0.035416666666666666 0.03518518518518519
0 0.2833333333333333 0.4791666666666667 0.035416666666666666 0.03518518518518519
0 0.18958333333333333 0.4791666666666667 0.035416666666666666 0.03518518518518519
0 0.759375 0.5592592592592592 0.035416666666666666 0.03518518518518519
0 0.6614583333333334 0.5592592592592592 0.035416666666666666 0.03518518518518519
0 0.5635416666666667 0.5592592592592592 0.035416666666666666 0.03518518518518519
0 0.465625 0.5583333333333333 0.035416666666666666 0.03518518518518519
0 0.36770833333333336 0.5583333333333333 0.035416666666666666 0.03518518518518519
0 0.26979166666666665 0.5583333333333333 0.035416666666666666 0.03518518518518519
0 0.171875 0.5583333333333333 0.035416666666666666 0.03518518518518519
0 0.771875 0.6467592592592593 0.035416666666666666 0.03518518518518519
0 0.66875 0.6467592592592593 0.035416666666666666 0.03518518518518519
0 0.565625 0.6458333333333334 0.035416666666666666 0.03518518518518519
0 0.4625 0.6458333333333334 0.035416666666666666 0.03518518518518519
0 0.359375 0.6458333333333334 0.035416666666666666 0.03518518518518519
0 0.2552083333333333 0.6458333333333334 0.035416666666666666 0.03518518518518519
0 0.15208333333333332 0.6449074074074074 0.035416666666666666 0.03518518518518519