0 0.703125 0.2884259259259259 0.03333333333333333 0.03333333333333333
0 0.6333333333333333 0.2898148148148148 0.03333333333333333 0.03333333333333333
0 0.5635416666666667 0.2898148148148148 0.03333333333333333 0.03333333333333333
0 0.49375 0.29074074074074074 0.03333333333333333 0.03333333333333333
0 0.4239583333333333 0.2916666666666667 0.03333333333333333 0.03333333333333333
0 0.3541666666666667 0.29259259259259257 0.03333333333333333 0.03333333333333333
0 0.284375 0.29259259259259257 0.03333333333333333 0.03333333333333333
0 0.7125 0.3425925925925926 0.03333333333333333 0.03333333333333333
0 0.640625 0.3435185185185185 0.03333333333333333 0.03333333333333333
0 0.5677083333333334 0.3449074074074074 0.03333333333333333 0.03333333333333333
0 0.4947916666666667 0.3449074074074074 0.03333333333333333 0.03333333333333333
0 0.421875 0.3458333333333333 0.03333333333333333 0.03333333333333333
0 0.3489583333333333 0.34675925925925927 0.03333333333333333 0.03333333333333333
0 0.27708333333333335 0.34814814814814815 0.03333333333333333 0.03333333333333333
0 0.7239583333333334 0.40185185185185185 0.03333333333333333 0.03333333333333333
0 0.6479166666666667 0.40324074074074073 0.03333333333333333 0.03333333333333333
0 0.571875 0.40324074074074073 0.03333333333333333 0.03333333333333333
0 0.496875 0.4041666666666667 0.03333333333333333 0.03333333333333333
0 0.42083333333333334 0.4050925925925926 0.03333333333333333 0.03333333333333333
0 0.34479166666666666 0.4064814814814815 0.03333333333333333 0.03333333333333333
0 0.26875 0.4074074074074074 0.03333333333333333 0.03333333333333333
0 0.7364583333333333 0.4666666666666667 0.03333333333333333 0.03333333333333333
0 0.65625 0.4666666666666667 0.03333333333333333 0.03333333333333333
0 0.5770833333333333 0.4675925925925926 0.03333333333333333 0.03333333333333333
0 0.4979166666666667 0.4685185185185185 0.03333333333333333 0.03333333333333333
0 0.41875 0.4699074074074074 0.03333333333333333 0.03333333333333333
0 0.33958333333333335 0.4708333333333333 0.03333333333333333 0.03333333333333333
0 0.259375 0.47175925925925927 0.03333333333333333 0.03333333333333333
0 0.7489583333333333 0.5365740740740741 0.03333333333333333 0.03333333333333333
0 0.665625 0.5375 0.03333333333333333 0.03333333333333333
0 0.5833333333333334 0.538425925925926 0.03333333333333333 0.03333333333333333
0 0.5 0.5398148148148149 0.03333333333333333 0.03333333333333333
0 0.4166666666666667 0.5407407407407407 0.03333333333333333 0.03333333333333333
0 0.3333333333333333 0.5416666666666666 0.03333333333333333 0.03333333333333333
0 0.25 0.5425925925925926 0.03333333333333333 0.03333333333333333
0 0.7635416666666667 0.6148148148148148 0.03333333333333333 0.03333333333333333
0 0.6760416666666667 0.6157407407407407 0.03333333333333333 0.03333333333333333
0 0.5895833333333333 0.6166666666666667 0.03333333333333333 0.03333333333333333
0 0.5020833333333333 0.6175925925925926 0.03333333333333333 0.03333333333333333
0 0.41458333333333336 0.6185185185185185 0.03333333333333333 0.03333333333333333
0 0.32708333333333334 0.6199074074074075 0.03333333333333333 0.03333333333333333
0 0.23958333333333334 0.6208333333333333 0.03333333333333333 0.03333333333333333
0 0.7791666666666667 0.7 0.03333333333333333 0.03333333333333333
0 0.6875 0.700925925925926 0.03333333333333333 0.03333333333333333
0 0.5958333333333333 0.7018518518518518 0.03333333333333333 0.03333333333333333
0 0.5041666666666667 0.7041666666666667 0.03333333333333333 0.03333333333333333
0 0.4125 0.7050925925925926 0.03333333333333333 0.03333333333333333
0 0.31979166666666664 0.7064814814814815 0.03333333333333333 0.03333333333333333
0 0.228125 0.7074074074074074 0.03333333333333333 0.03333333333333333