0 0.15833333333333333 0.5949074074074074 0.027083333333333334 0.026851851851851852
0 0.23333333333333334 0.6125 0.027083333333333334 0.026851851851851852
0 0.3104166666666667 0.6300925925925925 0.027083333333333334 0.026851851851851852
0 0.3885416666666667 0.649074074074074 0.027083333333333334 0.026851851851851852
0 0.46875 0.6675925925925926 0.027083333333333334 0.026851851851851852
0 0.55 0.6875 0.027083333333333334 0.026851851851851852
0 0.6322916666666667 0.7074074074074074 0.027083333333333334 0.026851851851851852
0 0.18645833333333334 0.5208333333333334 0.027083333333333334 0.026851851851851852
0 0.2604166666666667 0.5375 0.027083333333333334 0.026851851851851852
0 0.33541666666666664 0.5541666666666667 0.027083333333333334 0.026851851851851852
0 0.4125 0.5717592592592593 0.027083333333333334 0.026851851851851852
0 0.4895833333333333 0.5898148148148148 0.027083333333333334 0.026851851851851852
0 0.56875 0.6074074074074074 0.027083333333333334 0.026851851851851852
0 0.65 0.6259259259259259 0.027083333333333334 0.026851851851851852
0 0.21354166666666666 0.45 0.027083333333333334 0.026851851851851852
0 0.2864583333333333 0.46574074074074073 0.027083333333333334 0.026851851851851852
0 0.359375 0.4824074074074074 0.027083333333333334 0.026851851851851852
0 0.434375 0.4981481481481482 0.027083333333333334 0.026851851851851852
0 0.5104166666666666 0.5148148148148148 0.027083333333333334 0.026851851851851852
0 0.5875 0.5324074074074074 0.027083333333333334 0.026851851851851852
0 0.6666666666666666 0.549074074074074 0.027083333333333334 0.026851851851851852
0 0.23958333333333334 0.38333333333333336 0.027083333333333334 0.026851851851851852
0 0.3104166666666667 0.39814814814814814 0.027083333333333334 0.026851851851851852
0 0.38229166666666664 0.4134259259259259 0.027083333333333334 0.026851851851851852
0 0.4552083333333333 0.42824074074074076 0.027083333333333334 0.026851851851851852
0 0.5302083333333333 0.44351851851851853 0.027083333333333334 0.026851851851851852
0 0.6052083333333333 0.4601851851851852 0.027083333333333334 0.026851851851851852
0 0.6822916666666666 0.4759259259259259 0.027083333333333334 0.026851851851851852
0 0.26458333333333334 0.3199074074074074 0.027083333333333334 0.026851851851851852
0 0.3333333333333333 0.3333333333333333 0.027083333333333334 0.026851851851851852
0 0.4041666666666667 0.34814814814814815 0.027083333333333334 0.026851851851851852
0 0.475 0.3625 0.027083333333333334 0.026851851851851852
0 0.5479166666666667 0.3768518518518518 0.027083333333333334 0.026851851851851852
0 0.621875 0.39166666666666666 0.027083333333333334 0.026851851851851852
0 0.696875 0.4074074074074074 0.027083333333333334 0.026851851851851852
0 0.2875 0.25833333333333336 0.027083333333333334 0.026851851851851852
0 0.35520833333333335 0.27175925925925926 0.027083333333333334 0.026851851851851852
0 0.425 0.2851851851851852 0.027083333333333334 0.026851851851851852
0 0.4947916666666667 0.29907407407407405 0.027083333333333334 0.026851851851851852
0 0.565625 0.3125 0.027083333333333334 0.026851851851851852
0 0.6385416666666667 0.32592592592592595 0.027083333333333334 0.026851851851851852
0 0.7114583333333333 0.34074074074074073 0.027083333333333334 0.026851851851851852
0 0.3104166666666667 0.2 0.027083333333333334 0.026851851851851852
0 0.3770833333333333 0.2125 0.027083333333333334 0.026851851851851852
0 0.44375 0.225 0.027083333333333334 0.026851851851851852
0 0.5125 0.23842592592592593 0.027083333333333334 0.026851851851851852
0 0.5822916666666667 0.25092592592592594 0.027083333333333334 0.026851851851851852
0 0.653125 0.26481481481481484 0.027083333333333334 0.026851851851851852
0 0.725 0.27824074074074073 0.027083333333333334 0.026851851851851852