0 0.709375 0.29814814814814816 0.03333333333333333 0.03333333333333333
0 0.6354166666666666 0.29907407407407405 0.03333333333333333 0.03333333333333333
0 0.5625 0.30092592592592593 0.03333333333333333 0.03333333333333333
0 0.48854166666666665 0.30185185185185187 0.03333333333333333 0.03333333333333333
0 0.415625 0.30324074074074076 0.03333333333333333 0.03333333333333333
0 0.34270833333333334 0.30416666666666664 0.03333333333333333 0.03333333333333333
0 0.26979166666666665 0.3050925925925926 0.03333333333333333 0.03333333333333333
0 0.7177083333333333 0.3592592592592593 0.03333333333333333 0.03333333333333333
0 0.6416666666666667 0.36157407407407405 0.03333333333333333 0.03333333333333333
0 0.5645833333333333 0.3625 0.03333333333333333 0.03333333333333333
0 0.48854166666666665 0.36342592592592593 0.03333333333333333 0.03333333333333333
0 0.4125 0.3648148148148148 0.03333333333333333 0.03333333333333333
0 0.33645833333333336 0.36574074074074076 0.03333333333333333 0.03333333333333333
0 0.26145833333333335 0.36666666666666664 0.03333333333333333 0.03333333333333333
0 0.7270833333333333 0.42685185185185187 0.03333333333333333 0.03333333333333333
0 0.6479166666666667 0.42824074074074076 0.03333333333333333 0.03333333333333333
0 0.5677083333333334 0.42916666666666664 0.03333333333333333 0.03333333333333333
0 0.48854166666666665 0.4300925925925926 0.03333333333333333 0.03333333333333333
0 0.409375 0.43148148148148147 0.03333333333333333 0.03333333333333333
0 0.3302083333333333 0.4324074074074074 0.03333333333333333 0.03333333333333333
0 0.2520833333333333 0.43333333333333335 0.03333333333333333 0.03333333333333333
0 0.7375 0.49907407407407406 0.03333333333333333 0.03333333333333333
0 0.6541666666666667 0.5 0.03333333333333333 0.03333333333333333
0 0.5708333333333333 0.5009259259259259 0.03333333333333333 0.03333333333333333
0 0.48854166666666665 0.5018518518518519 0.03333333333333333 0.03333333333333333
0 0.40625 0.5032407407407408 0.03333333333333333 0.03333333333333333
0 0.32395833333333335 0.5050925925925925 0.03333333333333333 0.03333333333333333
0 0.24166666666666667 0.5064814814814815 0.03333333333333333 0.03333333333333333
0 0.7479166666666667 0.5782407407407407 0.03333333333333333 0.03333333333333333
0 0.6614583333333334 0.5791666666666667 0.03333333333333333 0.03333333333333333
0 0.575 0.5800925925925926 0.03333333333333333 0.03333333333333333
0 0.48854166666666665 0.5814814814814815 0.03333333333333333 0.03333333333333333
0 0.40208333333333335 0.5824074074074074 0.03333333333333333 0.03333333333333333
0 0.31666666666666665 0.5833333333333334 0.03333333333333333 0.03333333333333333
0 0.23125 0.5842592592592593 0.03333333333333333 0.03333333333333333
0 0.7604166666666666 0.6648148148148149 0.03333333333333333 0.03333333333333333
0 0.6697916666666667 0.6657407407407407 0.03333333333333333 0.03333333333333333
0 0.5791666666666667 0.6666666666666666 0.03333333333333333 0.03333333333333333
0 0.48854166666666665 0.6666666666666666 0.03333333333333333 0.03333333333333333
0 0.39895833333333336 0.6675925925925926 0.03333333333333333 0.03333333333333333
0 0.30833333333333335 0.6685185185185185 0.03333333333333333 0.03333333333333333
0 0.21979166666666666 0.6699074074074074 0.03333333333333333 0.03333333333333333
0 0.7729166666666667 0.7583333333333333 0.03333333333333333 0.03333333333333333
0 0.678125 0.7592592592592593 0.03333333333333333 0.03333333333333333
0 0.5833333333333334 0.7601851851851852 0.03333333333333333 0.03333333333333333
0 0.48854166666666665 0.7615740740740741 0.03333333333333333 0.03333333333333333
0 0.39375 0.7625 0.03333333333333333 0.03333333333333333
0 0.3 0.763425925925926 0.03333333333333333 0.03333333333333333
0 0.20625 0.763425925925926 0.03333333333333333 0.03333333333333333