0 0.7010416666666667 0.13564814814814816 0.022916666666666665 0.03425925925925926
0 0.6270833333333333 0.13240740740740742 0.022916666666666665 0.03425925925925926
0 0.5520833333333334 0.1310185185185185 0.022916666666666665 0.03425925925925926
0 0.47708333333333336 0.12777777777777777 0.022916666666666665 0.03425925925925926
0 0.4010416666666667 0.12638888888888888 0.022916666666666665 0.03425925925925926
0 0.325 0.12314814814814815 0.022916666666666665 0.03425925925925926
0 0.246875 0.12129629629629629 0.022916666666666665 0.03425925925925926
0 0.7114583333333333 0.21203703703703702 0.022916666666666665 0.03425925925925926
0 0.634375 0.2101851851851852 0.022916666666666665 0.03425925925925926
0 0.5572916666666666 0.20694444444444443 0.022916666666666665 0.03425925925925926
0 0.4791666666666667 0.20555555555555555 0.022916666666666665 0.03425925925925926
0 0.4010416666666667 0.20416666666666666 0.022916666666666665 0.03425925925925926
0 0.321875 0.20092592592592592 0.022916666666666665 0.03425925925925926
0 0.24166666666666667 0.19953703703703704 0.022916666666666665 0.03425925925925926
0 0.7229166666666667 0.29444444444444445 0.022916666666666665 0.03425925925925926
0 0.64375 0.29305555555555557 0.022916666666666665 0.03425925925925926
0 0.5635416666666667 0.2912037037037037 0.022916666666666665 0.03425925925925926
0 0.4822916666666667 0.287962962962963 0.022916666666666665 0.03425925925925926
0 0.4010416666666667 0.2865740740740741 0.022916666666666665 0.03425925925925926
0 0.31875 0.2851851851851852 0.022916666666666665 0.03425925925925926
0 0.23541666666666666 0.2833333333333333 0.022916666666666665 0.03425925925925926
0 0.7354166666666667 0.38333333333333336 0.022916666666666665 0.03425925925925926
0 0.653125 0.3814814814814815 0.022916666666666665 0.03425925925925926
0 0.5697916666666667 0.3800925925925926 0.022916666666666665 0.03425925925925926
0 0.48541666666666666 0.3787037037037037 0.022916666666666665 0.03425925925925926
0 0.4010416666666667 0.3768518518518518 0.022916666666666665 0.03425925925925926
0 0.3145833333333333 0.37546296296296294 0.022916666666666665 0.03425925925925926
0 0.228125 0.37546296296296294 0.022916666666666665 0.03425925925925926
0 0.7489583333333333 0.47824074074074074 0.022916666666666665 0.03425925925925926
0 0.6625 0.47824074074074074 0.022916666666666665 0.03425925925925926
0 0.5760416666666667 0.47685185185185186 0.022916666666666665 0.03425925925925926
0 0.48854166666666665 0.47685185185185186 0.022916666666666665 0.03425925925925926
0 0.4010416666666667 0.475 0.022916666666666665 0.03425925925925926
0 0.31145833333333334 0.4736111111111111 0.022916666666666665 0.03425925925925926
0 0.22083333333333333 0.4736111111111111 0.022916666666666665 0.03425925925925926
0 0.7625 0.5824074074074074 0.022916666666666665 0.03425925925925926
0 0.6739583333333333 0.5824074074074074 0.022916666666666665 0.03425925925925926
0 0.5833333333333334 0.5824074074074074 0.022916666666666665 0.03425925925925926
0 0.49270833333333336 0.5810185185185185 0.022916666666666665 0.03425925925925926
0 0.4 0.5810185185185185 0.022916666666666665 0.03425925925925926
0 0.3072916666666667 0.5810185185185185 0.022916666666666665 0.03425925925925926
0 0.21354166666666666 0.5810185185185185 0.022916666666666665 0.03425925925925926
0 0.7791666666666667 0.6962962962962963 0.022916666666666665 0.03425925925925926
0 0.6854166666666667 0.6962962962962963 0.022916666666666665 0.03425925925925926
0 0.5916666666666667 0.6962962962962963 0.022916666666666665 0.03425925925925926
0 0.496875 0.6962962962962963 0.022916666666666665 0.03425925925925926
0 0.4 0.6962962962962963 0.022916666666666665 0.03425925925925926
0 0.303125 0.6962962962962963 0.022916666666666665 0.03425925925925926
0 0.20520833333333333 0.6962962962962963 0.022916666666666665 0.03425925925925926