0 0.303125 0.6472222222222223 0.020833333333333332 0.027777777777777776
0 0.37916666666666665 0.6472222222222223 0.020833333333333332 0.027777777777777776
0 0.45625 0.6472222222222223 0.020833333333333332 0.027777777777777776
0 0.534375 0.6472222222222223 0.020833333333333332 0.027777777777777776
0 0.6125 0.6472222222222223 0.020833333333333332 0.027777777777777776
0 0.6916666666666667 0.6472222222222223 0.020833333333333332 0.027777777777777776
0 0.771875 0.6472222222222223 0.020833333333333332 0.027777777777777776
0 0.3145833333333333 0.5597222222222222 0.020833333333333332 0.027777777777777776
0 0.38645833333333335 0.5597222222222222 0.020833333333333332 0.027777777777777776
0 0.46041666666666664 0.5583333333333333 0.020833333333333332 0.027777777777777776
0 0.534375 0.5583333333333333 0.020833333333333332 0.027777777777777776
0 0.6083333333333333 0.5583333333333333 0.020833333333333332 0.027777777777777776
0 0.684375 0.5583333333333333 0.020833333333333332 0.027777777777777776
0 0.7604166666666666 0.5583333333333333 0.020833333333333332 0.027777777777777776
0 0.325 0.48055555555555557 0.020833333333333332 0.027777777777777776
0 0.39375 0.4791666666666667 0.020833333333333332 0.027777777777777776
0 0.4635416666666667 0.4791666666666667 0.020833333333333332 0.027777777777777776
0 0.534375 0.4791666666666667 0.020833333333333332 0.027777777777777776
0 0.6052083333333333 0.4777777777777778 0.020833333333333332 0.027777777777777776
0 0.6770833333333334 0.4777777777777778 0.020833333333333332 0.027777777777777776
0 0.75 0.47638888888888886 0.020833333333333332 0.027777777777777776
0 0.3333333333333333 0.4083333333333333 0.020833333333333332 0.027777777777777776
0 0.4 0.40694444444444444 0.020833333333333332 0.027777777777777776
0 0.4666666666666667 0.40694444444444444 0.020833333333333332 0.027777777777777776
0 0.534375 0.40555555555555556 0.020833333333333332 0.027777777777777776
0 0.6020833333333333 0.4041666666666667 0.020833333333333332 0.027777777777777776
0 0.6708333333333333 0.4041666666666667 0.020833333333333332 0.027777777777777776
0 0.740625 0.4027777777777778 0.020833333333333332 0.027777777777777776
0 0.34270833333333334 0.3416666666666667 0.020833333333333332 0.027777777777777776
0 0.40625 0.3416666666666667 0.020833333333333332 0.027777777777777776
0 0.46979166666666666 0.3402777777777778 0.020833333333333332 0.027777777777777776
0 0.534375 0.3388888888888889 0.020833333333333332 0.027777777777777776
0 0.5989583333333334 0.3375 0.020833333333333332 0.027777777777777776
0 0.6645833333333333 0.33611111111111114 0.020833333333333332 0.027777777777777776
0 0.73125 0.3347222222222222 0.020833333333333332 0.027777777777777776
0 0.35 0.28194444444444444 0.020833333333333332 0.027777777777777776
0 0.4114583333333333 0.28055555555555556 0.020833333333333332 0.027777777777777776
0 0.47291666666666665 0.2791666666666667 0.020833333333333332 0.027777777777777776
0 0.534375 0.2777777777777778 0.020833333333333332 0.027777777777777776
0 0.596875 0.2763888888888889 0.020833333333333332 0.027777777777777776
0 0.659375 0.275 0.020833333333333332 0.027777777777777776
0 0.7229166666666667 0.27361111111111114 0.020833333333333332 0.027777777777777776
0 0.3572916666666667 0.225 0.020833333333333332 0.027777777777777776
0 0.415625 0.22361111111111112 0.020833333333333332 0.027777777777777776
0 0.475 0.2222222222222222 0.020833333333333332 0.027777777777777776
0 0.534375 0.22083333333333333 0.020833333333333332 0.027777777777777776
0 0.5947916666666667 0.21944444444444444 0.020833333333333332 0.027777777777777776
0 0.6552083333333333 0.21805555555555556 0.020833333333333332 0.027777777777777776
0 0.715625 0.21666666666666667 0.020833333333333332 0.027777777777777776