0 0.734375 0.2518518518518518 0.029166666666666667 0.029166666666666667
0 0.6635416666666667 0.2490740740740741 0.029166666666666667 0.029166666666666667
0 0.590625 0.24583333333333332 0.029166666666666667 0.029166666666666667
0 0.5166666666666667 0.24259259259259258 0.029166666666666667 0.029166666666666667
0 0.4395833333333333 0.23842592592592593 0.029166666666666667 0.029166666666666667
0 0.3614583333333333 0.2351851851851852 0.029166666666666667 0.029166666666666667
0 0.28020833333333334 0.23148148148148148 0.029166666666666667 0.029166666666666667
0 0.7447916666666666 0.3175925925925926 0.029166666666666667 0.029166666666666667
0 0.6729166666666667 0.3148148148148148 0.029166666666666667 0.029166666666666667
0 0.5989583333333334 0.3125 0.029166666666666667 0.029166666666666667
0 0.5229166666666667 0.30925925925925923 0.029166666666666667 0.029166666666666667
0 0.44479166666666664 0.3074074074074074 0.029166666666666667 0.029166666666666667
0 0.36354166666666665 0.30416666666666664 0.029166666666666667 0.029166666666666667
0 0.28125 0.30092592592592593 0.029166666666666667 0.029166666666666667
0 0.7572916666666667 0.3851851851851852 0.029166666666666667 0.029166666666666667
0 0.6833333333333333 0.38333333333333336 0.029166666666666667 0.029166666666666667
0 0.6072916666666667 0.3824074074074074 0.029166666666666667 0.029166666666666667
0 0.5291666666666667 0.3800925925925926 0.029166666666666667 0.029166666666666667
0 0.44895833333333335 0.37916666666666665 0.029166666666666667 0.029166666666666667
0 0.36666666666666664 0.3768518518518518 0.029166666666666667 0.029166666666666667
0 0.28125 0.375 0.029166666666666667 0.029166666666666667
0 0.7697916666666667 0.45740740740740743 0.029166666666666667 0.029166666666666667
0 0.69375 0.4564814814814815 0.029166666666666667 0.029166666666666667
0 0.6166666666666667 0.4550925925925926 0.029166666666666667 0.029166666666666667
0 0.5364583333333334 0.4550925925925926 0.029166666666666667 0.029166666666666667
0 0.45416666666666666 0.45416666666666666 0.029166666666666667 0.029166666666666667
0 0.3697916666666667 0.45416666666666666 0.029166666666666667 0.029166666666666667
0 0.28229166666666666 0.4532407407407407 0.029166666666666667 0.029166666666666667
0 0.7822916666666667 0.5324074074074074 0.029166666666666667 0.029166666666666667
0 0.7052083333333333 0.5324074074074074 0.029166666666666667 0.029166666666666667
0 0.6260416666666667 0.5333333333333333 0.029166666666666667 0.029166666666666667
0 0.5447916666666667 0.5333333333333333 0.029166666666666667 0.029166666666666667
0 0.46041666666666664 0.5342592592592592 0.029166666666666667 0.029166666666666667
0 0.3729166666666667 0.5342592592592592 0.029166666666666667 0.029166666666666667
0 0.2833333333333333 0.5351851851851852 0.029166666666666667 0.029166666666666667
0 0.7958333333333333 0.6101851851851852 0.029166666666666667 0.029166666666666667
0 0.7177083333333333 0.6125 0.029166666666666667 0.029166666666666667
0 0.6364583333333333 0.6148148148148148 0.029166666666666667 0.029166666666666667
0 0.5520833333333334 0.6166666666666667 0.029166666666666667 0.029166666666666667
0 0.465625 0.6175925925925926 0.029166666666666667 0.029166666666666667
0 0.37604166666666666 0.6199074074074075 0.029166666666666667 0.029166666666666667
0 0.284375 0.6217592592592592 0.029166666666666667 0.029166666666666667
0 0.8104166666666667 0.6935185185185185 0.029166666666666667 0.029166666666666667
0 0.7302083333333333 0.6967592592592593 0.029166666666666667 0.029166666666666667
0 0.646875 0.7 0.029166666666666667 0.029166666666666667
0 0.5604166666666667 0.7032407407407407 0.029166666666666667 0.029166666666666667
0 0.471875 0.7074074074074074 0.029166666666666667 0.029166666666666667
0 0.3802083333333333 0.7101851851851851 0.029166666666666667 0.029166666666666667
0 0.28541666666666665 0.7148148148148148 0.029166666666666667 0.029166666666666667