0 0.28854166666666664 0.22916666666666666 0.03333333333333333 0.03333333333333333
0 0.3614583333333333 0.23148148148148148 0.03333333333333333 0.03333333333333333
0 0.4354166666666667 0.23425925925925925 0.03333333333333333 0.03333333333333333
0 0.5083333333333333 0.23657407407407408 0.03333333333333333 0.03333333333333333
0 0.5822916666666667 0.23981481481481481 0.03333333333333333 0.03333333333333333
0 0.6572916666666667 0.24166666666666667 0.03333333333333333 0.03333333333333333
0 0.7322916666666667 0.2449074074074074 0.03333333333333333 0.03333333333333333
0 0.278125 0.2800925925925926 0.03333333333333333 0.03333333333333333
0 0.3541666666666667 0.2833333333333333 0.03333333333333333 0.03333333333333333
0 0.43020833333333336 0.2851851851851852 0.03333333333333333 0.03333333333333333
0 0.50625 0.2884259259259259 0.03333333333333333 0.03333333333333333
0 0.5833333333333334 0.2916666666666667 0.03333333333333333 0.03333333333333333
0 0.6614583333333334 0.2949074074074074 0.03333333333333333 0.03333333333333333
0 0.7385416666666667 0.2967592592592593 0.03333333333333333 0.03333333333333333
0 0.26666666666666666 0.3351851851851852 0.03333333333333333 0.03333333333333333
0 0.34479166666666666 0.3384259259259259 0.03333333333333333 0.03333333333333333
0 0.425 0.3416666666666667 0.03333333333333333 0.03333333333333333
0 0.5041666666666667 0.3449074074074074 0.03333333333333333 0.03333333333333333
0 0.584375 0.34814814814814815 0.03333333333333333 0.03333333333333333
0 0.6645833333333333 0.3509259259259259 0.03333333333333333 0.03333333333333333
0 0.7458333333333333 0.3541666666666667 0.03333333333333333 0.03333333333333333
0 0.25416666666666665 0.3958333333333333 0.03333333333333333 0.03333333333333333
0 0.33645833333333336 0.3990740740740741 0.03333333333333333 0.03333333333333333
0 0.41875 0.40324074074074073 0.03333333333333333 0.03333333333333333
0 0.5020833333333333 0.4064814814814815 0.03333333333333333 0.03333333333333333
0 0.5854166666666667 0.40925925925925927 0.03333333333333333 0.03333333333333333
0 0.6697916666666667 0.4134259259259259 0.03333333333333333 0.03333333333333333
0 0.7541666666666667 0.4166666666666667 0.03333333333333333 0.03333333333333333
0 0.240625 0.4615740740740741 0.03333333333333333 0.03333333333333333
0 0.3260416666666667 0.46574074074074073 0.03333333333333333 0.03333333333333333
0 0.4125 0.4699074074074074 0.03333333333333333 0.03333333333333333
0 0.49895833333333334 0.47314814814814815 0.03333333333333333 0.03333333333333333
0 0.5864583333333333 0.47685185185185186 0.03333333333333333 0.03333333333333333
0 0.675 0.48148148148148145 0.03333333333333333 0.03333333333333333
0 0.7625 0.4842592592592593 0.03333333333333333 0.03333333333333333
0 0.225 0.5333333333333333 0.03333333333333333 0.03333333333333333
0 0.3145833333333333 0.5375 0.03333333333333333 0.03333333333333333
0 0.40520833333333334 0.5416666666666666 0.03333333333333333 0.03333333333333333
0 0.49583333333333335 0.5458333333333333 0.03333333333333333 0.03333333333333333
0 0.5875 0.55 0.03333333333333333 0.03333333333333333
0 0.6802083333333333 0.5550925925925926 0.03333333333333333 0.03333333333333333
0 0.7729166666666667 0.5592592592592592 0.03333333333333333 0.03333333333333333
0 0.20833333333333334 0.6125 0.03333333333333333 0.03333333333333333
0 0.303125 0.6166666666666667 0.03333333333333333 0.03333333333333333
0 0.39791666666666664 0.6217592592592592 0.03333333333333333 0.03333333333333333
0 0.49270833333333336 0.6259259259259259 0.03333333333333333 0.03333333333333333
0 0.5885416666666666 0.6314814814814815 0.03333333333333333 0.03333333333333333
0 0.6854166666666667 0.6365740740740741 0.03333333333333333 0.03333333333333333
0 0.7833333333333333 0.6407407407407407 0.03333333333333333 0.03333333333333333