0 0.6822916666666666 0.16805555555555557 0.025 0.03333333333333333
0 0.6145833333333334 0.16944444444444445 0.025 0.03333333333333333
0 0.546875 0.17222222222222222 0.025 0.03333333333333333
0 0.478125 0.175 0.025 0.03333333333333333
0 0.41041666666666665 0.17777777777777778 0.025 0.03333333333333333
0 0.3416666666666667 0.17916666666666667 0.025 0.03333333333333333
0 0.27291666666666664 0.18194444444444444 0.025 0.03333333333333333
0 0.6927083333333334 0.23333333333333334 0.025 0.03333333333333333
0 0.621875 0.23472222222222222 0.025 0.03333333333333333
0 0.5510416666666667 0.2375 0.025 0.03333333333333333
0 0.48020833333333335 0.24027777777777778 0.025 0.03333333333333333
0 0.4083333333333333 0.24305555555555555 0.025 0.03333333333333333
0 0.33645833333333336 0.24583333333333332 0.025 0.03333333333333333
0 0.26458333333333334 0.24861111111111112 0.025 0.03333333333333333
0 0.7052083333333333 0.30416666666666664 0.025 0.03333333333333333
0 0.63125 0.30694444444444446 0.025 0.03333333333333333
0 0.55625 0.30972222222222223 0.025 0.03333333333333333
0 0.48125 0.3125 0.025 0.03333333333333333
0 0.40625 0.31666666666666665 0.025 0.03333333333333333
0 0.3302083333333333 0.3194444444444444 0.025 0.03333333333333333
0 0.2552083333333333 0.32222222222222224 0.025 0.03333333333333333
0 0.71875 0.38333333333333336 0.025 0.03333333333333333
0 0.640625 0.3861111111111111 0.025 0.03333333333333333
0 0.5614583333333333 0.3902777777777778 0.025 0.03333333333333333
0 0.48333333333333334 0.39305555555555555 0.025 0.03333333333333333
0 0.4041666666666667 0.3958333333333333 0.025 0.03333333333333333
0 0.32395833333333335 0.4 0.025 0.03333333333333333
0 0.24479166666666666 0.4027777777777778 0.025 0.03333333333333333
0 0.7333333333333333 0.4708333333333333 0.025 0.03333333333333333
0 0.6510416666666666 0.475 0.025 0.03333333333333333
0 0.5677083333333334 0.4777777777777778 0.025 0.03333333333333333
0 0.48541666666666666 0.48194444444444445 0.025 0.03333333333333333
0 0.4010416666666667 0.4861111111111111 0.025 0.03333333333333333
0 0.3177083333333333 0.4888888888888889 0.025 0.03333333333333333
0 0.23333333333333334 0.4930555555555556 0.025 0.03333333333333333
0 0.75 0.5694444444444444 0.025 0.03333333333333333
0 0.6625 0.5736111111111111 0.025 0.03333333333333333
0 0.575 0.5777777777777777 0.025 0.03333333333333333
0 0.4875 0.5805555555555556 0.025 0.03333333333333333
0 0.39895833333333336 0.5847222222222223 0.025 0.03333333333333333
0 0.309375 0.5888888888888889 0.025 0.03333333333333333
0 0.22083333333333333 0.5930555555555556 0.025 0.03333333333333333
0 0.76875 0.6791666666666667 0.025 0.03333333333333333
0 0.6760416666666667 0.6833333333333333 0.025 0.03333333333333333
0 0.5833333333333334 0.6875 0.025 0.03333333333333333
0 0.4895833333333333 0.6930555555555555 0.025 0.03333333333333333
0 0.3958333333333333 0.6972222222222222 0.025 0.03333333333333333
0 0.30104166666666665 0.7013888888888888 0.025 0.03333333333333333
0 0.20625 0.7069444444444445 0.025 0.03333333333333333