0 0.7416666666666667 0.18009259259259258 0.035416666666666666 0.03518518518518519
0 0.6625 0.1824074074074074 0.035416666666666666 0.03518518518518519
0 0.5822916666666667 0.18518518518518517 0.035416666666666666 0.03518518518518519
0 0.503125 0.1875 0.035416666666666666 0.03518518518518519
0 0.4239583333333333 0.18981481481481483 0.035416666666666666 0.03518518518518519
0 0.34479166666666666 0.19166666666666668 0.035416666666666666 0.03518518518518519
0 0.265625 0.1935185185185185 0.035416666666666666 0.03518518518518519
0 0.7510416666666667 0.23657407407407408 0.035416666666666666 0.03518518518518519
0 0.6677083333333333 0.23842592592592593 0.035416666666666666 0.03518518518518519
0 0.5854166666666667 0.24074074074074073 0.035416666666666666 0.03518518518518519
0 0.503125 0.24259259259259258 0.035416666666666666 0.03518518518518519
0 0.42083333333333334 0.24583333333333332 0.035416666666666666 0.03518518518518519
0 0.3385416666666667 0.24814814814814815 0.035416666666666666 0.03518518518518519
0 0.25625 0.25 0.035416666666666666 0.03518518518518519
0 0.7604166666666666 0.29583333333333334 0.035416666666666666 0.03518518518518519
0 0.6739583333333333 0.29907407407407405 0.035416666666666666 0.03518518518518519
0 0.5885416666666666 0.30092592592592593 0.035416666666666666 0.03518518518518519
0 0.503125 0.30324074074074076 0.035416666666666666 0.03518518518518519
0 0.4166666666666667 0.3050925925925926 0.035416666666666666 0.03518518518518519
0 0.33125 0.30833333333333335 0.035416666666666666 0.03518518518518519
0 0.24583333333333332 0.3101851851851852 0.035416666666666666 0.03518518518518519
0 0.7708333333333334 0.36157407407407405 0.035416666666666666 0.03518518518518519
0 0.68125 0.36342592592592593 0.035416666666666666 0.03518518518518519
0 0.5916666666666667 0.36666666666666664 0.035416666666666666 0.03518518518518519
0 0.5020833333333333 0.3685185185185185 0.035416666666666666 0.03518518518518519
0 0.4125 0.37083333333333335 0.035416666666666666 0.03518518518518519
0 0.3229166666666667 0.37407407407407406 0.035416666666666666 0.03518518518518519
0 0.234375 0.37592592592592594 0.035416666666666666 0.03518518518518519
0 0.7822916666666667 0.4324074074074074 0.035416666666666666 0.03518518518518519
0 0.6885416666666667 0.4351851851851852 0.035416666666666666 0.03518518518518519
0 0.5958333333333333 0.4375 0.035416666666666666 0.03518518518518519
0 0.5020833333333333 0.44074074074074077 0.035416666666666666 0.03518518518518519
0 0.4083333333333333 0.4425925925925926 0.035416666666666666 0.03518518518518519
0 0.3145833333333333 0.4449074074074074 0.035416666666666666 0.03518518518518519
0 0.221875 0.44814814814814813 0.035416666666666666 0.03518518518518519
0 0.7947916666666667 0.5101851851851852 0.035416666666666666 0.03518518518518519
0 0.696875 0.5125 0.035416666666666666 0.03518518518518519
0 0.5989583333333334 0.5157407407407407 0.035416666666666666 0.03518518518518519
0 0.5010416666666667 0.5175925925925926 0.035416666666666666 0.03518518518518519
0 0.403125 0.5208333333333334 0.035416666666666666 0.03518518518518519
0 0.30625 0.5231481481481481 0.035416666666666666 0.03518518518518519
0 0.20833333333333334 0.5259259259259259 0.035416666666666666 0.03518518518518519
0 0.809375 0.5958333333333333 0.035416666666666666 0.03518518518518519
0 0.70625 0.5981481481481481 0.035416666666666666 0.03518518518518519
0 0.603125 0.600925925925926 0.035416666666666666 0.03518518518518519
0 0.5010416666666667 0.6041666666666666 0.035416666666666666 0.03518518518518519
0 0.39791666666666664 0.6064814814814815 0.035416666666666666 0.03518518518518519
0 0.29583333333333334 0.6092592592592593 0.035416666666666666 0.03518518518518519
0 0.19375 0.611574074074074 0.035416666666666666 0.03518518518518519