0 0.21041666666666667 0.6365740740740741 0.029166666666666667 0.029166666666666667
0 0.28854166666666664 0.6458333333333334 0.029166666666666667 0.029166666666666667
0 0.3697916666666667 0.6564814814814814 0.029166666666666667 0.029166666666666667
0 0.45208333333333334 0.6666666666666666 0.029166666666666667 0.029166666666666667
0 0.5375 0.6768518518518518 0.029166666666666667 0.029166666666666667
0 0.6260416666666667 0.6884259259259259 0.029166666666666667 0.029166666666666667
0 0.7166666666666667 0.7 0.029166666666666667 0.029166666666666667
0 0.22916666666666666 0.5564814814814815 0.029166666666666667 0.029166666666666667
0 0.30625 0.5648148148148148 0.029166666666666667 0.029166666666666667
0 0.384375 0.5731481481481482 0.029166666666666667 0.029166666666666667
0 0.465625 0.5824074074074074 0.029166666666666667 0.029166666666666667
0 0.5489583333333333 0.5916666666666667 0.029166666666666667 0.029166666666666667
0 0.634375 0.600925925925926 0.029166666666666667 0.029166666666666667
0 0.7229166666666667 0.611574074074074 0.029166666666666667 0.029166666666666667
0 0.246875 0.48009259259259257 0.029166666666666667 0.029166666666666667
0 0.321875 0.4875 0.029166666666666667 0.029166666666666667
0 0.39895833333333336 0.4949074074074074 0.029166666666666667 0.029166666666666667
0 0.478125 0.5018518518518519 0.029166666666666667 0.029166666666666667
0 0.559375 0.5101851851851852 0.029166666666666667 0.029166666666666667
0 0.6427083333333333 0.5185185185185185 0.029166666666666667 0.029166666666666667
0 0.7291666666666666 0.5268518518518519 0.029166666666666667 0.029166666666666667
0 0.26458333333333334 0.4074074074074074 0.029166666666666667 0.029166666666666667
0 0.3375 0.4134259259259259 0.029166666666666667 0.029166666666666667
0 0.41354166666666664 0.4199074074074074 0.029166666666666667 0.029166666666666667
0 0.490625 0.42685185185185187 0.029166666666666667 0.029166666666666667
0 0.5697916666666667 0.43333333333333335 0.029166666666666667 0.029166666666666667
0 0.6510416666666666 0.44074074074074077 0.029166666666666667 0.029166666666666667
0 0.734375 0.44814814814814813 0.029166666666666667 0.029166666666666667
0 0.28125 0.3384259259259259 0.029166666666666667 0.029166666666666667
0 0.35208333333333336 0.3435185185185185 0.029166666666666667 0.029166666666666667
0 0.42604166666666665 0.3490740740740741 0.029166666666666667 0.029166666666666667
0 0.5020833333333333 0.35509259259259257 0.029166666666666667 0.029166666666666667
0 0.5791666666666667 0.36018518518518516 0.029166666666666667 0.029166666666666667
0 0.6583333333333333 0.36666666666666664 0.029166666666666667 0.029166666666666667
0 0.740625 0.37175925925925923 0.029166666666666667 0.029166666666666667
0 0.296875 0.27314814814814814 0.029166666666666667 0.029166666666666667
0 0.36666666666666664 0.27685185185185185 0.029166666666666667 0.029166666666666667
0 0.43854166666666666 0.2824074074074074 0.029166666666666667 0.029166666666666667
0 0.5125 0.2865740740740741 0.029166666666666667 0.029166666666666667
0 0.5885416666666666 0.29074074074074074 0.029166666666666667 0.029166666666666667
0 0.665625 0.29583333333333334 0.029166666666666667 0.029166666666666667
0 0.7458333333333333 0.30092592592592593 0.029166666666666667 0.029166666666666667
0 0.31145833333333334 0.2101851851851852 0.029166666666666667 0.029166666666666667
0 0.3802083333333333 0.21342592592592594 0.029166666666666667 0.029166666666666667
0 0.4510416666666667 0.2175925925925926 0.029166666666666667 0.029166666666666667
0 0.5229166666666667 0.22083333333333333 0.029166666666666667 0.029166666666666667
0 0.596875 0.225 0.029166666666666667 0.029166666666666667
0 0.6729166666666667 0.22916666666666666 0.029166666666666667 0.029166666666666667
0 0.75 0.2324074074074074 0.029166666666666667 0.029166666666666667