0 0.24895833333333334 0.1814814814814815 0.0375 0.0375
0 0.32708333333333334 0.18009259259259258 0.0375 0.0375
0 0.40625 0.17916666666666667 0.0375 0.0375
0 0.48541666666666666 0.17685185185185184 0.0375 0.0375
0 0.5635416666666667 0.17592592592592593 0.0375 0.0375
0 0.64375 0.175 0.0375 0.0375
0 0.7229166666666667 0.17407407407407408 0.0375 0.0375
0 0.23645833333333333 0.23657407407407408 0.0375 0.0375
0 0.3177083333333333 0.2351851851851852 0.0375 0.0375
0 0.39895833333333336 0.23425925925925925 0.0375 0.0375
0 0.48125 0.23333333333333334 0.0375 0.0375
0 0.5635416666666667 0.2324074074074074 0.0375 0.0375
0 0.646875 0.23148148148148148 0.0375 0.0375
0 0.7291666666666666 0.2300925925925926 0.0375 0.0375
0 0.221875 0.2967592592592593 0.0375 0.0375
0 0.30625 0.29583333333333334 0.0375 0.0375
0 0.39166666666666666 0.2949074074074074 0.0375 0.0375
0 0.47708333333333336 0.2935185185185185 0.0375 0.0375
0 0.5635416666666667 0.29259259259259257 0.0375 0.0375
0 0.65 0.2916666666666667 0.0375 0.0375
0 0.7364583333333333 0.29074074074074074 0.0375 0.0375
0 0.20625 0.3625 0.0375 0.0375
0 0.2947916666666667 0.36157407407407405 0.0375 0.0375
0 0.384375 0.36018518518518516 0.0375 0.0375
0 0.47291666666666665 0.36018518518518516 0.0375 0.0375
0 0.5635416666666667 0.3592592592592593 0.0375 0.0375
0 0.653125 0.35833333333333334 0.0375 0.0375
0 0.74375 0.3574074074074074 0.0375 0.0375
0 0.18958333333333333 0.43425925925925923 0.0375 0.0375
0 0.28229166666666666 0.43425925925925923 0.0375 0.0375
0 0.375 0.43333333333333335 0.0375 0.0375
0 0.46875 0.4324074074074074 0.0375 0.0375
0 0.5625 0.43148148148148147 0.0375 0.0375
0 0.6572916666666667 0.4300925925925926 0.0375 0.0375
0 0.7520833333333333 0.4300925925925926 0.0375 0.0375
0 0.17083333333333334 0.513425925925926 0.0375 0.0375
0 0.2677083333333333 0.513425925925926 0.0375 0.0375
0 0.365625 0.5125 0.0375 0.0375
0 0.4635416666666667 0.5115740740740741 0.0375 0.0375
0 0.5625 0.5115740740740741 0.0375 0.0375
0 0.6614583333333334 0.5101851851851852 0.0375 0.0375
0 0.7614583333333333 0.5092592592592593 0.0375 0.0375
0 0.15 0.600925925925926 0.0375 0.0375
0 0.2520833333333333 0.600925925925926 0.0375 0.0375
0 0.35520833333333335 0.6 0.0375 0.0375
0 0.4583333333333333 0.6 0.0375 0.0375
0 0.5625 0.5990740740740741 0.0375 0.0375
0 0.6666666666666666 0.5990740740740741 0.0375 0.0375
0 0.771875 0.5981481481481481 0.0375 0.0375