0 0.3385416666666667 0.3888888888888889 0.01875 0.025
0 0.3333333333333333 0.44583333333333336 0.01875 0.025
0 0.32708333333333334 0.5055555555555555 0.01875 0.025
0 0.321875 0.5708333333333333 0.01875 0.025
0 0.315625 0.6388888888888888 0.01875 0.025
0 0.30833333333333335 0.7125 0.01875 0.025
0 0.3020833333333333 0.7902777777777777 0.01875 0.025
0 0.4 0.3902777777777778 0.01875 0.025
0 0.396875 0.44722222222222224 0.01875 0.025
0 0.3927083333333333 0.5083333333333333 0.01875 0.025
0 0.38958333333333334 0.5722222222222222 0.01875 0.025
0 0.3854166666666667 0.6416666666666667 0.01875 0.025
0 0.38125 0.7138888888888889 0.01875 0.025
0 0.37604166666666666 0.7930555555555555 0.01875 0.025
0 0.46145833333333336 0.39166666666666666 0.01875 0.025
0 0.46041666666666664 0.4486111111111111 0.01875 0.025
0 0.4583333333333333 0.5097222222222222 0.01875 0.025
0 0.45729166666666665 0.5736111111111111 0.01875 0.025
0 0.4552083333333333 0.6430555555555556 0.01875 0.025
0 0.453125 0.7166666666666667 0.01875 0.025
0 0.4510416666666667 0.7944444444444444 0.01875 0.025
0 0.5239583333333333 0.39305555555555555 0.01875 0.025
0 0.5239583333333333 0.4513888888888889 0.01875 0.025
0 0.5239583333333333 0.5111111111111111 0.01875 0.025
0 0.525 0.5763888888888888 0.01875 0.025
0 0.525 0.6444444444444445 0.01875 0.025
0 0.5260416666666666 0.7180555555555556 0.01875 0.025
0 0.5260416666666666 0.7972222222222223 0.01875 0.025
0 0.5854166666666667 0.3958333333333333 0.01875 0.025
0 0.5875 0.4527777777777778 0.01875 0.025
0 0.5895833333333333 0.5138888888888888 0.01875 0.025
0 0.5927083333333333 0.5777777777777777 0.01875 0.025
0 0.5947916666666667 0.6472222222222223 0.01875 0.025
0 0.5979166666666667 0.7194444444444444 0.01875 0.025
0 0.6010416666666667 0.7986111111111112 0.01875 0.025
0 0.646875 0.3972222222222222 0.01875 0.025
0 0.6510416666666666 0.45416666666666666 0.01875 0.025
0 0.6552083333333333 0.5152777777777777 0.01875 0.025
0 0.6604166666666667 0.5791666666666667 0.01875 0.025
0 0.6645833333333333 0.6486111111111111 0.01875 0.025
0 0.6697916666666667 0.7222222222222222 0.01875 0.025
0 0.675 0.8 0.01875 0.025
0 0.709375 0.39861111111111114 0.01875 0.025
0 0.7145833333333333 0.45555555555555555 0.01875 0.025
0 0.7208333333333333 0.5166666666666667 0.01875 0.025
0 0.7270833333333333 0.5819444444444445 0.01875 0.025
0 0.734375 0.65 0.01875 0.025
0 0.7416666666666667 0.7236111111111111 0.01875 0.025
0 0.75 0.8027777777777778 0.01875 0.025