0 0.3375 0.3819444444444444 0.01875 0.025
0 0.33229166666666665 0.44027777777777777 0.01875 0.025
0 0.3260416666666667 0.5027777777777778 0.01875 0.025
0 0.32083333333333336 0.5680555555555555 0.01875 0.025
0 0.3145833333333333 0.6375 0.01875 0.025
0 0.3072916666666667 0.7111111111111111 0.01875 0.025
0 0.3 0.7902777777777777 0.01875 0.025
0 0.39895833333333336 0.38472222222222224 0.01875 0.025
0 0.3958333333333333 0.44305555555555554 0.01875 0.025
0 0.3927083333333333 0.5041666666666667 0.01875 0.025
0 0.3885416666666667 0.5694444444444444 0.01875 0.025
0 0.384375 0.6402777777777777 0.01875 0.025
0 0.3802083333333333 0.7138888888888889 0.01875 0.025
0 0.375 0.7930555555555555 0.01875 0.025
0 0.46145833333333336 0.3875 0.01875 0.025
0 0.46041666666666664 0.44583333333333336 0.01875 0.025
0 0.4583333333333333 0.5069444444444444 0.01875 0.025
0 0.45625 0.5722222222222222 0.01875 0.025
0 0.45416666666666666 0.6416666666666667 0.01875 0.025
0 0.45208333333333334 0.7166666666666667 0.01875 0.025
0 0.45 0.7958333333333333 0.01875 0.025
0 0.5239583333333333 0.3902777777777778 0.01875 0.025
0 0.5239583333333333 0.44722222222222224 0.01875 0.025
0 0.5239583333333333 0.5097222222222222 0.01875 0.025
0 0.5239583333333333 0.575 0.01875 0.025
0 0.5239583333333333 0.6444444444444445 0.01875 0.025
0 0.525 0.7180555555555556 0.01875 0.025
0 0.525 0.7986111111111112 0.01875 0.025
0 0.5854166666666667 0.39166666666666666 0.01875 0.025
0 0.5875 0.45 0.01875 0.025
0 0.5895833333333333 0.5125 0.01875 0.025
0 0.5916666666666667 0.5777777777777777 0.01875 0.025
0 0.59375 0.6472222222222223 0.01875 0.025
0 0.596875 0.7208333333333333 0.01875 0.025
0 0.6 0.8 0.01875 0.025
0 0.646875 0.39444444444444443 0.01875 0.025
0 0.6510416666666666 0.4527777777777778 0.01875 0.025
0 0.6552083333333333 0.5138888888888888 0.01875 0.025
0 0.659375 0.5791666666666667 0.01875 0.025
0 0.6635416666666667 0.65 0.01875 0.025
0 0.66875 0.7236111111111111 0.01875 0.025
0 0.6739583333333333 0.8027777777777778 0.01875 0.025
0 0.7083333333333334 0.3972222222222222 0.01875 0.025
0 0.7145833333333333 0.45555555555555555 0.01875 0.025
0 0.7197916666666667 0.5166666666666667 0.01875 0.025
0 0.7260416666666667 0.5819444444444445 0.01875 0.025
0 0.7333333333333333 0.6513888888888889 0.01875 0.025
0 0.740625 0.7263888888888889 0.01875 0.025
0 0.7479166666666667 0.8055555555555556 0.01875 0.025