0 0.24791666666666667 0.16157407407407406 0.035416666666666666 0.03518518518518519
0 0.325 0.15925925925925927 0.035416666666666666 0.03518518518518519
0 0.403125 0.15648148148148147 0.035416666666666666 0.03518518518518519
0 0.48020833333333335 0.15416666666666667 0.035416666666666666 0.03518518518518519
0 0.5583333333333333 0.15092592592592594 0.035416666666666666 0.03518518518518519
0 0.6364583333333333 0.14907407407407408 0.035416666666666666 0.03518518518518519
0 0.7145833333333333 0.14675925925925926 0.035416666666666666 0.03518518518518519
0 0.2375 0.21574074074074073 0.035416666666666666 0.03518518518518519
0 0.3177083333333333 0.21342592592592594 0.035416666666666666 0.03518518518518519
0 0.39895833333333336 0.2101851851851852 0.035416666666666666 0.03518518518518519
0 0.48020833333333335 0.20833333333333334 0.035416666666666666 0.03518518518518519
0 0.5614583333333333 0.2064814814814815 0.035416666666666666 0.03518518518518519
0 0.6427083333333333 0.20324074074074075 0.035416666666666666 0.03518518518518519
0 0.7239583333333334 0.20092592592592592 0.035416666666666666 0.03518518518518519
0 0.22604166666666667 0.275 0.035416666666666666 0.03518518518518519
0 0.3104166666666667 0.27314814814814814 0.035416666666666666 0.03518518518518519
0 0.39479166666666665 0.26990740740740743 0.035416666666666666 0.03518518518518519
0 0.48020833333333335 0.2675925925925926 0.035416666666666666 0.03518518518518519
0 0.5645833333333333 0.26481481481481484 0.035416666666666666 0.03518518518518519
0 0.6489583333333333 0.2625 0.035416666666666666 0.03518518518518519
0 0.734375 0.25925925925925924 0.035416666666666666 0.03518518518518519
0 0.21458333333333332 0.3398148148148148 0.035416666666666666 0.03518518518518519
0 0.3020833333333333 0.3375 0.035416666666666666 0.03518518518518519
0 0.390625 0.33425925925925926 0.035416666666666666 0.03518518518518519
0 0.4791666666666667 0.33240740740740743 0.035416666666666666 0.03518518518518519
0 0.5677083333333334 0.32916666666666666 0.035416666666666666 0.03518518518518519
0 0.65625 0.32685185185185184 0.035416666666666666 0.03518518518518519
0 0.7458333333333333 0.32407407407407407 0.035416666666666666 0.03518518518518519
0 0.20104166666666667 0.4101851851851852 0.035416666666666666 0.03518518518518519
0 0.29375 0.4083333333333333 0.035416666666666666 0.03518518518518519
0 0.38645833333333335 0.4050925925925926 0.035416666666666666 0.03518518518518519
0 0.4791666666666667 0.40324074074074073 0.035416666666666666 0.03518518518518519
0 0.571875 0.4 0.035416666666666666 0.03518518518518519
0 0.6645833333333333 0.39675925925925926 0.035416666666666666 0.03518518518518519
0 0.7583333333333333 0.39490740740740743 0.035416666666666666 0.03518518518518519
0 0.18645833333333334 0.4898148148148148 0.035416666666666666 0.03518518518518519
0 0.2833333333333333 0.48657407407407405 0.035416666666666666 0.03518518518518519
0 0.3802083333333333 0.48333333333333334 0.035416666666666666 0.03518518518518519
0 0.478125 0.48148148148148145 0.035416666666666666 0.03518518518518519
0 0.5760416666666667 0.47824074074074074 0.035416666666666666 0.03518518518518519
0 0.6739583333333333 0.475 0.035416666666666666 0.03518518518518519
0 0.771875 0.47314814814814815 0.035416666666666666 0.03518518518518519
0 0.16979166666666667 0.575925925925926 0.035416666666666666 0.03518518518518519
0 0.271875 0.5731481481481482 0.035416666666666666 0.03518518518518519
0 0.375 0.5699074074074074 0.035416666666666666 0.03518518518518519
0 0.478125 0.5675925925925925 0.035416666666666666 0.03518518518518519
0 0.5802083333333333 0.5648148148148148 0.035416666666666666 0.03518518518518519
0 0.6833333333333333 0.5615740740740741 0.035416666666666666 0.03518518518518519
0 0.7875 0.5583333333333333 0.035416666666666666 0.03518518518518519