0 0.709375 0.16666666666666666 0.022916666666666665 0.03425925925925926
0 0.6333333333333333 0.16666666666666666 0.022916666666666665 0.03425925925925926
0 0.5572916666666666 0.16666666666666666 0.022916666666666665 0.03425925925925926
0 0.48020833333333335 0.16666666666666666 0.022916666666666665 0.03425925925925926
0 0.403125 0.16527777777777777 0.022916666666666665 0.03425925925925926
0 0.325 0.16527777777777777 0.022916666666666665 0.03425925925925926
0 0.24791666666666667 0.16527777777777777 0.022916666666666665 0.03425925925925926
0 0.7208333333333333 0.24768518518518517 0.022916666666666665 0.03425925925925926
0 0.6416666666666667 0.24768518518518517 0.022916666666666665 0.03425925925925926
0 0.5625 0.2462962962962963 0.022916666666666665 0.03425925925925926
0 0.48333333333333334 0.2462962962962963 0.022916666666666665 0.03425925925925926
0 0.403125 0.2462962962962963 0.022916666666666665 0.03425925925925926
0 0.3229166666666667 0.2462962962962963 0.022916666666666665 0.03425925925925926
0 0.24166666666666667 0.2462962962962963 0.022916666666666665 0.03425925925925926
0 0.7333333333333333 0.3333333333333333 0.022916666666666665 0.03425925925925926
0 0.6510416666666666 0.3333333333333333 0.022916666666666665 0.03425925925925926
0 0.56875 0.3333333333333333 0.022916666666666665 0.03425925925925926
0 0.4864583333333333 0.3333333333333333 0.022916666666666665 0.03425925925925926
0 0.403125 0.3333333333333333 0.022916666666666665 0.03425925925925926
0 0.31979166666666664 0.3333333333333333 0.022916666666666665 0.03425925925925926
0 0.23645833333333333 0.3333333333333333 0.022916666666666665 0.03425925925925926
0 0.746875 0.42685185185185187 0.022916666666666665 0.03425925925925926
0 0.6614583333333334 0.42685185185185187 0.022916666666666665 0.03425925925925926
0 0.5760416666666667 0.42685185185185187 0.022916666666666665 0.03425925925925926
0 0.4895833333333333 0.42685185185185187 0.022916666666666665 0.03425925925925926
0 0.4041666666666667 0.42685185185185187 0.022916666666666665 0.03425925925925926
0 0.31666666666666665 0.42685185185185187 0.022916666666666665 0.03425925925925926
0 0.22916666666666666 0.42685185185185187 0.022916666666666665 0.03425925925925926
0 0.7604166666666666 0.5263888888888889 0.022916666666666665 0.03425925925925926
0 0.671875 0.5282407407407408 0.022916666666666665 0.03425925925925926
0 0.5833333333333334 0.5282407407407408 0.022916666666666665 0.03425925925925926
0 0.49375 0.5282407407407408 0.022916666666666665 0.03425925925925926
0 0.4041666666666667 0.5282407407407408 0.022916666666666665 0.03425925925925926
0 0.31354166666666666 0.5296296296296297 0.022916666666666665 0.03425925925925926
0 0.22291666666666668 0.5296296296296297 0.022916666666666665 0.03425925925925926
0 0.7760416666666666 0.6356481481481482 0.022916666666666665 0.03425925925925926
0 0.684375 0.6370370370370371 0.022916666666666665 0.03425925925925926
0 0.5916666666666667 0.6370370370370371 0.022916666666666665 0.03425925925925926
0 0.4979166666666667 0.638425925925926 0.022916666666666665 0.03425925925925926
0 0.4041666666666667 0.638425925925926 0.022916666666666665 0.03425925925925926
0 0.309375 0.6402777777777777 0.022916666666666665 0.03425925925925926
0 0.21458333333333332 0.6402777777777777 0.022916666666666665 0.03425925925925926
0 0.79375 0.7555555555555555 0.022916666666666665 0.03425925925925926
0 0.696875 0.7569444444444444 0.022916666666666665 0.03425925925925926
0 0.6 0.7569444444444444 0.022916666666666665 0.03425925925925926
0 0.5020833333333333 0.7587962962962963 0.022916666666666665 0.03425925925925926
0 0.4041666666666667 0.7601851851851852 0.022916666666666665 0.03425925925925926
0 0.30625 0.7601851851851852 0.022916666666666665 0.03425925925925926
0 0.20625 0.7615740740740741 0.022916666666666665 0.03425925925925926