0 0.2677083333333333 0.09490740740740741 0.0375 0.0375
0 0.3489583333333333 0.09351851851851851 0.0375 0.0375
0 0.43125 0.09166666666666666 0.0375 0.0375
0 0.5135416666666667 0.08981481481481482 0.0375 0.0375
0 0.5947916666666667 0.08842592592592592 0.0375 0.0375
0 0.6770833333333334 0.08657407407407407 0.0375 0.0375
0 0.759375 0.08425925925925926 0.0375 0.0375
0 0.25833333333333336 0.15324074074074073 0.0375 0.0375
0 0.34270833333333334 0.15185185185185185 0.0375 0.0375
0 0.428125 0.15 0.0375 0.0375
0 0.5125 0.14814814814814814 0.0375 0.0375
0 0.5979166666666667 0.14675925925925926 0.0375 0.0375
0 0.6833333333333333 0.1449074074074074 0.0375 0.0375
0 0.76875 0.1425925925925926 0.0375 0.0375
0 0.24791666666666667 0.21666666666666667 0.0375 0.0375
0 0.33541666666666664 0.21481481481481482 0.0375 0.0375
0 0.4239583333333333 0.21342592592592594 0.0375 0.0375
0 0.5125 0.21157407407407408 0.0375 0.0375
0 0.6010416666666667 0.20925925925925926 0.0375 0.0375
0 0.6895833333333333 0.20833333333333334 0.0375 0.0375
0 0.7791666666666667 0.2064814814814815 0.0375 0.0375
0 0.23645833333333333 0.28425925925925927 0.0375 0.0375
0 0.328125 0.2833333333333333 0.0375 0.0375
0 0.4197916666666667 0.2814814814814815 0.0375 0.0375
0 0.5125 0.2791666666666667 0.0375 0.0375
0 0.6041666666666666 0.27824074074074073 0.0375 0.0375
0 0.696875 0.2759259259259259 0.0375 0.0375
0 0.7895833333333333 0.275 0.0375 0.0375
0 0.22395833333333334 0.3592592592592593 0.0375 0.0375
0 0.31979166666666664 0.3574074074074074 0.0375 0.0375
0 0.415625 0.35509259259259257 0.0375 0.0375
0 0.5114583333333333 0.3541666666666667 0.0375 0.0375
0 0.6083333333333333 0.35185185185185186 0.0375 0.0375
0 0.7041666666666667 0.35 0.0375 0.0375
0 0.8010416666666667 0.3490740740740741 0.0375 0.0375
0 0.21145833333333333 0.4398148148148148 0.0375 0.0375
0 0.31145833333333334 0.43842592592592594 0.0375 0.0375
0 0.4114583333333333 0.43657407407407406 0.0375 0.0375
0 0.5114583333333333 0.43425925925925923 0.0375 0.0375
0 0.6114583333333333 0.43333333333333335 0.0375 0.0375
0 0.7125 0.43148148148148147 0.0375 0.0375
0 0.8135416666666667 0.42916666666666664 0.0375 0.0375
0 0.196875 0.5282407407407408 0.0375 0.0375
0 0.30104166666666665 0.5259259259259259 0.0375 0.0375
0 0.40625 0.525 0.0375 0.0375
0 0.5114583333333333 0.5231481481481481 0.0375 0.0375
0 0.6166666666666667 0.5217592592592593 0.0375 0.0375
0 0.721875 0.5199074074074074 0.0375 0.0375
0 0.8270833333333333 0.5175925925925926 0.0375 0.0375