0 0.7083333333333334 0.16203703703703703 0.022916666666666665 0.03425925925925926
0 0.6322916666666667 0.16203703703703703 0.022916666666666665 0.03425925925925926
0 0.55625 0.16064814814814815 0.022916666666666665 0.03425925925925926
0 0.48020833333333335 0.16064814814814815 0.022916666666666665 0.03425925925925926
0 0.403125 0.1587962962962963 0.022916666666666665 0.03425925925925926
0 0.325 0.1587962962962963 0.022916666666666665 0.03425925925925926
0 0.246875 0.1574074074074074 0.022916666666666665 0.03425925925925926
0 0.7197916666666667 0.2412037037037037 0.022916666666666665 0.03425925925925926
0 0.6416666666666667 0.2412037037037037 0.022916666666666665 0.03425925925925926
0 0.5625 0.2412037037037037 0.022916666666666665 0.03425925925925926
0 0.4822916666666667 0.23981481481481481 0.022916666666666665 0.03425925925925926
0 0.403125 0.23981481481481481 0.022916666666666665 0.03425925925925926
0 0.321875 0.23981481481481481 0.022916666666666665 0.03425925925925926
0 0.240625 0.23842592592592593 0.022916666666666665 0.03425925925925926
0 0.7322916666666667 0.32731481481481484 0.022916666666666665 0.03425925925925926
0 0.65 0.32731481481481484 0.022916666666666665 0.03425925925925926
0 0.56875 0.32731481481481484 0.022916666666666665 0.03425925925925926
0 0.48541666666666666 0.32731481481481484 0.022916666666666665 0.03425925925925926
0 0.403125 0.32731481481481484 0.022916666666666665 0.03425925925925926
0 0.31875 0.32731481481481484 0.022916666666666665 0.03425925925925926
0 0.234375 0.32731481481481484 0.022916666666666665 0.03425925925925926
0 0.7447916666666666 0.4203703703703704 0.022916666666666665 0.03425925925925926
0 0.6604166666666667 0.4203703703703704 0.022916666666666665 0.03425925925925926
0 0.575 0.4203703703703704 0.022916666666666665 0.03425925925925926
0 0.4895833333333333 0.4203703703703704 0.022916666666666665 0.03425925925925926
0 0.403125 0.4203703703703704 0.022916666666666665 0.03425925925925926
0 0.315625 0.4203703703703704 0.022916666666666665 0.03425925925925926
0 0.228125 0.4203703703703704 0.022916666666666665 0.03425925925925926
0 0.759375 0.5203703703703704 0.022916666666666665 0.03425925925925926
0 0.6708333333333333 0.5217592592592593 0.022916666666666665 0.03425925925925926
0 0.5822916666666667 0.5217592592592593 0.022916666666666665 0.03425925925925926
0 0.49270833333333336 0.5217592592592593 0.022916666666666665 0.03425925925925926
0 0.403125 0.5231481481481481 0.022916666666666665 0.03425925925925926
0 0.3125 0.5231481481481481 0.022916666666666665 0.03425925925925926
0 0.22083333333333333 0.5231481481481481 0.022916666666666665 0.03425925925925926
0 0.775 0.6310185185185185 0.022916666666666665 0.03425925925925926
0 0.6833333333333333 0.6310185185185185 0.022916666666666665 0.03425925925925926
0 0.590625 0.6324074074074074 0.022916666666666665 0.03425925925925926
0 0.496875 0.6324074074074074 0.022916666666666665 0.03425925925925926
0 0.403125 0.6337962962962963 0.022916666666666665 0.03425925925925926
0 0.30833333333333335 0.6356481481481482 0.022916666666666665 0.03425925925925926
0 0.2125 0.6356481481481482 0.022916666666666665 0.03425925925925926
0 0.7916666666666666 0.7490740740740741 0.022916666666666665 0.03425925925925926
0 0.6958333333333333 0.7509259259259259 0.022916666666666665 0.03425925925925926
0 0.5989583333333334 0.7523148148148148 0.022916666666666665 0.03425925925925926
0 0.5010416666666667 0.7537037037037037 0.022916666666666665 0.03425925925925926
0 0.403125 0.7555555555555555 0.022916666666666665 0.03425925925925926
0 0.30416666666666664 0.7569444444444444 0.022916666666666665 0.03425925925925926
0 0.20416666666666666 0.7587962962962963 0.022916666666666665 0.03425925925925926