0 0.80625 0.15046296296296297 0.020833333333333332 0.03518518518518519
0 0.7333333333333333 0.15046296296296297 0.020833333333333332 0.03518518518518519
0 0.6604166666666667 0.15046296296296297 0.020833333333333332 0.03518518518518519
0 0.5885416666666666 0.15046296296296297 0.020833333333333332 0.03518518518518519
0 0.515625 0.15046296296296297 0.020833333333333332 0.03518518518518519
0 0.44375 0.15046296296296297 0.020833333333333332 0.03518518518518519
0 0.37083333333333335 0.15046296296296297 0.020833333333333332 0.03518518518518519
0 0.80625 0.23055555555555557 0.020833333333333332 0.03518518518518519
0 0.73125 0.23055555555555557 0.020833333333333332 0.03518518518518519
0 0.6552083333333333 0.23055555555555557 0.020833333333333332 0.03518518518518519
0 0.5802083333333333 0.23055555555555557 0.020833333333333332 0.03518518518518519
0 0.5052083333333334 0.23055555555555557 0.020833333333333332 0.03518518518518519
0 0.43020833333333336 0.23055555555555557 0.020833333333333332 0.03518518518518519
0 0.35520833333333335 0.23055555555555557 0.020833333333333332 0.03518518518518519
0 0.8072916666666666 0.31805555555555554 0.020833333333333332 0.03518518518518519
0 0.728125 0.31805555555555554 0.020833333333333332 0.03518518518518519
0 0.65 0.3162037037037037 0.020833333333333332 0.03518518518518519
0 0.571875 0.3162037037037037 0.020833333333333332 0.03518518518518519
0 0.49375 0.3162037037037037 0.020833333333333332 0.03518518518518519
0 0.415625 0.3162037037037037 0.020833333333333332 0.03518518518518519
0 0.3375 0.3162037037037037 0.020833333333333332 0.03518518518518519
0 0.8072916666666666 0.41064814814814815 0.020833333333333332 0.03518518518518519
0 0.7260416666666667 0.41064814814814815 0.020833333333333332 0.03518518518518519
0 0.64375 0.41064814814814815 0.020833333333333332 0.03518518518518519
0 0.5625 0.41064814814814815 0.020833333333333332 0.03518518518518519
0 0.48020833333333335 0.41064814814814815 0.020833333333333332 0.03518518518518519
0 0.39895833333333336 0.41064814814814815 0.020833333333333332 0.03518518518518519
0 0.3177083333333333 0.40925925925925927 0.020833333333333332 0.03518518518518519
0 0.8083333333333333 0.5138888888888888 0.020833333333333332 0.03518518518518519
0 0.7229166666666667 0.5120370370370371 0.020833333333333332 0.03518518518518519
0 0.6375 0.5120370370370371 0.020833333333333332 0.03518518518518519
0 0.5520833333333334 0.5120370370370371 0.020833333333333332 0.03518518518518519
0 0.4666666666666667 0.5120370370370371 0.020833333333333332 0.03518518518518519
0 0.38229166666666664 0.5120370370370371 0.020833333333333332 0.03518518518518519
0 0.296875 0.5106481481481482 0.020833333333333332 0.03518518518518519
0 0.8083333333333333 0.6240740740740741 0.020833333333333332 0.03518518518518519
0 0.71875 0.6240740740740741 0.020833333333333332 0.03518518518518519
0 0.6302083333333334 0.6240740740740741 0.020833333333333332 0.03518518518518519
0 0.540625 0.6240740740740741 0.020833333333333332 0.03518518518518519
0 0.45208333333333334 0.6222222222222222 0.020833333333333332 0.03518518518518519
0 0.3625 0.6222222222222222 0.020833333333333332 0.03518518518518519
0 0.27395833333333336 0.6222222222222222 0.020833333333333332 0.03518518518518519
0 0.809375 0.7462962962962963 0.020833333333333332 0.03518518518518519
0 0.715625 0.7462962962962963 0.020833333333333332 0.03518518518518519
0 0.621875 0.7449074074074075 0.020833333333333332 0.03518518518518519
0 0.528125 0.7449074074074075 0.020833333333333332 0.03518518518518519
0 0.4354166666666667 0.7449074074074075 0.020833333333333332 0.03518518518518519
0 0.3416666666666667 0.7449074074074075 0.020833333333333332 0.03518518518518519
0 0.24895833333333334 0.7430555555555556 0.020833333333333332 0.03518518518518519