0 0.309375 0.6472222222222223 0.020833333333333332 0.027777777777777776
0 0.384375 0.6472222222222223 0.020833333333333332 0.027777777777777776
0 0.46145833333333336 0.6486111111111111 0.020833333333333332 0.027777777777777776
0 0.5385416666666667 0.6486111111111111 0.020833333333333332 0.027777777777777776
0 0.6166666666666667 0.65 0.020833333333333332 0.027777777777777776
0 0.6958333333333333 0.65 0.020833333333333332 0.027777777777777776
0 0.775 0.6513888888888889 0.020833333333333332 0.027777777777777776
0 0.31979166666666664 0.5597222222222222 0.020833333333333332 0.027777777777777776
0 0.3927083333333333 0.5597222222222222 0.020833333333333332 0.027777777777777776
0 0.465625 0.5597222222222222 0.020833333333333332 0.027777777777777776
0 0.5385416666666667 0.5611111111111111 0.020833333333333332 0.027777777777777776
0 0.6125 0.5611111111111111 0.020833333333333332 0.027777777777777776
0 0.6875 0.5611111111111111 0.020833333333333332 0.027777777777777776
0 0.7635416666666667 0.5611111111111111 0.020833333333333332 0.027777777777777776
0 0.3302083333333333 0.48055555555555557 0.020833333333333332 0.027777777777777776
0 0.39895833333333336 0.48055555555555557 0.020833333333333332 0.027777777777777776
0 0.46875 0.48055555555555557 0.020833333333333332 0.027777777777777776
0 0.5385416666666667 0.48055555555555557 0.020833333333333332 0.027777777777777776
0 0.609375 0.48055555555555557 0.020833333333333332 0.027777777777777776
0 0.6802083333333333 0.48055555555555557 0.020833333333333332 0.027777777777777776
0 0.7520833333333333 0.48055555555555557 0.020833333333333332 0.027777777777777776
0 0.33958333333333335 0.4083333333333333 0.020833333333333332 0.027777777777777776
0 0.40520833333333334 0.4083333333333333 0.020833333333333332 0.027777777777777776
0 0.471875 0.4083333333333333 0.020833333333333332 0.027777777777777776
0 0.5385416666666667 0.40694444444444444 0.020833333333333332 0.027777777777777776
0 0.60625 0.40694444444444444 0.020833333333333332 0.027777777777777776
0 0.6739583333333333 0.40694444444444444 0.020833333333333332 0.027777777777777776
0 0.7427083333333333 0.40694444444444444 0.020833333333333332 0.027777777777777776
0 0.34791666666666665 0.34305555555555556 0.020833333333333332 0.027777777777777776
0 0.4114583333333333 0.3416666666666667 0.020833333333333332 0.027777777777777776
0 0.475 0.3416666666666667 0.020833333333333332 0.027777777777777776
0 0.5385416666666667 0.3416666666666667 0.020833333333333332 0.027777777777777776
0 0.603125 0.3402777777777778 0.020833333333333332 0.027777777777777776
0 0.66875 0.3402777777777778 0.020833333333333332 0.027777777777777776
0 0.7333333333333333 0.3388888888888889 0.020833333333333332 0.027777777777777776
0 0.35625 0.28194444444444444 0.020833333333333332 0.027777777777777776
0 0.4166666666666667 0.28194444444444444 0.020833333333333332 0.027777777777777776
0 0.47708333333333336 0.28055555555555556 0.020833333333333332 0.027777777777777776
0 0.5385416666666667 0.28055555555555556 0.020833333333333332 0.027777777777777776
0 0.6010416666666667 0.2791666666666667 0.020833333333333332 0.027777777777777776
0 0.6625 0.2791666666666667 0.020833333333333332 0.027777777777777776
0 0.7260416666666667 0.2777777777777778 0.020833333333333332 0.027777777777777776
0 0.36354166666666665 0.2263888888888889 0.020833333333333332 0.027777777777777776
0 0.421875 0.225 0.020833333333333332 0.027777777777777776
0 0.48020833333333335 0.225 0.020833333333333332 0.027777777777777776
0 0.5385416666666667 0.22361111111111112 0.020833333333333332 0.027777777777777776
0 0.5979166666666667 0.2222222222222222 0.020833333333333332 0.027777777777777776
0 0.6583333333333333 0.2222222222222222 0.020833333333333332 0.027777777777777776
0 0.7177083333333333 0.22083333333333333 0.020833333333333332 0.027777777777777776