0 0.296875 0.6458333333333334 0.020833333333333332 0.027777777777777776
0 0.37395833333333334 0.6444444444444445 0.020833333333333332 0.027777777777777776
0 0.4510416666666667 0.6430555555555556 0.020833333333333332 0.027777777777777776
0 0.5291666666666667 0.6416666666666667 0.020833333333333332 0.027777777777777776
0 0.6083333333333333 0.6388888888888888 0.020833333333333332 0.027777777777777776
0 0.6875 0.6375 0.020833333333333332 0.027777777777777776
0 0.76875 0.6361111111111111 0.020833333333333332 0.027777777777777776
0 0.3072916666666667 0.5583333333333333 0.020833333333333332 0.027777777777777776
0 0.3802083333333333 0.5555555555555556 0.020833333333333332 0.027777777777777776
0 0.45416666666666666 0.5541666666666667 0.020833333333333332 0.027777777777777776
0 0.528125 0.5513888888888889 0.020833333333333332 0.027777777777777776
0 0.603125 0.55 0.020833333333333332 0.027777777777777776
0 0.6791666666666667 0.5472222222222223 0.020833333333333332 0.027777777777777776
0 0.75625 0.5458333333333333 0.020833333333333332 0.027777777777777776
0 0.31666666666666665 0.4777777777777778 0.020833333333333332 0.027777777777777776
0 0.38645833333333335 0.475 0.020833333333333332 0.027777777777777776
0 0.45625 0.4736111111111111 0.020833333333333332 0.027777777777777776
0 0.528125 0.4708333333333333 0.020833333333333332 0.027777777777777776
0 0.6 0.46805555555555556 0.020833333333333332 0.027777777777777776
0 0.671875 0.4652777777777778 0.020833333333333332 0.027777777777777776
0 0.7447916666666666 0.4638888888888889 0.020833333333333332 0.027777777777777776
0 0.325 0.4041666666666667 0.020833333333333332 0.027777777777777776
0 0.39166666666666666 0.4013888888888889 0.020833333333333332 0.027777777777777776
0 0.459375 0.39861111111111114 0.020833333333333332 0.027777777777777776
0 0.5270833333333333 0.3958333333333333 0.020833333333333332 0.027777777777777776
0 0.5958333333333333 0.39444444444444443 0.020833333333333332 0.027777777777777776
0 0.665625 0.39166666666666666 0.020833333333333332 0.027777777777777776
0 0.7354166666666667 0.3888888888888889 0.020833333333333332 0.027777777777777776
0 0.3333333333333333 0.3375 0.020833333333333332 0.027777777777777776
0 0.396875 0.3347222222222222 0.020833333333333332 0.027777777777777776
0 0.46145833333333336 0.33194444444444443 0.020833333333333332 0.027777777777777776
0 0.5270833333333333 0.32916666666666666 0.020833333333333332 0.027777777777777776
0 0.5927083333333333 0.325 0.020833333333333332 0.027777777777777776
0 0.6583333333333333 0.32222222222222224 0.020833333333333332 0.027777777777777776
0 0.7260416666666667 0.3194444444444444 0.020833333333333332 0.027777777777777776
0 0.340625 0.275 0.020833333333333332 0.027777777777777776
0 0.40208333333333335 0.2722222222222222 0.020833333333333332 0.027777777777777776
0 0.4635416666666667 0.26944444444444443 0.020833333333333332 0.027777777777777776
0 0.5260416666666666 0.26666666666666666 0.020833333333333332 0.027777777777777776
0 0.5895833333333333 0.2625 0.020833333333333332 0.027777777777777776
0 0.653125 0.25972222222222224 0.020833333333333332 0.027777777777777776
0 0.7177083333333333 0.2569444444444444 0.020833333333333332 0.027777777777777776
0 0.346875 0.21805555555555556 0.020833333333333332 0.027777777777777776
0 0.40625 0.21388888888888888 0.020833333333333332 0.027777777777777776
0 0.465625 0.2111111111111111 0.020833333333333332 0.027777777777777776
0 0.5260416666666666 0.20833333333333334 0.020833333333333332 0.027777777777777776
0 0.5864583333333333 0.20555555555555555 0.020833333333333332 0.027777777777777776
0 0.6479166666666667 0.2013888888888889 0.020833333333333332 0.027777777777777776
0 0.709375 0.1986111111111111 0.020833333333333332 0.027777777777777776