0 0.6927083333333334 0.15555555555555556 0.022916666666666665 0.03425925925925926
0 0.6177083333333333 0.15416666666666667 0.022916666666666665 0.03425925925925926
0 0.5416666666666666 0.15416666666666667 0.022916666666666665 0.03425925925925926
0 0.46458333333333335 0.15416666666666667 0.022916666666666665 0.03425925925925926
0 0.3875 0.15416666666666667 0.022916666666666665 0.03425925925925926
0 0.3104166666666667 0.15416666666666667 0.022916666666666665 0.03425925925925926
0 0.23229166666666667 0.1527777777777778 0.022916666666666665 0.03425925925925926
0 0.7052083333333333 0.2351851851851852 0.022916666666666665 0.03425925925925926
0 0.6270833333333333 0.2351851851851852 0.022916666666666665 0.03425925925925926
0 0.5479166666666667 0.2351851851851852 0.022916666666666665 0.03425925925925926
0 0.46875 0.2351851851851852 0.022916666666666665 0.03425925925925926
0 0.3885416666666667 0.2351851851851852 0.022916666666666665 0.03425925925925926
0 0.30833333333333335 0.2351851851851852 0.022916666666666665 0.03425925925925926
0 0.22708333333333333 0.2351851851851852 0.022916666666666665 0.03425925925925926
0 0.7177083333333333 0.32083333333333336 0.022916666666666665 0.03425925925925926
0 0.6364583333333333 0.32083333333333336 0.022916666666666665 0.03425925925925926
0 0.5552083333333333 0.32083333333333336 0.022916666666666665 0.03425925925925926
0 0.47291666666666665 0.32083333333333336 0.022916666666666665 0.03425925925925926
0 0.38958333333333334 0.32222222222222224 0.022916666666666665 0.03425925925925926
0 0.30625 0.32222222222222224 0.022916666666666665 0.03425925925925926
0 0.221875 0.32222222222222224 0.022916666666666665 0.03425925925925926
0 0.73125 0.412962962962963 0.022916666666666665 0.03425925925925926
0 0.6479166666666667 0.41435185185185186 0.022916666666666665 0.03425925925925926
0 0.5625 0.41435185185185186 0.022916666666666665 0.03425925925925926
0 0.47708333333333336 0.41574074074074074 0.022916666666666665 0.03425925925925926
0 0.390625 0.41574074074074074 0.022916666666666665 0.03425925925925926
0 0.30416666666666664 0.41759259259259257 0.022916666666666665 0.03425925925925926
0 0.215625 0.41759259259259257 0.022916666666666665 0.03425925925925926
0 0.746875 0.5125 0.022916666666666665 0.03425925925925926
0 0.659375 0.5138888888888888 0.022916666666666665 0.03425925925925926
0 0.5708333333333333 0.5157407407407407 0.022916666666666665 0.03425925925925926
0 0.4822916666666667 0.5171296296296296 0.022916666666666665 0.03425925925925926
0 0.39166666666666666 0.5185185185185185 0.022916666666666665 0.03425925925925926
0 0.30104166666666665 0.5203703703703704 0.022916666666666665 0.03425925925925926
0 0.209375 0.5203703703703704 0.022916666666666665 0.03425925925925926
0 0.7635416666666667 0.6212962962962963 0.022916666666666665 0.03425925925925926
0 0.671875 0.6231481481481481 0.022916666666666665 0.03425925925925926
0 0.5802083333333333 0.6263888888888889 0.022916666666666665 0.03425925925925926
0 0.4875 0.6277777777777778 0.022916666666666665 0.03425925925925926
0 0.3927083333333333 0.6291666666666667 0.022916666666666665 0.03425925925925926
0 0.29791666666666666 0.6310185185185185 0.022916666666666665 0.03425925925925926
0 0.203125 0.6337962962962963 0.022916666666666665 0.03425925925925926
0 0.78125 0.7398148148148148 0.022916666666666665 0.03425925925925926
0 0.6854166666666667 0.7430555555555556 0.022916666666666665 0.03425925925925926
0 0.5895833333333333 0.7462962962962963 0.022916666666666665 0.03425925925925926
0 0.49270833333333336 0.7476851851851852 0.022916666666666665 0.03425925925925926
0 0.39479166666666665 0.7509259259259259 0.022916666666666665 0.03425925925925926
0 0.29583333333333334 0.7537037037037037 0.022916666666666665 0.03425925925925926
0 0.19479166666666667 0.7555555555555555 0.022916666666666665 0.03425925925925926