0 0.29791666666666666 0.65 0.020833333333333332 0.027777777777777776
0 0.375 0.6486111111111111 0.020833333333333332 0.027777777777777776
0 0.45208333333333334 0.6472222222222223 0.020833333333333332 0.027777777777777776
0 0.5302083333333333 0.6458333333333334 0.020833333333333332 0.027777777777777776
0 0.6083333333333333 0.6430555555555556 0.020833333333333332 0.027777777777777776
0 0.6875 0.6416666666666667 0.020833333333333332 0.027777777777777776
0 0.7666666666666667 0.6402777777777777 0.020833333333333332 0.027777777777777776
0 0.30833333333333335 0.5611111111111111 0.020833333333333332 0.027777777777777776
0 0.38125 0.5597222222222222 0.020833333333333332 0.027777777777777776
0 0.4552083333333333 0.5569444444444445 0.020833333333333332 0.027777777777777776
0 0.5291666666666667 0.5555555555555556 0.020833333333333332 0.027777777777777776
0 0.603125 0.5527777777777778 0.020833333333333332 0.027777777777777776
0 0.6791666666666667 0.5513888888888889 0.020833333333333332 0.027777777777777776
0 0.7552083333333334 0.5486111111111112 0.020833333333333332 0.027777777777777776
0 0.31666666666666665 0.48055555555555557 0.020833333333333332 0.027777777777777776
0 0.38645833333333335 0.4777777777777778 0.020833333333333332 0.027777777777777776
0 0.45729166666666665 0.475 0.020833333333333332 0.027777777777777776
0 0.528125 0.4736111111111111 0.020833333333333332 0.027777777777777776
0 0.5989583333333334 0.4708333333333333 0.020833333333333332 0.027777777777777776
0 0.6708333333333333 0.46944444444444444 0.020833333333333332 0.027777777777777776
0 0.74375 0.4666666666666667 0.020833333333333332 0.027777777777777776
0 0.325 0.40555555555555556 0.020833333333333332 0.027777777777777776
0 0.39166666666666666 0.4027777777777778 0.020833333333333332 0.027777777777777776
0 0.459375 0.4 0.020833333333333332 0.027777777777777776
0 0.5270833333333333 0.39861111111111114 0.020833333333333332 0.027777777777777776
0 0.5947916666666667 0.3958333333333333 0.020833333333333332 0.027777777777777776
0 0.6635416666666667 0.39305555555555555 0.020833333333333332 0.027777777777777776
0 0.7333333333333333 0.39166666666666666 0.020833333333333332 0.027777777777777776
0 0.33125 0.3375 0.020833333333333332 0.027777777777777776
0 0.3958333333333333 0.3347222222222222 0.020833333333333332 0.027777777777777776
0 0.46041666666666664 0.33194444444444443 0.020833333333333332 0.027777777777777776
0 0.5260416666666666 0.32916666666666666 0.020833333333333332 0.027777777777777776
0 0.5916666666666667 0.3263888888888889 0.020833333333333332 0.027777777777777776
0 0.6572916666666667 0.325 0.020833333333333332 0.027777777777777776
0 0.7239583333333334 0.32222222222222224 0.020833333333333332 0.027777777777777776
0 0.3385416666666667 0.27361111111111114 0.020833333333333332 0.027777777777777776
0 0.4 0.2708333333333333 0.020833333333333332 0.027777777777777776
0 0.4625 0.26805555555555555 0.020833333333333332 0.027777777777777776
0 0.525 0.2652777777777778 0.020833333333333332 0.027777777777777776
0 0.5875 0.2638888888888889 0.020833333333333332 0.027777777777777776
0 0.6510416666666666 0.2611111111111111 0.020833333333333332 0.027777777777777776
0 0.7145833333333333 0.25833333333333336 0.020833333333333332 0.027777777777777776
0 0.34479166666666666 0.2152777777777778 0.020833333333333332 0.027777777777777776
0 0.4041666666666667 0.2125 0.020833333333333332 0.027777777777777776
0 0.4635416666666667 0.20972222222222223 0.020833333333333332 0.027777777777777776
0 0.5239583333333333 0.20694444444444443 0.020833333333333332 0.027777777777777776
0 0.584375 0.20416666666666666 0.020833333333333332 0.027777777777777776
0 0.6458333333333334 0.2013888888888889 0.020833333333333332 0.027777777777777776
0 0.7072916666666667 0.1986111111111111 0.020833333333333332 0.027777777777777776