0 0.7010416666666667 0.13703703703703704 0.022916666666666665 0.03425925925925926
0 0.6270833333333333 0.1337962962962963 0.022916666666666665 0.03425925925925926
0 0.5520833333333334 0.13240740740740742 0.022916666666666665 0.03425925925925926
0 0.47708333333333336 0.12916666666666668 0.022916666666666665 0.03425925925925926
0 0.4010416666666667 0.12777777777777777 0.022916666666666665 0.03425925925925926
0 0.32395833333333335 0.12453703703703704 0.022916666666666665 0.03425925925925926
0 0.246875 0.12314814814814815 0.022916666666666665 0.03425925925925926
0 0.7114583333333333 0.21342592592592594 0.022916666666666665 0.03425925925925926
0 0.634375 0.21203703703703702 0.022916666666666665 0.03425925925925926
0 0.5572916666666666 0.20879629629629629 0.022916666666666665 0.03425925925925926
0 0.4791666666666667 0.20694444444444443 0.022916666666666665 0.03425925925925926
0 0.4 0.20555555555555555 0.022916666666666665 0.03425925925925926
0 0.32083333333333336 0.2023148148148148 0.022916666666666665 0.03425925925925926
0 0.24166666666666667 0.20092592592592592 0.022916666666666665 0.03425925925925926
0 0.7229166666666667 0.29583333333333334 0.022916666666666665 0.03425925925925926
0 0.6427083333333333 0.29444444444444445 0.022916666666666665 0.03425925925925926
0 0.5625 0.29305555555555557 0.022916666666666665 0.03425925925925926
0 0.48125 0.2898148148148148 0.022916666666666665 0.03425925925925926
0 0.4 0.287962962962963 0.022916666666666665 0.03425925925925926
0 0.3177083333333333 0.2865740740740741 0.022916666666666665 0.03425925925925926
0 0.23541666666666666 0.2851851851851852 0.022916666666666665 0.03425925925925926
0 0.7354166666666667 0.38472222222222224 0.022916666666666665 0.03425925925925926
0 0.6520833333333333 0.38333333333333336 0.022916666666666665 0.03425925925925926
0 0.56875 0.3814814814814815 0.022916666666666665 0.03425925925925926
0 0.484375 0.3800925925925926 0.022916666666666665 0.03425925925925926
0 0.4 0.3787037037037037 0.022916666666666665 0.03425925925925926
0 0.3145833333333333 0.3768518518518518 0.022916666666666665 0.03425925925925926
0 0.228125 0.37546296296296294 0.022916666666666665 0.03425925925925926
0 0.7479166666666667 0.48148148148148145 0.022916666666666665 0.03425925925925926
0 0.6625 0.47962962962962963 0.022916666666666665 0.03425925925925926
0 0.575 0.47824074074074074 0.022916666666666665 0.03425925925925926
0 0.4875 0.47824074074074074 0.022916666666666665 0.03425925925925926
0 0.39895833333333336 0.47685185185185186 0.022916666666666665 0.03425925925925926
0 0.3104166666666667 0.475 0.022916666666666665 0.03425925925925926
0 0.22083333333333333 0.4736111111111111 0.022916666666666665 0.03425925925925926
0 0.7625 0.5856481481481481 0.022916666666666665 0.03425925925925926
0 0.6729166666666667 0.5842592592592593 0.022916666666666665 0.03425925925925926
0 0.5822916666666667 0.5842592592592593 0.022916666666666665 0.03425925925925926
0 0.490625 0.5824074074074074 0.022916666666666665 0.03425925925925926
0 0.39895833333333336 0.5824074074074074 0.022916666666666665 0.03425925925925926
0 0.30625 0.5810185185185185 0.022916666666666665 0.03425925925925926
0 0.2125 0.5810185185185185 0.022916666666666665 0.03425925925925926
0 0.778125 0.6995370370370371 0.022916666666666665 0.03425925925925926
0 0.684375 0.6976851851851852 0.022916666666666665 0.03425925925925926
0 0.5895833333333333 0.6976851851851852 0.022916666666666665 0.03425925925925926
0 0.4947916666666667 0.6976851851851852 0.022916666666666665 0.03425925925925926
0 0.39895833333333336 0.6976851851851852 0.022916666666666665 0.03425925925925926
0 0.30104166666666665 0.6976851851851852 0.022916666666666665 0.03425925925925926
0 0.203125 0.6976851851851852 0.022916666666666665 0.03425925925925926