0 0.7104166666666667 0.30324074074074076 0.03333333333333333 0.03333333333333333
0 0.6385416666666667 0.30416666666666664 0.03333333333333333 0.03333333333333333
0 0.5666666666666667 0.3050925925925926 0.03333333333333333 0.03333333333333333
0 0.4947916666666667 0.30648148148148147 0.03333333333333333 0.03333333333333333
0 0.4239583333333333 0.3074074074074074 0.03333333333333333 0.03333333333333333
0 0.353125 0.3074074074074074 0.03333333333333333 0.03333333333333333
0 0.28229166666666666 0.30833333333333335 0.03333333333333333 0.03333333333333333
0 0.7197916666666667 0.3625 0.03333333333333333 0.03333333333333333
0 0.64375 0.36342592592592593 0.03333333333333333 0.03333333333333333
0 0.56875 0.3648148148148148 0.03333333333333333 0.03333333333333333
0 0.4947916666666667 0.3648148148148148 0.03333333333333333 0.03333333333333333
0 0.4197916666666667 0.36574074074074076 0.03333333333333333 0.03333333333333333
0 0.346875 0.36666666666666664 0.03333333333333333 0.03333333333333333
0 0.27291666666666664 0.36666666666666664 0.03333333333333333 0.03333333333333333
0 0.7291666666666666 0.42685185185185187 0.03333333333333333 0.03333333333333333
0 0.65 0.42824074074074076 0.03333333333333333 0.03333333333333333
0 0.571875 0.42824074074074076 0.03333333333333333 0.03333333333333333
0 0.49375 0.42916666666666664 0.03333333333333333 0.03333333333333333
0 0.4166666666666667 0.42916666666666664 0.03333333333333333 0.03333333333333333
0 0.33958333333333335 0.4300925925925926 0.03333333333333333 0.03333333333333333
0 0.2635416666666667 0.43148148148148147 0.03333333333333333 0.03333333333333333
0 0.7395833333333334 0.4981481481481482 0.03333333333333333 0.03333333333333333
0 0.65625 0.4981481481481482 0.03333333333333333 0.03333333333333333
0 0.575 0.49907407407407406 0.03333333333333333 0.03333333333333333
0 0.49375 0.49907407407407406 0.03333333333333333 0.03333333333333333
0 0.4125 0.49907407407407406 0.03333333333333333 0.03333333333333333
0 0.33229166666666665 0.5 0.03333333333333333 0.03333333333333333
0 0.253125 0.5 0.03333333333333333 0.03333333333333333
0 0.7510416666666667 0.575 0.03333333333333333 0.03333333333333333
0 0.6645833333333333 0.575 0.03333333333333333 0.03333333333333333
0 0.578125 0.575 0.03333333333333333 0.03333333333333333
0 0.49270833333333336 0.575925925925926 0.03333333333333333 0.03333333333333333
0 0.4083333333333333 0.575925925925926 0.03333333333333333 0.03333333333333333
0 0.325 0.575925925925926 0.03333333333333333 0.03333333333333333
0 0.240625 0.575925925925926 0.03333333333333333 0.03333333333333333
0 0.7635416666666667 0.6601851851851852 0.03333333333333333 0.03333333333333333
0 0.671875 0.6601851851851852 0.03333333333333333 0.03333333333333333
0 0.5822916666666667 0.6601851851851852 0.03333333333333333 0.03333333333333333
0 0.49270833333333336 0.6592592592592592 0.03333333333333333 0.03333333333333333
0 0.4041666666666667 0.6592592592592592 0.03333333333333333 0.03333333333333333
0 0.315625 0.6592592592592592 0.03333333333333333 0.03333333333333333
0 0.228125 0.6592592592592592 0.03333333333333333 0.03333333333333333
0 0.7770833333333333 0.7541666666666667 0.03333333333333333 0.03333333333333333
0 0.68125 0.7541666666666667 0.03333333333333333 0.03333333333333333
0 0.5864583333333333 0.7532407407407408 0.03333333333333333 0.03333333333333333
0 0.49166666666666664 0.7532407407407408 0.03333333333333333 0.03333333333333333
0 0.39895833333333336 0.7518518518518519 0.03333333333333333 0.03333333333333333
0 0.30625 0.7518518518518519 0.03333333333333333 0.03333333333333333
0 0.21354166666666666 0.7509259259259259 0.03333333333333333 0.03333333333333333