0 0.73125 0.1486111111111111 0.020833333333333332 0.03518518518518519
0 0.6583333333333333 0.1486111111111111 0.020833333333333332 0.03518518518518519
0 0.5864583333333333 0.15046296296296297 0.020833333333333332 0.03518518518518519
0 0.5145833333333333 0.15046296296296297 0.020833333333333332 0.03518518518518519
0 0.4427083333333333 0.15046296296296297 0.020833333333333332 0.03518518518518519
0 0.37083333333333335 0.15231481481481482 0.020833333333333332 0.03518518518518519
0 0.3 0.15231481481481482 0.020833333333333332 0.03518518518518519
0 0.7395833333333334 0.22916666666666666 0.020833333333333332 0.03518518518518519
0 0.6645833333333333 0.22916666666666666 0.020833333333333332 0.03518518518518519
0 0.5895833333333333 0.22916666666666666 0.020833333333333332 0.03518518518518519
0 0.5145833333333333 0.22916666666666666 0.020833333333333332 0.03518518518518519
0 0.4395833333333333 0.22916666666666666 0.020833333333333332 0.03518518518518519
0 0.365625 0.23055555555555557 0.020833333333333332 0.03518518518518519
0 0.2916666666666667 0.23055555555555557 0.020833333333333332 0.03518518518518519
0 0.7489583333333333 0.3148148148148148 0.020833333333333332 0.03518518518518519
0 0.6708333333333333 0.3148148148148148 0.020833333333333332 0.03518518518518519
0 0.5916666666666667 0.3148148148148148 0.020833333333333332 0.03518518518518519
0 0.5135416666666667 0.3148148148148148 0.020833333333333332 0.03518518518518519
0 0.43645833333333334 0.3148148148148148 0.020833333333333332 0.03518518518518519
0 0.359375 0.3148148148148148 0.020833333333333332 0.03518518518518519
0 0.28229166666666666 0.3162037037037037 0.020833333333333332 0.03518518518518519
0 0.759375 0.40925925925925927 0.020833333333333332 0.03518518518518519
0 0.6770833333333334 0.40925925925925927 0.020833333333333332 0.03518518518518519
0 0.5947916666666667 0.40925925925925927 0.020833333333333332 0.03518518518518519
0 0.5135416666666667 0.40925925925925927 0.020833333333333332 0.03518518518518519
0 0.43333333333333335 0.40925925925925927 0.020833333333333332 0.03518518518518519
0 0.35208333333333336 0.4074074074074074 0.020833333333333332 0.03518518518518519
0 0.271875 0.4074074074074074 0.020833333333333332 0.03518518518518519
0 0.7697916666666667 0.5106481481481482 0.020833333333333332 0.03518518518518519
0 0.684375 0.5106481481481482 0.020833333333333332 0.03518518518518519
0 0.5989583333333334 0.5106481481481482 0.020833333333333332 0.03518518518518519
0 0.5135416666666667 0.5106481481481482 0.020833333333333332 0.03518518518518519
0 0.42916666666666664 0.5087962962962963 0.020833333333333332 0.03518518518518519
0 0.34479166666666666 0.5087962962962963 0.020833333333333332 0.03518518518518519
0 0.26145833333333335 0.5087962962962963 0.020833333333333332 0.03518518518518519
0 0.7822916666666667 0.6240740740740741 0.020833333333333332 0.03518518518518519
0 0.6916666666666667 0.6222222222222222 0.020833333333333332 0.03518518518518519
0 0.6020833333333333 0.6222222222222222 0.020833333333333332 0.03518518518518519
0 0.5135416666666667 0.6208333333333333 0.020833333333333332 0.03518518518518519
0 0.425 0.6208333333333333 0.020833333333333332 0.03518518518518519
0 0.33645833333333336 0.6189814814814815 0.020833333333333332 0.03518518518518519
0 0.24895833333333334 0.6189814814814815 0.020833333333333332 0.03518518518518519
0 0.7947916666666667 0.7462962962962963 0.020833333333333332 0.03518518518518519
0 0.7010416666666667 0.7449074074074075 0.020833333333333332 0.03518518518518519
0 0.60625 0.7449074074074075 0.020833333333333332 0.03518518518518519
0 0.5125 0.7430555555555556 0.020833333333333332 0.03518518518518519
0 0.4197916666666667 0.7412037037037037 0.020833333333333332 0.03518518518518519
0 0.328125 0.7412037037037037 0.020833333333333332 0.03518518518518519
0 0.23645833333333333 0.7393518518518518 0.020833333333333332 0.03518518518518519