0 0.7125 0.18472222222222223 0.025 0.03333333333333333
0 0.6427083333333333 0.1875 0.025 0.03333333333333333
0 0.5739583333333333 0.19027777777777777 0.025 0.03333333333333333
0 0.50625 0.19166666666666668 0.025 0.03333333333333333
0 0.4395833333333333 0.19444444444444445 0.025 0.03333333333333333
0 0.37395833333333334 0.19722222222222222 0.025 0.03333333333333333
0 0.30833333333333335 0.2 0.025 0.03333333333333333
0 0.7208333333333333 0.24861111111111112 0.025 0.03333333333333333
0 0.6479166666666667 0.2513888888888889 0.025 0.03333333333333333
0 0.5760416666666667 0.25277777777777777 0.025 0.03333333333333333
0 0.5052083333333334 0.25555555555555554 0.025 0.03333333333333333
0 0.434375 0.2569444444444444 0.025 0.03333333333333333
0 0.365625 0.25972222222222224 0.025 0.03333333333333333
0 0.296875 0.2625 0.025 0.03333333333333333
0 0.73125 0.3194444444444444 0.025 0.03333333333333333
0 0.6541666666666667 0.32083333333333336 0.025 0.03333333333333333
0 0.578125 0.3236111111111111 0.025 0.03333333333333333
0 0.503125 0.325 0.025 0.03333333333333333
0 0.42916666666666664 0.3263888888888889 0.025 0.03333333333333333
0 0.35625 0.32916666666666666 0.025 0.03333333333333333
0 0.284375 0.33055555555555555 0.025 0.03333333333333333
0 0.7416666666666667 0.39861111111111114 0.025 0.03333333333333333
0 0.6604166666666667 0.4 0.025 0.03333333333333333
0 0.5802083333333333 0.4013888888888889 0.025 0.03333333333333333
0 0.5010416666666667 0.4027777777777778 0.025 0.03333333333333333
0 0.42291666666666666 0.4041666666666667 0.025 0.03333333333333333
0 0.3458333333333333 0.40555555555555556 0.025 0.03333333333333333
0 0.26979166666666665 0.40694444444444444 0.025 0.03333333333333333
0 0.7541666666666667 0.4875 0.025 0.03333333333333333
0 0.6677083333333333 0.4875 0.025 0.03333333333333333
0 0.5822916666666667 0.4888888888888889 0.025 0.03333333333333333
0 0.49895833333333334 0.4888888888888889 0.025 0.03333333333333333
0 0.415625 0.49027777777777776 0.025 0.03333333333333333
0 0.334375 0.49166666666666664 0.025 0.03333333333333333
0 0.25416666666666665 0.49166666666666664 0.025 0.03333333333333333
0 0.7677083333333333 0.5875 0.025 0.03333333333333333
0 0.6760416666666667 0.5875 0.025 0.03333333333333333
0 0.5854166666666667 0.5875 0.025 0.03333333333333333
0 0.49583333333333335 0.5875 0.025 0.03333333333333333
0 0.4083333333333333 0.5875 0.025 0.03333333333333333
0 0.321875 0.5875 0.025 0.03333333333333333
0 0.23645833333333333 0.5875 0.025 0.03333333333333333
0 0.784375 0.7013888888888888 0.025 0.03333333333333333
0 0.6854166666666667 0.7 0.025 0.03333333333333333
0 0.5885416666666666 0.7 0.025 0.03333333333333333
0 0.49270833333333336 0.6986111111111111 0.025 0.03333333333333333
0 0.39895833333333336 0.6986111111111111 0.025 0.03333333333333333
0 0.3072916666666667 0.6972222222222222 0.025 0.03333333333333333
0 0.21666666666666667 0.6958333333333333 0.025 0.03333333333333333