0 0.7333333333333333 0.1537037037037037 0.020833333333333332 0.03518518518518519
0 0.6604166666666667 0.1537037037037037 0.020833333333333332 0.03518518518518519
0 0.5875 0.1537037037037037 0.020833333333333332 0.03518518518518519
0 0.515625 0.1537037037037037 0.020833333333333332 0.03518518518518519
0 0.44375 0.1537037037037037 0.020833333333333332 0.03518518518518519
0 0.371875 0.1537037037037037 0.020833333333333332 0.03518518518518519
0 0.3 0.1537037037037037 0.020833333333333332 0.03518518518518519
0 0.7416666666666667 0.23425925925925925 0.020833333333333332 0.03518518518518519
0 0.665625 0.23425925925925925 0.020833333333333332 0.03518518518518519
0 0.590625 0.23425925925925925 0.020833333333333332 0.03518518518518519
0 0.515625 0.23425925925925925 0.020833333333333332 0.03518518518518519
0 0.440625 0.2324074074074074 0.020833333333333332 0.03518518518518519
0 0.365625 0.2324074074074074 0.020833333333333332 0.03518518518518519
0 0.2916666666666667 0.2324074074074074 0.020833333333333332 0.03518518518518519
0 0.7510416666666667 0.3199074074074074 0.020833333333333332 0.03518518518518519
0 0.671875 0.3199074074074074 0.020833333333333332 0.03518518518518519
0 0.59375 0.3199074074074074 0.020833333333333332 0.03518518518518519
0 0.515625 0.3199074074074074 0.020833333333333332 0.03518518518518519
0 0.4375 0.3199074074074074 0.020833333333333332 0.03518518518518519
0 0.359375 0.3199074074074074 0.020833333333333332 0.03518518518518519
0 0.28229166666666666 0.31805555555555554 0.020833333333333332 0.03518518518518519
0 0.7604166666666666 0.41435185185185186 0.020833333333333332 0.03518518518518519
0 0.678125 0.41435185185185186 0.020833333333333332 0.03518518518518519
0 0.596875 0.41435185185185186 0.020833333333333332 0.03518518518518519
0 0.515625 0.4125 0.020833333333333332 0.03518518518518519
0 0.434375 0.4125 0.020833333333333332 0.03518518518518519
0 0.353125 0.4125 0.020833333333333332 0.03518518518518519
0 0.271875 0.4125 0.020833333333333332 0.03518518518518519
0 0.7708333333333334 0.5175925925925926 0.020833333333333332 0.03518518518518519
0 0.6854166666666667 0.5157407407407407 0.020833333333333332 0.03518518518518519
0 0.6 0.5157407407407407 0.020833333333333332 0.03518518518518519
0 0.5145833333333333 0.5157407407407407 0.020833333333333332 0.03518518518518519
0 0.43020833333333336 0.5138888888888888 0.020833333333333332 0.03518518518518519
0 0.3458333333333333 0.5138888888888888 0.020833333333333332 0.03518518518518519
0 0.26145833333333335 0.5120370370370371 0.020833333333333332 0.03518518518518519
0 0.7822916666666667 0.6291666666666667 0.020833333333333332 0.03518518518518519
0 0.6927083333333334 0.6277777777777778 0.020833333333333332 0.03518518518518519
0 0.6041666666666666 0.6277777777777778 0.020833333333333332 0.03518518518518519
0 0.5145833333333333 0.6259259259259259 0.020833333333333332 0.03518518518518519
0 0.42604166666666665 0.6259259259259259 0.020833333333333332 0.03518518518518519
0 0.3375 0.6240740740740741 0.020833333333333332 0.03518518518518519
0 0.25 0.6240740740740741 0.020833333333333332 0.03518518518518519
0 0.7958333333333333 0.7518518518518519 0.020833333333333332 0.03518518518518519
0 0.7010416666666667 0.75 0.020833333333333332 0.03518518518518519
0 0.6083333333333333 0.7481481481481481 0.020833333333333332 0.03518518518518519
0 0.5145833333333333 0.7481481481481481 0.020833333333333332 0.03518518518518519
0 0.421875 0.7462962962962963 0.020833333333333332 0.03518518518518519
0 0.32916666666666666 0.7449074074074075 0.020833333333333332 0.03518518518518519
0 0.23645833333333333 0.7449074074074075 0.020833333333333332 0.03518518518518519