0 0.6875 0.175 0.025 0.03333333333333333
0 0.6229166666666667 0.175 0.025 0.03333333333333333
0 0.5572916666666666 0.1736111111111111 0.025 0.03333333333333333
0 0.49166666666666664 0.17222222222222222 0.025 0.03333333333333333
0 0.425 0.17222222222222222 0.025 0.03333333333333333
0 0.359375 0.17083333333333334 0.025 0.03333333333333333
0 0.29270833333333335 0.16944444444444445 0.025 0.03333333333333333
0 0.6979166666666666 0.2375 0.025 0.03333333333333333
0 0.6291666666666667 0.2361111111111111 0.025 0.03333333333333333
0 0.5604166666666667 0.2361111111111111 0.025 0.03333333333333333
0 0.49166666666666664 0.23472222222222222 0.025 0.03333333333333333
0 0.42291666666666666 0.23333333333333334 0.025 0.03333333333333333
0 0.353125 0.23333333333333334 0.025 0.03333333333333333
0 0.284375 0.23194444444444445 0.025 0.03333333333333333
0 0.709375 0.3055555555555556 0.025 0.03333333333333333
0 0.6375 0.3055555555555556 0.025 0.03333333333333333
0 0.5645833333333333 0.30416666666666664 0.025 0.03333333333333333
0 0.49270833333333336 0.30277777777777776 0.025 0.03333333333333333
0 0.4197916666666667 0.30277777777777776 0.025 0.03333333333333333
0 0.346875 0.3013888888888889 0.025 0.03333333333333333
0 0.27395833333333336 0.3013888888888889 0.025 0.03333333333333333
0 0.721875 0.3819444444444444 0.025 0.03333333333333333
0 0.6458333333333334 0.38055555555555554 0.025 0.03333333333333333
0 0.5697916666666667 0.38055555555555554 0.025 0.03333333333333333
0 0.49270833333333336 0.37916666666666665 0.025 0.03333333333333333
0 0.4166666666666667 0.37916666666666665 0.025 0.03333333333333333
0 0.33958333333333335 0.37777777777777777 0.025 0.03333333333333333
0 0.2625 0.37777777777777777 0.025 0.03333333333333333
0 0.7354166666666667 0.4666666666666667 0.025 0.03333333333333333
0 0.6552083333333333 0.4652777777777778 0.025 0.03333333333333333
0 0.575 0.4652777777777778 0.025 0.03333333333333333
0 0.49375 0.4638888888888889 0.025 0.03333333333333333
0 0.4125 0.4638888888888889 0.025 0.03333333333333333
0 0.33125 0.4625 0.025 0.03333333333333333
0 0.25 0.4625 0.025 0.03333333333333333
0 0.7510416666666667 0.5611111111111111 0.025 0.03333333333333333
0 0.665625 0.5611111111111111 0.025 0.03333333333333333
0 0.5802083333333333 0.5597222222222222 0.025 0.03333333333333333
0 0.4947916666666667 0.5597222222222222 0.025 0.03333333333333333
0 0.409375 0.5583333333333333 0.025 0.03333333333333333
0 0.3229166666666667 0.5583333333333333 0.025 0.03333333333333333
0 0.23645833333333333 0.5583333333333333 0.025 0.03333333333333333
0 0.76875 0.6680555555555555 0.025 0.03333333333333333
0 0.678125 0.6680555555555555 0.025 0.03333333333333333
0 0.5875 0.6680555555555555 0.025 0.03333333333333333
0 0.49583333333333335 0.6666666666666666 0.025 0.03333333333333333
0 0.4041666666666667 0.6666666666666666 0.025 0.03333333333333333
0 0.3125 0.6666666666666666 0.025 0.03333333333333333
0 0.22083333333333333 0.6652777777777777 0.025 0.03333333333333333