0 0.6479166666666667 0.24074074074074073 0.014583333333333334 0.025925925925925925
0 0.596875 0.24074074074074073 0.014583333333333334 0.025925925925925925
0 0.546875 0.2388888888888889 0.014583333333333334 0.025925925925925925
0 0.49583333333333335 0.2388888888888889 0.014583333333333334 0.025925925925925925
0 0.44479166666666664 0.2388888888888889 0.014583333333333334 0.025925925925925925
0 0.39375 0.2388888888888889 0.014583333333333334 0.025925925925925925
0 0.34270833333333334 0.2388888888888889 0.014583333333333334 0.025925925925925925
0 0.653125 0.3055555555555556 0.014583333333333334 0.025925925925925925
0 0.6 0.3037037037037037 0.014583333333333334 0.025925925925925925
0 0.546875 0.3037037037037037 0.014583333333333334 0.025925925925925925
0 0.4947916666666667 0.3037037037037037 0.014583333333333334 0.025925925925925925
0 0.44166666666666665 0.3037037037037037 0.014583333333333334 0.025925925925925925
0 0.38958333333333334 0.3037037037037037 0.014583333333333334 0.025925925925925925
0 0.33645833333333336 0.30185185185185187 0.014583333333333334 0.025925925925925925
0 0.6572916666666667 0.37407407407407406 0.014583333333333334 0.025925925925925925
0 0.603125 0.37407407407407406 0.014583333333333334 0.025925925925925925
0 0.5479166666666667 0.37407407407407406 0.014583333333333334 0.025925925925925925
0 0.49375 0.37222222222222223 0.014583333333333334 0.025925925925925925
0 0.43854166666666666 0.37222222222222223 0.014583333333333334 0.025925925925925925
0 0.384375 0.37222222222222223 0.014583333333333334 0.025925925925925925
0 0.32916666666666666 0.37222222222222223 0.014583333333333334 0.025925925925925925
0 0.6625 0.45 0.014583333333333334 0.025925925925925925
0 0.60625 0.44814814814814813 0.014583333333333334 0.025925925925925925
0 0.5489583333333333 0.44814814814814813 0.014583333333333334 0.025925925925925925
0 0.49270833333333336 0.44814814814814813 0.014583333333333334 0.025925925925925925
0 0.4354166666666667 0.44814814814814813 0.014583333333333334 0.025925925925925925
0 0.378125 0.44814814814814813 0.014583333333333334 0.025925925925925925
0 0.321875 0.4462962962962963 0.014583333333333334 0.025925925925925925
0 0.66875 0.5296296296296297 0.014583333333333334 0.025925925925925925
0 0.609375 0.5296296296296297 0.014583333333333334 0.025925925925925925
0 0.55 0.5296296296296297 0.014583333333333334 0.025925925925925925
0 0.490625 0.5296296296296297 0.014583333333333334 0.025925925925925925
0 0.43125 0.5277777777777778 0.014583333333333334 0.025925925925925925
0 0.3729166666666667 0.5277777777777778 0.014583333333333334 0.025925925925925925
0 0.31354166666666666 0.5277777777777778 0.014583333333333334 0.025925925925925925
0 0.675 0.6185185185185185 0.014583333333333334 0.025925925925925925
0 0.6125 0.6185185185185185 0.014583333333333334 0.025925925925925925
0 0.5510416666666667 0.6166666666666667 0.014583333333333334 0.025925925925925925
0 0.4895833333333333 0.6166666666666667 0.014583333333333334 0.025925925925925925
0 0.428125 0.6166666666666667 0.014583333333333334 0.025925925925925925
0 0.365625 0.6166666666666667 0.014583333333333334 0.025925925925925925
0 0.30416666666666664 0.6166666666666667 0.014583333333333334 0.025925925925925925
0 0.68125 0.7148148148148148 0.014583333333333334 0.025925925925925925
0 0.6166666666666667 0.7129629629629629 0.014583333333333334 0.025925925925925925
0 0.5520833333333334 0.7129629629629629 0.014583333333333334 0.025925925925925925
0 0.4875 0.7129629629629629 0.014583333333333334 0.025925925925925925
0 0.42291666666666666 0.7129629629629629 0.014583333333333334 0.025925925925925925
0 0.35833333333333334 0.7129629629629629 0.014583333333333334 0.025925925925925925
0 0.29375 0.7111111111111111 0.014583333333333334 0.025925925925925925