0 0.75 0.25324074074074077 0.035416666666666666 0.03518518518518519
0 0.6729166666666667 0.2490740740740741 0.035416666666666666 0.03518518518518519
0 0.596875 0.24351851851851852 0.035416666666666666 0.03518518518518519
0 0.5197916666666667 0.23981481481481481 0.035416666666666666 0.03518518518518519
0 0.44375 0.2351851851851852 0.035416666666666666 0.03518518518518519
0 0.36666666666666664 0.23148148148148148 0.035416666666666666 0.03518518518518519
0 0.290625 0.22685185185185186 0.035416666666666666 0.03518518518518519
0 0.7604166666666666 0.3074074074074074 0.035416666666666666 0.03518518518518519
0 0.68125 0.30324074074074076 0.035416666666666666 0.03518518518518519
0 0.6010416666666667 0.29907407407407405 0.035416666666666666 0.03518518518518519
0 0.521875 0.2949074074074074 0.035416666666666666 0.03518518518518519
0 0.44166666666666665 0.29074074074074074 0.035416666666666666 0.03518518518518519
0 0.3625 0.2851851851851852 0.035416666666666666 0.03518518518518519
0 0.2833333333333333 0.2814814814814815 0.035416666666666666 0.03518518518518519
0 0.771875 0.3675925925925926 0.035416666666666666 0.03518518518518519
0 0.6895833333333333 0.3625 0.035416666666666666 0.03518518518518519
0 0.60625 0.35833333333333334 0.035416666666666666 0.03518518518518519
0 0.5239583333333333 0.35324074074074074 0.035416666666666666 0.03518518518518519
0 0.440625 0.3490740740740741 0.035416666666666666 0.03518518518518519
0 0.35833333333333334 0.3449074074074074 0.035416666666666666 0.03518518518518519
0 0.275 0.3398148148148148 0.035416666666666666 0.03518518518518519
0 0.784375 0.4324074074074074 0.035416666666666666 0.03518518518518519
0 0.6979166666666666 0.42685185185185187 0.035416666666666666 0.03518518518518519
0 0.6125 0.4217592592592593 0.035416666666666666 0.03518518518518519
0 0.5260416666666666 0.41759259259259257 0.035416666666666666 0.03518518518518519
0 0.4395833333333333 0.4125 0.035416666666666666 0.03518518518518519
0 0.353125 0.4083333333333333 0.035416666666666666 0.03518518518518519
0 0.26666666666666666 0.40324074074074073 0.035416666666666666 0.03518518518518519
0 0.7979166666666667 0.5018518518518519 0.035416666666666666 0.03518518518518519
0 0.7083333333333334 0.49675925925925923 0.035416666666666666 0.03518518518518519
0 0.6177083333333333 0.49166666666666664 0.035416666666666666 0.03518518518518519
0 0.528125 0.4875 0.035416666666666666 0.03518518518518519
0 0.43854166666666666 0.4824074074074074 0.035416666666666666 0.03518518518518519
0 0.34791666666666665 0.47685185185185186 0.035416666666666666 0.03518518518518519
0 0.25833333333333336 0.47175925925925927 0.035416666666666666 0.03518518518518519
0 0.8135416666666667 0.5791666666666667 0.035416666666666666 0.03518518518518519
0 0.71875 0.5740740740740741 0.035416666666666666 0.03518518518518519
0 0.625 0.5685185185185185 0.035416666666666666 0.03518518518518519
0 0.5302083333333333 0.5634259259259259 0.035416666666666666 0.03518518518518519
0 0.43645833333333334 0.5583333333333333 0.035416666666666666 0.03518518518518519
0 0.3416666666666667 0.5532407407407407 0.035416666666666666 0.03518518518518519
0 0.24791666666666667 0.5481481481481482 0.035416666666666666 0.03518518518518519
0 0.8302083333333333 0.663425925925926 0.035416666666666666 0.03518518518518519
0 0.73125 0.6574074074074074 0.035416666666666666 0.03518518518518519
0 0.6322916666666667 0.6518518518518519 0.035416666666666666 0.03518518518518519
0 0.5333333333333333 0.6467592592592593 0.035416666666666666 0.03518518518518519
0 0.434375 0.6407407407407407 0.035416666666666666 0.03518518518518519
0 0.33541666666666664 0.6351851851851852 0.035416666666666666 0.03518518518518519
0 0.2375 0.6300925925925925 0.035416666666666666 0.03518518518518519