0 0.7489583333333333 0.2050925925925926 0.035416666666666666 0.03518518518518519
0 0.6708333333333333 0.2074074074074074 0.035416666666666666 0.03518518518518519
0 0.5927083333333333 0.20833333333333334 0.035416666666666666 0.03518518518518519
0 0.5145833333333333 0.2101851851851852 0.035416666666666666 0.03518518518518519
0 0.43645833333333334 0.21157407407407408 0.035416666666666666 0.03518518518518519
0 0.35833333333333334 0.21342592592592594 0.035416666666666666 0.03518518518518519
0 0.28020833333333334 0.21481481481481482 0.035416666666666666 0.03518518518518519
0 0.7604166666666666 0.25925925925925924 0.035416666666666666 0.03518518518518519
0 0.6791666666666667 0.26157407407407407 0.035416666666666666 0.03518518518518519
0 0.5979166666666667 0.2625 0.035416666666666666 0.03518518518518519
0 0.5166666666666667 0.26481481481481484 0.035416666666666666 0.03518518518518519
0 0.4354166666666667 0.26666666666666666 0.035416666666666666 0.03518518518518519
0 0.353125 0.2675925925925926 0.035416666666666666 0.03518518518518519
0 0.271875 0.26990740740740743 0.035416666666666666 0.03518518518518519
0 0.771875 0.31851851851851853 0.035416666666666666 0.03518518518518519
0 0.6875 0.3199074074074074 0.035416666666666666 0.03518518518518519
0 0.603125 0.32175925925925924 0.035416666666666666 0.03518518518518519
0 0.5177083333333333 0.32407407407407407 0.035416666666666666 0.03518518518518519
0 0.43333333333333335 0.325 0.035416666666666666 0.03518518518518519
0 0.34791666666666665 0.32685185185185184 0.035416666666666666 0.03518518518518519
0 0.2635416666666667 0.32916666666666666 0.035416666666666666 0.03518518518518519
0 0.7854166666666667 0.3824074074074074 0.035416666666666666 0.03518518518518519
0 0.696875 0.38425925925925924 0.035416666666666666 0.03518518518518519
0 0.6083333333333333 0.38657407407407407 0.035416666666666666 0.03518518518518519
0 0.5197916666666667 0.38842592592592595 0.035416666666666666 0.03518518518518519
0 0.43125 0.38981481481481484 0.035416666666666666 0.03518518518518519
0 0.34270833333333334 0.39166666666666666 0.035416666666666666 0.03518518518518519
0 0.25416666666666665 0.39351851851851855 0.035416666666666666 0.03518518518518519
0 0.7989583333333333 0.45185185185185184 0.035416666666666666 0.03518518518518519
0 0.7072916666666667 0.45416666666666666 0.035416666666666666 0.03518518518518519
0 0.6145833333333334 0.4564814814814815 0.035416666666666666 0.03518518518518519
0 0.521875 0.4583333333333333 0.035416666666666666 0.03518518518518519
0 0.42916666666666664 0.4601851851851852 0.035416666666666666 0.03518518518518519
0 0.33645833333333336 0.4625 0.035416666666666666 0.03518518518518519
0 0.24375 0.4648148148148148 0.035416666666666666 0.03518518518518519
0 0.8145833333333333 0.5291666666666667 0.035416666666666666 0.03518518518518519
0 0.7177083333333333 0.5314814814814814 0.035416666666666666 0.03518518518518519
0 0.621875 0.5333333333333333 0.035416666666666666 0.03518518518518519
0 0.5239583333333333 0.5351851851851852 0.035416666666666666 0.03518518518518519
0 0.4270833333333333 0.5375 0.035416666666666666 0.03518518518518519
0 0.3302083333333333 0.5398148148148149 0.035416666666666666 0.03518518518518519
0 0.23229166666666667 0.5416666666666666 0.035416666666666666 0.03518518518518519
0 0.8322916666666667 0.6134259259259259 0.035416666666666666 0.03518518518518519
0 0.7302083333333333 0.6157407407407407 0.035416666666666666 0.03518518518518519
0 0.6291666666666667 0.6175925925925926 0.035416666666666666 0.03518518518518519
0 0.5270833333333333 0.6208333333333333 0.035416666666666666 0.03518518518518519
0 0.425 0.6231481481481481 0.035416666666666666 0.03518518518518519
0 0.3229166666666667 0.625 0.035416666666666666 0.03518518518518519
0 0.21979166666666666 0.6282407407407408 0.035416666666666666 0.03518518518518519