0 0.309375 0.65 0.020833333333333332 0.027777777777777776
0 0.384375 0.65 0.020833333333333332 0.027777777777777776
0 0.459375 0.65 0.020833333333333332 0.027777777777777776
0 0.5354166666666667 0.65 0.020833333333333332 0.027777777777777776
0 0.6125 0.65 0.020833333333333332 0.027777777777777776
0 0.690625 0.6486111111111111 0.020833333333333332 0.027777777777777776
0 0.7697916666666667 0.6486111111111111 0.020833333333333332 0.027777777777777776
0 0.31979166666666664 0.5638888888888889 0.020833333333333332 0.027777777777777776
0 0.39166666666666666 0.5625 0.020833333333333332 0.027777777777777776
0 0.4625 0.5625 0.020833333333333332 0.027777777777777776
0 0.5354166666666667 0.5625 0.020833333333333332 0.027777777777777776
0 0.6083333333333333 0.5611111111111111 0.020833333333333332 0.027777777777777776
0 0.6822916666666666 0.5611111111111111 0.020833333333333332 0.027777777777777776
0 0.7572916666666667 0.5597222222222222 0.020833333333333332 0.027777777777777776
0 0.3302083333333333 0.4847222222222222 0.020833333333333332 0.027777777777777776
0 0.39791666666666664 0.4847222222222222 0.020833333333333332 0.027777777777777776
0 0.465625 0.48333333333333334 0.020833333333333332 0.027777777777777776
0 0.5354166666666667 0.48194444444444445 0.020833333333333332 0.027777777777777776
0 0.6052083333333333 0.48194444444444445 0.020833333333333332 0.027777777777777776
0 0.6760416666666667 0.48055555555555557 0.020833333333333332 0.027777777777777776
0 0.746875 0.4791666666666667 0.020833333333333332 0.027777777777777776
0 0.3385416666666667 0.41388888888888886 0.020833333333333332 0.027777777777777776
0 0.403125 0.4125 0.020833333333333332 0.027777777777777776
0 0.46875 0.4111111111111111 0.020833333333333332 0.027777777777777776
0 0.5354166666666667 0.4097222222222222 0.020833333333333332 0.027777777777777776
0 0.6020833333333333 0.4083333333333333 0.020833333333333332 0.027777777777777776
0 0.66875 0.4083333333333333 0.020833333333333332 0.027777777777777776
0 0.7375 0.40694444444444444 0.020833333333333332 0.027777777777777776
0 0.346875 0.3486111111111111 0.020833333333333332 0.027777777777777776
0 0.409375 0.3472222222222222 0.020833333333333332 0.027777777777777776
0 0.471875 0.3458333333333333 0.020833333333333332 0.027777777777777776
0 0.534375 0.34444444444444444 0.020833333333333332 0.027777777777777776
0 0.5989583333333334 0.34305555555555556 0.020833333333333332 0.027777777777777776
0 0.6635416666666667 0.3416666666666667 0.020833333333333332 0.027777777777777776
0 0.728125 0.3402777777777778 0.020833333333333332 0.027777777777777776
0 0.3541666666666667 0.28888888888888886 0.020833333333333332 0.027777777777777776
0 0.41354166666666664 0.2861111111111111 0.020833333333333332 0.027777777777777776
0 0.4739583333333333 0.2847222222222222 0.020833333333333332 0.027777777777777776
0 0.534375 0.2833333333333333 0.020833333333333332 0.027777777777777776
0 0.5958333333333333 0.28194444444444444 0.020833333333333332 0.027777777777777776
0 0.6572916666666667 0.28055555555555556 0.020833333333333332 0.027777777777777776
0 0.7197916666666667 0.2777777777777778 0.020833333333333332 0.027777777777777776
0 0.3614583333333333 0.23333333333333334 0.020833333333333332 0.027777777777777776
0 0.41875 0.23055555555555557 0.020833333333333332 0.027777777777777776
0 0.47604166666666664 0.22916666666666666 0.020833333333333332 0.027777777777777776
0 0.534375 0.22777777777777777 0.020833333333333332 0.027777777777777776
0 0.59375 0.225 0.020833333333333332 0.027777777777777776
0 0.653125 0.22361111111111112 0.020833333333333332 0.027777777777777776
0 0.7125 0.2222222222222222 0.020833333333333332 0.027777777777777776