0 0.6885416666666667 0.17083333333333334 0.025 0.03333333333333333
0 0.621875 0.17083333333333334 0.025 0.03333333333333333
0 0.55625 0.17083333333333334 0.025 0.03333333333333333
0 0.490625 0.17083333333333334 0.025 0.03333333333333333
0 0.4239583333333333 0.16944444444444445 0.025 0.03333333333333333
0 0.35833333333333334 0.16944444444444445 0.025 0.03333333333333333
0 0.29270833333333335 0.16944444444444445 0.025 0.03333333333333333
0 0.6979166666666666 0.23472222222222222 0.025 0.03333333333333333
0 0.628125 0.23333333333333334 0.025 0.03333333333333333
0 0.559375 0.23333333333333334 0.025 0.03333333333333333
0 0.490625 0.23333333333333334 0.025 0.03333333333333333
0 0.42083333333333334 0.23333333333333334 0.025 0.03333333333333333
0 0.35208333333333336 0.23333333333333334 0.025 0.03333333333333333
0 0.28229166666666666 0.23194444444444445 0.025 0.03333333333333333
0 0.7083333333333334 0.30416666666666664 0.025 0.03333333333333333
0 0.6354166666666666 0.30277777777777776 0.025 0.03333333333333333
0 0.5625 0.30277777777777776 0.025 0.03333333333333333
0 0.490625 0.30277777777777776 0.025 0.03333333333333333
0 0.41770833333333335 0.30277777777777776 0.025 0.03333333333333333
0 0.34479166666666666 0.30277777777777776 0.025 0.03333333333333333
0 0.271875 0.3013888888888889 0.025 0.03333333333333333
0 0.7197916666666667 0.38055555555555554 0.025 0.03333333333333333
0 0.6427083333333333 0.38055555555555554 0.025 0.03333333333333333
0 0.5666666666666667 0.38055555555555554 0.025 0.03333333333333333
0 0.490625 0.37916666666666665 0.025 0.03333333333333333
0 0.41354166666666664 0.37916666666666665 0.025 0.03333333333333333
0 0.3375 0.37916666666666665 0.025 0.03333333333333333
0 0.2604166666666667 0.37916666666666665 0.025 0.03333333333333333
0 0.7322916666666667 0.4652777777777778 0.025 0.03333333333333333
0 0.6520833333333333 0.4652777777777778 0.025 0.03333333333333333
0 0.5708333333333333 0.4652777777777778 0.025 0.03333333333333333
0 0.490625 0.4652777777777778 0.025 0.03333333333333333
0 0.409375 0.4652777777777778 0.025 0.03333333333333333
0 0.328125 0.4652777777777778 0.025 0.03333333333333333
0 0.24791666666666667 0.4638888888888889 0.025 0.03333333333333333
0 0.746875 0.5611111111111111 0.025 0.03333333333333333
0 0.6614583333333334 0.5611111111111111 0.025 0.03333333333333333
0 0.5760416666666667 0.5611111111111111 0.025 0.03333333333333333
0 0.4895833333333333 0.5611111111111111 0.025 0.03333333333333333
0 0.4041666666666667 0.5611111111111111 0.025 0.03333333333333333
0 0.31875 0.5597222222222222 0.025 0.03333333333333333
0 0.23333333333333334 0.5597222222222222 0.025 0.03333333333333333
0 0.7635416666666667 0.6694444444444444 0.025 0.03333333333333333
0 0.671875 0.6694444444444444 0.025 0.03333333333333333
0 0.58125 0.6694444444444444 0.025 0.03333333333333333
0 0.4895833333333333 0.6694444444444444 0.025 0.03333333333333333
0 0.39895833333333336 0.6680555555555555 0.025 0.03333333333333333
0 0.3072916666666667 0.6680555555555555 0.025 0.03333333333333333
0 0.21666666666666667 0.6680555555555555 0.025 0.03333333333333333