0 0.7510416666666667 0.16342592592592592 0.0375 0.0375
0 0.6708333333333333 0.1625 0.0375 0.0375
0 0.590625 0.16018518518518518 0.0375 0.0375
0 0.5104166666666666 0.15925925925925927 0.0375 0.0375
0 0.43125 0.15833333333333333 0.0375 0.0375
0 0.35104166666666664 0.1574074074074074 0.0375 0.0375
0 0.271875 0.1550925925925926 0.0375 0.0375
0 0.759375 0.21851851851851853 0.0375 0.0375
0 0.675 0.21666666666666667 0.0375 0.0375
0 0.5916666666666667 0.21574074074074073 0.0375 0.0375
0 0.5083333333333333 0.21481481481481482 0.0375 0.0375
0 0.42604166666666665 0.2125 0.0375 0.0375
0 0.34270833333333334 0.21157407407407408 0.0375 0.0375
0 0.2604166666666667 0.2101851851851852 0.0375 0.0375
0 0.7677083333333333 0.27824074074074073 0.0375 0.0375
0 0.6802083333333333 0.27685185185185185 0.0375 0.0375
0 0.59375 0.275 0.0375 0.0375
0 0.50625 0.2740740740740741 0.0375 0.0375
0 0.4197916666666667 0.27175925925925926 0.0375 0.0375
0 0.3333333333333333 0.2708333333333333 0.0375 0.0375
0 0.24791666666666667 0.26990740740740743 0.0375 0.0375
0 0.7770833333333333 0.3435185185185185 0.0375 0.0375
0 0.6854166666666667 0.3416666666666667 0.0375 0.0375
0 0.5947916666666667 0.34074074074074073 0.0375 0.0375
0 0.5041666666666667 0.3384259259259259 0.0375 0.0375
0 0.41354166666666664 0.3375 0.0375 0.0375
0 0.32395833333333335 0.3351851851851852 0.0375 0.0375
0 0.23333333333333334 0.3333333333333333 0.0375 0.0375
0 0.7864583333333334 0.4148148148148148 0.0375 0.0375
0 0.6916666666666667 0.4134259259259259 0.0375 0.0375
0 0.596875 0.4115740740740741 0.0375 0.0375
0 0.5020833333333333 0.40925925925925927 0.0375 0.0375
0 0.40729166666666666 0.4074074074074074 0.0375 0.0375
0 0.31354166666666666 0.4064814814814815 0.0375 0.0375
0 0.21875 0.4041666666666667 0.0375 0.0375
0 0.7979166666666667 0.4925925925925926 0.0375 0.0375
0 0.6979166666666666 0.49074074074074076 0.0375 0.0375
0 0.5989583333333334 0.48842592592592593 0.0375 0.0375
0 0.49895833333333334 0.4875 0.0375 0.0375
0 0.4 0.48518518518518516 0.0375 0.0375
0 0.30104166666666665 0.48333333333333334 0.0375 0.0375
0 0.20208333333333334 0.48148148148148145 0.0375 0.0375
0 0.8104166666666667 0.5791666666666667 0.0375 0.0375
0 0.7052083333333333 0.5768518518518518 0.0375 0.0375
0 0.6010416666666667 0.575 0.0375 0.0375
0 0.49583333333333335 0.5731481481481482 0.0375 0.0375
0 0.39166666666666666 0.5708333333333333 0.0375 0.0375
0 0.28854166666666664 0.5685185185185185 0.0375 0.0375
0 0.184375 0.5657407407407408 0.0375 0.0375