0 0.30833333333333335 0.37777777777777777 0.01875 0.025
0 0.3020833333333333 0.44027777777777777 0.01875 0.025
0 0.296875 0.5069444444444444 0.01875 0.025
0 0.28958333333333336 0.5777777777777777 0.01875 0.025
0 0.2833333333333333 0.6527777777777778 0.01875 0.025
0 0.2760416666666667 0.7319444444444444 0.01875 0.025
0 0.2677083333333333 0.8180555555555555 0.01875 0.025
0 0.37083333333333335 0.37777777777777777 0.01875 0.025
0 0.36666666666666664 0.44166666666666665 0.01875 0.025
0 0.3625 0.5083333333333333 0.01875 0.025
0 0.35833333333333334 0.5791666666666667 0.01875 0.025
0 0.3541666666666667 0.6541666666666667 0.01875 0.025
0 0.3489583333333333 0.7333333333333333 0.01875 0.025
0 0.34375 0.8180555555555555 0.01875 0.025
0 0.434375 0.37916666666666665 0.01875 0.025
0 0.43125 0.44166666666666665 0.01875 0.025
0 0.42916666666666664 0.5083333333333333 0.01875 0.025
0 0.4270833333333333 0.5791666666666667 0.01875 0.025
0 0.4239583333333333 0.6541666666666667 0.01875 0.025
0 0.421875 0.7347222222222223 0.01875 0.025
0 0.41875 0.8194444444444444 0.01875 0.025
0 0.496875 0.37916666666666665 0.01875 0.025
0 0.49583333333333335 0.44305555555555554 0.01875 0.025
0 0.49583333333333335 0.5097222222222222 0.01875 0.025
0 0.49583333333333335 0.5805555555555556 0.01875 0.025
0 0.4947916666666667 0.6555555555555556 0.01875 0.025
0 0.4947916666666667 0.7347222222222223 0.01875 0.025
0 0.49375 0.8208333333333333 0.01875 0.025
0 0.559375 0.38055555555555554 0.01875 0.025
0 0.5604166666666667 0.44305555555555554 0.01875 0.025
0 0.5625 0.5097222222222222 0.01875 0.025
0 0.5635416666666667 0.5805555555555556 0.01875 0.025
0 0.565625 0.6555555555555556 0.01875 0.025
0 0.5677083333333334 0.7361111111111112 0.01875 0.025
0 0.5697916666666667 0.8208333333333333 0.01875 0.025
0 0.621875 0.3819444444444444 0.01875 0.025
0 0.6260416666666667 0.4444444444444444 0.01875 0.025
0 0.6291666666666667 0.5111111111111111 0.01875 0.025
0 0.6322916666666667 0.5819444444444445 0.01875 0.025
0 0.6364583333333333 0.6569444444444444 0.01875 0.025
0 0.640625 0.7375 0.01875 0.025
0 0.6447916666666667 0.8222222222222222 0.01875 0.025
0 0.6854166666666667 0.3819444444444444 0.01875 0.025
0 0.690625 0.4444444444444444 0.01875 0.025
0 0.6958333333333333 0.5125 0.01875 0.025
0 0.7010416666666667 0.5833333333333334 0.01875 0.025
0 0.7072916666666667 0.6583333333333333 0.01875 0.025
0 0.7135416666666666 0.7375 0.01875 0.025
0 0.7197916666666667 0.8236111111111111 0.01875 0.025