0 0.33541666666666664 0.6138888888888889 0.01875 0.025
0 0.41041666666666665 0.6097222222222223 0.01875 0.025
0 0.48541666666666666 0.6069444444444444 0.01875 0.025
0 0.5604166666666667 0.6027777777777777 0.01875 0.025
0 0.6354166666666666 0.5986111111111111 0.01875 0.025
0 0.7104166666666667 0.5958333333333333 0.01875 0.025
0 0.7854166666666667 0.5916666666666667 0.01875 0.025
0 0.340625 0.5305555555555556 0.01875 0.025
0 0.4125 0.5277777777777778 0.01875 0.025
0 0.484375 0.5236111111111111 0.01875 0.025
0 0.5552083333333333 0.5208333333333334 0.01875 0.025
0 0.6270833333333333 0.5166666666666667 0.01875 0.025
0 0.6989583333333333 0.5138888888888888 0.01875 0.025
0 0.7697916666666667 0.5111111111111111 0.01875 0.025
0 0.3458333333333333 0.45555555555555555 0.01875 0.025
0 0.41458333333333336 0.4513888888888889 0.01875 0.025
0 0.4822916666666667 0.4486111111111111 0.01875 0.025
0 0.5510416666666667 0.44583333333333336 0.01875 0.025
0 0.6197916666666666 0.44305555555555554 0.01875 0.025
0 0.6875 0.4388888888888889 0.01875 0.025
0 0.75625 0.4361111111111111 0.01875 0.025
0 0.35104166666666664 0.3861111111111111 0.01875 0.025
0 0.415625 0.38333333333333336 0.01875 0.025
0 0.48125 0.38055555555555554 0.01875 0.025
0 0.546875 0.37777777777777777 0.01875 0.025
0 0.6125 0.3736111111111111 0.01875 0.025
0 0.6770833333333334 0.37083333333333335 0.01875 0.025
0 0.7427083333333333 0.3680555555555556 0.01875 0.025
0 0.35520833333333335 0.32222222222222224 0.01875 0.025
0 0.41770833333333335 0.3194444444444444 0.01875 0.025
0 0.48020833333333335 0.31666666666666665 0.01875 0.025
0 0.5427083333333333 0.3138888888888889 0.01875 0.025
0 0.6052083333333333 0.3111111111111111 0.01875 0.025
0 0.66875 0.30833333333333335 0.01875 0.025
0 0.73125 0.3055555555555556 0.01875 0.025
0 0.35833333333333334 0.2652777777777778 0.01875 0.025
0 0.41875 0.2625 0.01875 0.025
0 0.4791666666666667 0.25972222222222224 0.01875 0.025
0 0.5395833333333333 0.2569444444444444 0.01875 0.025
0 0.6 0.25416666666666665 0.01875 0.025
0 0.659375 0.2513888888888889 0.01875 0.025
0 0.7197916666666667 0.24861111111111112 0.01875 0.025
0 0.3625 0.2111111111111111 0.01875 0.025
0 0.42083333333333334 0.20833333333333334 0.01875 0.025
0 0.478125 0.20555555555555555 0.01875 0.025
0 0.5364583333333334 0.20277777777777778 0.01875 0.025
0 0.59375 0.2 0.01875 0.025
0 0.6520833333333333 0.1986111111111111 0.01875 0.025
0 0.709375 0.19583333333333333 0.01875 0.025