0 0.296875 0.65 0.020833333333333332 0.027777777777777776
0 0.37395833333333334 0.6486111111111111 0.020833333333333332 0.027777777777777776
0 0.4510416666666667 0.6472222222222223 0.020833333333333332 0.027777777777777776
0 0.5291666666666667 0.6458333333333334 0.020833333333333332 0.027777777777777776
0 0.6072916666666667 0.6444444444444445 0.020833333333333332 0.027777777777777776
0 0.6875 0.6430555555555556 0.020833333333333332 0.027777777777777776
0 0.7666666666666667 0.6416666666666667 0.020833333333333332 0.027777777777777776
0 0.3072916666666667 0.5611111111111111 0.020833333333333332 0.027777777777777776
0 0.3802083333333333 0.5583333333333333 0.020833333333333332 0.027777777777777776
0 0.45416666666666666 0.5569444444444445 0.020833333333333332 0.027777777777777776
0 0.528125 0.5555555555555556 0.020833333333333332 0.027777777777777776
0 0.603125 0.5541666666666667 0.020833333333333332 0.027777777777777776
0 0.6791666666666667 0.5527777777777778 0.020833333333333332 0.027777777777777776
0 0.7552083333333334 0.5513888888888889 0.020833333333333332 0.027777777777777776
0 0.31666666666666665 0.4791666666666667 0.020833333333333332 0.027777777777777776
0 0.38645833333333335 0.47638888888888886 0.020833333333333332 0.027777777777777776
0 0.45729166666666665 0.475 0.020833333333333332 0.027777777777777776
0 0.528125 0.4736111111111111 0.020833333333333332 0.027777777777777776
0 0.6 0.4708333333333333 0.020833333333333332 0.027777777777777776
0 0.671875 0.46944444444444444 0.020833333333333332 0.027777777777777776
0 0.7447916666666666 0.46805555555555556 0.020833333333333332 0.027777777777777776
0 0.325 0.4041666666666667 0.020833333333333332 0.027777777777777776
0 0.39166666666666666 0.4013888888888889 0.020833333333333332 0.027777777777777776
0 0.459375 0.4 0.020833333333333332 0.027777777777777776
0 0.528125 0.3972222222222222 0.020833333333333332 0.027777777777777776
0 0.5958333333333333 0.3958333333333333 0.020833333333333332 0.027777777777777776
0 0.665625 0.39305555555555555 0.020833333333333332 0.027777777777777776
0 0.734375 0.39166666666666666 0.020833333333333332 0.027777777777777776
0 0.3333333333333333 0.3347222222222222 0.020833333333333332 0.027777777777777776
0 0.396875 0.3333333333333333 0.020833333333333332 0.027777777777777776
0 0.4625 0.33055555555555555 0.020833333333333332 0.027777777777777776
0 0.5270833333333333 0.32916666666666666 0.020833333333333332 0.027777777777777776
0 0.5927083333333333 0.3263888888888889 0.020833333333333332 0.027777777777777776
0 0.659375 0.3236111111111111 0.020833333333333332 0.027777777777777776
0 0.7260416666666667 0.32222222222222224 0.020833333333333332 0.027777777777777776
0 0.340625 0.2722222222222222 0.020833333333333332 0.027777777777777776
0 0.40208333333333335 0.26944444444444443 0.020833333333333332 0.027777777777777776
0 0.46458333333333335 0.26805555555555555 0.020833333333333332 0.027777777777777776
0 0.5270833333333333 0.2652777777777778 0.020833333333333332 0.027777777777777776
0 0.5895833333333333 0.2625 0.020833333333333332 0.027777777777777776
0 0.653125 0.25972222222222224 0.020833333333333332 0.027777777777777776
0 0.7177083333333333 0.25833333333333336 0.020833333333333332 0.027777777777777776
0 0.346875 0.21388888888888888 0.020833333333333332 0.027777777777777776
0 0.40625 0.2111111111111111 0.020833333333333332 0.027777777777777776
0 0.4666666666666667 0.20833333333333334 0.020833333333333332 0.027777777777777776
0 0.5270833333333333 0.20694444444444443 0.020833333333333332 0.027777777777777776
0 0.5875 0.20416666666666666 0.020833333333333332 0.027777777777777776
0 0.6479166666666667 0.2013888888888889 0.020833333333333332 0.027777777777777776
0 0.709375 0.1986111111111111 0.020833333333333332 0.027777777777777776