0 0.6927083333333334 0.3398148148148148 0.03125 0.03148148148148148
0 0.6270833333333333 0.3384259259259259 0.03125 0.03148148148148148
0 0.5625 0.3375 0.03125 0.03148148148148148
0 0.496875 0.3375 0.03125 0.03148148148148148
0 0.43125 0.3365740740740741 0.03125 0.03148148148148148
0 0.3645833333333333 0.3351851851851852 0.03125 0.03148148148148148
0 0.2989583333333333 0.33425925925925926 0.03125 0.03148148148148148
0 0.7010416666666667 0.39166666666666666 0.03125 0.03148148148148148
0 0.6333333333333333 0.39166666666666666 0.03125 0.03148148148148148
0 0.5645833333333333 0.3907407407407407 0.03125 0.03148148148148148
0 0.49583333333333335 0.38981481481481484 0.03125 0.03148148148148148
0 0.428125 0.38842592592592595 0.03125 0.03148148148148148
0 0.359375 0.38842592592592595 0.03125 0.03148148148148148
0 0.290625 0.3875 0.03125 0.03148148148148148
0 0.709375 0.44907407407407407 0.03125 0.03148148148148148
0 0.6385416666666667 0.44907407407407407 0.03125 0.03148148148148148
0 0.5677083333333334 0.44814814814814813 0.03125 0.03148148148148148
0 0.49583333333333335 0.44675925925925924 0.03125 0.03148148148148148
0 0.425 0.44583333333333336 0.03125 0.03148148148148148
0 0.353125 0.44583333333333336 0.03125 0.03148148148148148
0 0.28229166666666666 0.4449074074074074 0.03125 0.03148148148148148
0 0.7197916666666667 0.5115740740740741 0.03125 0.03148148148148148
0 0.6447916666666667 0.5115740740740741 0.03125 0.03148148148148148
0 0.5708333333333333 0.5101851851851852 0.03125 0.03148148148148148
0 0.49583333333333335 0.5092592592592593 0.03125 0.03148148148148148
0 0.421875 0.5083333333333333 0.03125 0.03148148148148148
0 0.346875 0.5083333333333333 0.03125 0.03148148148148148
0 0.27291666666666664 0.5074074074074074 0.03125 0.03148148148148148
0 0.7302083333333333 0.5800925925925926 0.03125 0.03148148148148148
0 0.6520833333333333 0.5791666666666667 0.03125 0.03148148148148148
0 0.5739583333333333 0.5782407407407407 0.03125 0.03148148148148148
0 0.49583333333333335 0.5782407407407407 0.03125 0.03148148148148148
0 0.41770833333333335 0.5768518518518518 0.03125 0.03148148148148148
0 0.33958333333333335 0.575925925925926 0.03125 0.03148148148148148
0 0.26145833333333335 0.575 0.03125 0.03148148148148148
0 0.7416666666666667 0.6550925925925926 0.03125 0.03148148148148148
0 0.659375 0.6541666666666667 0.03125 0.03148148148148148
0 0.578125 0.6532407407407408 0.03125 0.03148148148148148
0 0.49583333333333335 0.6532407407407408 0.03125 0.03148148148148148
0 0.41458333333333336 0.6518518518518519 0.03125 0.03148148148148148
0 0.33229166666666665 0.6509259259259259 0.03125 0.03148148148148148
0 0.25 0.65 0.03125 0.03148148148148148
0 0.7541666666666667 0.7375 0.03125 0.03148148148148148
0 0.6677083333333333 0.7375 0.03125 0.03148148148148148
0 0.5822916666666667 0.736574074074074 0.03125 0.03148148148148148
0 0.49583333333333335 0.7351851851851852 0.03125 0.03148148148148148
0 0.409375 0.7342592592592593 0.03125 0.03148148148148148
0 0.32395833333333335 0.7342592592592593 0.03125 0.03148148148148148
0 0.2375 0.7333333333333333 0.03125 0.03148148148148148