0 0.746875 0.21157407407407408 0.035416666666666666 0.03518518518518519
0 0.6697916666666667 0.2101851851851852 0.035416666666666666 0.03518518518518519
0 0.5927083333333333 0.2101851851851852 0.035416666666666666 0.03518518518518519
0 0.515625 0.2101851851851852 0.035416666666666666 0.03518518518518519
0 0.43854166666666666 0.2101851851851852 0.035416666666666666 0.03518518518518519
0 0.36041666666666666 0.2101851851851852 0.035416666666666666 0.03518518518518519
0 0.2833333333333333 0.2101851851851852 0.035416666666666666 0.03518518518518519
0 0.7572916666666667 0.26481481481481484 0.035416666666666666 0.03518518518518519
0 0.678125 0.26481481481481484 0.035416666666666666 0.03518518518518519
0 0.5979166666666667 0.26481481481481484 0.035416666666666666 0.03518518518518519
0 0.5177083333333333 0.26481481481481484 0.035416666666666666 0.03518518518518519
0 0.4375 0.26481481481481484 0.035416666666666666 0.03518518518518519
0 0.35625 0.26481481481481484 0.035416666666666666 0.03518518518518519
0 0.275 0.26481481481481484 0.035416666666666666 0.03518518518518519
0 0.7697916666666667 0.32314814814814813 0.035416666666666666 0.03518518518518519
0 0.6864583333333333 0.32314814814814813 0.035416666666666666 0.03518518518518519
0 0.603125 0.32314814814814813 0.035416666666666666 0.03518518518518519
0 0.5197916666666667 0.32314814814814813 0.035416666666666666 0.03518518518518519
0 0.4354166666666667 0.32314814814814813 0.035416666666666666 0.03518518518518519
0 0.35104166666666664 0.32314814814814813 0.035416666666666666 0.03518518518518519
0 0.26666666666666666 0.32314814814814813 0.035416666666666666 0.03518518518518519
0 0.7833333333333333 0.38657407407407407 0.035416666666666666 0.03518518518518519
0 0.6958333333333333 0.38657407407407407 0.035416666666666666 0.03518518518518519
0 0.609375 0.38657407407407407 0.035416666666666666 0.03518518518518519
0 0.521875 0.3875 0.035416666666666666 0.03518518518518519
0 0.43333333333333335 0.3875 0.035416666666666666 0.03518518518518519
0 0.3458333333333333 0.3875 0.035416666666666666 0.03518518518518519
0 0.25729166666666664 0.3875 0.035416666666666666 0.03518518518518519
0 0.7979166666666667 0.4564814814814815 0.035416666666666666 0.03518518518518519
0 0.70625 0.4564814814814815 0.035416666666666666 0.03518518518518519
0 0.615625 0.4564814814814815 0.035416666666666666 0.03518518518518519
0 0.5239583333333333 0.45740740740740743 0.035416666666666666 0.03518518518518519
0 0.4322916666666667 0.45740740740740743 0.035416666666666666 0.03518518518518519
0 0.33958333333333335 0.45740740740740743 0.035416666666666666 0.03518518518518519
0 0.246875 0.45740740740740743 0.035416666666666666 0.03518518518518519
0 0.8135416666666667 0.5324074074074074 0.035416666666666666 0.03518518518518519
0 0.7177083333333333 0.5333333333333333 0.035416666666666666 0.03518518518518519
0 0.621875 0.5333333333333333 0.035416666666666666 0.03518518518518519
0 0.5260416666666666 0.5333333333333333 0.035416666666666666 0.03518518518518519
0 0.43020833333333336 0.5342592592592592 0.035416666666666666 0.03518518518518519
0 0.3333333333333333 0.5342592592592592 0.035416666666666666 0.03518518518518519
0 0.23645833333333333 0.5342592592592592 0.035416666666666666 0.03518518518518519
0 0.83125 0.6166666666666667 0.035416666666666666 0.03518518518518519
0 0.73125 0.6175925925925926 0.035416666666666666 0.03518518518518519
0 0.6302083333333334 0.6175925925925926 0.035416666666666666 0.03518518518518519
0 0.5291666666666667 0.6185185185185185 0.035416666666666666 0.03518518518518519
0 0.428125 0.6185185185185185 0.035416666666666666 0.03518518518518519
0 0.3260416666666667 0.6199074074074075 0.035416666666666666 0.03518518518518519
0 0.22395833333333334 0.6199074074074075 0.035416666666666666 0.03518518518518519