0 0.33958333333333335 0.6027777777777777 0.01875 0.025
0 0.415625 0.5930555555555556 0.01875 0.025
0 0.490625 0.5833333333333334 0.01875 0.025
0 0.5645833333333333 0.5736111111111111 0.01875 0.025
0 0.6385416666666667 0.5638888888888889 0.01875 0.025
0 0.7114583333333333 0.5541666666666667 0.01875 0.025
0 0.784375 0.5444444444444444 0.01875 0.025
0 0.33958333333333335 0.5194444444444445 0.01875 0.025
0 0.4114583333333333 0.5111111111111111 0.01875 0.025
0 0.48333333333333334 0.5013888888888889 0.01875 0.025
0 0.5541666666666667 0.4930555555555556 0.01875 0.025
0 0.625 0.48333333333333334 0.01875 0.025
0 0.6947916666666667 0.475 0.01875 0.025
0 0.7635416666666667 0.4652777777777778 0.01875 0.025
0 0.33958333333333335 0.4444444444444444 0.01875 0.025
0 0.4083333333333333 0.43472222222222223 0.01875 0.025
0 0.47708333333333336 0.4263888888888889 0.01875 0.025
0 0.5447916666666667 0.41805555555555557 0.01875 0.025
0 0.6125 0.4111111111111111 0.01875 0.025
0 0.6791666666666667 0.4027777777777778 0.01875 0.025
0 0.7447916666666666 0.39444444444444443 0.01875 0.025
0 0.33958333333333335 0.375 0.01875 0.025
0 0.40520833333333334 0.36666666666666664 0.01875 0.025
0 0.4708333333333333 0.35833333333333334 0.01875 0.025
0 0.5364583333333334 0.35138888888888886 0.01875 0.025
0 0.6010416666666667 0.34305555555555556 0.01875 0.025
0 0.6645833333333333 0.33611111111111114 0.01875 0.025
0 0.728125 0.32916666666666666 0.01875 0.025
0 0.33958333333333335 0.3111111111111111 0.01875 0.025
0 0.403125 0.30416666666666664 0.01875 0.025
0 0.465625 0.29583333333333334 0.01875 0.025
0 0.528125 0.28888888888888886 0.01875 0.025
0 0.5895833333333333 0.28194444444444444 0.01875 0.025
0 0.6510416666666666 0.275 0.01875 0.025
0 0.7125 0.26805555555555555 0.01875 0.025
0 0.33958333333333335 0.2513888888888889 0.01875 0.025
0 0.4 0.24583333333333332 0.01875 0.025
0 0.46041666666666664 0.2388888888888889 0.01875 0.025
0 0.5208333333333334 0.23194444444444445 0.01875 0.025
0 0.5802083333333333 0.225 0.01875 0.025
0 0.6395833333333333 0.21944444444444444 0.01875 0.025
0 0.6979166666666666 0.2125 0.01875 0.025
0 0.33958333333333335 0.1986111111111111 0.01875 0.025
0 0.39791666666666664 0.19166666666666668 0.01875 0.025
0 0.45625 0.18611111111111112 0.01875 0.025
0 0.5135416666666667 0.17916666666666667 0.01875 0.025
0 0.5708333333333333 0.1736111111111111 0.01875 0.025
0 0.628125 0.16666666666666666 0.01875 0.025
0 0.684375 0.16111111111111112 0.01875 0.025