0 0.675 0.1625 0.025 0.03333333333333333
0 0.6083333333333333 0.16527777777777777 0.025 0.03333333333333333
0 0.540625 0.16805555555555557 0.025 0.03333333333333333
0 0.47291666666666665 0.17083333333333334 0.025 0.03333333333333333
0 0.4041666666666667 0.1736111111111111 0.025 0.03333333333333333
0 0.33541666666666664 0.1763888888888889 0.025 0.03333333333333333
0 0.26666666666666666 0.17916666666666667 0.025 0.03333333333333333
0 0.6864583333333333 0.22777777777777777 0.025 0.03333333333333333
0 0.6166666666666667 0.23055555555555557 0.025 0.03333333333333333
0 0.5458333333333333 0.23333333333333334 0.025 0.03333333333333333
0 0.475 0.2361111111111111 0.025 0.03333333333333333
0 0.403125 0.24027777777777778 0.025 0.03333333333333333
0 0.33125 0.24305555555555555 0.025 0.03333333333333333
0 0.25833333333333336 0.24583333333333332 0.025 0.03333333333333333
0 0.6989583333333333 0.2986111111111111 0.025 0.03333333333333333
0 0.625 0.3013888888888889 0.025 0.03333333333333333
0 0.5510416666666667 0.3055555555555556 0.025 0.03333333333333333
0 0.47604166666666664 0.30833333333333335 0.025 0.03333333333333333
0 0.4010416666666667 0.3125 0.025 0.03333333333333333
0 0.325 0.31527777777777777 0.025 0.03333333333333333
0 0.24895833333333334 0.3194444444444444 0.025 0.03333333333333333
0 0.7135416666666666 0.3763888888888889 0.025 0.03333333333333333
0 0.6354166666666666 0.38055555555555554 0.025 0.03333333333333333
0 0.5572916666666666 0.38472222222222224 0.025 0.03333333333333333
0 0.478125 0.3875 0.025 0.03333333333333333
0 0.39895833333333336 0.39166666666666666 0.025 0.03333333333333333
0 0.31979166666666664 0.3958333333333333 0.025 0.03333333333333333
0 0.23958333333333334 0.4 0.025 0.03333333333333333
0 0.728125 0.4638888888888889 0.025 0.03333333333333333
0 0.646875 0.46805555555555556 0.025 0.03333333333333333
0 0.5635416666666667 0.4722222222222222 0.025 0.03333333333333333
0 0.48020833333333335 0.47638888888888886 0.025 0.03333333333333333
0 0.396875 0.48055555555555557 0.025 0.03333333333333333
0 0.3125 0.4861111111111111 0.025 0.03333333333333333
0 0.228125 0.49027777777777776 0.025 0.03333333333333333
0 0.7458333333333333 0.5611111111111111 0.025 0.03333333333333333
0 0.659375 0.5652777777777778 0.025 0.03333333333333333
0 0.571875 0.5708333333333333 0.025 0.03333333333333333
0 0.48333333333333334 0.5763888888888888 0.025 0.03333333333333333
0 0.39479166666666665 0.5805555555555556 0.025 0.03333333333333333
0 0.30520833333333336 0.5861111111111111 0.025 0.03333333333333333
0 0.21458333333333332 0.5916666666666667 0.025 0.03333333333333333
0 0.765625 0.6708333333333333 0.025 0.03333333333333333
0 0.6729166666666667 0.6763888888888889 0.025 0.03333333333333333
0 0.5802083333333333 0.6819444444444445 0.025 0.03333333333333333
0 0.4864583333333333 0.6875 0.025 0.03333333333333333
0 0.39166666666666666 0.6930555555555555 0.025 0.03333333333333333
0 0.296875 0.7 0.025 0.03333333333333333
0 0.20104166666666667 0.7055555555555556 0.025 0.03333333333333333