0 0.6760416666666667 0.18888888888888888 0.025 0.03333333333333333
0 0.6083333333333333 0.19027777777777777 0.025 0.03333333333333333
0 0.5416666666666666 0.19305555555555556 0.025 0.03333333333333333
0 0.4739583333333333 0.19444444444444445 0.025 0.03333333333333333
0 0.40520833333333334 0.19722222222222222 0.025 0.03333333333333333
0 0.3375 0.2 0.025 0.03333333333333333
0 0.2677083333333333 0.2013888888888889 0.025 0.03333333333333333
0 0.6885416666666667 0.25277777777777777 0.025 0.03333333333333333
0 0.6177083333333333 0.25555555555555554 0.025 0.03333333333333333
0 0.5479166666666667 0.2569444444444444 0.025 0.03333333333333333
0 0.47708333333333336 0.25972222222222224 0.025 0.03333333333333333
0 0.40520833333333334 0.2625 0.025 0.03333333333333333
0 0.3333333333333333 0.2652777777777778 0.025 0.03333333333333333
0 0.26145833333333335 0.26805555555555555 0.025 0.03333333333333333
0 0.7020833333333333 0.3236111111111111 0.025 0.03333333333333333
0 0.628125 0.3263888888888889 0.025 0.03333333333333333
0 0.5541666666666667 0.32916666666666666 0.025 0.03333333333333333
0 0.48020833333333335 0.33194444444444443 0.025 0.03333333333333333
0 0.40520833333333334 0.3347222222222222 0.025 0.03333333333333333
0 0.32916666666666666 0.3375 0.025 0.03333333333333333
0 0.253125 0.3416666666666667 0.025 0.03333333333333333
0 0.7177083333333333 0.4013888888888889 0.025 0.03333333333333333
0 0.640625 0.4041666666666667 0.025 0.03333333333333333
0 0.5625 0.4083333333333333 0.025 0.03333333333333333
0 0.48333333333333334 0.4111111111111111 0.025 0.03333333333333333
0 0.4041666666666667 0.4152777777777778 0.025 0.03333333333333333
0 0.325 0.41805555555555557 0.025 0.03333333333333333
0 0.24479166666666666 0.4222222222222222 0.025 0.03333333333333333
0 0.734375 0.4875 0.025 0.03333333333333333
0 0.653125 0.49166666666666664 0.025 0.03333333333333333
0 0.5708333333333333 0.49583333333333335 0.025 0.03333333333333333
0 0.4875 0.5 0.025 0.03333333333333333
0 0.4041666666666667 0.5041666666666667 0.025 0.03333333333333333
0 0.31979166666666664 0.5083333333333333 0.025 0.03333333333333333
0 0.23541666666666666 0.5125 0.025 0.03333333333333333
0 0.7541666666666667 0.5847222222222223 0.025 0.03333333333333333
0 0.6677083333333333 0.5902777777777778 0.025 0.03333333333333333
0 0.5802083333333333 0.5944444444444444 0.025 0.03333333333333333
0 0.49270833333333336 0.5986111111111111 0.025 0.03333333333333333
0 0.4041666666666667 0.6041666666666666 0.025 0.03333333333333333
0 0.3145833333333333 0.6083333333333333 0.025 0.03333333333333333
0 0.22395833333333334 0.6125 0.025 0.03333333333333333
0 0.775 0.6944444444444444 0.025 0.03333333333333333
0 0.6833333333333333 0.7 0.025 0.03333333333333333
0 0.590625 0.7055555555555556 0.025 0.03333333333333333
0 0.4979166666666667 0.7111111111111111 0.025 0.03333333333333333
0 0.403125 0.7166666666666667 0.025 0.03333333333333333
0 0.30833333333333335 0.7222222222222222 0.025 0.03333333333333333
0 0.21145833333333333 0.7277777777777777 0.025 0.03333333333333333