0 0.234375 0.6574074074074074 0.03333333333333333 0.03333333333333333
0 0.33229166666666665 0.6583333333333333 0.03333333333333333 0.03333333333333333
0 0.43020833333333336 0.6583333333333333 0.03333333333333333 0.03333333333333333
0 0.528125 0.6592592592592592 0.03333333333333333 0.03333333333333333
0 0.6260416666666667 0.6601851851851852 0.03333333333333333 0.03333333333333333
0 0.7229166666666667 0.6601851851851852 0.03333333333333333 0.03333333333333333
0 0.8197916666666667 0.6615740740740741 0.03333333333333333 0.03333333333333333
0 0.24270833333333333 0.5666666666666667 0.03333333333333333 0.03333333333333333
0 0.3385416666666667 0.5675925925925925 0.03333333333333333 0.03333333333333333
0 0.43333333333333335 0.5675925925925925 0.03333333333333333 0.03333333333333333
0 0.528125 0.5685185185185185 0.03333333333333333 0.03333333333333333
0 0.6229166666666667 0.5699074074074074 0.03333333333333333 0.03333333333333333
0 0.7166666666666667 0.5699074074074074 0.03333333333333333 0.03333333333333333
0 0.8104166666666667 0.5708333333333333 0.03333333333333333 0.03333333333333333
0 0.25104166666666666 0.48148148148148145 0.03333333333333333 0.03333333333333333
0 0.34375 0.4824074074074074 0.03333333333333333 0.03333333333333333
0 0.4354166666666667 0.4824074074074074 0.03333333333333333 0.03333333333333333
0 0.528125 0.48333333333333334 0.03333333333333333 0.03333333333333333
0 0.6197916666666666 0.4842592592592593 0.03333333333333333 0.03333333333333333
0 0.7104166666666667 0.48518518518518516 0.03333333333333333 0.03333333333333333
0 0.8020833333333334 0.48657407407407405 0.03333333333333333 0.03333333333333333
0 0.259375 0.4 0.03333333333333333 0.03333333333333333
0 0.3489583333333333 0.4009259259259259 0.03333333333333333 0.03333333333333333
0 0.43854166666666666 0.40185185185185185 0.03333333333333333 0.03333333333333333
0 0.5270833333333333 0.40324074074074073 0.03333333333333333 0.03333333333333333
0 0.6166666666666667 0.4041666666666667 0.03333333333333333 0.03333333333333333
0 0.7052083333333333 0.4050925925925926 0.03333333333333333 0.03333333333333333
0 0.79375 0.4064814814814815 0.03333333333333333 0.03333333333333333
0 0.26666666666666666 0.325 0.03333333333333333 0.03333333333333333
0 0.3541666666666667 0.32592592592592595 0.03333333333333333 0.03333333333333333
0 0.440625 0.32685185185185184 0.03333333333333333 0.03333333333333333
0 0.5270833333333333 0.3282407407407407 0.03333333333333333 0.03333333333333333
0 0.6135416666666667 0.3282407407407407 0.03333333333333333 0.03333333333333333
0 0.7 0.32916666666666666 0.03333333333333333 0.03333333333333333
0 0.7854166666666667 0.3300925925925926 0.03333333333333333 0.03333333333333333
0 0.27395833333333336 0.25324074074074077 0.03333333333333333 0.03333333333333333
0 0.35833333333333334 0.25416666666666665 0.03333333333333333 0.03333333333333333
0 0.4427083333333333 0.2550925925925926 0.03333333333333333 0.03333333333333333
0 0.5270833333333333 0.2564814814814815 0.03333333333333333 0.03333333333333333
0 0.6114583333333333 0.2574074074074074 0.03333333333333333 0.03333333333333333
0 0.6947916666666667 0.25833333333333336 0.03333333333333333 0.03333333333333333
0 0.778125 0.25925925925925924 0.03333333333333333 0.03333333333333333
0 0.28020833333333334 0.18425925925925926 0.03333333333333333 0.03333333333333333
0 0.3625 0.1865740740740741 0.03333333333333333 0.03333333333333333
0 0.44479166666666664 0.1875 0.03333333333333333 0.03333333333333333
0 0.5270833333333333 0.1884259259259259 0.03333333333333333 0.03333333333333333
0 0.6083333333333333 0.18981481481481483 0.03333333333333333 0.03333333333333333
0 0.690625 0.19074074074074074 0.03333333333333333 0.03333333333333333
0 0.771875 0.19166666666666668 0.03333333333333333 0.03333333333333333