0 0.309375 0.6472222222222223 0.020833333333333332 0.027777777777777776
0 0.384375 0.6472222222222223 0.020833333333333332 0.027777777777777776
0 0.46041666666666664 0.6472222222222223 0.020833333333333332 0.027777777777777776
0 0.5364583333333334 0.6486111111111111 0.020833333333333332 0.027777777777777776
0 0.6145833333333334 0.6486111111111111 0.020833333333333332 0.027777777777777776
0 0.6916666666666667 0.6486111111111111 0.020833333333333332 0.027777777777777776
0 0.7708333333333334 0.65 0.020833333333333332 0.027777777777777776
0 0.32083333333333336 0.5597222222222222 0.020833333333333332 0.027777777777777776
0 0.39166666666666666 0.5597222222222222 0.020833333333333332 0.027777777777777776
0 0.4635416666666667 0.5597222222222222 0.020833333333333332 0.027777777777777776
0 0.5364583333333334 0.5597222222222222 0.020833333333333332 0.027777777777777776
0 0.6104166666666667 0.5597222222222222 0.020833333333333332 0.027777777777777776
0 0.684375 0.5597222222222222 0.020833333333333332 0.027777777777777776
0 0.7583333333333333 0.5597222222222222 0.020833333333333332 0.027777777777777776
0 0.3302083333333333 0.48055555555555557 0.020833333333333332 0.027777777777777776
0 0.39895833333333336 0.48055555555555557 0.020833333333333332 0.027777777777777776
0 0.46770833333333334 0.48055555555555557 0.020833333333333332 0.027777777777777776
0 0.5364583333333334 0.48055555555555557 0.020833333333333332 0.027777777777777776
0 0.60625 0.4791666666666667 0.020833333333333332 0.027777777777777776
0 0.6770833333333334 0.4791666666666667 0.020833333333333332 0.027777777777777776
0 0.7479166666666667 0.4791666666666667 0.020833333333333332 0.027777777777777776
0 0.33958333333333335 0.4083333333333333 0.020833333333333332 0.027777777777777776
0 0.4041666666666667 0.4083333333333333 0.020833333333333332 0.027777777777777776
0 0.46979166666666666 0.4083333333333333 0.020833333333333332 0.027777777777777776
0 0.5364583333333334 0.40694444444444444 0.020833333333333332 0.027777777777777776
0 0.603125 0.40694444444444444 0.020833333333333332 0.027777777777777776
0 0.6697916666666667 0.40555555555555556 0.020833333333333332 0.027777777777777776
0 0.7375 0.40555555555555556 0.020833333333333332 0.027777777777777776
0 0.34791666666666665 0.34305555555555556 0.020833333333333332 0.027777777777777776
0 0.41041666666666665 0.34305555555555556 0.020833333333333332 0.027777777777777776
0 0.47291666666666665 0.3416666666666667 0.020833333333333332 0.027777777777777776
0 0.5364583333333334 0.3402777777777778 0.020833333333333332 0.027777777777777776
0 0.6 0.3402777777777778 0.020833333333333332 0.027777777777777776
0 0.6645833333333333 0.3388888888888889 0.020833333333333332 0.027777777777777776
0 0.7291666666666666 0.3388888888888889 0.020833333333333332 0.027777777777777776
0 0.35520833333333335 0.2833333333333333 0.020833333333333332 0.027777777777777776
0 0.415625 0.28194444444444444 0.020833333333333332 0.027777777777777776
0 0.475 0.28055555555555556 0.020833333333333332 0.027777777777777776
0 0.5364583333333334 0.28055555555555556 0.020833333333333332 0.027777777777777776
0 0.596875 0.2791666666666667 0.020833333333333332 0.027777777777777776
0 0.6583333333333333 0.2777777777777778 0.020833333333333332 0.027777777777777776
0 0.7208333333333333 0.2777777777777778 0.020833333333333332 0.027777777777777776
0 0.3625 0.22777777777777777 0.020833333333333332 0.027777777777777776
0 0.4197916666666667 0.2263888888888889 0.020833333333333332 0.027777777777777776
0 0.478125 0.225 0.020833333333333332 0.027777777777777776
0 0.5364583333333334 0.22361111111111112 0.020833333333333332 0.027777777777777776
0 0.5947916666666667 0.22361111111111112 0.020833333333333332 0.027777777777777776
0 0.653125 0.2222222222222222 0.020833333333333332 0.027777777777777776
0 0.7125 0.22083333333333333 0.020833333333333332 0.027777777777777776