0 0.6510416666666666 0.18055555555555555 0.025 0.03333333333333333
0 0.5864583333333333 0.18333333333333332 0.025 0.03333333333333333
0 0.5208333333333334 0.18611111111111112 0.025 0.03333333333333333
0 0.453125 0.18888888888888888 0.025 0.03333333333333333
0 0.384375 0.19305555555555556 0.025 0.03333333333333333
0 0.3145833333333333 0.19583333333333333 0.025 0.03333333333333333
0 0.24375 0.1986111111111111 0.025 0.03333333333333333
0 0.6666666666666666 0.24166666666666667 0.025 0.03333333333333333
0 0.5989583333333334 0.24583333333333332 0.025 0.03333333333333333
0 0.5291666666666667 0.25 0.025 0.03333333333333333
0 0.4583333333333333 0.25277777777777777 0.025 0.03333333333333333
0 0.3875 0.2569444444444444 0.025 0.03333333333333333
0 0.31354166666666666 0.2611111111111111 0.025 0.03333333333333333
0 0.23958333333333334 0.2652777777777778 0.025 0.03333333333333333
0 0.6833333333333333 0.30972222222222223 0.025 0.03333333333333333
0 0.6114583333333333 0.3138888888888889 0.025 0.03333333333333333
0 0.5395833333333333 0.3194444444444444 0.025 0.03333333333333333
0 0.46458333333333335 0.3236111111111111 0.025 0.03333333333333333
0 0.38958333333333334 0.3277777777777778 0.025 0.03333333333333333
0 0.3125 0.3333333333333333 0.025 0.03333333333333333
0 0.234375 0.3388888888888889 0.025 0.03333333333333333
0 0.7010416666666667 0.38472222222222224 0.025 0.03333333333333333
0 0.6260416666666667 0.3902777777777778 0.025 0.03333333333333333
0 0.55 0.3958333333333333 0.025 0.03333333333333333
0 0.471875 0.4013888888888889 0.025 0.03333333333333333
0 0.3927083333333333 0.4083333333333333 0.025 0.03333333333333333
0 0.31145833333333334 0.41388888888888886 0.025 0.03333333333333333
0 0.228125 0.41944444444444445 0.025 0.03333333333333333
0 0.721875 0.46805555555555556 0.025 0.03333333333333333
0 0.6427083333333333 0.475 0.025 0.03333333333333333
0 0.5625 0.48194444444444445 0.025 0.03333333333333333
0 0.4791666666666667 0.4888888888888889 0.025 0.03333333333333333
0 0.3958333333333333 0.49583333333333335 0.025 0.03333333333333333
0 0.309375 0.5027777777777778 0.025 0.03333333333333333
0 0.221875 0.5111111111111111 0.025 0.03333333333333333
0 0.7447916666666666 0.5611111111111111 0.025 0.03333333333333333
0 0.6604166666666667 0.5694444444444444 0.025 0.03333333333333333
0 0.575 0.5777777777777777 0.025 0.03333333333333333
0 0.48854166666666665 0.5861111111111111 0.025 0.03333333333333333
0 0.39895833333333336 0.5958333333333333 0.025 0.03333333333333333
0 0.3072916666666667 0.6041666666666666 0.025 0.03333333333333333
0 0.21354166666666666 0.6138888888888889 0.025 0.03333333333333333
0 0.7697916666666667 0.6666666666666666 0.025 0.03333333333333333
0 0.68125 0.6763888888888889 0.025 0.03333333333333333
0 0.590625 0.6875 0.025 0.03333333333333333
0 0.4979166666666667 0.6972222222222222 0.025 0.03333333333333333
0 0.403125 0.7083333333333334 0.025 0.03333333333333333
0 0.30520833333333336 0.7194444444444444 0.025 0.03333333333333333
0 0.20520833333333333 0.7305555555555555 0.025 0.03333333333333333