0 0.3333333333333333 0.3888888888888889 0.01875 0.025
0 0.328125 0.44583333333333336 0.01875 0.025
0 0.321875 0.5069444444444444 0.01875 0.025
0 0.31666666666666665 0.5708333333333333 0.01875 0.025
0 0.3104166666666667 0.6402777777777777 0.01875 0.025
0 0.30416666666666664 0.7125 0.01875 0.025
0 0.296875 0.7902777777777777 0.01875 0.025
0 0.3958333333333333 0.39166666666666666 0.01875 0.025
0 0.39166666666666666 0.4486111111111111 0.01875 0.025
0 0.3885416666666667 0.5083333333333333 0.01875 0.025
0 0.384375 0.5736111111111111 0.01875 0.025
0 0.38125 0.6416666666666667 0.01875 0.025
0 0.37604166666666666 0.7138888888888889 0.01875 0.025
0 0.371875 0.7930555555555555 0.01875 0.025
0 0.45729166666666665 0.39305555555555555 0.01875 0.025
0 0.45625 0.45 0.01875 0.025
0 0.45416666666666666 0.5111111111111111 0.01875 0.025
0 0.453125 0.575 0.01875 0.025
0 0.4510416666666667 0.6430555555555556 0.01875 0.025
0 0.44895833333333335 0.7166666666666667 0.01875 0.025
0 0.446875 0.7944444444444444 0.01875 0.025
0 0.5197916666666667 0.3958333333333333 0.01875 0.025
0 0.5197916666666667 0.4527777777777778 0.01875 0.025
0 0.5197916666666667 0.5125 0.01875 0.025
0 0.5208333333333334 0.5763888888888888 0.01875 0.025
0 0.5208333333333334 0.6458333333333334 0.01875 0.025
0 0.5208333333333334 0.7180555555555556 0.01875 0.025
0 0.521875 0.7958333333333333 0.01875 0.025
0 0.58125 0.3972222222222222 0.01875 0.025
0 0.5833333333333334 0.45416666666666666 0.01875 0.025
0 0.5854166666666667 0.5152777777777777 0.01875 0.025
0 0.5875 0.5791666666666667 0.01875 0.025
0 0.590625 0.6472222222222223 0.01875 0.025
0 0.5927083333333333 0.7194444444444444 0.01875 0.025
0 0.5958333333333333 0.7972222222222223 0.01875 0.025
0 0.6427083333333333 0.4 0.01875 0.025
0 0.6458333333333334 0.45694444444444443 0.01875 0.025
0 0.65 0.5166666666666667 0.01875 0.025
0 0.6552083333333333 0.5805555555555556 0.01875 0.025
0 0.659375 0.6486111111111111 0.01875 0.025
0 0.6645833333333333 0.7208333333333333 0.01875 0.025
0 0.6697916666666667 0.7986111111111112 0.01875 0.025
0 0.703125 0.4013888888888889 0.01875 0.025
0 0.709375 0.4583333333333333 0.01875 0.025
0 0.715625 0.5180555555555556 0.01875 0.025
0 0.721875 0.5819444444444445 0.01875 0.025
0 0.728125 0.65 0.01875 0.025
0 0.7354166666666667 0.7236111111111111 0.01875 0.025
0 0.7427083333333333 0.8 0.01875 0.025