0 0.3104166666666667 0.6486111111111111 0.020833333333333332 0.027777777777777776
0 0.3854166666666667 0.6486111111111111 0.020833333333333332 0.027777777777777776
0 0.46145833333333336 0.65 0.020833333333333332 0.027777777777777776
0 0.5385416666666667 0.65 0.020833333333333332 0.027777777777777776
0 0.615625 0.65 0.020833333333333332 0.027777777777777776
0 0.69375 0.65 0.020833333333333332 0.027777777777777776
0 0.7729166666666667 0.6513888888888889 0.020833333333333332 0.027777777777777776
0 0.32083333333333336 0.5625 0.020833333333333332 0.027777777777777776
0 0.3927083333333333 0.5625 0.020833333333333332 0.027777777777777776
0 0.46458333333333335 0.5625 0.020833333333333332 0.027777777777777776
0 0.5375 0.5611111111111111 0.020833333333333332 0.027777777777777776
0 0.6114583333333333 0.5611111111111111 0.020833333333333332 0.027777777777777776
0 0.6854166666666667 0.5611111111111111 0.020833333333333332 0.027777777777777776
0 0.7604166666666666 0.5611111111111111 0.020833333333333332 0.027777777777777776
0 0.3302083333333333 0.48333333333333334 0.020833333333333332 0.027777777777777776
0 0.39895833333333336 0.48194444444444445 0.020833333333333332 0.027777777777777776
0 0.46770833333333334 0.48194444444444445 0.020833333333333332 0.027777777777777776
0 0.5375 0.48194444444444445 0.020833333333333332 0.027777777777777776
0 0.6072916666666667 0.48194444444444445 0.020833333333333332 0.027777777777777776
0 0.678125 0.48055555555555557 0.020833333333333332 0.027777777777777776
0 0.7489583333333333 0.48055555555555557 0.020833333333333332 0.027777777777777776
0 0.3385416666666667 0.4111111111111111 0.020833333333333332 0.027777777777777776
0 0.4041666666666667 0.4097222222222222 0.020833333333333332 0.027777777777777776
0 0.4708333333333333 0.4097222222222222 0.020833333333333332 0.027777777777777776
0 0.5364583333333334 0.4097222222222222 0.020833333333333332 0.027777777777777776
0 0.6041666666666666 0.4083333333333333 0.020833333333333332 0.027777777777777776
0 0.671875 0.4083333333333333 0.020833333333333332 0.027777777777777776
0 0.7395833333333334 0.40694444444444444 0.020833333333333332 0.027777777777777776
0 0.346875 0.34444444444444444 0.020833333333333332 0.027777777777777776
0 0.409375 0.34444444444444444 0.020833333333333332 0.027777777777777776
0 0.47291666666666665 0.34305555555555556 0.020833333333333332 0.027777777777777776
0 0.5364583333333334 0.34305555555555556 0.020833333333333332 0.027777777777777776
0 0.6010416666666667 0.3416666666666667 0.020833333333333332 0.027777777777777776
0 0.665625 0.3402777777777778 0.020833333333333332 0.027777777777777776
0 0.7302083333333333 0.3402777777777778 0.020833333333333332 0.027777777777777776
0 0.3541666666666667 0.2847222222222222 0.020833333333333332 0.027777777777777776
0 0.41458333333333336 0.2833333333333333 0.020833333333333332 0.027777777777777776
0 0.475 0.28194444444444444 0.020833333333333332 0.027777777777777776
0 0.5364583333333334 0.28055555555555556 0.020833333333333332 0.027777777777777776
0 0.5979166666666667 0.28055555555555556 0.020833333333333332 0.027777777777777776
0 0.659375 0.2791666666666667 0.020833333333333332 0.027777777777777776
0 0.721875 0.2777777777777778 0.020833333333333332 0.027777777777777776
0 0.36041666666666666 0.22777777777777777 0.020833333333333332 0.027777777777777776
0 0.41875 0.22777777777777777 0.020833333333333332 0.027777777777777776
0 0.47708333333333336 0.2263888888888889 0.020833333333333332 0.027777777777777776
0 0.5354166666666667 0.225 0.020833333333333332 0.027777777777777776
0 0.5947916666666667 0.22361111111111112 0.020833333333333332 0.027777777777777776
0 0.6541666666666667 0.2222222222222222 0.020833333333333332 0.027777777777777776
0 0.7145833333333333 0.22083333333333333 0.020833333333333332 0.027777777777777776