0 0.7333333333333333 0.15555555555555556 0.020833333333333332 0.03518518518518519
0 0.6614583333333334 0.15555555555555556 0.020833333333333332 0.03518518518518519
0 0.5885416666666666 0.15555555555555556 0.020833333333333332 0.03518518518518519
0 0.5166666666666667 0.15555555555555556 0.020833333333333332 0.03518518518518519
0 0.44375 0.1537037037037037 0.020833333333333332 0.03518518518518519
0 0.371875 0.1537037037037037 0.020833333333333332 0.03518518518518519
0 0.3 0.1537037037037037 0.020833333333333332 0.03518518518518519
0 0.7416666666666667 0.2361111111111111 0.020833333333333332 0.03518518518518519
0 0.6666666666666666 0.2361111111111111 0.020833333333333332 0.03518518518518519
0 0.5916666666666667 0.23425925925925925 0.020833333333333332 0.03518518518518519
0 0.515625 0.23425925925925925 0.020833333333333332 0.03518518518518519
0 0.440625 0.23425925925925925 0.020833333333333332 0.03518518518518519
0 0.365625 0.23425925925925925 0.020833333333333332 0.03518518518518519
0 0.2916666666666667 0.2324074074074074 0.020833333333333332 0.03518518518518519
0 0.7510416666666667 0.3236111111111111 0.020833333333333332 0.03518518518518519
0 0.6729166666666667 0.32175925925925924 0.020833333333333332 0.03518518518518519
0 0.5947916666666667 0.32175925925925924 0.020833333333333332 0.03518518518518519
0 0.515625 0.32175925925925924 0.020833333333333332 0.03518518518518519
0 0.4375 0.3199074074074074 0.020833333333333332 0.03518518518518519
0 0.36041666666666666 0.3199074074074074 0.020833333333333332 0.03518518518518519
0 0.28229166666666666 0.31805555555555554 0.020833333333333332 0.03518518518518519
0 0.7614583333333333 0.4162037037037037 0.020833333333333332 0.03518518518518519
0 0.6791666666666667 0.4162037037037037 0.020833333333333332 0.03518518518518519
0 0.5979166666666667 0.41435185185185186 0.020833333333333332 0.03518518518518519
0 0.515625 0.41435185185185186 0.020833333333333332 0.03518518518518519
0 0.434375 0.41435185185185186 0.020833333333333332 0.03518518518518519
0 0.353125 0.4125 0.020833333333333332 0.03518518518518519
0 0.271875 0.4125 0.020833333333333332 0.03518518518518519
0 0.771875 0.5194444444444445 0.020833333333333332 0.03518518518518519
0 0.6864583333333333 0.5175925925925926 0.020833333333333332 0.03518518518518519
0 0.6010416666666667 0.5175925925925926 0.020833333333333332 0.03518518518518519
0 0.515625 0.5157407407407407 0.020833333333333332 0.03518518518518519
0 0.43125 0.5157407407407407 0.020833333333333332 0.03518518518518519
0 0.3458333333333333 0.5138888888888888 0.020833333333333332 0.03518518518518519
0 0.26145833333333335 0.5138888888888888 0.020833333333333332 0.03518518518518519
0 0.7833333333333333 0.6310185185185185 0.020833333333333332 0.03518518518518519
0 0.69375 0.6291666666666667 0.020833333333333332 0.03518518518518519
0 0.6052083333333333 0.6291666666666667 0.020833333333333332 0.03518518518518519
0 0.515625 0.6277777777777778 0.020833333333333332 0.03518518518518519
0 0.4270833333333333 0.6259259259259259 0.020833333333333332 0.03518518518518519
0 0.3375 0.6259259259259259 0.020833333333333332 0.03518518518518519
0 0.24895833333333334 0.6240740740740741 0.020833333333333332 0.03518518518518519
0 0.796875 0.7537037037037037 0.020833333333333332 0.03518518518518519
0 0.703125 0.7518518518518519 0.020833333333333332 0.03518518518518519
0 0.609375 0.7518518518518519 0.020833333333333332 0.03518518518518519
0 0.515625 0.75 0.020833333333333332 0.03518518518518519
0 0.421875 0.7481481481481481 0.020833333333333332 0.03518518518518519
0 0.32916666666666666 0.7481481481481481 0.020833333333333332 0.03518518518518519
0 0.23645833333333333 0.7462962962962963 0.020833333333333332 0.03518518518518519