0 0.74375 0.25416666666666665 0.03125 0.03148148148148148
0 0.671875 0.2550925925925926 0.03125 0.03148148148148148
0 0.5989583333333334 0.2550925925925926 0.03125 0.03148148148148148
0 0.5270833333333333 0.2550925925925926 0.03125 0.03148148148148148
0 0.4552083333333333 0.2550925925925926 0.03125 0.03148148148148148
0 0.38229166666666664 0.2550925925925926 0.03125 0.03148148148148148
0 0.309375 0.2550925925925926 0.03125 0.03148148148148148
0 0.7520833333333333 0.31342592592592594 0.03125 0.03148148148148148
0 0.678125 0.31342592592592594 0.03125 0.03148148148148148
0 0.603125 0.31342592592592594 0.03125 0.03148148148148148
0 0.528125 0.31342592592592594 0.03125 0.03148148148148148
0 0.45416666666666666 0.31342592592592594 0.03125 0.03148148148148148
0 0.37916666666666665 0.3148148148148148 0.03125 0.03148148148148148
0 0.303125 0.3148148148148148 0.03125 0.03148148148148148
0 0.7614583333333333 0.3768518518518518 0.03125 0.03148148148148148
0 0.684375 0.3768518518518518 0.03125 0.03148148148148148
0 0.6072916666666667 0.3768518518518518 0.03125 0.03148148148148148
0 0.5302083333333333 0.3768518518518518 0.03125 0.03148148148148148
0 0.45208333333333334 0.3768518518518518 0.03125 0.03148148148148148
0 0.375 0.37824074074074077 0.03125 0.03148148148148148
0 0.296875 0.37824074074074077 0.03125 0.03148148148148148
0 0.771875 0.4449074074074074 0.03125 0.03148148148148148
0 0.6916666666666667 0.4449074074074074 0.03125 0.03148148148148148
0 0.6114583333333333 0.4449074074074074 0.03125 0.03148148148148148
0 0.53125 0.44583333333333336 0.03125 0.03148148148148148
0 0.4510416666666667 0.44583333333333336 0.03125 0.03148148148148148
0 0.3697916666666667 0.44583333333333336 0.03125 0.03148148148148148
0 0.28958333333333336 0.44675925925925924 0.03125 0.03148148148148148
0 0.7833333333333333 0.5175925925925926 0.03125 0.03148148148148148
0 0.7 0.5185185185185185 0.03125 0.03148148148148148
0 0.6166666666666667 0.5185185185185185 0.03125 0.03148148148148148
0 0.5333333333333333 0.5185185185185185 0.03125 0.03148148148148148
0 0.44895833333333335 0.5199074074074074 0.03125 0.03148148148148148
0 0.365625 0.5199074074074074 0.03125 0.03148148148148148
0 0.28125 0.5199074074074074 0.03125 0.03148148148148148
0 0.7947916666666667 0.5967592592592592 0.03125 0.03148148148148148
0 0.7083333333333334 0.5981481481481481 0.03125 0.03148148148148148
0 0.621875 0.5981481481481481 0.03125 0.03148148148148148
0 0.534375 0.5990740740740741 0.03125 0.03148148148148148
0 0.4479166666666667 0.5990740740740741 0.03125 0.03148148148148148
0 0.36041666666666666 0.6 0.03125 0.03148148148148148
0 0.27291666666666664 0.6 0.03125 0.03148148148148148
0 0.8083333333333333 0.6833333333333333 0.03125 0.03148148148148148
0 0.7177083333333333 0.6842592592592592 0.03125 0.03148148148148148
0 0.6270833333333333 0.6842592592592592 0.03125 0.03148148148148148
0 0.5364583333333334 0.6851851851851852 0.03125 0.03148148148148148
0 0.44583333333333336 0.6851851851851852 0.03125 0.03148148148148148
0 0.35520833333333335 0.6865740740740741 0.03125 0.03148148148148148
0 0.2635416666666667 0.6875 0.03125 0.03148148148148148