0 0.21458333333333332 0.649074074074074 0.029166666666666667 0.029166666666666667
0 0.29583333333333334 0.6532407407407408 0.029166666666666667 0.029166666666666667
0 0.37916666666666665 0.6574074074074074 0.029166666666666667 0.029166666666666667
0 0.46458333333333335 0.6615740740740741 0.029166666666666667 0.029166666666666667
0 0.553125 0.6657407407407407 0.029166666666666667 0.029166666666666667
0 0.64375 0.6699074074074074 0.029166666666666667 0.029166666666666667
0 0.7385416666666667 0.674074074074074 0.029166666666666667 0.029166666666666667
0 0.228125 0.5657407407407408 0.029166666666666667 0.029166666666666667
0 0.3072916666666667 0.5685185185185185 0.029166666666666667 0.029166666666666667
0 0.38958333333333334 0.5717592592592593 0.029166666666666667 0.029166666666666667
0 0.47291666666666665 0.5740740740740741 0.029166666666666667 0.029166666666666667
0 0.559375 0.5768518518518518 0.029166666666666667 0.029166666666666667
0 0.6479166666666667 0.5800925925925926 0.029166666666666667 0.029166666666666667
0 0.7395833333333334 0.5833333333333334 0.029166666666666667 0.029166666666666667
0 0.24166666666666667 0.4875 0.029166666666666667 0.029166666666666667
0 0.31979166666666664 0.48842592592592593 0.029166666666666667 0.029166666666666667
0 0.39895833333333336 0.49074074074074076 0.029166666666666667 0.029166666666666667
0 0.48125 0.49166666666666664 0.029166666666666667 0.029166666666666667
0 0.565625 0.4935185185185185 0.029166666666666667 0.029166666666666667
0 0.6520833333333333 0.4949074074074074 0.029166666666666667 0.029166666666666667
0 0.7416666666666667 0.49675925925925923 0.029166666666666667 0.029166666666666667
0 0.2552083333333333 0.4125 0.029166666666666667 0.029166666666666667
0 0.3302083333333333 0.4125 0.029166666666666667 0.029166666666666667
0 0.4083333333333333 0.4125 0.029166666666666667 0.029166666666666667
0 0.48854166666666665 0.4134259259259259 0.029166666666666667 0.029166666666666667
0 0.5708333333333333 0.4134259259259259 0.029166666666666667 0.029166666666666667
0 0.6552083333333333 0.4148148148148148 0.029166666666666667 0.029166666666666667
0 0.7427083333333333 0.4148148148148148 0.029166666666666667 0.029166666666666667
0 0.2677083333333333 0.34074074074074073 0.029166666666666667 0.029166666666666667
0 0.3416666666666667 0.3398148148148148 0.029166666666666667 0.029166666666666667
0 0.41770833333333335 0.3398148148148148 0.029166666666666667 0.029166666666666667
0 0.49583333333333335 0.3384259259259259 0.029166666666666667 0.029166666666666667
0 0.5760416666666667 0.3384259259259259 0.029166666666666667 0.029166666666666667
0 0.659375 0.3375 0.029166666666666667 0.029166666666666667
0 0.74375 0.3375 0.029166666666666667 0.029166666666666667
0 0.2791666666666667 0.27175925925925926 0.029166666666666667 0.029166666666666667
0 0.35208333333333336 0.2708333333333333 0.029166666666666667 0.029166666666666667
0 0.42604166666666665 0.26851851851851855 0.029166666666666667 0.029166666666666667
0 0.503125 0.2675925925925926 0.029166666666666667 0.029166666666666667
0 0.58125 0.2657407407407407 0.029166666666666667 0.029166666666666667
0 0.6625 0.26481481481481484 0.029166666666666667 0.029166666666666667
0 0.7447916666666666 0.2625 0.029166666666666667 0.029166666666666667
0 0.28958333333333336 0.2064814814814815 0.029166666666666667 0.029166666666666667
0 0.3614583333333333 0.20416666666666666 0.029166666666666667 0.029166666666666667
0 0.434375 0.20185185185185187 0.029166666666666667 0.029166666666666667
0 0.509375 0.19907407407407407 0.029166666666666667 0.029166666666666667
0 0.5864583333333333 0.19675925925925927 0.029166666666666667 0.029166666666666667
0 0.665625 0.19490740740740742 0.029166666666666667 0.029166666666666667
0 0.7458333333333333 0.19166666666666668 0.029166666666666667 0.029166666666666667