0 0.2708333333333333 0.2175925925925926 0.035416666666666666 0.03518518518518519
0 0.3458333333333333 0.21666666666666667 0.035416666666666666 0.03518518518518519
0 0.4197916666666667 0.21666666666666667 0.035416666666666666 0.03518518518518519
0 0.4947916666666667 0.21666666666666667 0.035416666666666666 0.03518518518518519
0 0.5697916666666667 0.21666666666666667 0.035416666666666666 0.03518518518518519
0 0.6447916666666667 0.21574074074074073 0.035416666666666666 0.03518518518518519
0 0.7197916666666667 0.21574074074074073 0.035416666666666666 0.03518518518518519
0 0.2625 0.26990740740740743 0.035416666666666666 0.03518518518518519
0 0.33958333333333335 0.26990740740740743 0.035416666666666666 0.03518518518518519
0 0.41770833333333335 0.26851851851851855 0.035416666666666666 0.03518518518518519
0 0.49583333333333335 0.26851851851851855 0.035416666666666666 0.03518518518518519
0 0.5739583333333333 0.26851851851851855 0.035416666666666666 0.03518518518518519
0 0.6520833333333333 0.2675925925925926 0.035416666666666666 0.03518518518518519
0 0.7302083333333333 0.2675925925925926 0.035416666666666666 0.03518518518518519
0 0.253125 0.32592592592592595 0.035416666666666666 0.03518518518518519
0 0.334375 0.32592592592592595 0.035416666666666666 0.03518518518518519
0 0.415625 0.32592592592592595 0.035416666666666666 0.03518518518518519
0 0.496875 0.325 0.035416666666666666 0.03518518518518519
0 0.578125 0.325 0.035416666666666666 0.03518518518518519
0 0.659375 0.325 0.035416666666666666 0.03518518518518519
0 0.740625 0.325 0.035416666666666666 0.03518518518518519
0 0.24375 0.38842592592592595 0.035416666666666666 0.03518518518518519
0 0.328125 0.3875 0.035416666666666666 0.03518518518518519
0 0.41354166666666664 0.3875 0.035416666666666666 0.03518518518518519
0 0.4979166666666667 0.3875 0.035416666666666666 0.03518518518518519
0 0.5833333333333334 0.38657407407407407 0.035416666666666666 0.03518518518518519
0 0.6677083333333333 0.38657407407407407 0.035416666666666666 0.03518518518518519
0 0.7520833333333333 0.38657407407407407 0.035416666666666666 0.03518518518518519
0 0.23229166666666667 0.4550925925925926 0.035416666666666666 0.03518518518518519
0 0.321875 0.4550925925925926 0.035416666666666666 0.03518518518518519
0 0.41041666666666665 0.4550925925925926 0.035416666666666666 0.03518518518518519
0 0.49895833333333334 0.45416666666666666 0.035416666666666666 0.03518518518518519
0 0.5875 0.45416666666666666 0.035416666666666666 0.03518518518518519
0 0.6770833333333334 0.45416666666666666 0.035416666666666666 0.03518518518518519
0 0.765625 0.4532407407407407 0.035416666666666666 0.03518518518518519
0 0.22083333333333333 0.5291666666666667 0.035416666666666666 0.03518518518518519
0 0.3145833333333333 0.5291666666666667 0.035416666666666666 0.03518518518518519
0 0.40729166666666666 0.5291666666666667 0.035416666666666666 0.03518518518518519
0 0.5 0.5282407407407408 0.035416666666666666 0.03518518518518519
0 0.59375 0.5282407407407408 0.035416666666666666 0.03518518518518519
0 0.6864583333333333 0.5268518518518519 0.035416666666666666 0.03518518518518519
0 0.7791666666666667 0.5268518518518519 0.035416666666666666 0.03518518518518519
0 0.20833333333333334 0.611574074074074 0.035416666666666666 0.03518518518518519
0 0.30625 0.6101851851851852 0.035416666666666666 0.03518518518518519
0 0.4041666666666667 0.6101851851851852 0.035416666666666666 0.03518518518518519
0 0.5020833333333333 0.6092592592592593 0.035416666666666666 0.03518518518518519
0 0.6 0.6092592592592593 0.035416666666666666 0.03518518518518519
0 0.6979166666666666 0.6092592592592593 0.035416666666666666 0.03518518518518519
0 0.7947916666666667 0.6083333333333333 0.035416666666666666 0.03518518518518519