0 0.30520833333333336 0.7291666666666666 0.029166666666666667 0.029166666666666667
0 0.39791666666666664 0.7217592592592592 0.029166666666666667 0.029166666666666667
0 0.48854166666666665 0.7157407407407408 0.029166666666666667 0.029166666666666667
0 0.5770833333333333 0.7092592592592593 0.029166666666666667 0.029166666666666667
0 0.6635416666666667 0.7018518518518518 0.029166666666666667 0.029166666666666667
0 0.7479166666666667 0.6958333333333333 0.029166666666666667 0.029166666666666667
0 0.83125 0.6898148148148148 0.029166666666666667 0.029166666666666667
0 0.303125 0.638425925925926 0.029166666666666667 0.029166666666666667
0 0.3927083333333333 0.6324074074074074 0.029166666666666667 0.029166666666666667
0 0.48125 0.6268518518518519 0.029166666666666667 0.029166666666666667
0 0.5677083333333334 0.6217592592592592 0.029166666666666667 0.029166666666666667
0 0.653125 0.6157407407407407 0.029166666666666667 0.029166666666666667
0 0.7354166666666667 0.6101851851851852 0.029166666666666667 0.029166666666666667
0 0.8166666666666667 0.6064814814814815 0.029166666666666667 0.029166666666666667
0 0.3 0.5509259259259259 0.029166666666666667 0.029166666666666667
0 0.3885416666666667 0.5467592592592593 0.029166666666666667 0.029166666666666667
0 0.475 0.5425925925925926 0.029166666666666667 0.029166666666666667
0 0.559375 0.5375 0.029166666666666667 0.029166666666666667
0 0.6427083333333333 0.5333333333333333 0.029166666666666667 0.029166666666666667
0 0.7239583333333334 0.5291666666666667 0.029166666666666667 0.029166666666666667
0 0.803125 0.525 0.029166666666666667 0.029166666666666667
0 0.29791666666666666 0.4685185185185185 0.029166666666666667 0.029166666666666667
0 0.384375 0.46574074074074073 0.029166666666666667 0.029166666666666667
0 0.46875 0.4615740740740741 0.029166666666666667 0.029166666666666667
0 0.5510416666666667 0.4583333333333333 0.029166666666666667 0.029166666666666667
0 0.6322916666666667 0.45416666666666666 0.029166666666666667 0.029166666666666667
0 0.7125 0.45092592592592595 0.029166666666666667 0.029166666666666667
0 0.7895833333333333 0.44814814814814813 0.029166666666666667 0.029166666666666667
0 0.2947916666666667 0.38981481481481484 0.029166666666666667 0.029166666666666667
0 0.3802083333333333 0.3875 0.029166666666666667 0.029166666666666667
0 0.4625 0.38425925925925924 0.029166666666666667 0.029166666666666667
0 0.54375 0.3814814814814815 0.029166666666666667 0.029166666666666667
0 0.6229166666666667 0.37916666666666665 0.029166666666666667 0.029166666666666667
0 0.7010416666666667 0.37592592592592594 0.029166666666666667 0.029166666666666667
0 0.7770833333333333 0.37407407407407406 0.029166666666666667 0.029166666666666667
0 0.29270833333333335 0.3148148148148148 0.029166666666666667 0.029166666666666667
0 0.37604166666666666 0.3125 0.029166666666666667 0.029166666666666667
0 0.45625 0.3101851851851852 0.029166666666666667 0.029166666666666667
0 0.5364583333333334 0.30833333333333335 0.029166666666666667 0.029166666666666667
0 0.6135416666666667 0.30648148148148147 0.029166666666666667 0.029166666666666667
0 0.690625 0.3050925925925926 0.029166666666666667 0.029166666666666667
0 0.765625 0.30324074074074076 0.029166666666666667 0.029166666666666667
0 0.290625 0.24166666666666667 0.029166666666666667 0.029166666666666667
0 0.371875 0.24074074074074073 0.029166666666666667 0.029166666666666667
0 0.4510416666666667 0.23981481481481481 0.029166666666666667 0.029166666666666667
0 0.5291666666666667 0.23842592592592593 0.029166666666666667 0.029166666666666667
0 0.6052083333333333 0.2375 0.029166666666666667 0.029166666666666667
0 0.6802083333333333 0.23657407407407408 0.029166666666666667 0.029166666666666667
0 0.7541666666666667 0.2351851851851852 0.029166666666666667 0.029166666666666667