0 0.2989583333333333 0.2949074074074074 0.03333333333333333 0.03333333333333333
0 0.290625 0.35 0.03333333333333333 0.03333333333333333
0 0.28125 0.4083333333333333 0.03333333333333333 0.03333333333333333
0 0.2708333333333333 0.47175925925925927 0.03333333333333333 0.03333333333333333
0 0.259375 0.5407407407407407 0.03333333333333333 0.03333333333333333
0 0.24791666666666667 0.6157407407407407 0.03333333333333333 0.03333333333333333
0 0.234375 0.6981481481481482 0.03333333333333333 0.03333333333333333
0 0.37083333333333335 0.2949074074074074 0.03333333333333333 0.03333333333333333
0 0.365625 0.3490740740740741 0.03333333333333333 0.03333333333333333
0 0.35833333333333334 0.4074074074074074 0.03333333333333333 0.03333333333333333
0 0.35208333333333336 0.47175925925925927 0.03333333333333333 0.03333333333333333
0 0.34479166666666666 0.5407407407407407 0.03333333333333333 0.03333333333333333
0 0.33645833333333336 0.6157407407407407 0.03333333333333333 0.03333333333333333
0 0.32708333333333334 0.6990740740740741 0.03333333333333333 0.03333333333333333
0 0.44375 0.2935185185185185 0.03333333333333333 0.03333333333333333
0 0.440625 0.34814814814814815 0.03333333333333333 0.03333333333333333
0 0.4375 0.4074074074074074 0.03333333333333333 0.03333333333333333
0 0.43333333333333335 0.4708333333333333 0.03333333333333333 0.03333333333333333
0 0.42916666666666664 0.5407407407407407 0.03333333333333333 0.03333333333333333
0 0.425 0.6157407407407407 0.03333333333333333 0.03333333333333333
0 0.42083333333333334 0.6990740740740741 0.03333333333333333 0.03333333333333333
0 0.5166666666666667 0.2935185185185185 0.03333333333333333 0.03333333333333333
0 0.515625 0.34814814814814815 0.03333333333333333 0.03333333333333333
0 0.515625 0.4074074074074074 0.03333333333333333 0.03333333333333333
0 0.515625 0.4708333333333333 0.03333333333333333 0.03333333333333333
0 0.5145833333333333 0.5407407407407407 0.03333333333333333 0.03333333333333333
0 0.5145833333333333 0.6157407407407407 0.03333333333333333 0.03333333333333333
0 0.5135416666666667 0.6990740740740741 0.03333333333333333 0.03333333333333333
0 0.5895833333333333 0.29259259259259257 0.03333333333333333 0.03333333333333333
0 0.5916666666666667 0.34675925925925927 0.03333333333333333 0.03333333333333333
0 0.5947916666666667 0.4064814814814815 0.03333333333333333 0.03333333333333333
0 0.5979166666666667 0.4708333333333333 0.03333333333333333 0.03333333333333333
0 0.6010416666666667 0.5398148148148149 0.03333333333333333 0.03333333333333333
0 0.6041666666666666 0.6157407407407407 0.03333333333333333 0.03333333333333333
0 0.6083333333333333 0.6990740740740741 0.03333333333333333 0.03333333333333333
0 0.6625 0.2916666666666667 0.03333333333333333 0.03333333333333333
0 0.66875 0.34675925925925927 0.03333333333333333 0.03333333333333333
0 0.6739583333333333 0.4064814814814815 0.03333333333333333 0.03333333333333333
0 0.6802083333333333 0.4699074074074074 0.03333333333333333 0.03333333333333333
0 0.6875 0.5398148148148149 0.03333333333333333 0.03333333333333333
0 0.6947916666666667 0.6157407407407407 0.03333333333333333 0.03333333333333333
0 0.703125 0.7 0.03333333333333333 0.03333333333333333
0 0.7364583333333333 0.2916666666666667 0.03333333333333333 0.03333333333333333
0 0.7447916666666666 0.3458333333333333 0.03333333333333333 0.03333333333333333
0 0.7541666666666667 0.4050925925925926 0.03333333333333333 0.03333333333333333
0 0.7635416666666667 0.4699074074074074 0.03333333333333333 0.03333333333333333
0 0.7739583333333333 0.5398148148148149 0.03333333333333333 0.03333333333333333
0 0.7854166666666667 0.6157407407407407 0.03333333333333333 0.03333333333333333
0 0.7979166666666667 0.7 0.03333333333333333 0.03333333333333333