0 0.2552083333333333 0.19583333333333333 0.035416666666666666 0.03518518518518519
0 0.33125 0.19675925925925927 0.035416666666666666 0.03518518518518519
0 0.40729166666666666 0.19675925925925927 0.035416666666666666 0.03518518518518519
0 0.4822916666666667 0.19814814814814816 0.035416666666666666 0.03518518518518519
0 0.5583333333333333 0.19814814814814816 0.035416666666666666 0.03518518518518519
0 0.6333333333333333 0.19907407407407407 0.035416666666666666 0.03518518518518519
0 0.709375 0.19907407407407407 0.035416666666666666 0.03518518518518519
0 0.24583333333333332 0.25 0.035416666666666666 0.03518518518518519
0 0.325 0.25 0.035416666666666666 0.03518518518518519
0 0.4041666666666667 0.25092592592592594 0.035416666666666666 0.03518518518518519
0 0.4822916666666667 0.25092592592592594 0.035416666666666666 0.03518518518518519
0 0.5614583333333333 0.25092592592592594 0.035416666666666666 0.03518518518518519
0 0.6395833333333333 0.2518518518518518 0.035416666666666666 0.03518518518518519
0 0.71875 0.2518518518518518 0.035416666666666666 0.03518518518518519
0 0.23645833333333333 0.3074074074074074 0.035416666666666666 0.03518518518518519
0 0.31875 0.30833333333333335 0.035416666666666666 0.03518518518518519
0 0.4010416666666667 0.30833333333333335 0.035416666666666666 0.03518518518518519
0 0.48333333333333334 0.30925925925925923 0.035416666666666666 0.03518518518518519
0 0.5645833333333333 0.30925925925925923 0.035416666666666666 0.03518518518518519
0 0.646875 0.30925925925925923 0.035416666666666666 0.03518518518518519
0 0.728125 0.3101851851851852 0.035416666666666666 0.03518518518518519
0 0.22604166666666667 0.37083333333333335 0.035416666666666666 0.03518518518518519
0 0.31145833333333334 0.37083333333333335 0.035416666666666666 0.03518518518518519
0 0.39791666666666664 0.37175925925925923 0.035416666666666666 0.03518518518518519
0 0.48333333333333334 0.37175925925925923 0.035416666666666666 0.03518518518518519
0 0.56875 0.3731481481481482 0.035416666666666666 0.03518518518518519
0 0.6541666666666667 0.3731481481481482 0.035416666666666666 0.03518518518518519
0 0.7395833333333334 0.3731481481481482 0.035416666666666666 0.03518518518518519
0 0.21458333333333332 0.4398148148148148 0.035416666666666666 0.03518518518518519
0 0.30416666666666664 0.44074074074074077 0.035416666666666666 0.03518518518518519
0 0.39375 0.44074074074074077 0.035416666666666666 0.03518518518518519
0 0.48333333333333334 0.44074074074074077 0.035416666666666666 0.03518518518518519
0 0.5729166666666666 0.44166666666666665 0.035416666666666666 0.03518518518518519
0 0.6625 0.44166666666666665 0.035416666666666666 0.03518518518518519
0 0.7510416666666667 0.44166666666666665 0.035416666666666666 0.03518518518518519
0 0.20104166666666667 0.5157407407407407 0.035416666666666666 0.03518518518518519
0 0.29583333333333334 0.5157407407407407 0.035416666666666666 0.03518518518518519
0 0.38958333333333334 0.5157407407407407 0.035416666666666666 0.03518518518518519
0 0.48333333333333334 0.5166666666666667 0.035416666666666666 0.03518518518518519
0 0.5770833333333333 0.5166666666666667 0.035416666666666666 0.03518518518518519
0 0.6708333333333333 0.5166666666666667 0.035416666666666666 0.03518518518518519
0 0.7645833333333333 0.5175925925925926 0.035416666666666666 0.03518518518518519
0 0.1875 0.5990740740740741 0.035416666666666666 0.03518518518518519
0 0.2864583333333333 0.5990740740740741 0.035416666666666666 0.03518518518518519
0 0.3854166666666667 0.5990740740740741 0.035416666666666666 0.03518518518518519
0 0.48333333333333334 0.5990740740740741 0.035416666666666666 0.03518518518518519
0 0.5822916666666667 0.6 0.035416666666666666 0.03518518518518519
0 0.6802083333333333 0.6 0.035416666666666666 0.03518518518518519
0 0.7791666666666667 0.6 0.035416666666666666 0.03518518518518519