0 0.6854166666666667 0.175 0.025 0.03333333333333333
0 0.61875 0.175 0.025 0.03333333333333333
0 0.5510416666666667 0.1763888888888889 0.025 0.03333333333333333
0 0.4822916666666667 0.1763888888888889 0.025 0.03333333333333333
0 0.41354166666666664 0.17777777777777778 0.025 0.03333333333333333
0 0.34479166666666666 0.17777777777777778 0.025 0.03333333333333333
0 0.275 0.17916666666666667 0.025 0.03333333333333333
0 0.6979166666666666 0.2388888888888889 0.025 0.03333333333333333
0 0.628125 0.24027777777777778 0.025 0.03333333333333333
0 0.5572916666666666 0.24027777777777778 0.025 0.03333333333333333
0 0.48541666666666666 0.24166666666666667 0.025 0.03333333333333333
0 0.41354166666666664 0.24305555555555555 0.025 0.03333333333333333
0 0.340625 0.24444444444444444 0.025 0.03333333333333333
0 0.26666666666666666 0.24583333333333332 0.025 0.03333333333333333
0 0.7114583333333333 0.30833333333333335 0.025 0.03333333333333333
0 0.6375 0.30972222222222223 0.025 0.03333333333333333
0 0.5635416666666667 0.3111111111111111 0.025 0.03333333333333333
0 0.48854166666666665 0.3138888888888889 0.025 0.03333333333333333
0 0.4125 0.31527777777777777 0.025 0.03333333333333333
0 0.33645833333333336 0.31666666666666665 0.025 0.03333333333333333
0 0.25833333333333336 0.31805555555555554 0.025 0.03333333333333333
0 0.7260416666666667 0.3861111111111111 0.025 0.03333333333333333
0 0.6489583333333333 0.3888888888888889 0.025 0.03333333333333333
0 0.5708333333333333 0.3902777777777778 0.025 0.03333333333333333
0 0.49166666666666664 0.39305555555555555 0.025 0.03333333333333333
0 0.4114583333333333 0.39444444444444443 0.025 0.03333333333333333
0 0.33125 0.3958333333333333 0.025 0.03333333333333333
0 0.25 0.39861111111111114 0.025 0.03333333333333333
0 0.7427083333333333 0.4736111111111111 0.025 0.03333333333333333
0 0.6614583333333334 0.475 0.025 0.03333333333333333
0 0.578125 0.4777777777777778 0.025 0.03333333333333333
0 0.4947916666666667 0.48055555555555557 0.025 0.03333333333333333
0 0.41041666666666665 0.48333333333333334 0.025 0.03333333333333333
0 0.325 0.4861111111111111 0.025 0.03333333333333333
0 0.23958333333333334 0.4888888888888889 0.025 0.03333333333333333
0 0.7614583333333333 0.5694444444444444 0.025 0.03333333333333333
0 0.675 0.5722222222222222 0.025 0.03333333333333333
0 0.5875 0.5763888888888888 0.025 0.03333333333333333
0 0.49895833333333334 0.5791666666666667 0.025 0.03333333333333333
0 0.409375 0.5819444444444445 0.025 0.03333333333333333
0 0.31979166666666664 0.5861111111111111 0.025 0.03333333333333333
0 0.228125 0.5888888888888889 0.025 0.03333333333333333
0 0.7822916666666667 0.6777777777777778 0.025 0.03333333333333333
0 0.690625 0.6819444444444445 0.025 0.03333333333333333
0 0.5979166666666667 0.6861111111111111 0.025 0.03333333333333333
0 0.5041666666666667 0.6902777777777778 0.025 0.03333333333333333
0 0.4083333333333333 0.6944444444444444 0.025 0.03333333333333333
0 0.3125 0.6986111111111111 0.025 0.03333333333333333
0 0.21458333333333332 0.7027777777777777 0.025 0.03333333333333333