0 0.30520833333333336 0.375 0.01875 0.025
0 0.2989583333333333 0.4375 0.01875 0.025
0 0.29375 0.5055555555555555 0.01875 0.025
0 0.2875 0.5763888888888888 0.01875 0.025
0 0.28125 0.6527777777777778 0.01875 0.025
0 0.27395833333333336 0.7333333333333333 0.01875 0.025
0 0.26666666666666666 0.8194444444444444 0.01875 0.025
0 0.36770833333333336 0.375 0.01875 0.025
0 0.3645833333333333 0.4388888888888889 0.01875 0.025
0 0.36041666666666666 0.5055555555555555 0.01875 0.025
0 0.35625 0.5777777777777777 0.01875 0.025
0 0.35208333333333336 0.6527777777777778 0.01875 0.025
0 0.34791666666666665 0.7333333333333333 0.01875 0.025
0 0.34270833333333334 0.8194444444444444 0.01875 0.025
0 0.43125 0.3763888888888889 0.01875 0.025
0 0.42916666666666664 0.4388888888888889 0.01875 0.025
0 0.4270833333333333 0.5069444444444444 0.01875 0.025
0 0.425 0.5777777777777777 0.01875 0.025
0 0.42291666666666666 0.6541666666666667 0.01875 0.025
0 0.42083333333333334 0.7347222222222223 0.01875 0.025
0 0.41875 0.8208333333333333 0.01875 0.025
0 0.4947916666666667 0.3763888888888889 0.01875 0.025
0 0.4947916666666667 0.44027777777777777 0.01875 0.025
0 0.4947916666666667 0.5083333333333333 0.01875 0.025
0 0.4947916666666667 0.5791666666666667 0.01875 0.025
0 0.4947916666666667 0.6555555555555556 0.01875 0.025
0 0.4947916666666667 0.7361111111111112 0.01875 0.025
0 0.49375 0.8222222222222222 0.01875 0.025
0 0.5583333333333333 0.37777777777777777 0.01875 0.025
0 0.5604166666666667 0.44166666666666665 0.01875 0.025
0 0.5614583333333333 0.5083333333333333 0.01875 0.025
0 0.5635416666666667 0.5805555555555556 0.01875 0.025
0 0.565625 0.6555555555555556 0.01875 0.025
0 0.5677083333333334 0.7361111111111112 0.01875 0.025
0 0.5697916666666667 0.8222222222222222 0.01875 0.025
0 0.621875 0.37777777777777777 0.01875 0.025
0 0.625 0.44166666666666665 0.01875 0.025
0 0.6291666666666667 0.5097222222222222 0.01875 0.025
0 0.6322916666666667 0.5805555555555556 0.01875 0.025
0 0.6364583333333333 0.6569444444444444 0.01875 0.025
0 0.6416666666666667 0.7375 0.01875 0.025
0 0.6458333333333334 0.8236111111111111 0.01875 0.025
0 0.6854166666666667 0.37916666666666665 0.01875 0.025
0 0.690625 0.44305555555555554 0.01875 0.025
0 0.6958333333333333 0.5097222222222222 0.01875 0.025
0 0.7020833333333333 0.5819444444444445 0.01875 0.025
0 0.7083333333333334 0.6569444444444444 0.01875 0.025
0 0.7145833333333333 0.7388888888888889 0.01875 0.025
0 0.721875 0.825 0.01875 0.025