0 0.69375 0.15555555555555556 0.022916666666666665 0.03425925925925926
0 0.61875 0.15555555555555556 0.022916666666666665 0.03425925925925926
0 0.54375 0.15416666666666667 0.022916666666666665 0.03425925925925926
0 0.4666666666666667 0.1527777777777778 0.022916666666666665 0.03425925925925926
0 0.38958333333333334 0.15092592592592594 0.022916666666666665 0.03425925925925926
0 0.31145833333333334 0.15092592592592594 0.022916666666666665 0.03425925925925926
0 0.23333333333333334 0.14953703703703702 0.022916666666666665 0.03425925925925926
0 0.70625 0.2351851851851852 0.022916666666666665 0.03425925925925926
0 0.6291666666666667 0.2351851851851852 0.022916666666666665 0.03425925925925926
0 0.55 0.2337962962962963 0.022916666666666665 0.03425925925925926
0 0.4708333333333333 0.2337962962962963 0.022916666666666665 0.03425925925925926
0 0.390625 0.23194444444444445 0.022916666666666665 0.03425925925925926
0 0.309375 0.23194444444444445 0.022916666666666665 0.03425925925925926
0 0.228125 0.23055555555555557 0.022916666666666665 0.03425925925925926
0 0.7197916666666667 0.32083333333333336 0.022916666666666665 0.03425925925925926
0 0.6385416666666667 0.32083333333333336 0.022916666666666665 0.03425925925925926
0 0.5572916666666666 0.3194444444444444 0.022916666666666665 0.03425925925925926
0 0.475 0.3194444444444444 0.022916666666666665 0.03425925925925926
0 0.39166666666666666 0.3194444444444444 0.022916666666666665 0.03425925925925926
0 0.3072916666666667 0.3194444444444444 0.022916666666666665 0.03425925925925926
0 0.22291666666666668 0.3194444444444444 0.022916666666666665 0.03425925925925926
0 0.7333333333333333 0.412962962962963 0.022916666666666665 0.03425925925925926
0 0.65 0.412962962962963 0.022916666666666665 0.03425925925925926
0 0.565625 0.412962962962963 0.022916666666666665 0.03425925925925926
0 0.4791666666666667 0.412962962962963 0.022916666666666665 0.03425925925925926
0 0.3927083333333333 0.412962962962963 0.022916666666666665 0.03425925925925926
0 0.30520833333333336 0.41435185185185186 0.022916666666666665 0.03425925925925926
0 0.21666666666666667 0.41435185185185186 0.022916666666666665 0.03425925925925926
0 0.7489583333333333 0.5125 0.022916666666666665 0.03425925925925926
0 0.6614583333333334 0.5125 0.022916666666666665 0.03425925925925926
0 0.5739583333333333 0.5138888888888888 0.022916666666666665 0.03425925925925926
0 0.484375 0.5138888888888888 0.022916666666666665 0.03425925925925926
0 0.39479166666666665 0.5157407407407407 0.022916666666666665 0.03425925925925926
0 0.303125 0.5171296296296296 0.022916666666666665 0.03425925925925926
0 0.21041666666666667 0.5171296296296296 0.022916666666666665 0.03425925925925926
0 0.765625 0.6199074074074075 0.022916666666666665 0.03425925925925926
0 0.675 0.6212962962962963 0.022916666666666665 0.03425925925925926
0 0.5822916666666667 0.6231481481481481 0.022916666666666665 0.03425925925925926
0 0.4895833333333333 0.624537037037037 0.022916666666666665 0.03425925925925926
0 0.3958333333333333 0.6263888888888889 0.022916666666666665 0.03425925925925926
0 0.3 0.6277777777777778 0.022916666666666665 0.03425925925925926
0 0.20416666666666666 0.6291666666666667 0.022916666666666665 0.03425925925925926
0 0.7833333333333333 0.7384259259259259 0.022916666666666665 0.03425925925925926
0 0.6885416666666667 0.7398148148148148 0.022916666666666665 0.03425925925925926
0 0.5927083333333333 0.7430555555555556 0.022916666666666665 0.03425925925925926
0 0.49583333333333335 0.7462962962962963 0.022916666666666665 0.03425925925925926
0 0.396875 0.7476851851851852 0.022916666666666665 0.03425925925925926
0 0.296875 0.7509259259259259 0.022916666666666665 0.03425925925925926
0 0.19583333333333333 0.7523148148148148 0.022916666666666665 0.03425925925925926