0 0.70625 0.16064814814814815 0.022916666666666665 0.03425925925925926
0 0.6302083333333334 0.16064814814814815 0.022916666666666665 0.03425925925925926
0 0.553125 0.1587962962962963 0.022916666666666665 0.03425925925925926
0 0.47708333333333336 0.1587962962962963 0.022916666666666665 0.03425925925925926
0 0.4 0.1587962962962963 0.022916666666666665 0.03425925925925926
0 0.3229166666666667 0.1587962962962963 0.022916666666666665 0.03425925925925926
0 0.24479166666666666 0.1587962962962963 0.022916666666666665 0.03425925925925926
0 0.7177083333333333 0.23981481481481481 0.022916666666666665 0.03425925925925926
0 0.6385416666666667 0.23981481481481481 0.022916666666666665 0.03425925925925926
0 0.559375 0.23981481481481481 0.022916666666666665 0.03425925925925926
0 0.4791666666666667 0.23981481481481481 0.022916666666666665 0.03425925925925926
0 0.4 0.23981481481481481 0.022916666666666665 0.03425925925925926
0 0.31979166666666664 0.23981481481481481 0.022916666666666665 0.03425925925925926
0 0.23958333333333334 0.23981481481481481 0.022916666666666665 0.03425925925925926
0 0.7302083333333333 0.32546296296296295 0.022916666666666665 0.03425925925925926
0 0.6479166666666667 0.32546296296296295 0.022916666666666665 0.03425925925925926
0 0.565625 0.32546296296296295 0.022916666666666665 0.03425925925925926
0 0.48333333333333334 0.32546296296296295 0.022916666666666665 0.03425925925925926
0 0.4 0.32546296296296295 0.022916666666666665 0.03425925925925926
0 0.31666666666666665 0.32546296296296295 0.022916666666666665 0.03425925925925926
0 0.23333333333333334 0.32546296296296295 0.022916666666666665 0.03425925925925926
0 0.7427083333333333 0.41898148148148145 0.022916666666666665 0.03425925925925926
0 0.6583333333333333 0.41898148148148145 0.022916666666666665 0.03425925925925926
0 0.571875 0.41898148148148145 0.022916666666666665 0.03425925925925926
0 0.4864583333333333 0.41898148148148145 0.022916666666666665 0.03425925925925926
0 0.4 0.4203703703703704 0.022916666666666665 0.03425925925925926
0 0.31354166666666666 0.4203703703703704 0.022916666666666665 0.03425925925925926
0 0.22708333333333333 0.4203703703703704 0.022916666666666665 0.03425925925925926
0 0.7572916666666667 0.5203703703703704 0.022916666666666665 0.03425925925925926
0 0.66875 0.5203703703703704 0.022916666666666665 0.03425925925925926
0 0.5791666666666667 0.5203703703703704 0.022916666666666665 0.03425925925925926
0 0.4895833333333333 0.5203703703703704 0.022916666666666665 0.03425925925925926
0 0.4 0.5217592592592593 0.022916666666666665 0.03425925925925926
0 0.3104166666666667 0.5217592592592593 0.022916666666666665 0.03425925925925926
0 0.21979166666666666 0.5217592592592593 0.022916666666666665 0.03425925925925926
0 0.7729166666666667 0.6291666666666667 0.022916666666666665 0.03425925925925926
0 0.6802083333333333 0.6291666666666667 0.022916666666666665 0.03425925925925926
0 0.5875 0.6310185185185185 0.022916666666666665 0.03425925925925926
0 0.49375 0.6310185185185185 0.022916666666666665 0.03425925925925926
0 0.4 0.6324074074074074 0.022916666666666665 0.03425925925925926
0 0.30625 0.6324074074074074 0.022916666666666665 0.03425925925925926
0 0.21145833333333333 0.6337962962962963 0.022916666666666665 0.03425925925925926
0 0.790625 0.7490740740740741 0.022916666666666665 0.03425925925925926
0 0.69375 0.7490740740740741 0.022916666666666665 0.03425925925925926
0 0.5958333333333333 0.7509259259259259 0.022916666666666665 0.03425925925925926
0 0.49895833333333334 0.7523148148148148 0.022916666666666665 0.03425925925925926
0 0.4 0.7523148148148148 0.022916666666666665 0.03425925925925926
0 0.3020833333333333 0.7537037037037037 0.022916666666666665 0.03425925925925926
0 0.203125 0.7537037037037037 0.022916666666666665 0.03425925925925926