0 0.7010416666666667 0.18611111111111112 0.025 0.03333333333333333
0 0.6322916666666667 0.18611111111111112 0.025 0.03333333333333333
0 0.5635416666666667 0.1875 0.025 0.03333333333333333
0 0.4947916666666667 0.18888888888888888 0.025 0.03333333333333333
0 0.42604166666666665 0.19027777777777777 0.025 0.03333333333333333
0 0.35625 0.19027777777777777 0.025 0.03333333333333333
0 0.2875 0.19166666666666668 0.025 0.03333333333333333
0 0.7114583333333333 0.25277777777777777 0.025 0.03333333333333333
0 0.6395833333333333 0.25277777777777777 0.025 0.03333333333333333
0 0.5666666666666667 0.25416666666666665 0.025 0.03333333333333333
0 0.4947916666666667 0.25555555555555554 0.025 0.03333333333333333
0 0.42291666666666666 0.2569444444444444 0.025 0.03333333333333333
0 0.35 0.25833333333333336 0.025 0.03333333333333333
0 0.278125 0.25972222222222224 0.025 0.03333333333333333
0 0.721875 0.325 0.025 0.03333333333333333
0 0.646875 0.3263888888888889 0.025 0.03333333333333333
0 0.5708333333333333 0.3277777777777778 0.025 0.03333333333333333
0 0.4947916666666667 0.32916666666666666 0.025 0.03333333333333333
0 0.41875 0.33055555555555555 0.025 0.03333333333333333
0 0.34270833333333334 0.33194444444444443 0.025 0.03333333333333333
0 0.26666666666666666 0.3333333333333333 0.025 0.03333333333333333
0 0.734375 0.40694444444444444 0.025 0.03333333333333333
0 0.6552083333333333 0.4083333333333333 0.025 0.03333333333333333
0 0.575 0.4097222222222222 0.025 0.03333333333333333
0 0.4947916666666667 0.4111111111111111 0.025 0.03333333333333333
0 0.41458333333333336 0.4125 0.025 0.03333333333333333
0 0.334375 0.41388888888888886 0.025 0.03333333333333333
0 0.25416666666666665 0.4152777777777778 0.025 0.03333333333333333
0 0.7479166666666667 0.49722222222222223 0.025 0.03333333333333333
0 0.6635416666666667 0.4986111111111111 0.025 0.03333333333333333
0 0.5791666666666667 0.5 0.025 0.03333333333333333
0 0.4947916666666667 0.5027777777777778 0.025 0.03333333333333333
0 0.41041666666666665 0.5041666666666667 0.025 0.03333333333333333
0 0.3260416666666667 0.5055555555555555 0.025 0.03333333333333333
0 0.240625 0.5069444444444444 0.025 0.03333333333333333
0 0.7635416666666667 0.5986111111111111 0.025 0.03333333333333333
0 0.6739583333333333 0.6 0.025 0.03333333333333333
0 0.584375 0.6027777777777777 0.025 0.03333333333333333
0 0.4947916666666667 0.6041666666666666 0.025 0.03333333333333333
0 0.40520833333333334 0.6055555555555555 0.025 0.03333333333333333
0 0.315625 0.6069444444444444 0.025 0.03333333333333333
0 0.22604166666666667 0.6097222222222223 0.025 0.03333333333333333
0 0.7802083333333333 0.7125 0.025 0.03333333333333333
0 0.6854166666666667 0.7152777777777778 0.025 0.03333333333333333
0 0.590625 0.7166666666666667 0.025 0.03333333333333333
0 0.49583333333333335 0.7194444444444444 0.025 0.03333333333333333
0 0.4 0.7208333333333333 0.025 0.03333333333333333
0 0.30416666666666664 0.7222222222222222 0.025 0.03333333333333333
0 0.20833333333333334 0.725 0.025 0.03333333333333333