0 0.70625 0.18888888888888888 0.025 0.03333333333333333
0 0.6385416666666667 0.19027777777777777 0.025 0.03333333333333333
0 0.5708333333333333 0.19027777777777777 0.025 0.03333333333333333
0 0.503125 0.19166666666666668 0.025 0.03333333333333333
0 0.4354166666666667 0.19305555555555556 0.025 0.03333333333333333
0 0.36770833333333336 0.19444444444444445 0.025 0.03333333333333333
0 0.30104166666666665 0.19444444444444445 0.025 0.03333333333333333
0 0.7166666666666667 0.25416666666666665 0.025 0.03333333333333333
0 0.6458333333333334 0.25555555555555554 0.025 0.03333333333333333
0 0.575 0.2569444444444444 0.025 0.03333333333333333
0 0.5041666666666667 0.2569444444444444 0.025 0.03333333333333333
0 0.43333333333333335 0.25833333333333336 0.025 0.03333333333333333
0 0.3625 0.25972222222222224 0.025 0.03333333333333333
0 0.2916666666666667 0.2611111111111111 0.025 0.03333333333333333
0 0.7291666666666666 0.3263888888888889 0.025 0.03333333333333333
0 0.6541666666666667 0.3277777777777778 0.025 0.03333333333333333
0 0.5791666666666667 0.32916666666666666 0.025 0.03333333333333333
0 0.5052083333333334 0.32916666666666666 0.025 0.03333333333333333
0 0.43125 0.33055555555555555 0.025 0.03333333333333333
0 0.35625 0.33194444444444443 0.025 0.03333333333333333
0 0.28229166666666666 0.3333333333333333 0.025 0.03333333333333333
0 0.7416666666666667 0.40694444444444444 0.025 0.03333333333333333
0 0.6625 0.40694444444444444 0.025 0.03333333333333333
0 0.584375 0.4083333333333333 0.025 0.03333333333333333
0 0.50625 0.4097222222222222 0.025 0.03333333333333333
0 0.428125 0.4111111111111111 0.025 0.03333333333333333
0 0.35 0.4125 0.025 0.03333333333333333
0 0.2708333333333333 0.4125 0.025 0.03333333333333333
0 0.7552083333333334 0.49444444444444446 0.025 0.03333333333333333
0 0.6729166666666667 0.49583333333333335 0.025 0.03333333333333333
0 0.5895833333333333 0.49722222222222223 0.025 0.03333333333333333
0 0.5072916666666667 0.4986111111111111 0.025 0.03333333333333333
0 0.425 0.5 0.025 0.03333333333333333
0 0.3416666666666667 0.5 0.025 0.03333333333333333
0 0.259375 0.5013888888888889 0.025 0.03333333333333333
0 0.7708333333333334 0.5944444444444444 0.025 0.03333333333333333
0 0.6833333333333333 0.5958333333333333 0.025 0.03333333333333333
0 0.5958333333333333 0.5958333333333333 0.025 0.03333333333333333
0 0.5083333333333333 0.5972222222222222 0.025 0.03333333333333333
0 0.42083333333333334 0.5986111111111111 0.025 0.03333333333333333
0 0.3333333333333333 0.6 0.025 0.03333333333333333
0 0.24583333333333332 0.6013888888888889 0.025 0.03333333333333333
0 0.7895833333333333 0.7055555555555556 0.025 0.03333333333333333
0 0.6958333333333333 0.7069444444444445 0.025 0.03333333333333333
0 0.603125 0.7083333333333334 0.025 0.03333333333333333
0 0.509375 0.7083333333333334 0.025 0.03333333333333333
0 0.4166666666666667 0.7097222222222223 0.025 0.03333333333333333
0 0.32395833333333335 0.7111111111111111 0.025 0.03333333333333333
0 0.23125 0.7125 0.025 0.03333333333333333