0 0.803125 0.15046296296296297 0.020833333333333332 0.03518518518518519
0 0.73125 0.15046296296296297 0.020833333333333332 0.03518518518518519
0 0.659375 0.15046296296296297 0.020833333333333332 0.03518518518518519
0 0.5875 0.15046296296296297 0.020833333333333332 0.03518518518518519
0 0.515625 0.15046296296296297 0.020833333333333332 0.03518518518518519
0 0.44375 0.15046296296296297 0.020833333333333332 0.03518518518518519
0 0.371875 0.15046296296296297 0.020833333333333332 0.03518518518518519
0 0.803125 0.23055555555555557 0.020833333333333332 0.03518518518518519
0 0.728125 0.23055555555555557 0.020833333333333332 0.03518518518518519
0 0.653125 0.23055555555555557 0.020833333333333332 0.03518518518518519
0 0.5791666666666667 0.23055555555555557 0.020833333333333332 0.03518518518518519
0 0.5041666666666667 0.23055555555555557 0.020833333333333332 0.03518518518518519
0 0.43020833333333336 0.23055555555555557 0.020833333333333332 0.03518518518518519
0 0.35520833333333335 0.23055555555555557 0.020833333333333332 0.03518518518518519
0 0.803125 0.31805555555555554 0.020833333333333332 0.03518518518518519
0 0.725 0.3162037037037037 0.020833333333333332 0.03518518518518519
0 0.6479166666666667 0.3162037037037037 0.020833333333333332 0.03518518518518519
0 0.5697916666666667 0.3162037037037037 0.020833333333333332 0.03518518518518519
0 0.49270833333333336 0.3162037037037037 0.020833333333333332 0.03518518518518519
0 0.41458333333333336 0.3162037037037037 0.020833333333333332 0.03518518518518519
0 0.3375 0.3162037037037037 0.020833333333333332 0.03518518518518519
0 0.803125 0.41064814814814815 0.020833333333333332 0.03518518518518519
0 0.721875 0.41064814814814815 0.020833333333333332 0.03518518518518519
0 0.6416666666666667 0.41064814814814815 0.020833333333333332 0.03518518518518519
0 0.5604166666666667 0.41064814814814815 0.020833333333333332 0.03518518518518519
0 0.4791666666666667 0.41064814814814815 0.020833333333333332 0.03518518518518519
0 0.39895833333333336 0.41064814814814815 0.020833333333333332 0.03518518518518519
0 0.3177083333333333 0.40925925925925927 0.020833333333333332 0.03518518518518519
0 0.803125 0.5138888888888888 0.020833333333333332 0.03518518518518519
0 0.71875 0.5120370370370371 0.020833333333333332 0.03518518518518519
0 0.634375 0.5120370370370371 0.020833333333333332 0.03518518518518519
0 0.55 0.5120370370370371 0.020833333333333332 0.03518518518518519
0 0.465625 0.5120370370370371 0.020833333333333332 0.03518518518518519
0 0.38125 0.5120370370370371 0.020833333333333332 0.03518518518518519
0 0.296875 0.5106481481481482 0.020833333333333332 0.03518518518518519
0 0.8041666666666667 0.6240740740740741 0.020833333333333332 0.03518518518518519
0 0.715625 0.6240740740740741 0.020833333333333332 0.03518518518518519
0 0.6270833333333333 0.6240740740740741 0.020833333333333332 0.03518518518518519
0 0.5385416666666667 0.6222222222222222 0.020833333333333332 0.03518518518518519
0 0.45 0.6222222222222222 0.020833333333333332 0.03518518518518519
0 0.3614583333333333 0.6222222222222222 0.020833333333333332 0.03518518518518519
0 0.27395833333333336 0.6222222222222222 0.020833333333333332 0.03518518518518519
0 0.8041666666666667 0.7462962962962963 0.020833333333333332 0.03518518518518519
0 0.7114583333333333 0.7462962962962963 0.020833333333333332 0.03518518518518519
0 0.61875 0.7449074074074075 0.020833333333333332 0.03518518518518519
0 0.5260416666666666 0.7449074074074075 0.020833333333333332 0.03518518518518519
0 0.43333333333333335 0.7449074074074075 0.020833333333333332 0.03518518518518519
0 0.340625 0.7449074074074075 0.020833333333333332 0.03518518518518519
0 0.24895833333333334 0.7430555555555556 0.020833333333333332 0.03518518518518519