0 0.33125 0.3902777777777778 0.01875 0.025
0 0.3260416666666667 0.44722222222222224 0.01875 0.025
0 0.32083333333333336 0.5083333333333333 0.01875 0.025
0 0.3145833333333333 0.5736111111111111 0.01875 0.025
0 0.30833333333333335 0.6416666666666667 0.01875 0.025
0 0.3020833333333333 0.7152777777777778 0.01875 0.025
0 0.2947916666666667 0.7944444444444444 0.01875 0.025
0 0.3927083333333333 0.39166666666666666 0.01875 0.025
0 0.38958333333333334 0.4486111111111111 0.01875 0.025
0 0.3854166666666667 0.5097222222222222 0.01875 0.025
0 0.38229166666666664 0.575 0.01875 0.025
0 0.378125 0.6444444444444445 0.01875 0.025
0 0.37395833333333334 0.7180555555555556 0.01875 0.025
0 0.3697916666666667 0.7958333333333333 0.01875 0.025
0 0.45416666666666666 0.39305555555555555 0.01875 0.025
0 0.453125 0.4513888888888889 0.01875 0.025
0 0.4510416666666667 0.5111111111111111 0.01875 0.025
0 0.45 0.5763888888888888 0.01875 0.025
0 0.4479166666666667 0.6458333333333334 0.01875 0.025
0 0.44583333333333336 0.7194444444444444 0.01875 0.025
0 0.44375 0.7972222222222223 0.01875 0.025
0 0.515625 0.39444444444444443 0.01875 0.025
0 0.5166666666666667 0.4527777777777778 0.01875 0.025
0 0.5166666666666667 0.5138888888888888 0.01875 0.025
0 0.5166666666666667 0.5777777777777777 0.01875 0.025
0 0.5177083333333333 0.6472222222222223 0.01875 0.025
0 0.5177083333333333 0.7208333333333333 0.01875 0.025
0 0.51875 0.8 0.01875 0.025
0 0.5770833333333333 0.3958333333333333 0.01875 0.025
0 0.5791666666666667 0.45416666666666666 0.01875 0.025
0 0.5822916666666667 0.5152777777777777 0.01875 0.025
0 0.584375 0.5791666666666667 0.01875 0.025
0 0.5875 0.6486111111111111 0.01875 0.025
0 0.5895833333333333 0.7222222222222222 0.01875 0.025
0 0.5927083333333333 0.8013888888888889 0.01875 0.025
0 0.6385416666666667 0.3972222222222222 0.01875 0.025
0 0.6427083333333333 0.45555555555555555 0.01875 0.025
0 0.646875 0.5166666666666667 0.01875 0.025
0 0.6520833333333333 0.5805555555555556 0.01875 0.025
0 0.65625 0.65 0.01875 0.025
0 0.6614583333333334 0.7236111111111111 0.01875 0.025
0 0.6677083333333333 0.8027777777777778 0.01875 0.025
0 0.7 0.39861111111111114 0.01875 0.025
0 0.70625 0.45694444444444443 0.01875 0.025
0 0.7125 0.5180555555555556 0.01875 0.025
0 0.71875 0.5833333333333334 0.01875 0.025
0 0.7260416666666667 0.6513888888888889 0.01875 0.025
0 0.7333333333333333 0.725 0.01875 0.025
0 0.7416666666666667 0.8041666666666667 0.01875 0.025