0 0.2947916666666667 0.18888888888888888 0.01875 0.03333333333333333
0 0.28958333333333336 0.27037037037037037 0.01875 0.03333333333333333
0 0.2833333333333333 0.3574074074074074 0.01875 0.03333333333333333
0 0.27708333333333335 0.45 0.01875 0.03333333333333333
0 0.26979166666666665 0.5518518518518518 0.01875 0.03333333333333333
0 0.2625 0.662962962962963 0.01875 0.03333333333333333
0 0.25416666666666665 0.7833333333333333 0.01875 0.03333333333333333
0 0.35520833333333335 0.19074074074074074 0.01875 0.03333333333333333
0 0.35208333333333336 0.2722222222222222 0.01875 0.03333333333333333
0 0.3489583333333333 0.3592592592592593 0.01875 0.03333333333333333
0 0.34479166666666666 0.45185185185185184 0.01875 0.03333333333333333
0 0.340625 0.5537037037037037 0.01875 0.03333333333333333
0 0.33645833333333336 0.6648148148148149 0.01875 0.03333333333333333
0 0.33125 0.7833333333333333 0.01875 0.03333333333333333
0 0.4166666666666667 0.1925925925925926 0.01875 0.03333333333333333
0 0.415625 0.2740740740740741 0.01875 0.03333333333333333
0 0.41354166666666664 0.3592592592592593 0.01875 0.03333333333333333
0 0.4125 0.4537037037037037 0.01875 0.03333333333333333
0 0.4114583333333333 0.5555555555555556 0.01875 0.03333333333333333
0 0.41041666666666665 0.6648148148148149 0.01875 0.03333333333333333
0 0.4083333333333333 0.7851851851851852 0.01875 0.03333333333333333
0 0.47604166666666664 0.19444444444444445 0.01875 0.03333333333333333
0 0.47708333333333336 0.2740740740740741 0.01875 0.03333333333333333
0 0.4791666666666667 0.3611111111111111 0.01875 0.03333333333333333
0 0.48020833333333335 0.45555555555555555 0.01875 0.03333333333333333
0 0.48125 0.5555555555555556 0.01875 0.03333333333333333
0 0.48333333333333334 0.6648148148148149 0.01875 0.03333333333333333
0 0.484375 0.7851851851851852 0.01875 0.03333333333333333
0 0.5364583333333334 0.1962962962962963 0.01875 0.03333333333333333
0 0.5395833333333333 0.2759259259259259 0.01875 0.03333333333333333
0 0.5427083333333333 0.362962962962963 0.01875 0.03333333333333333
0 0.546875 0.45740740740740743 0.01875 0.03333333333333333
0 0.5510416666666667 0.5574074074074075 0.01875 0.03333333333333333
0 0.5552083333333333 0.6666666666666666 0.01875 0.03333333333333333
0 0.5604166666666667 0.7851851851851852 0.01875 0.03333333333333333
0 0.5958333333333333 0.19814814814814816 0.01875 0.03333333333333333
0 0.6010416666666667 0.2777777777777778 0.01875 0.03333333333333333
0 0.6072916666666667 0.3648148148148148 0.01875 0.03333333333333333
0 0.6135416666666667 0.45740740740740743 0.01875 0.03333333333333333
0 0.6197916666666666 0.5592592592592592 0.01875 0.03333333333333333
0 0.6270833333333333 0.6666666666666666 0.01875 0.03333333333333333
0 0.6354166666666666 0.7851851851851852 0.01875 0.03333333333333333
0 0.6552083333333333 0.2 0.01875 0.03333333333333333
0 0.6625 0.2796296296296296 0.01875 0.03333333333333333
0 0.6708333333333333 0.36666666666666664 0.01875 0.03333333333333333
0 0.6791666666666667 0.45925925925925926 0.01875 0.03333333333333333
0 0.6885416666666667 0.5592592592592592 0.01875 0.03333333333333333
0 0.6989583333333333 0.6685185185185185 0.01875 0.03333333333333333
0 0.709375 0.7870370370370371 0.01875 0.03333333333333333