0 0.74375 0.25324074074074077 0.03333333333333333 0.03333333333333333
0 0.6625 0.25092592592592594 0.03333333333333333 0.03333333333333333
0 0.5822916666666667 0.2490740740740741 0.03333333333333333 0.03333333333333333
0 0.5041666666666667 0.24675925925925926 0.03333333333333333 0.03333333333333333
0 0.428125 0.2449074074074074 0.03333333333333333 0.03333333333333333
0 0.353125 0.24351851851851852 0.03333333333333333 0.03333333333333333
0 0.2791666666666667 0.24166666666666667 0.03333333333333333 0.03333333333333333
0 0.7427083333333333 0.32083333333333336 0.03333333333333333 0.03333333333333333
0 0.6583333333333333 0.3175925925925926 0.03333333333333333 0.03333333333333333
0 0.5770833333333333 0.31574074074074077 0.03333333333333333 0.03333333333333333
0 0.496875 0.3125 0.03333333333333333 0.03333333333333333
0 0.41770833333333335 0.3101851851851852 0.03333333333333333 0.03333333333333333
0 0.340625 0.3074074074074074 0.03333333333333333 0.03333333333333333
0 0.26458333333333334 0.3050925925925926 0.03333333333333333 0.03333333333333333
0 0.7416666666666667 0.3925925925925926 0.03333333333333333 0.03333333333333333
0 0.6552083333333333 0.38842592592592595 0.03333333333333333 0.03333333333333333
0 0.5708333333333333 0.3851851851851852 0.03333333333333333 0.03333333333333333
0 0.4875 0.3824074074074074 0.03333333333333333 0.03333333333333333
0 0.40625 0.37916666666666665 0.03333333333333333 0.03333333333333333
0 0.32708333333333334 0.375 0.03333333333333333 0.03333333333333333
0 0.25 0.37175925925925923 0.03333333333333333 0.03333333333333333
0 0.740625 0.4699074074074074 0.03333333333333333 0.03333333333333333
0 0.6510416666666666 0.4648148148148148 0.03333333333333333 0.03333333333333333
0 0.5635416666666667 0.4601851851851852 0.03333333333333333 0.03333333333333333
0 0.478125 0.4564814814814815 0.03333333333333333 0.03333333333333333
0 0.39479166666666665 0.45185185185185184 0.03333333333333333 0.03333333333333333
0 0.31354166666666666 0.44814814814814813 0.03333333333333333 0.03333333333333333
0 0.23333333333333334 0.44351851851851853 0.03333333333333333 0.03333333333333333
0 0.7395833333333334 0.5509259259259259 0.03333333333333333 0.03333333333333333
0 0.646875 0.5458333333333333 0.03333333333333333 0.03333333333333333
0 0.55625 0.5407407407407407 0.03333333333333333 0.03333333333333333
0 0.46875 0.5351851851851852 0.03333333333333333 0.03333333333333333
0 0.38229166666666664 0.5291666666666667 0.03333333333333333 0.03333333333333333
0 0.29791666666666666 0.525 0.03333333333333333 0.03333333333333333
0 0.215625 0.5199074074074074 0.03333333333333333 0.03333333333333333
0 0.7375 0.6398148148148148 0.03333333333333333 0.03333333333333333
0 0.6427083333333333 0.6324074074074074 0.03333333333333333 0.03333333333333333
0 0.5489583333333333 0.6259259259259259 0.03333333333333333 0.03333333333333333
0 0.4583333333333333 0.6199074074074075 0.03333333333333333 0.03333333333333333
0 0.36875 0.6125 0.03333333333333333 0.03333333333333333
0 0.28229166666666666 0.6064814814814815 0.03333333333333333 0.03333333333333333
0 0.196875 0.6 0.03333333333333333 0.03333333333333333
0 0.7364583333333333 0.7342592592592593 0.03333333333333333 0.03333333333333333
0 0.6375 0.725925925925926 0.03333333333333333 0.03333333333333333
0 0.540625 0.7175925925925926 0.03333333333333333 0.03333333333333333
0 0.446875 0.7092592592592593 0.03333333333333333 0.03333333333333333
0 0.3541666666666667 0.7018518518518518 0.03333333333333333 0.03333333333333333
0 0.26458333333333334 0.6949074074074074 0.03333333333333333 0.03333333333333333
0 0.17708333333333334 0.6875 0.03333333333333333 0.03333333333333333