0 0.734375 0.24814814814814815 0.03125 0.03148148148148148
0 0.6645833333333333 0.24259259259259258 0.03125 0.03148148148148148
0 0.5927083333333333 0.23842592592592593 0.03125 0.03148148148148148
0 0.51875 0.23425925925925925 0.03125 0.03148148148148148
0 0.4427083333333333 0.22916666666666666 0.03125 0.03148148148148148
0 0.36354166666666665 0.225 0.03125 0.03148148148148148
0 0.28125 0.2199074074074074 0.03125 0.03148148148148148
0 0.746875 0.3125 0.03125 0.03148148148148148
0 0.6760416666666667 0.30925925925925923 0.03125 0.03148148148148148
0 0.6020833333333333 0.30648148148148147 0.03125 0.03148148148148148
0 0.5260416666666666 0.30185185185185187 0.03125 0.03148148148148148
0 0.4479166666666667 0.29907407407407405 0.03125 0.03148148148148148
0 0.36666666666666664 0.2949074074074074 0.03125 0.03148148148148148
0 0.28229166666666666 0.29074074074074074 0.03125 0.03148148148148148
0 0.7604166666666666 0.3814814814814815 0.03125 0.03148148148148148
0 0.6875 0.37916666666666665 0.03125 0.03148148148148148
0 0.6114583333333333 0.3768518518518518 0.03125 0.03148148148148148
0 0.5333333333333333 0.37407407407407406 0.03125 0.03148148148148148
0 0.453125 0.37175925925925923 0.03125 0.03148148148148148
0 0.3697916666666667 0.3685185185185185 0.03125 0.03148148148148148
0 0.2833333333333333 0.36666666666666664 0.03125 0.03148148148148148
0 0.7739583333333333 0.45416666666666666 0.03125 0.03148148148148148
0 0.6989583333333333 0.4532407407407407 0.03125 0.03148148148148148
0 0.621875 0.45092592592592595 0.03125 0.03148148148148148
0 0.5416666666666666 0.45 0.03125 0.03148148148148148
0 0.459375 0.44907407407407407 0.03125 0.03148148148148148
0 0.3729166666666667 0.44814814814814813 0.03125 0.03148148148148148
0 0.284375 0.44675925925925924 0.03125 0.03148148148148148
0 0.7885416666666667 0.5300925925925926 0.03125 0.03148148148148148
0 0.7114583333333333 0.5300925925925926 0.03125 0.03148148148148148
0 0.6322916666666667 0.5300925925925926 0.03125 0.03148148148148148
0 0.55 0.5314814814814814 0.03125 0.03148148148148148
0 0.465625 0.5314814814814814 0.03125 0.03148148148148148
0 0.3770833333333333 0.5314814814814814 0.03125 0.03148148148148148
0 0.284375 0.5314814814814814 0.03125 0.03148148148148148
0 0.8041666666666667 0.611574074074074 0.03125 0.03148148148148148
0 0.725 0.6125 0.03125 0.03148148148148148
0 0.64375 0.6148148148148148 0.03125 0.03148148148148148
0 0.559375 0.6166666666666667 0.03125 0.03148148148148148
0 0.471875 0.6185185185185185 0.03125 0.03148148148148148
0 0.3802083333333333 0.6199074074074075 0.03125 0.03148148148148148
0 0.28541666666666665 0.6217592592592592 0.03125 0.03148148148148148
0 0.8197916666666667 0.6967592592592593 0.03125 0.03148148148148148
0 0.7395833333333334 0.7 0.03125 0.03148148148148148
0 0.65625 0.7032407407407407 0.03125 0.03148148148148148
0 0.56875 0.7074074074074074 0.03125 0.03148148148148148
0 0.4791666666666667 0.711574074074074 0.03125 0.03148148148148148
0 0.384375 0.7148148148148148 0.03125 0.03148148148148148
0 0.2875 0.7185185185185186 0.03125 0.03148148148148148