0 0.7177083333333333 0.25092592592592594 0.03333333333333333 0.03333333333333333
0 0.6447916666666667 0.25324074074074077 0.03333333333333333 0.03333333333333333
0 0.571875 0.25416666666666665 0.03333333333333333 0.03333333333333333
0 0.49895833333333334 0.2550925925925926 0.03333333333333333 0.03333333333333333
0 0.428125 0.2574074074074074 0.03333333333333333 0.03333333333333333
0 0.35625 0.25833333333333336 0.03333333333333333 0.03333333333333333
0 0.28541666666666665 0.25925925925925924 0.03333333333333333 0.03333333333333333
0 0.7260416666666667 0.3101851851851852 0.03333333333333333 0.03333333333333333
0 0.65 0.31157407407407406 0.03333333333333333 0.03333333333333333
0 0.575 0.3125 0.03333333333333333 0.03333333333333333
0 0.49895833333333334 0.31342592592592594 0.03333333333333333 0.03333333333333333
0 0.425 0.31574074074074077 0.03333333333333333 0.03333333333333333
0 0.35104166666666664 0.31666666666666665 0.03333333333333333 0.03333333333333333
0 0.27708333333333335 0.3175925925925926 0.03333333333333333 0.03333333333333333
0 0.7354166666666667 0.37407407407407406 0.03333333333333333 0.03333333333333333
0 0.65625 0.375 0.03333333333333333 0.03333333333333333
0 0.578125 0.37592592592592594 0.03333333333333333 0.03333333333333333
0 0.49895833333333334 0.3768518518518518 0.03333333333333333 0.03333333333333333
0 0.421875 0.37824074074074077 0.03333333333333333 0.03333333333333333
0 0.34479166666666666 0.37916666666666665 0.03333333333333333 0.03333333333333333
0 0.2677083333333333 0.3800925925925926 0.03333333333333333 0.03333333333333333
0 0.7458333333333333 0.4425925925925926 0.03333333333333333 0.03333333333333333
0 0.6635416666666667 0.44351851851851853 0.03333333333333333 0.03333333333333333
0 0.58125 0.4449074074074074 0.03333333333333333 0.03333333333333333
0 0.49895833333333334 0.44583333333333336 0.03333333333333333 0.03333333333333333
0 0.41770833333333335 0.44675925925925924 0.03333333333333333 0.03333333333333333
0 0.3375 0.44814814814814813 0.03333333333333333 0.03333333333333333
0 0.25729166666666664 0.44814814814814813 0.03333333333333333 0.03333333333333333
0 0.7572916666666667 0.5185185185185185 0.03333333333333333 0.03333333333333333
0 0.6708333333333333 0.5199074074074074 0.03333333333333333 0.03333333333333333
0 0.584375 0.5199074074074074 0.03333333333333333 0.03333333333333333
0 0.49895833333333334 0.5208333333333334 0.03333333333333333 0.03333333333333333
0 0.41458333333333336 0.5208333333333334 0.03333333333333333 0.03333333333333333
0 0.3302083333333333 0.5217592592592593 0.03333333333333333 0.03333333333333333
0 0.246875 0.5217592592592593 0.03333333333333333 0.03333333333333333
0 0.7697916666666667 0.6018518518518519 0.03333333333333333 0.03333333333333333
0 0.6791666666666667 0.6018518518518519 0.03333333333333333 0.03333333333333333
0 0.5885416666666666 0.6018518518518519 0.03333333333333333 0.03333333333333333
0 0.49895833333333334 0.6018518518518519 0.03333333333333333 0.03333333333333333
0 0.41041666666666665 0.6032407407407407 0.03333333333333333 0.03333333333333333
0 0.321875 0.6032407407407407 0.03333333333333333 0.03333333333333333
0 0.23541666666666666 0.6032407407407407 0.03333333333333333 0.03333333333333333
0 0.7833333333333333 0.6925925925925925 0.03333333333333333 0.03333333333333333
0 0.6875 0.6925925925925925 0.03333333333333333 0.03333333333333333
0 0.5927083333333333 0.6925925925925925 0.03333333333333333 0.03333333333333333
0 0.49895833333333334 0.6925925925925925 0.03333333333333333 0.03333333333333333
0 0.40625 0.6925925925925925 0.03333333333333333 0.03333333333333333
0 0.31354166666666666 0.6925925925925925 0.03333333333333333 0.03333333333333333
0 0.221875 0.6925925925925925 0.03333333333333333 0.03333333333333333