0 0.7239583333333334 0.15416666666666667 0.035416666666666666 0.03518518518518519
0 0.6447916666666667 0.15833333333333333 0.035416666666666666 0.03518518518518519
0 0.5645833333333333 0.1625 0.035416666666666666 0.03518518518518519
0 0.48541666666666666 0.16666666666666666 0.035416666666666666 0.03518518518518519
0 0.40625 0.17175925925925925 0.035416666666666666 0.03518518518518519
0 0.328125 0.17592592592592593 0.035416666666666666 0.03518518518518519
0 0.25 0.18009259259259258 0.035416666666666666 0.03518518518518519
0 0.7322916666666667 0.20925925925925926 0.035416666666666666 0.03518518518518519
0 0.6489583333333333 0.21342592592592594 0.035416666666666666 0.03518518518518519
0 0.5666666666666667 0.21851851851851853 0.035416666666666666 0.03518518518518519
0 0.484375 0.22314814814814815 0.035416666666666666 0.03518518518518519
0 0.40208333333333335 0.22685185185185186 0.035416666666666666 0.03518518518518519
0 0.31979166666666664 0.2324074074074074 0.035416666666666666 0.03518518518518519
0 0.23854166666666668 0.23657407407407408 0.035416666666666666 0.03518518518518519
0 0.740625 0.26990740740740743 0.035416666666666666 0.03518518518518519
0 0.6541666666666667 0.2740740740740741 0.035416666666666666 0.03518518518518519
0 0.5677083333333334 0.2791666666666667 0.035416666666666666 0.03518518518518519
0 0.4822916666666667 0.2833333333333333 0.035416666666666666 0.03518518518518519
0 0.396875 0.2875 0.035416666666666666 0.03518518518518519
0 0.31145833333333334 0.29259259259259257 0.035416666666666666 0.03518518518518519
0 0.22604166666666667 0.2967592592592593 0.035416666666666666 0.03518518518518519
0 0.75 0.3351851851851852 0.035416666666666666 0.03518518518518519
0 0.659375 0.3398148148148148 0.035416666666666666 0.03518518518518519
0 0.5697916666666667 0.3449074074074074 0.035416666666666666 0.03518518518518519
0 0.48020833333333335 0.3490740740740741 0.035416666666666666 0.03518518518518519
0 0.390625 0.3541666666666667 0.035416666666666666 0.03518518518518519
0 0.3020833333333333 0.35833333333333334 0.035416666666666666 0.03518518518518519
0 0.21354166666666666 0.3625 0.035416666666666666 0.03518518518518519
0 0.759375 0.4064814814814815 0.035416666666666666 0.03518518518518519
0 0.665625 0.4115740740740741 0.035416666666666666 0.03518518518518519
0 0.5708333333333333 0.41574074074074074 0.035416666666666666 0.03518518518518519
0 0.47708333333333336 0.42083333333333334 0.035416666666666666 0.03518518518518519
0 0.384375 0.425 0.035416666666666666 0.03518518518518519
0 0.2916666666666667 0.4300925925925926 0.035416666666666666 0.03518518518518519
0 0.19895833333333332 0.43425925925925923 0.035416666666666666 0.03518518518518519
0 0.7708333333333334 0.48518518518518516 0.035416666666666666 0.03518518518518519
0 0.671875 0.4898148148148148 0.035416666666666666 0.03518518518518519
0 0.5729166666666666 0.4949074074074074 0.035416666666666666 0.03518518518518519
0 0.475 0.49907407407407406 0.035416666666666666 0.03518518518518519
0 0.3770833333333333 0.5041666666666667 0.035416666666666666 0.03518518518518519
0 0.28020833333333334 0.5083333333333333 0.035416666666666666 0.03518518518518519
0 0.18333333333333332 0.513425925925926 0.035416666666666666 0.03518518518518519
0 0.7822916666666667 0.5708333333333333 0.035416666666666666 0.03518518518518519
0 0.678125 0.575925925925926 0.035416666666666666 0.03518518518518519
0 0.575 0.5814814814814815 0.035416666666666666 0.03518518518518519
0 0.471875 0.5851851851851851 0.035416666666666666 0.03518518518518519
0 0.3697916666666667 0.5907407407407408 0.035416666666666666 0.03518518518518519
0 0.2677083333333333 0.5949074074074074 0.035416666666666666 0.03518518518518519
0 0.165625 0.6 0.035416666666666666 0.03518518518518519