0 0.690625 0.1597222222222222 0.025 0.03333333333333333
0 0.6229166666666667 0.1597222222222222 0.025 0.03333333333333333
0 0.5552083333333333 0.1597222222222222 0.025 0.03333333333333333
0 0.4875 0.16111111111111112 0.025 0.03333333333333333
0 0.4197916666666667 0.16111111111111112 0.025 0.03333333333333333
0 0.35208333333333336 0.1625 0.025 0.03333333333333333
0 0.284375 0.1625 0.025 0.03333333333333333
0 0.7010416666666667 0.22361111111111112 0.025 0.03333333333333333
0 0.6302083333333334 0.225 0.025 0.03333333333333333
0 0.559375 0.225 0.025 0.03333333333333333
0 0.48854166666666665 0.2263888888888889 0.025 0.03333333333333333
0 0.41770833333333335 0.2263888888888889 0.025 0.03333333333333333
0 0.3458333333333333 0.2263888888888889 0.025 0.03333333333333333
0 0.275 0.22777777777777777 0.025 0.03333333333333333
0 0.7135416666666666 0.29583333333333334 0.025 0.03333333333333333
0 0.6385416666666667 0.29583333333333334 0.025 0.03333333333333333
0 0.5635416666666667 0.2972222222222222 0.025 0.03333333333333333
0 0.4895833333333333 0.2972222222222222 0.025 0.03333333333333333
0 0.41458333333333336 0.2986111111111111 0.025 0.03333333333333333
0 0.33958333333333335 0.2986111111111111 0.025 0.03333333333333333
0 0.265625 0.2986111111111111 0.025 0.03333333333333333
0 0.7260416666666667 0.375 0.025 0.03333333333333333
0 0.6479166666666667 0.375 0.025 0.03333333333333333
0 0.56875 0.3763888888888889 0.025 0.03333333333333333
0 0.490625 0.3763888888888889 0.025 0.03333333333333333
0 0.4114583333333333 0.37777777777777777 0.025 0.03333333333333333
0 0.3333333333333333 0.37777777777777777 0.025 0.03333333333333333
0 0.25416666666666665 0.37916666666666665 0.025 0.03333333333333333
0 0.740625 0.4625 0.025 0.03333333333333333
0 0.6572916666666667 0.4638888888888889 0.025 0.03333333333333333
0 0.575 0.4638888888888889 0.025 0.03333333333333333
0 0.49166666666666664 0.4652777777777778 0.025 0.03333333333333333
0 0.4083333333333333 0.4652777777777778 0.025 0.03333333333333333
0 0.325 0.4666666666666667 0.025 0.03333333333333333
0 0.24166666666666667 0.4666666666666667 0.025 0.03333333333333333
0 0.7572916666666667 0.5611111111111111 0.025 0.03333333333333333
0 0.66875 0.5625 0.025 0.03333333333333333
0 0.58125 0.5625 0.025 0.03333333333333333
0 0.49270833333333336 0.5638888888888889 0.025 0.03333333333333333
0 0.4041666666666667 0.5652777777777778 0.025 0.03333333333333333
0 0.31666666666666665 0.5652777777777778 0.025 0.03333333333333333
0 0.228125 0.5666666666666667 0.025 0.03333333333333333
0 0.7760416666666666 0.6722222222222223 0.025 0.03333333333333333
0 0.6822916666666666 0.6736111111111112 0.025 0.03333333333333333
0 0.5885416666666666 0.675 0.025 0.03333333333333333
0 0.4947916666666667 0.675 0.025 0.03333333333333333
0 0.4 0.6763888888888889 0.025 0.03333333333333333
0 0.30625 0.6777777777777778 0.025 0.03333333333333333
0 0.2125 0.6777777777777778 0.025 0.03333333333333333