0 0.7041666666666667 0.18333333333333332 0.025 0.03333333333333333
0 0.6375 0.18611111111111112 0.025 0.03333333333333333
0 0.571875 0.1875 0.025 0.03333333333333333
0 0.5052083333333334 0.18888888888888888 0.025 0.03333333333333333
0 0.43854166666666666 0.19027777777777777 0.025 0.03333333333333333
0 0.3729166666666667 0.19166666666666668 0.025 0.03333333333333333
0 0.3072916666666667 0.19305555555555556 0.025 0.03333333333333333
0 0.715625 0.24583333333333332 0.025 0.03333333333333333
0 0.6458333333333334 0.24861111111111112 0.025 0.03333333333333333
0 0.5760416666666667 0.25 0.025 0.03333333333333333
0 0.50625 0.2513888888888889 0.025 0.03333333333333333
0 0.4375 0.25277777777777777 0.025 0.03333333333333333
0 0.36770833333333336 0.25416666666666665 0.025 0.03333333333333333
0 0.2989583333333333 0.25555555555555554 0.025 0.03333333333333333
0 0.728125 0.31527777777777777 0.025 0.03333333333333333
0 0.6541666666666667 0.31666666666666665 0.025 0.03333333333333333
0 0.58125 0.31805555555555554 0.025 0.03333333333333333
0 0.5083333333333333 0.3194444444444444 0.025 0.03333333333333333
0 0.4354166666666667 0.32222222222222224 0.025 0.03333333333333333
0 0.3625 0.3236111111111111 0.025 0.03333333333333333
0 0.28958333333333336 0.325 0.025 0.03333333333333333
0 0.7416666666666667 0.39166666666666666 0.025 0.03333333333333333
0 0.6645833333333333 0.39305555555555555 0.025 0.03333333333333333
0 0.5864583333333333 0.39444444444444443 0.025 0.03333333333333333
0 0.509375 0.3972222222222222 0.025 0.03333333333333333
0 0.4322916666666667 0.39861111111111114 0.025 0.03333333333333333
0 0.35625 0.4 0.025 0.03333333333333333
0 0.2791666666666667 0.4013888888888889 0.025 0.03333333333333333
0 0.75625 0.47638888888888886 0.025 0.03333333333333333
0 0.675 0.4791666666666667 0.025 0.03333333333333333
0 0.5927083333333333 0.48055555555555557 0.025 0.03333333333333333
0 0.5114583333333333 0.48194444444444445 0.025 0.03333333333333333
0 0.43020833333333336 0.48333333333333334 0.025 0.03333333333333333
0 0.3489583333333333 0.4847222222222222 0.025 0.03333333333333333
0 0.2677083333333333 0.4875 0.025 0.03333333333333333
0 0.7739583333333333 0.5722222222222222 0.025 0.03333333333333333
0 0.6875 0.5736111111111111 0.025 0.03333333333333333
0 0.6 0.5763888888888888 0.025 0.03333333333333333
0 0.5135416666666667 0.5777777777777777 0.025 0.03333333333333333
0 0.4270833333333333 0.5791666666666667 0.025 0.03333333333333333
0 0.340625 0.5805555555555556 0.025 0.03333333333333333
0 0.2552083333333333 0.5833333333333334 0.025 0.03333333333333333
0 0.79375 0.6805555555555556 0.025 0.03333333333333333
0 0.7010416666666667 0.6819444444444445 0.025 0.03333333333333333
0 0.6083333333333333 0.6847222222222222 0.025 0.03333333333333333
0 0.515625 0.6861111111111111 0.025 0.03333333333333333
0 0.4239583333333333 0.6875 0.025 0.03333333333333333
0 0.33229166666666665 0.6888888888888889 0.025 0.03333333333333333
0 0.240625 0.6916666666666667 0.025 0.03333333333333333