0 0.7270833333333333 0.22083333333333333 0.035416666666666666 0.03518518518518519
0 0.653125 0.22083333333333333 0.035416666666666666 0.03518518518518519
0 0.578125 0.22083333333333333 0.035416666666666666 0.03518518518518519
0 0.503125 0.22083333333333333 0.035416666666666666 0.03518518518518519
0 0.42916666666666664 0.22083333333333333 0.035416666666666666 0.03518518518518519
0 0.3541666666666667 0.22083333333333333 0.035416666666666666 0.03518518518518519
0 0.28020833333333334 0.22083333333333333 0.035416666666666666 0.03518518518518519
0 0.7375 0.27314814814814814 0.035416666666666666 0.03518518518518519
0 0.659375 0.27314814814814814 0.035416666666666666 0.03518518518518519
0 0.58125 0.27314814814814814 0.035416666666666666 0.03518518518518519
0 0.5041666666666667 0.27314814814814814 0.035416666666666666 0.03518518518518519
0 0.42604166666666665 0.27314814814814814 0.035416666666666666 0.03518518518518519
0 0.3489583333333333 0.27314814814814814 0.035416666666666666 0.03518518518518519
0 0.2708333333333333 0.27175925925925926 0.035416666666666666 0.03518518518518519
0 0.746875 0.32916666666666666 0.035416666666666666 0.03518518518518519
0 0.6666666666666666 0.32916666666666666 0.035416666666666666 0.03518518518518519
0 0.5854166666666667 0.32916666666666666 0.035416666666666666 0.03518518518518519
0 0.5041666666666667 0.32916666666666666 0.035416666666666666 0.03518518518518519
0 0.42291666666666666 0.32916666666666666 0.035416666666666666 0.03518518518518519
0 0.3416666666666667 0.3282407407407407 0.035416666666666666 0.03518518518518519
0 0.26145833333333335 0.3282407407407407 0.035416666666666666 0.03518518518518519
0 0.7583333333333333 0.3907407407407407 0.035416666666666666 0.03518518518518519
0 0.6739583333333333 0.3907407407407407 0.035416666666666666 0.03518518518518519
0 0.5885416666666666 0.3907407407407407 0.035416666666666666 0.03518518518518519
0 0.5041666666666667 0.3907407407407407 0.035416666666666666 0.03518518518518519
0 0.4197916666666667 0.38981481481481484 0.035416666666666666 0.03518518518518519
0 0.334375 0.38981481481481484 0.035416666666666666 0.03518518518518519
0 0.25 0.38981481481481484 0.035416666666666666 0.03518518518518519
0 0.7708333333333334 0.45740740740740743 0.035416666666666666 0.03518518518518519
0 0.6822916666666666 0.45740740740740743 0.035416666666666666 0.03518518518518519
0 0.5927083333333333 0.45740740740740743 0.035416666666666666 0.03518518518518519
0 0.5041666666666667 0.45740740740740743 0.035416666666666666 0.03518518518518519
0 0.415625 0.45740740740740743 0.035416666666666666 0.03518518518518519
0 0.32708333333333334 0.45740740740740743 0.035416666666666666 0.03518518518518519
0 0.23854166666666668 0.45740740740740743 0.035416666666666666 0.03518518518518519
0 0.7854166666666667 0.5324074074074074 0.035416666666666666 0.03518518518518519
0 0.6916666666666667 0.5324074074074074 0.035416666666666666 0.03518518518518519
0 0.5979166666666667 0.5314814814814814 0.035416666666666666 0.03518518518518519
0 0.5041666666666667 0.5314814814814814 0.035416666666666666 0.03518518518518519
0 0.4114583333333333 0.5314814814814814 0.035416666666666666 0.03518518518518519
0 0.3177083333333333 0.5314814814814814 0.035416666666666666 0.03518518518518519
0 0.225 0.5314814814814814 0.035416666666666666 0.03518518518518519
0 0.8 0.6148148148148148 0.035416666666666666 0.03518518518518519
0 0.7020833333333333 0.6134259259259259 0.035416666666666666 0.03518518518518519
0 0.603125 0.6134259259259259 0.035416666666666666 0.03518518518518519
0 0.5052083333333334 0.6134259259259259 0.035416666666666666 0.03518518518518519
0 0.40625 0.6134259259259259 0.035416666666666666 0.03518518518518519
0 0.30833333333333335 0.6134259259259259 0.035416666666666666 0.03518518518518519
0 0.21041666666666667 0.6125 0.035416666666666666 0.03518518518518519