0 0.3302083333333333 0.22962962962962963 0.0125 0.022222222222222223
0 0.32708333333333334 0.2814814814814815 0.0125 0.022222222222222223
0 0.321875 0.3388888888888889 0.0125 0.022222222222222223
0 0.3177083333333333 0.4 0.0125 0.022222222222222223
0 0.3125 0.4685185185185185 0.0125 0.022222222222222223
0 0.30625 0.5407407407407407 0.0125 0.022222222222222223
0 0.3 0.6203703703703703 0.0125 0.022222222222222223
0 0.375 0.22962962962962963 0.0125 0.022222222222222223
0 0.3729166666666667 0.2814814814814815 0.0125 0.022222222222222223
0 0.37083333333333335 0.3388888888888889 0.0125 0.022222222222222223
0 0.36770833333333336 0.4 0.0125 0.022222222222222223
0 0.3645833333333333 0.4666666666666667 0.0125 0.022222222222222223
0 0.3614583333333333 0.5388888888888889 0.0125 0.022222222222222223
0 0.3572916666666667 0.6185185185185185 0.0125 0.022222222222222223
0 0.4197916666666667 0.22777777777777777 0.0125 0.022222222222222223
0 0.41875 0.2814814814814815 0.0125 0.022222222222222223
0 0.41875 0.337037037037037 0.0125 0.022222222222222223
0 0.41770833333333335 0.39814814814814814 0.0125 0.022222222222222223
0 0.4166666666666667 0.4648148148148148 0.0125 0.022222222222222223
0 0.415625 0.5370370370370371 0.0125 0.022222222222222223
0 0.41458333333333336 0.6166666666666667 0.0125 0.022222222222222223
0 0.4635416666666667 0.22777777777777777 0.0125 0.022222222222222223
0 0.46458333333333335 0.2796296296296296 0.0125 0.022222222222222223
0 0.465625 0.337037037037037 0.0125 0.022222222222222223
0 0.4666666666666667 0.39814814814814814 0.0125 0.022222222222222223
0 0.46875 0.46296296296296297 0.0125 0.022222222222222223
0 0.46979166666666666 0.5351851851851852 0.0125 0.022222222222222223
0 0.4708333333333333 0.6148148148148148 0.0125 0.022222222222222223
0 0.5083333333333333 0.22777777777777777 0.0125 0.022222222222222223
0 0.5104166666666666 0.2796296296296296 0.0125 0.022222222222222223
0 0.5135416666666667 0.3351851851851852 0.0125 0.022222222222222223
0 0.5166666666666667 0.3962962962962963 0.0125 0.022222222222222223
0 0.5197916666666667 0.46296296296296297 0.0125 0.022222222222222223
0 0.5229166666666667 0.5333333333333333 0.0125 0.022222222222222223
0 0.5270833333333333 0.6129629629629629 0.0125 0.022222222222222223
0 0.5520833333333334 0.22592592592592592 0.0125 0.022222222222222223
0 0.55625 0.2796296296296296 0.0125 0.022222222222222223
0 0.5604166666666667 0.3351851851851852 0.0125 0.022222222222222223
0 0.565625 0.3962962962962963 0.0125 0.022222222222222223
0 0.5708333333333333 0.46111111111111114 0.0125 0.022222222222222223
0 0.5760416666666667 0.5333333333333333 0.0125 0.022222222222222223
0 0.5822916666666667 0.6111111111111112 0.0125 0.022222222222222223
0 0.5947916666666667 0.22592592592592592 0.0125 0.022222222222222223
0 0.6010416666666667 0.2777777777777778 0.0125 0.022222222222222223
0 0.6072916666666667 0.3333333333333333 0.0125 0.022222222222222223
0 0.6145833333333334 0.39444444444444443 0.0125 0.022222222222222223
0 0.621875 0.45925925925925926 0.0125 0.022222222222222223
0 0.6291666666666667 0.5314814814814814 0.0125 0.022222222222222223
0 0.6385416666666667 0.6092592592592593 0.0125 0.022222222222222223