0 0.728125 0.175 0.025 0.03333333333333333
0 0.6614583333333334 0.1736111111111111 0.025 0.03333333333333333
0 0.5947916666666667 0.17083333333333334 0.025 0.03333333333333333
0 0.528125 0.16805555555555557 0.025 0.03333333333333333
0 0.46041666666666664 0.16527777777777777 0.025 0.03333333333333333
0 0.3927083333333333 0.1625 0.025 0.03333333333333333
0 0.325 0.16111111111111112 0.025 0.03333333333333333
0 0.7385416666666667 0.2388888888888889 0.025 0.03333333333333333
0 0.66875 0.2375 0.025 0.03333333333333333
0 0.5989583333333334 0.23472222222222222 0.025 0.03333333333333333
0 0.5291666666666667 0.23194444444444445 0.025 0.03333333333333333
0 0.4583333333333333 0.22916666666666666 0.025 0.03333333333333333
0 0.3875 0.22777777777777777 0.025 0.03333333333333333
0 0.315625 0.225 0.025 0.03333333333333333
0 0.7510416666666667 0.30972222222222223 0.025 0.03333333333333333
0 0.6770833333333334 0.30694444444444446 0.025 0.03333333333333333
0 0.6041666666666666 0.3055555555555556 0.025 0.03333333333333333
0 0.5302083333333333 0.30277777777777776 0.025 0.03333333333333333
0 0.4552083333333333 0.3 0.025 0.03333333333333333
0 0.38125 0.2972222222222222 0.025 0.03333333333333333
0 0.30625 0.29583333333333334 0.025 0.03333333333333333
0 0.7635416666666667 0.3888888888888889 0.025 0.03333333333333333
0 0.6864583333333333 0.3861111111111111 0.025 0.03333333333333333
0 0.609375 0.38333333333333336 0.025 0.03333333333333333
0 0.53125 0.38055555555555554 0.025 0.03333333333333333
0 0.453125 0.37916666666666665 0.025 0.03333333333333333
0 0.37395833333333334 0.3763888888888889 0.025 0.03333333333333333
0 0.2947916666666667 0.3736111111111111 0.025 0.03333333333333333
0 0.778125 0.475 0.025 0.03333333333333333
0 0.696875 0.4736111111111111 0.025 0.03333333333333333
0 0.6145833333333334 0.4708333333333333 0.025 0.03333333333333333
0 0.5322916666666667 0.46805555555555556 0.025 0.03333333333333333
0 0.45 0.4666666666666667 0.025 0.03333333333333333
0 0.36666666666666664 0.4638888888888889 0.025 0.03333333333333333
0 0.28229166666666666 0.46111111111111114 0.025 0.03333333333333333
0 0.7947916666666667 0.5736111111111111 0.025 0.03333333333333333
0 0.7083333333333334 0.5708333333333333 0.025 0.03333333333333333
0 0.621875 0.5680555555555555 0.025 0.03333333333333333
0 0.534375 0.5666666666666667 0.025 0.03333333333333333
0 0.44583333333333336 0.5638888888888889 0.025 0.03333333333333333
0 0.3572916666666667 0.5625 0.025 0.03333333333333333
0 0.26875 0.5597222222222222 0.025 0.03333333333333333
0 0.8135416666666667 0.6833333333333333 0.025 0.03333333333333333
0 0.721875 0.6805555555555556 0.025 0.03333333333333333
0 0.6291666666666667 0.6791666666666667 0.025 0.03333333333333333
0 0.5354166666666667 0.6777777777777778 0.025 0.03333333333333333
0 0.44166666666666665 0.675 0.025 0.03333333333333333
0 0.34791666666666665 0.6736111111111112 0.025 0.03333333333333333
0 0.253125 0.6708333333333333 0.025 0.03333333333333333