0 0.7135416666666666 0.17916666666666667 0.025 0.03333333333333333
0 0.6458333333333334 0.17777777777777778 0.025 0.03333333333333333
0 0.5770833333333333 0.1763888888888889 0.025 0.03333333333333333
0 0.509375 0.1763888888888889 0.025 0.03333333333333333
0 0.440625 0.175 0.025 0.03333333333333333
0 0.3729166666666667 0.1736111111111111 0.025 0.03333333333333333
0 0.30520833333333336 0.17222222222222222 0.025 0.03333333333333333
0 0.7229166666666667 0.24444444444444444 0.025 0.03333333333333333
0 0.6510416666666666 0.24444444444444444 0.025 0.03333333333333333
0 0.5791666666666667 0.24305555555555555 0.025 0.03333333333333333
0 0.5083333333333333 0.24166666666666667 0.025 0.03333333333333333
0 0.43645833333333334 0.24027777777777778 0.025 0.03333333333333333
0 0.365625 0.2388888888888889 0.025 0.03333333333333333
0 0.29375 0.2375 0.025 0.03333333333333333
0 0.7322916666666667 0.31805555555555554 0.025 0.03333333333333333
0 0.6572916666666667 0.31666666666666665 0.025 0.03333333333333333
0 0.5822916666666667 0.31527777777777777 0.025 0.03333333333333333
0 0.5072916666666667 0.3138888888888889 0.025 0.03333333333333333
0 0.4322916666666667 0.3125 0.025 0.03333333333333333
0 0.3572916666666667 0.3111111111111111 0.025 0.03333333333333333
0 0.28229166666666666 0.30972222222222223 0.025 0.03333333333333333
0 0.74375 0.39861111111111114 0.025 0.03333333333333333
0 0.6635416666666667 0.3972222222222222 0.025 0.03333333333333333
0 0.584375 0.3958333333333333 0.025 0.03333333333333333
0 0.5052083333333334 0.39444444444444443 0.025 0.03333333333333333
0 0.4270833333333333 0.39305555555555555 0.025 0.03333333333333333
0 0.34791666666666665 0.39166666666666666 0.025 0.03333333333333333
0 0.26875 0.3902777777777778 0.025 0.03333333333333333
0 0.7552083333333334 0.4875 0.025 0.03333333333333333
0 0.671875 0.4861111111111111 0.025 0.03333333333333333
0 0.5875 0.4847222222222222 0.025 0.03333333333333333
0 0.5041666666666667 0.48333333333333334 0.025 0.03333333333333333
0 0.42083333333333334 0.48194444444444445 0.025 0.03333333333333333
0 0.3375 0.48055555555555557 0.025 0.03333333333333333
0 0.25416666666666665 0.4777777777777778 0.025 0.03333333333333333
0 0.76875 0.5888888888888889 0.025 0.03333333333333333
0 0.6802083333333333 0.5861111111111111 0.025 0.03333333333333333
0 0.5916666666666667 0.5847222222222223 0.025 0.03333333333333333
0 0.503125 0.5833333333333334 0.025 0.03333333333333333
0 0.41458333333333336 0.5805555555555556 0.025 0.03333333333333333
0 0.3260416666666667 0.5791666666666667 0.025 0.03333333333333333
0 0.23854166666666668 0.5777777777777777 0.025 0.03333333333333333
0 0.784375 0.7013888888888888 0.025 0.03333333333333333
0 0.6895833333333333 0.7 0.025 0.03333333333333333
0 0.5947916666666667 0.6972222222222222 0.025 0.03333333333333333
0 0.5010416666666667 0.6958333333333333 0.025 0.03333333333333333
0 0.40729166666666666 0.6930555555555555 0.025 0.03333333333333333
0 0.31354166666666666 0.6916666666666667 0.025 0.03333333333333333
0 0.21979166666666666 0.6888888888888889 0.025 0.03333333333333333