0 0.7302083333333333 0.17916666666666667 0.025 0.03333333333333333
0 0.6625 0.1763888888888889 0.025 0.03333333333333333
0 0.59375 0.1736111111111111 0.025 0.03333333333333333
0 0.5260416666666666 0.17083333333333334 0.025 0.03333333333333333
0 0.45729166666666665 0.16666666666666666 0.025 0.03333333333333333
0 0.3885416666666667 0.1638888888888889 0.025 0.03333333333333333
0 0.31979166666666664 0.16111111111111112 0.025 0.03333333333333333
0 0.740625 0.24444444444444444 0.025 0.03333333333333333
0 0.6697916666666667 0.24027777777777778 0.025 0.03333333333333333
0 0.5989583333333334 0.2375 0.025 0.03333333333333333
0 0.5270833333333333 0.23472222222222222 0.025 0.03333333333333333
0 0.4552083333333333 0.23194444444444445 0.025 0.03333333333333333
0 0.38333333333333336 0.22777777777777777 0.025 0.03333333333333333
0 0.31145833333333334 0.225 0.025 0.03333333333333333
0 0.753125 0.31527777777777777 0.025 0.03333333333333333
0 0.678125 0.3111111111111111 0.025 0.03333333333333333
0 0.6041666666666666 0.30833333333333335 0.025 0.03333333333333333
0 0.528125 0.3055555555555556 0.025 0.03333333333333333
0 0.453125 0.30277777777777776 0.025 0.03333333333333333
0 0.3770833333333333 0.2986111111111111 0.025 0.03333333333333333
0 0.30104166666666665 0.29583333333333334 0.025 0.03333333333333333
0 0.7666666666666667 0.39305555555555555 0.025 0.03333333333333333
0 0.6885416666666667 0.3902777777777778 0.025 0.03333333333333333
0 0.609375 0.3875 0.025 0.03333333333333333
0 0.5302083333333333 0.38333333333333336 0.025 0.03333333333333333
0 0.4510416666666667 0.38055555555555554 0.025 0.03333333333333333
0 0.37083333333333335 0.37777777777777777 0.025 0.03333333333333333
0 0.290625 0.3736111111111111 0.025 0.03333333333333333
0 0.7822916666666667 0.48055555555555557 0.025 0.03333333333333333
0 0.6989583333333333 0.4777777777777778 0.025 0.03333333333333333
0 0.615625 0.4736111111111111 0.025 0.03333333333333333
0 0.5322916666666667 0.4708333333333333 0.025 0.03333333333333333
0 0.4479166666666667 0.46805555555555556 0.025 0.03333333333333333
0 0.36354166666666665 0.4652777777777778 0.025 0.03333333333333333
0 0.2791666666666667 0.46111111111111114 0.025 0.03333333333333333
0 0.7989583333333333 0.5777777777777777 0.025 0.03333333333333333
0 0.7104166666666667 0.575 0.025 0.03333333333333333
0 0.621875 0.5722222222222222 0.025 0.03333333333333333
0 0.5333333333333333 0.5694444444444444 0.025 0.03333333333333333
0 0.44479166666666664 0.5652777777777778 0.025 0.03333333333333333
0 0.35520833333333335 0.5625 0.025 0.03333333333333333
0 0.265625 0.5597222222222222 0.025 0.03333333333333333
0 0.8177083333333334 0.6888888888888889 0.025 0.03333333333333333
0 0.7239583333333334 0.6847222222222222 0.025 0.03333333333333333
0 0.6302083333333334 0.6819444444444445 0.025 0.03333333333333333
0 0.5354166666666667 0.6791666666666667 0.025 0.03333333333333333
0 0.440625 0.6763888888888889 0.025 0.03333333333333333
0 0.3458333333333333 0.6722222222222223 0.025 0.03333333333333333
0 0.25 0.6694444444444444 0.025 0.03333333333333333