0 0.7739583333333333 0.1865740740740741 0.035416666666666666 0.03518518518518519
0 0.6958333333333333 0.1875 0.035416666666666666 0.03518518518518519
0 0.6166666666666667 0.1884259259259259 0.035416666666666666 0.03518518518518519
0 0.5385416666666667 0.19074074074074074 0.035416666666666666 0.03518518518518519
0 0.459375 0.19166666666666668 0.035416666666666666 0.03518518518518519
0 0.3802083333333333 0.1925925925925926 0.035416666666666666 0.03518518518518519
0 0.30104166666666665 0.1935185185185185 0.035416666666666666 0.03518518518518519
0 0.7864583333333334 0.24166666666666667 0.035416666666666666 0.03518518518518519
0 0.7052083333333333 0.24259259259259258 0.035416666666666666 0.03518518518518519
0 0.6229166666666667 0.24351851851851852 0.035416666666666666 0.03518518518518519
0 0.540625 0.24583333333333332 0.035416666666666666 0.03518518518518519
0 0.4583333333333333 0.24675925925925926 0.035416666666666666 0.03518518518518519
0 0.37604166666666666 0.24814814814814815 0.035416666666666666 0.03518518518518519
0 0.29375 0.25 0.035416666666666666 0.03518518518518519
0 0.8 0.3 0.035416666666666666 0.03518518518518519
0 0.7145833333333333 0.30185185185185187 0.035416666666666666 0.03518518518518519
0 0.6291666666666667 0.30324074074074076 0.035416666666666666 0.03518518518518519
0 0.54375 0.3050925925925926 0.035416666666666666 0.03518518518518519
0 0.4583333333333333 0.30648148148148147 0.035416666666666666 0.03518518518518519
0 0.3729166666666667 0.30833333333333335 0.035416666666666666 0.03518518518518519
0 0.2864583333333333 0.30925925925925923 0.035416666666666666 0.03518518518518519
0 0.8145833333333333 0.3648148148148148 0.035416666666666666 0.03518518518518519
0 0.725 0.36666666666666664 0.035416666666666666 0.03518518518518519
0 0.6364583333333333 0.3675925925925926 0.035416666666666666 0.03518518518518519
0 0.546875 0.3699074074074074 0.035416666666666666 0.03518518518518519
0 0.4583333333333333 0.37175925925925923 0.035416666666666666 0.03518518518518519
0 0.36875 0.3731481481481482 0.035416666666666666 0.03518518518518519
0 0.2791666666666667 0.375 0.035416666666666666 0.03518518518518519
0 0.8302083333333333 0.4351851851851852 0.035416666666666666 0.03518518518518519
0 0.7375 0.4375 0.035416666666666666 0.03518518518518519
0 0.64375 0.43842592592592594 0.035416666666666666 0.03518518518518519
0 0.5510416666666667 0.44074074074074077 0.035416666666666666 0.03518518518518519
0 0.45729166666666665 0.4425925925925926 0.035416666666666666 0.03518518518518519
0 0.36354166666666665 0.44351851851851853 0.035416666666666666 0.03518518518518519
0 0.26979166666666665 0.44583333333333336 0.035416666666666666 0.03518518518518519
0 0.846875 0.5125 0.035416666666666666 0.03518518518518519
0 0.75 0.5148148148148148 0.035416666666666666 0.03518518518518519
0 0.6520833333333333 0.5166666666666667 0.035416666666666666 0.03518518518518519
0 0.5541666666666667 0.5175925925925926 0.035416666666666666 0.03518518518518519
0 0.45625 0.5199074074074074 0.035416666666666666 0.03518518518518519
0 0.35833333333333334 0.5217592592592593 0.035416666666666666 0.03518518518518519
0 0.2604166666666667 0.524074074074074 0.035416666666666666 0.03518518518518519
0 0.865625 0.5967592592592592 0.035416666666666666 0.03518518518518519
0 0.7635416666666667 0.5990740740740741 0.035416666666666666 0.03518518518518519
0 0.6614583333333334 0.600925925925926 0.035416666666666666 0.03518518518518519
0 0.559375 0.6032407407407407 0.035416666666666666 0.03518518518518519
0 0.45625 0.6064814814814815 0.035416666666666666 0.03518518518518519
0 0.353125 0.6083333333333333 0.035416666666666666 0.03518518518518519
0 0.25 0.6101851851851852 0.035416666666666666 0.03518518518518519