0 0.8052083333333333 0.1537037037037037 0.020833333333333332 0.03518518518518519
0 0.7322916666666667 0.1537037037037037 0.020833333333333332 0.03518518518518519
0 0.6604166666666667 0.1537037037037037 0.020833333333333332 0.03518518518518519
0 0.5885416666666666 0.1537037037037037 0.020833333333333332 0.03518518518518519
0 0.515625 0.1537037037037037 0.020833333333333332 0.03518518518518519
0 0.44375 0.1537037037037037 0.020833333333333332 0.03518518518518519
0 0.371875 0.15555555555555556 0.020833333333333332 0.03518518518518519
0 0.8052083333333333 0.2324074074074074 0.020833333333333332 0.03518518518518519
0 0.7302083333333333 0.2324074074074074 0.020833333333333332 0.03518518518518519
0 0.6552083333333333 0.2324074074074074 0.020833333333333332 0.03518518518518519
0 0.5802083333333333 0.2324074074074074 0.020833333333333332 0.03518518518518519
0 0.5052083333333334 0.2324074074074074 0.020833333333333332 0.03518518518518519
0 0.43020833333333336 0.2324074074074074 0.020833333333333332 0.03518518518518519
0 0.35520833333333335 0.2324074074074074 0.020833333333333332 0.03518518518518519
0 0.80625 0.3162037037037037 0.020833333333333332 0.03518518518518519
0 0.7270833333333333 0.31805555555555554 0.020833333333333332 0.03518518518518519
0 0.6489583333333333 0.31805555555555554 0.020833333333333332 0.03518518518518519
0 0.5708333333333333 0.31805555555555554 0.020833333333333332 0.03518518518518519
0 0.49270833333333336 0.31805555555555554 0.020833333333333332 0.03518518518518519
0 0.415625 0.31805555555555554 0.020833333333333332 0.03518518518518519
0 0.3375 0.31805555555555554 0.020833333333333332 0.03518518518518519
0 0.80625 0.41064814814814815 0.020833333333333332 0.03518518518518519
0 0.725 0.41064814814814815 0.020833333333333332 0.03518518518518519
0 0.6427083333333333 0.41064814814814815 0.020833333333333332 0.03518518518518519
0 0.5614583333333333 0.41064814814814815 0.020833333333333332 0.03518518518518519
0 0.48020833333333335 0.41064814814814815 0.020833333333333332 0.03518518518518519
0 0.39895833333333336 0.41064814814814815 0.020833333333333332 0.03518518518518519
0 0.3177083333333333 0.41064814814814815 0.020833333333333332 0.03518518518518519
0 0.8072916666666666 0.5106481481481482 0.020833333333333332 0.03518518518518519
0 0.721875 0.5106481481481482 0.020833333333333332 0.03518518518518519
0 0.6364583333333333 0.5106481481481482 0.020833333333333332 0.03518518518518519
0 0.5510416666666667 0.5120370370370371 0.020833333333333332 0.03518518518518519
0 0.465625 0.5120370370370371 0.020833333333333332 0.03518518518518519
0 0.38125 0.5120370370370371 0.020833333333333332 0.03518518518518519
0 0.29583333333333334 0.5120370370370371 0.020833333333333332 0.03518518518518519
0 0.8072916666666666 0.6222222222222222 0.020833333333333332 0.03518518518518519
0 0.7177083333333333 0.6222222222222222 0.020833333333333332 0.03518518518518519
0 0.6291666666666667 0.6222222222222222 0.020833333333333332 0.03518518518518519
0 0.5395833333333333 0.6222222222222222 0.020833333333333332 0.03518518518518519
0 0.45 0.6222222222222222 0.020833333333333332 0.03518518518518519
0 0.3614583333333333 0.6222222222222222 0.020833333333333332 0.03518518518518519
0 0.27291666666666664 0.6222222222222222 0.020833333333333332 0.03518518518518519
0 0.8083333333333333 0.7449074074074075 0.020833333333333332 0.03518518518518519
0 0.7145833333333333 0.7430555555555556 0.020833333333333332 0.03518518518518519
0 0.6208333333333333 0.7430555555555556 0.020833333333333332 0.03518518518518519
0 0.5270833333333333 0.7430555555555556 0.020833333333333332 0.03518518518518519
0 0.43333333333333335 0.7430555555555556 0.020833333333333332 0.03518518518518519
0 0.340625 0.7430555555555556 0.020833333333333332 0.03518518518518519
0 0.246875 0.7430555555555556 0.020833333333333332 0.03518518518518519