0 0.2947916666666667 0.6513888888888889 0.020833333333333332 0.027777777777777776
0 0.37083333333333335 0.6486111111111111 0.020833333333333332 0.027777777777777776
0 0.44895833333333335 0.6472222222222223 0.020833333333333332 0.027777777777777776
0 0.5270833333333333 0.6458333333333334 0.020833333333333332 0.027777777777777776
0 0.60625 0.6430555555555556 0.020833333333333332 0.027777777777777776
0 0.6864583333333333 0.6416666666666667 0.020833333333333332 0.027777777777777776
0 0.7666666666666667 0.6402777777777777 0.020833333333333332 0.027777777777777776
0 0.30520833333333336 0.5597222222222222 0.020833333333333332 0.027777777777777776
0 0.378125 0.5583333333333333 0.020833333333333332 0.027777777777777776
0 0.45208333333333334 0.5555555555555556 0.020833333333333332 0.027777777777777776
0 0.5270833333333333 0.5541666666666667 0.020833333333333332 0.027777777777777776
0 0.6020833333333333 0.5513888888888889 0.020833333333333332 0.027777777777777776
0 0.678125 0.55 0.020833333333333332 0.027777777777777776
0 0.7552083333333334 0.5472222222222223 0.020833333333333332 0.027777777777777776
0 0.3145833333333333 0.4777777777777778 0.020833333333333332 0.027777777777777776
0 0.3854166666666667 0.475 0.020833333333333332 0.027777777777777776
0 0.4552083333333333 0.4736111111111111 0.020833333333333332 0.027777777777777776
0 0.5270833333333333 0.4708333333333333 0.020833333333333332 0.027777777777777776
0 0.5989583333333334 0.46805555555555556 0.020833333333333332 0.027777777777777776
0 0.6708333333333333 0.4652777777777778 0.020833333333333332 0.027777777777777776
0 0.74375 0.4638888888888889 0.020833333333333332 0.027777777777777776
0 0.32395833333333335 0.4027777777777778 0.020833333333333332 0.027777777777777776
0 0.390625 0.4 0.020833333333333332 0.027777777777777776
0 0.4583333333333333 0.3972222222222222 0.020833333333333332 0.027777777777777776
0 0.5270833333333333 0.39444444444444443 0.020833333333333332 0.027777777777777776
0 0.5958333333333333 0.39166666666666666 0.020833333333333332 0.027777777777777776
0 0.6645833333333333 0.3902777777777778 0.020833333333333332 0.027777777777777776
0 0.734375 0.3875 0.020833333333333332 0.027777777777777776
0 0.33229166666666665 0.3333333333333333 0.020833333333333332 0.027777777777777776
0 0.396875 0.33055555555555555 0.020833333333333332 0.027777777777777776
0 0.46145833333333336 0.3277777777777778 0.020833333333333332 0.027777777777777776
0 0.5270833333333333 0.325 0.020833333333333332 0.027777777777777776
0 0.5927083333333333 0.32222222222222224 0.020833333333333332 0.027777777777777776
0 0.6583333333333333 0.3194444444444444 0.020833333333333332 0.027777777777777776
0 0.725 0.31666666666666665 0.020833333333333332 0.027777777777777776
0 0.33958333333333335 0.26944444444444443 0.020833333333333332 0.027777777777777776
0 0.40208333333333335 0.26666666666666666 0.020833333333333332 0.027777777777777776
0 0.4635416666666667 0.2638888888888889 0.020833333333333332 0.027777777777777776
0 0.5260416666666666 0.2611111111111111 0.020833333333333332 0.027777777777777776
0 0.5895833333333333 0.25833333333333336 0.020833333333333332 0.027777777777777776
0 0.653125 0.25555555555555554 0.020833333333333332 0.027777777777777776
0 0.7166666666666667 0.25277777777777777 0.020833333333333332 0.027777777777777776
0 0.346875 0.2111111111111111 0.020833333333333332 0.027777777777777776
0 0.40625 0.20833333333333334 0.020833333333333332 0.027777777777777776
0 0.465625 0.20555555555555555 0.020833333333333332 0.027777777777777776
0 0.5260416666666666 0.20277777777777778 0.020833333333333332 0.027777777777777776
0 0.5864583333333333 0.2 0.020833333333333332 0.027777777777777776
0 0.6479166666666667 0.19722222222222222 0.020833333333333332 0.027777777777777776
0 0.709375 0.19305555555555556 0.020833333333333332 0.027777777777777776