0 0.23645833333333333 0.6592592592592592 0.03333333333333333 0.03333333333333333
0 0.33541666666666664 0.6601851851851852 0.03333333333333333 0.03333333333333333
0 0.43333333333333335 0.6615740740740741 0.03333333333333333 0.03333333333333333
0 0.53125 0.6615740740740741 0.03333333333333333 0.03333333333333333
0 0.628125 0.6625 0.03333333333333333 0.03333333333333333
0 0.7239583333333334 0.663425925925926 0.03333333333333333 0.03333333333333333
0 0.8197916666666667 0.6648148148148149 0.03333333333333333 0.03333333333333333
0 0.246875 0.5657407407407408 0.03333333333333333 0.03333333333333333
0 0.34270833333333334 0.5666666666666667 0.03333333333333333 0.03333333333333333
0 0.4375 0.5675925925925925 0.03333333333333333 0.03333333333333333
0 0.53125 0.5685185185185185 0.03333333333333333 0.03333333333333333
0 0.625 0.5699074074074074 0.03333333333333333 0.03333333333333333
0 0.7177083333333333 0.5717592592592593 0.03333333333333333 0.03333333333333333
0 0.809375 0.5731481481481482 0.03333333333333333 0.03333333333333333
0 0.25729166666666664 0.4791666666666667 0.03333333333333333 0.03333333333333333
0 0.3489583333333333 0.48009259259259257 0.03333333333333333 0.03333333333333333
0 0.440625 0.48148148148148145 0.03333333333333333 0.03333333333333333
0 0.53125 0.48333333333333334 0.03333333333333333 0.03333333333333333
0 0.6208333333333333 0.4842592592592593 0.03333333333333333 0.03333333333333333
0 0.7104166666666667 0.48518518518518516 0.03333333333333333 0.03333333333333333
0 0.8 0.48657407407407405 0.03333333333333333 0.03333333333333333
0 0.26666666666666666 0.39814814814814814 0.03333333333333333 0.03333333333333333
0 0.35520833333333335 0.3990740740740741 0.03333333333333333 0.03333333333333333
0 0.44375 0.4009259259259259 0.03333333333333333 0.03333333333333333
0 0.53125 0.40185185185185185 0.03333333333333333 0.03333333333333333
0 0.61875 0.4041666666666667 0.03333333333333333 0.03333333333333333
0 0.7052083333333333 0.4050925925925926 0.03333333333333333 0.03333333333333333
0 0.790625 0.4074074074074074 0.03333333333333333 0.03333333333333333
0 0.275 0.32175925925925924 0.03333333333333333 0.03333333333333333
0 0.36041666666666666 0.32407407407407407 0.03333333333333333 0.03333333333333333
0 0.446875 0.325 0.03333333333333333 0.03333333333333333
0 0.53125 0.32685185185185184 0.03333333333333333 0.03333333333333333
0 0.615625 0.32916666666666666 0.03333333333333333 0.03333333333333333
0 0.6989583333333333 0.3300925925925926 0.03333333333333333 0.03333333333333333
0 0.7822916666666667 0.33240740740740743 0.03333333333333333 0.03333333333333333
0 0.2833333333333333 0.25092592592592594 0.03333333333333333 0.03333333333333333
0 0.36666666666666664 0.25324074074074077 0.03333333333333333 0.03333333333333333
0 0.44895833333333335 0.2550925925925926 0.03333333333333333 0.03333333333333333
0 0.53125 0.2564814814814815 0.03333333333333333 0.03333333333333333
0 0.6135416666666667 0.25833333333333336 0.03333333333333333 0.03333333333333333
0 0.6947916666666667 0.2601851851851852 0.03333333333333333 0.03333333333333333
0 0.775 0.2625 0.03333333333333333 0.03333333333333333
0 0.290625 0.18425925925925926 0.03333333333333333 0.03333333333333333
0 0.371875 0.1865740740740741 0.03333333333333333 0.03333333333333333
0 0.45208333333333334 0.1884259259259259 0.03333333333333333 0.03333333333333333
0 0.53125 0.19074074074074074 0.03333333333333333 0.03333333333333333
0 0.6104166666666667 0.1925925925925926 0.03333333333333333 0.03333333333333333
0 0.6895833333333333 0.19490740740740742 0.03333333333333333 0.03333333333333333
0 0.7677083333333333 0.19675925925925927 0.03333333333333333 0.03333333333333333