0 0.73125 0.3050925925925926 0.03333333333333333 0.03333333333333333
0 0.659375 0.3074074074074074 0.03333333333333333 0.03333333333333333
0 0.5875 0.30925925925925923 0.03333333333333333 0.03333333333333333
0 0.5166666666666667 0.31157407407407406 0.03333333333333333 0.03333333333333333
0 0.44583333333333336 0.31342592592592594 0.03333333333333333 0.03333333333333333
0 0.375 0.31574074074074077 0.03333333333333333 0.03333333333333333
0 0.30416666666666664 0.31666666666666665 0.03333333333333333 0.03333333333333333
0 0.740625 0.36342592592592593 0.03333333333333333 0.03333333333333333
0 0.6666666666666666 0.3648148148148148 0.03333333333333333 0.03333333333333333
0 0.5916666666666667 0.36666666666666664 0.03333333333333333 0.03333333333333333
0 0.5177083333333333 0.3685185185185185 0.03333333333333333 0.03333333333333333
0 0.44375 0.37083333333333335 0.03333333333333333 0.03333333333333333
0 0.3697916666666667 0.3731481481481482 0.03333333333333333 0.03333333333333333
0 0.29583333333333334 0.375 0.03333333333333333 0.03333333333333333
0 0.7510416666666667 0.42592592592592593 0.03333333333333333 0.03333333333333333
0 0.6739583333333333 0.42824074074074076 0.03333333333333333 0.03333333333333333
0 0.5958333333333333 0.4300925925925926 0.03333333333333333 0.03333333333333333
0 0.51875 0.4324074074074074 0.03333333333333333 0.03333333333333333
0 0.44166666666666665 0.43425925925925923 0.03333333333333333 0.03333333333333333
0 0.3645833333333333 0.43657407407407406 0.03333333333333333 0.03333333333333333
0 0.2875 0.43842592592592594 0.03333333333333333 0.03333333333333333
0 0.7635416666666667 0.4949074074074074 0.03333333333333333 0.03333333333333333
0 0.6822916666666666 0.49675925925925923 0.03333333333333333 0.03333333333333333
0 0.6010416666666667 0.49907407407407406 0.03333333333333333 0.03333333333333333
0 0.5197916666666667 0.5009259259259259 0.03333333333333333 0.03333333333333333
0 0.43854166666666666 0.5032407407407408 0.03333333333333333 0.03333333333333333
0 0.35833333333333334 0.5050925925925925 0.03333333333333333 0.03333333333333333
0 0.278125 0.5074074074074074 0.03333333333333333 0.03333333333333333
0 0.7760416666666666 0.5708333333333333 0.03333333333333333 0.03333333333333333
0 0.690625 0.5731481481481482 0.03333333333333333 0.03333333333333333
0 0.60625 0.575 0.03333333333333333 0.03333333333333333
0 0.5208333333333334 0.5768518518518518 0.03333333333333333 0.03333333333333333
0 0.43645833333333334 0.5791666666666667 0.03333333333333333 0.03333333333333333
0 0.35208333333333336 0.5814814814814815 0.03333333333333333 0.03333333333333333
0 0.2677083333333333 0.5833333333333334 0.03333333333333333 0.03333333333333333
0 0.790625 0.6541666666666667 0.03333333333333333 0.03333333333333333
0 0.7010416666666667 0.6564814814814814 0.03333333333333333 0.03333333333333333
0 0.6114583333333333 0.6583333333333333 0.03333333333333333 0.03333333333333333
0 0.5229166666666667 0.6601851851851852 0.03333333333333333 0.03333333333333333
0 0.43333333333333335 0.6625 0.03333333333333333 0.03333333333333333
0 0.34479166666666666 0.6648148148148149 0.03333333333333333 0.03333333333333333
0 0.25625 0.6657407407407407 0.03333333333333333 0.03333333333333333
0 0.80625 0.7458333333333333 0.03333333333333333 0.03333333333333333
0 0.7125 0.7481481481481481 0.03333333333333333 0.03333333333333333
0 0.6177083333333333 0.75 0.03333333333333333 0.03333333333333333
0 0.5239583333333333 0.7518518518518519 0.03333333333333333 0.03333333333333333
0 0.43020833333333336 0.7541666666666667 0.03333333333333333 0.03333333333333333
0 0.33645833333333336 0.7564814814814815 0.03333333333333333 0.03333333333333333
0 0.24375 0.7583333333333333 0.03333333333333333 0.03333333333333333