0 0.296875 0.6444444444444445 0.020833333333333332 0.027777777777777776
0 0.3729166666666667 0.6430555555555556 0.020833333333333332 0.027777777777777776
0 0.4510416666666667 0.6430555555555556 0.020833333333333332 0.027777777777777776
0 0.5291666666666667 0.6416666666666667 0.020833333333333332 0.027777777777777776
0 0.6072916666666667 0.6416666666666667 0.020833333333333332 0.027777777777777776
0 0.6875 0.6416666666666667 0.020833333333333332 0.027777777777777776
0 0.76875 0.6402777777777777 0.020833333333333332 0.027777777777777776
0 0.3072916666666667 0.5541666666666667 0.020833333333333332 0.027777777777777776
0 0.3802083333333333 0.5541666666666667 0.020833333333333332 0.027777777777777776
0 0.45416666666666666 0.5527777777777778 0.020833333333333332 0.027777777777777776
0 0.528125 0.5513888888888889 0.020833333333333332 0.027777777777777776
0 0.603125 0.5513888888888889 0.020833333333333332 0.027777777777777776
0 0.6791666666666667 0.55 0.020833333333333332 0.027777777777777776
0 0.75625 0.5486111111111112 0.020833333333333332 0.027777777777777776
0 0.31666666666666665 0.4736111111111111 0.020833333333333332 0.027777777777777776
0 0.38645833333333335 0.4722222222222222 0.020833333333333332 0.027777777777777776
0 0.45625 0.4708333333333333 0.020833333333333332 0.027777777777777776
0 0.528125 0.46944444444444444 0.020833333333333332 0.027777777777777776
0 0.5989583333333334 0.46805555555555556 0.020833333333333332 0.027777777777777776
0 0.671875 0.4666666666666667 0.020833333333333332 0.027777777777777776
0 0.7447916666666666 0.4666666666666667 0.020833333333333332 0.027777777777777776
0 0.3260416666666667 0.4 0.020833333333333332 0.027777777777777776
0 0.3927083333333333 0.39861111111111114 0.020833333333333332 0.027777777777777776
0 0.459375 0.3972222222222222 0.020833333333333332 0.027777777777777776
0 0.5270833333333333 0.3958333333333333 0.020833333333333332 0.027777777777777776
0 0.5958333333333333 0.39305555555555555 0.020833333333333332 0.027777777777777776
0 0.6645833333333333 0.39166666666666666 0.020833333333333332 0.027777777777777776
0 0.734375 0.3902777777777778 0.020833333333333332 0.027777777777777776
0 0.3333333333333333 0.33194444444444443 0.020833333333333332 0.027777777777777776
0 0.39791666666666664 0.33055555555555555 0.020833333333333332 0.027777777777777776
0 0.46145833333333336 0.32916666666666666 0.020833333333333332 0.027777777777777776
0 0.5270833333333333 0.3263888888888889 0.020833333333333332 0.027777777777777776
0 0.5927083333333333 0.325 0.020833333333333332 0.027777777777777776
0 0.6583333333333333 0.3236111111111111 0.020833333333333332 0.027777777777777776
0 0.725 0.32083333333333336 0.020833333333333332 0.027777777777777776
0 0.340625 0.26944444444444443 0.020833333333333332 0.027777777777777776
0 0.40208333333333335 0.26805555555555555 0.020833333333333332 0.027777777777777776
0 0.46458333333333335 0.26666666666666666 0.020833333333333332 0.027777777777777776
0 0.5260416666666666 0.2638888888888889 0.020833333333333332 0.027777777777777776
0 0.5895833333333333 0.2625 0.020833333333333332 0.027777777777777776
0 0.6520833333333333 0.25972222222222224 0.020833333333333332 0.027777777777777776
0 0.7166666666666667 0.25833333333333336 0.020833333333333332 0.027777777777777776
0 0.34791666666666665 0.2125 0.020833333333333332 0.027777777777777776
0 0.40729166666666666 0.2111111111111111 0.020833333333333332 0.027777777777777776
0 0.4666666666666667 0.20833333333333334 0.020833333333333332 0.027777777777777776
0 0.5260416666666666 0.20694444444444443 0.020833333333333332 0.027777777777777776
0 0.5864583333333333 0.20416666666666666 0.020833333333333332 0.027777777777777776
0 0.646875 0.2013888888888889 0.020833333333333332 0.027777777777777776
0 0.7083333333333334 0.2 0.020833333333333332 0.027777777777777776