0 0.7302083333333333 0.19305555555555556 0.025 0.03333333333333333
0 0.6635416666666667 0.19305555555555556 0.025 0.03333333333333333
0 0.596875 0.19166666666666668 0.025 0.03333333333333333
0 0.5302083333333333 0.19166666666666668 0.025 0.03333333333333333
0 0.4635416666666667 0.19027777777777777 0.025 0.03333333333333333
0 0.39791666666666664 0.19027777777777777 0.025 0.03333333333333333
0 0.33125 0.19027777777777777 0.025 0.03333333333333333
0 0.7395833333333334 0.2569444444444444 0.025 0.03333333333333333
0 0.6697916666666667 0.25555555555555554 0.025 0.03333333333333333
0 0.6 0.25555555555555554 0.025 0.03333333333333333
0 0.5302083333333333 0.25416666666666665 0.025 0.03333333333333333
0 0.46041666666666664 0.25416666666666665 0.025 0.03333333333333333
0 0.39166666666666666 0.25277777777777777 0.025 0.03333333333333333
0 0.321875 0.25277777777777777 0.025 0.03333333333333333
0 0.7510416666666667 0.3263888888888889 0.025 0.03333333333333333
0 0.678125 0.3263888888888889 0.025 0.03333333333333333
0 0.6041666666666666 0.325 0.025 0.03333333333333333
0 0.53125 0.325 0.025 0.03333333333333333
0 0.45729166666666665 0.3236111111111111 0.025 0.03333333333333333
0 0.384375 0.32222222222222224 0.025 0.03333333333333333
0 0.31145833333333334 0.32222222222222224 0.025 0.03333333333333333
0 0.7635416666666667 0.4041666666666667 0.025 0.03333333333333333
0 0.6864583333333333 0.4041666666666667 0.025 0.03333333333333333
0 0.6083333333333333 0.4027777777777778 0.025 0.03333333333333333
0 0.53125 0.4013888888888889 0.025 0.03333333333333333
0 0.45416666666666666 0.4013888888888889 0.025 0.03333333333333333
0 0.3770833333333333 0.4 0.025 0.03333333333333333
0 0.3 0.39861111111111114 0.025 0.03333333333333333
0 0.778125 0.49166666666666664 0.025 0.03333333333333333
0 0.6958333333333333 0.49027777777777776 0.025 0.03333333333333333
0 0.6135416666666667 0.4888888888888889 0.025 0.03333333333333333
0 0.5322916666666667 0.4875 0.025 0.03333333333333333
0 0.45 0.4875 0.025 0.03333333333333333
0 0.36875 0.4861111111111111 0.025 0.03333333333333333
0 0.2875 0.4847222222222222 0.025 0.03333333333333333
0 0.79375 0.5888888888888889 0.025 0.03333333333333333
0 0.70625 0.5875 0.025 0.03333333333333333
0 0.61875 0.5861111111111111 0.025 0.03333333333333333
0 0.5322916666666667 0.5847222222222223 0.025 0.03333333333333333
0 0.44583333333333336 0.5833333333333334 0.025 0.03333333333333333
0 0.359375 0.5819444444444445 0.025 0.03333333333333333
0 0.27291666666666664 0.5819444444444445 0.025 0.03333333333333333
0 0.8114583333333333 0.6986111111111111 0.025 0.03333333333333333
0 0.7177083333333333 0.6972222222222222 0.025 0.03333333333333333
0 0.625 0.6958333333333333 0.025 0.03333333333333333
0 0.5333333333333333 0.6944444444444444 0.025 0.03333333333333333
0 0.440625 0.6930555555555555 0.025 0.03333333333333333
0 0.3489583333333333 0.6916666666666667 0.025 0.03333333333333333
0 0.25729166666666664 0.6902777777777778 0.025 0.03333333333333333