0 0.703125 0.18472222222222223 0.025 0.03333333333333333
0 0.634375 0.1875 0.025 0.03333333333333333
0 0.5666666666666667 0.18888888888888888 0.025 0.03333333333333333
0 0.4979166666666667 0.19027777777777777 0.025 0.03333333333333333
0 0.43020833333333336 0.19166666666666668 0.025 0.03333333333333333
0 0.3625 0.19444444444444445 0.025 0.03333333333333333
0 0.2947916666666667 0.19583333333333333 0.025 0.03333333333333333
0 0.7145833333333333 0.2513888888888889 0.025 0.03333333333333333
0 0.6427083333333333 0.25277777777777777 0.025 0.03333333333333333
0 0.5708333333333333 0.25416666666666665 0.025 0.03333333333333333
0 0.49895833333333334 0.25555555555555554 0.025 0.03333333333333333
0 0.428125 0.25833333333333336 0.025 0.03333333333333333
0 0.35625 0.25972222222222224 0.025 0.03333333333333333
0 0.28541666666666665 0.2611111111111111 0.025 0.03333333333333333
0 0.7260416666666667 0.32222222222222224 0.025 0.03333333333333333
0 0.6510416666666666 0.325 0.025 0.03333333333333333
0 0.575 0.3263888888888889 0.025 0.03333333333333333
0 0.5 0.3277777777777778 0.025 0.03333333333333333
0 0.425 0.33055555555555555 0.025 0.03333333333333333
0 0.35 0.33194444444444443 0.025 0.03333333333333333
0 0.2760416666666667 0.3333333333333333 0.025 0.03333333333333333
0 0.7395833333333334 0.4027777777777778 0.025 0.03333333333333333
0 0.659375 0.4041666666666667 0.025 0.03333333333333333
0 0.5802083333333333 0.40694444444444444 0.025 0.03333333333333333
0 0.5010416666666667 0.4083333333333333 0.025 0.03333333333333333
0 0.421875 0.4097222222222222 0.025 0.03333333333333333
0 0.34375 0.4125 0.025 0.03333333333333333
0 0.26458333333333334 0.41388888888888886 0.025 0.03333333333333333
0 0.7541666666666667 0.49166666666666664 0.025 0.03333333333333333
0 0.6697916666666667 0.4930555555555556 0.025 0.03333333333333333
0 0.5864583333333333 0.49583333333333335 0.025 0.03333333333333333
0 0.5020833333333333 0.49722222222222223 0.025 0.03333333333333333
0 0.41875 0.4986111111111111 0.025 0.03333333333333333
0 0.33541666666666664 0.5013888888888889 0.025 0.03333333333333333
0 0.2520833333333333 0.5027777777777778 0.025 0.03333333333333333
0 0.7708333333333334 0.5916666666666667 0.025 0.03333333333333333
0 0.68125 0.5930555555555556 0.025 0.03333333333333333
0 0.5927083333333333 0.5958333333333333 0.025 0.03333333333333333
0 0.5041666666666667 0.5972222222222222 0.025 0.03333333333333333
0 0.415625 0.5986111111111111 0.025 0.03333333333333333
0 0.32708333333333334 0.6013888888888889 0.025 0.03333333333333333
0 0.23854166666666668 0.6027777777777777 0.025 0.03333333333333333
0 0.7885416666666667 0.7041666666666667 0.025 0.03333333333333333
0 0.69375 0.7055555555555556 0.025 0.03333333333333333
0 0.6 0.7083333333333334 0.025 0.03333333333333333
0 0.5052083333333334 0.7097222222222223 0.025 0.03333333333333333
0 0.4114583333333333 0.7111111111111111 0.025 0.03333333333333333
0 0.31666666666666665 0.7125 0.025 0.03333333333333333
0 0.22395833333333334 0.7152777777777778 0.025 0.03333333333333333