0 0.671875 0.20277777777777778 0.025 0.03333333333333333
0 0.6041666666666666 0.20694444444444443 0.025 0.03333333333333333
0 0.5364583333333334 0.2125 0.025 0.03333333333333333
0 0.46979166666666666 0.21666666666666667 0.025 0.03333333333333333
0 0.403125 0.2222222222222222 0.025 0.03333333333333333
0 0.3375 0.2263888888888889 0.025 0.03333333333333333
0 0.2708333333333333 0.23194444444444445 0.025 0.03333333333333333
0 0.6833333333333333 0.2638888888888889 0.025 0.03333333333333333
0 0.6125 0.26944444444444443 0.025 0.03333333333333333
0 0.5416666666666666 0.275 0.025 0.03333333333333333
0 0.4708333333333333 0.2791666666666667 0.025 0.03333333333333333
0 0.4010416666666667 0.2847222222222222 0.025 0.03333333333333333
0 0.33125 0.28888888888888886 0.025 0.03333333333333333
0 0.26145833333333335 0.29444444444444445 0.025 0.03333333333333333
0 0.6958333333333333 0.3333333333333333 0.025 0.03333333333333333
0 0.6208333333333333 0.3388888888888889 0.025 0.03333333333333333
0 0.5458333333333333 0.34305555555555556 0.025 0.03333333333333333
0 0.471875 0.3486111111111111 0.025 0.03333333333333333
0 0.39791666666666664 0.3541666666666667 0.025 0.03333333333333333
0 0.32395833333333335 0.35833333333333334 0.025 0.03333333333333333
0 0.25104166666666666 0.3638888888888889 0.025 0.03333333333333333
0 0.7104166666666667 0.4097222222222222 0.025 0.03333333333333333
0 0.6302083333333334 0.4152777777777778 0.025 0.03333333333333333
0 0.5510416666666667 0.42083333333333334 0.025 0.03333333333333333
0 0.47291666666666665 0.425 0.025 0.03333333333333333
0 0.39479166666666665 0.4305555555555556 0.025 0.03333333333333333
0 0.31666666666666665 0.4361111111111111 0.025 0.03333333333333333
0 0.23958333333333334 0.44027777777777777 0.025 0.03333333333333333
0 0.7260416666666667 0.49722222222222223 0.025 0.03333333333333333
0 0.6416666666666667 0.5013888888888889 0.025 0.03333333333333333
0 0.5572916666666666 0.5069444444444444 0.025 0.03333333333333333
0 0.4739583333333333 0.5125 0.025 0.03333333333333333
0 0.390625 0.5166666666666667 0.025 0.03333333333333333
0 0.30833333333333335 0.5222222222222223 0.025 0.03333333333333333
0 0.22708333333333333 0.5277777777777778 0.025 0.03333333333333333
0 0.74375 0.5944444444444444 0.025 0.03333333333333333
0 0.6541666666666667 0.6 0.025 0.03333333333333333
0 0.5645833333333333 0.6055555555555555 0.025 0.03333333333333333
0 0.475 0.6097222222222223 0.025 0.03333333333333333
0 0.3875 0.6152777777777778 0.025 0.03333333333333333
0 0.2989583333333333 0.6208333333333333 0.025 0.03333333333333333
0 0.21145833333333333 0.625 0.025 0.03333333333333333
0 0.7645833333333333 0.7069444444444445 0.025 0.03333333333333333
0 0.66875 0.7111111111111111 0.025 0.03333333333333333
0 0.571875 0.7166666666666667 0.025 0.03333333333333333
0 0.47708333333333336 0.7222222222222222 0.025 0.03333333333333333
0 0.38229166666666664 0.7263888888888889 0.025 0.03333333333333333
0 0.28854166666666664 0.7319444444444444 0.025 0.03333333333333333
0 0.19479166666666667 0.7375 0.025 0.03333333333333333