0 0.725 0.18425925925925926 0.03333333333333333 0.03333333333333333
0 0.6510416666666666 0.1875 0.03333333333333333 0.03333333333333333
0 0.5770833333333333 0.19074074074074074 0.03333333333333333 0.03333333333333333
0 0.503125 0.1935185185185185 0.03333333333333333 0.03333333333333333
0 0.428125 0.19675925925925927 0.03333333333333333 0.03333333333333333
0 0.3541666666666667 0.20092592592592592 0.03333333333333333 0.03333333333333333
0 0.2791666666666667 0.20416666666666666 0.03333333333333333 0.03333333333333333
0 0.7364583333333333 0.23657407407407408 0.03333333333333333 0.03333333333333333
0 0.659375 0.23981481481481481 0.03333333333333333 0.03333333333333333
0 0.5822916666666667 0.24351851851851852 0.03333333333333333 0.03333333333333333
0 0.5052083333333334 0.24675925925925926 0.03333333333333333 0.03333333333333333
0 0.428125 0.25 0.03333333333333333 0.03333333333333333
0 0.35 0.25416666666666665 0.03333333333333333 0.03333333333333333
0 0.27291666666666664 0.2574074074074074 0.03333333333333333 0.03333333333333333
0 0.7479166666666667 0.29259259259259257 0.03333333333333333 0.03333333333333333
0 0.66875 0.2967592592592593 0.03333333333333333 0.03333333333333333
0 0.5885416666666666 0.3 0.03333333333333333 0.03333333333333333
0 0.5072916666666667 0.30416666666666664 0.03333333333333333 0.03333333333333333
0 0.4270833333333333 0.3074074074074074 0.03333333333333333 0.03333333333333333
0 0.346875 0.31157407407407406 0.03333333333333333 0.03333333333333333
0 0.265625 0.3148148148148148 0.03333333333333333 0.03333333333333333
0 0.7614583333333333 0.3541666666666667 0.03333333333333333 0.03333333333333333
0 0.678125 0.35833333333333334 0.03333333333333333 0.03333333333333333
0 0.59375 0.3625 0.03333333333333333 0.03333333333333333
0 0.5104166666666666 0.36574074074074076 0.03333333333333333 0.03333333333333333
0 0.4270833333333333 0.3699074074074074 0.03333333333333333 0.03333333333333333
0 0.34270833333333334 0.3731481481481482 0.03333333333333333 0.03333333333333333
0 0.25833333333333336 0.3768518518518518 0.03333333333333333 0.03333333333333333
0 0.775 0.42083333333333334 0.03333333333333333 0.03333333333333333
0 0.6885416666666667 0.425 0.03333333333333333 0.03333333333333333
0 0.6010416666666667 0.42916666666666664 0.03333333333333333 0.03333333333333333
0 0.5135416666666667 0.43333333333333335 0.03333333333333333 0.03333333333333333
0 0.42604166666666665 0.4375 0.03333333333333333 0.03333333333333333
0 0.3385416666666667 0.44166666666666665 0.03333333333333333 0.03333333333333333
0 0.25 0.4449074074074074 0.03333333333333333 0.03333333333333333
0 0.790625 0.4935185185185185 0.03333333333333333 0.03333333333333333
0 0.7 0.4981481481481482 0.03333333333333333 0.03333333333333333
0 0.6083333333333333 0.5032407407407408 0.03333333333333333 0.03333333333333333
0 0.5166666666666667 0.5074074074074074 0.03333333333333333 0.03333333333333333
0 0.425 0.5115740740740741 0.03333333333333333 0.03333333333333333
0 0.3333333333333333 0.5157407407407407 0.03333333333333333 0.03333333333333333
0 0.24166666666666667 0.5199074074074074 0.03333333333333333 0.03333333333333333
0 0.8083333333333333 0.5740740740740741 0.03333333333333333 0.03333333333333333
0 0.7125 0.5791666666666667 0.03333333333333333 0.03333333333333333
0 0.6166666666666667 0.5833333333333334 0.03333333333333333 0.03333333333333333
0 0.5208333333333334 0.5875 0.03333333333333333 0.03333333333333333
0 0.4239583333333333 0.5925925925925926 0.03333333333333333 0.03333333333333333
0 0.328125 0.5967592592592592 0.03333333333333333 0.03333333333333333
0 0.23125 0.600925925925926 0.03333333333333333 0.03333333333333333