0 0.24270833333333333 0.725 0.03125 0.03148148148148148
0 0.33125 0.7240740740740741 0.03125 0.03148148148148148
0 0.4197916666666667 0.7217592592592592 0.03125 0.03148148148148148
0 0.509375 0.7208333333333333 0.03125 0.03148148148148148
0 0.5989583333333334 0.7199074074074074 0.03125 0.03148148148148148
0 0.6895833333333333 0.7175925925925926 0.03125 0.03148148148148148
0 0.78125 0.7166666666666667 0.03125 0.03148148148148148
0 0.253125 0.6365740740740741 0.03125 0.03148148148148148
0 0.3375 0.6342592592592593 0.03125 0.03148148148148148
0 0.42291666666666666 0.6333333333333333 0.03125 0.03148148148148148
0 0.5083333333333333 0.6314814814814815 0.03125 0.03148148148148148
0 0.5947916666666667 0.6300925925925925 0.03125 0.03148148148148148
0 0.68125 0.6282407407407408 0.03125 0.03148148148148148
0 0.76875 0.6268518518518519 0.03125 0.03148148148148148
0 0.2635416666666667 0.5550925925925926 0.03125 0.03148148148148148
0 0.34375 0.5532407407407407 0.03125 0.03148148148148148
0 0.425 0.5518518518518518 0.03125 0.03148148148148148
0 0.5072916666666667 0.55 0.03125 0.03148148148148148
0 0.5895833333333333 0.5481481481481482 0.03125 0.03148148148148148
0 0.6729166666666667 0.5458333333333333 0.03125 0.03148148148148148
0 0.7572916666666667 0.5449074074074074 0.03125 0.03148148148148148
0 0.271875 0.48009259259259257 0.03125 0.03148148148148148
0 0.35 0.4791666666666667 0.03125 0.03148148148148148
0 0.428125 0.47685185185185186 0.03125 0.03148148148148148
0 0.5072916666666667 0.475 0.03125 0.03148148148148148
0 0.5864583333333333 0.47314814814814815 0.03125 0.03148148148148148
0 0.665625 0.4708333333333333 0.03125 0.03148148148148148
0 0.7458333333333333 0.4685185185185185 0.03125 0.03148148148148148
0 0.28020833333333334 0.4115740740740741 0.03125 0.03148148148148148
0 0.35520833333333335 0.40925925925925927 0.03125 0.03148148148148148
0 0.43020833333333336 0.4074074074074074 0.03125 0.03148148148148148
0 0.50625 0.4050925925925926 0.03125 0.03148148148148148
0 0.5822916666666667 0.40324074074074073 0.03125 0.03148148148148148
0 0.659375 0.4009259259259259 0.03125 0.03148148148148148
0 0.7364583333333333 0.3990740740740741 0.03125 0.03148148148148148
0 0.28854166666666664 0.34814814814814815 0.03125 0.03148148148148148
0 0.36041666666666666 0.3458333333333333 0.03125 0.03148148148148148
0 0.4322916666666667 0.3435185185185185 0.03125 0.03148148148148148
0 0.5052083333333334 0.34074074074074073 0.03125 0.03148148148148148
0 0.5791666666666667 0.3384259259259259 0.03125 0.03148148148148148
0 0.653125 0.3365740740740741 0.03125 0.03148148148148148
0 0.7270833333333333 0.33425925925925926 0.03125 0.03148148148148148
0 0.29583333333333334 0.2884259259259259 0.03125 0.03148148148148148
0 0.3645833333333333 0.2865740740740741 0.03125 0.03148148148148148
0 0.434375 0.2833333333333333 0.03125 0.03148148148148148
0 0.5052083333333334 0.2814814814814815 0.03125 0.03148148148148148
0 0.5760416666666667 0.2791666666666667 0.03125 0.03148148148148148
0 0.646875 0.2759259259259259 0.03125 0.03148148148148148
0 0.71875 0.2740740740740741 0.03125 0.03148148148148148