0 0.709375 0.16342592592592592 0.022916666666666665 0.03425925925925926
0 0.634375 0.16203703703703703 0.022916666666666665 0.03425925925925926
0 0.5583333333333333 0.16203703703703703 0.022916666666666665 0.03425925925925926
0 0.48125 0.16064814814814815 0.022916666666666665 0.03425925925925926
0 0.4041666666666667 0.16064814814814815 0.022916666666666665 0.03425925925925926
0 0.32708333333333334 0.1587962962962963 0.022916666666666665 0.03425925925925926
0 0.24895833333333334 0.1574074074074074 0.022916666666666665 0.03425925925925926
0 0.7208333333333333 0.24305555555555555 0.022916666666666665 0.03425925925925926
0 0.6427083333333333 0.24305555555555555 0.022916666666666665 0.03425925925925926
0 0.5635416666666667 0.2412037037037037 0.022916666666666665 0.03425925925925926
0 0.484375 0.2412037037037037 0.022916666666666665 0.03425925925925926
0 0.4041666666666667 0.2412037037037037 0.022916666666666665 0.03425925925925926
0 0.32395833333333335 0.23981481481481481 0.022916666666666665 0.03425925925925926
0 0.24270833333333333 0.23981481481481481 0.022916666666666665 0.03425925925925926
0 0.7333333333333333 0.3300925925925926 0.022916666666666665 0.03425925925925926
0 0.6520833333333333 0.3287037037037037 0.022916666666666665 0.03425925925925926
0 0.5697916666666667 0.3287037037037037 0.022916666666666665 0.03425925925925926
0 0.4875 0.3287037037037037 0.022916666666666665 0.03425925925925926
0 0.4041666666666667 0.3287037037037037 0.022916666666666665 0.03425925925925926
0 0.32083333333333336 0.32731481481481484 0.022916666666666665 0.03425925925925926
0 0.2375 0.32731481481481484 0.022916666666666665 0.03425925925925926
0 0.7458333333333333 0.4222222222222222 0.022916666666666665 0.03425925925925926
0 0.6614583333333334 0.4222222222222222 0.022916666666666665 0.03425925925925926
0 0.5770833333333333 0.4222222222222222 0.022916666666666665 0.03425925925925926
0 0.490625 0.4222222222222222 0.022916666666666665 0.03425925925925926
0 0.40520833333333334 0.4222222222222222 0.022916666666666665 0.03425925925925926
0 0.3177083333333333 0.4222222222222222 0.022916666666666665 0.03425925925925926
0 0.23020833333333332 0.4222222222222222 0.022916666666666665 0.03425925925925926
0 0.7604166666666666 0.5231481481481481 0.022916666666666665 0.03425925925925926
0 0.671875 0.5231481481481481 0.022916666666666665 0.03425925925925926
0 0.5833333333333334 0.5231481481481481 0.022916666666666665 0.03425925925925926
0 0.4947916666666667 0.525 0.022916666666666665 0.03425925925925926
0 0.40520833333333334 0.525 0.022916666666666665 0.03425925925925926
0 0.3145833333333333 0.525 0.022916666666666665 0.03425925925925926
0 0.22291666666666668 0.525 0.022916666666666665 0.03425925925925926
0 0.7760416666666666 0.6324074074074074 0.022916666666666665 0.03425925925925926
0 0.684375 0.6337962962962963 0.022916666666666665 0.03425925925925926
0 0.5916666666666667 0.6337962962962963 0.022916666666666665 0.03425925925925926
0 0.49895833333333334 0.6356481481481482 0.022916666666666665 0.03425925925925926
0 0.40520833333333334 0.6356481481481482 0.022916666666666665 0.03425925925925926
0 0.3104166666666667 0.6370370370370371 0.022916666666666665 0.03425925925925926
0 0.215625 0.6370370370370371 0.022916666666666665 0.03425925925925926
0 0.7927083333333333 0.7523148148148148 0.022916666666666665 0.03425925925925926
0 0.696875 0.7523148148148148 0.022916666666666665 0.03425925925925926
0 0.6 0.7537037037037037 0.022916666666666665 0.03425925925925926
0 0.503125 0.7555555555555555 0.022916666666666665 0.03425925925925926
0 0.40520833333333334 0.7569444444444444 0.022916666666666665 0.03425925925925926
0 0.30625 0.7587962962962963 0.022916666666666665 0.03425925925925926
0 0.20729166666666668 0.7587962962962963 0.022916666666666665 0.03425925925925926