0 0.68125 0.1736111111111111 0.025 0.03333333333333333
0 0.6145833333333334 0.175 0.025 0.03333333333333333
0 0.546875 0.175 0.025 0.03333333333333333
0 0.4791666666666667 0.175 0.025 0.03333333333333333
0 0.41041666666666665 0.175 0.025 0.03333333333333333
0 0.3416666666666667 0.175 0.025 0.03333333333333333
0 0.271875 0.175 0.025 0.03333333333333333
0 0.69375 0.2375 0.025 0.03333333333333333
0 0.6239583333333333 0.2388888888888889 0.025 0.03333333333333333
0 0.553125 0.2388888888888889 0.025 0.03333333333333333
0 0.48125 0.24027777777777778 0.025 0.03333333333333333
0 0.409375 0.24027777777777778 0.025 0.03333333333333333
0 0.3375 0.24027777777777778 0.025 0.03333333333333333
0 0.2635416666666667 0.24166666666666667 0.025 0.03333333333333333
0 0.7072916666666667 0.30833333333333335 0.025 0.03333333333333333
0 0.6333333333333333 0.30972222222222223 0.025 0.03333333333333333
0 0.559375 0.30972222222222223 0.025 0.03333333333333333
0 0.484375 0.3111111111111111 0.025 0.03333333333333333
0 0.4083333333333333 0.3125 0.025 0.03333333333333333
0 0.33229166666666665 0.3125 0.025 0.03333333333333333
0 0.2552083333333333 0.3138888888888889 0.025 0.03333333333333333
0 0.721875 0.3861111111111111 0.025 0.03333333333333333
0 0.6447916666666667 0.3875 0.025 0.03333333333333333
0 0.5666666666666667 0.3888888888888889 0.025 0.03333333333333333
0 0.4875 0.3902777777777778 0.025 0.03333333333333333
0 0.40729166666666666 0.39166666666666666 0.025 0.03333333333333333
0 0.32708333333333334 0.39305555555555555 0.025 0.03333333333333333
0 0.24583333333333332 0.39444444444444443 0.025 0.03333333333333333
0 0.7385416666666667 0.4722222222222222 0.025 0.03333333333333333
0 0.6572916666666667 0.475 0.025 0.03333333333333333
0 0.5739583333333333 0.47638888888888886 0.025 0.03333333333333333
0 0.490625 0.4791666666666667 0.025 0.03333333333333333
0 0.40625 0.48055555555555557 0.025 0.03333333333333333
0 0.321875 0.48333333333333334 0.025 0.03333333333333333
0 0.23541666666666666 0.4847222222222222 0.025 0.03333333333333333
0 0.7572916666666667 0.5694444444444444 0.025 0.03333333333333333
0 0.6708333333333333 0.5722222222222222 0.025 0.03333333333333333
0 0.5833333333333334 0.575 0.025 0.03333333333333333
0 0.4947916666666667 0.5777777777777777 0.025 0.03333333333333333
0 0.40520833333333334 0.5805555555555556 0.025 0.03333333333333333
0 0.3145833333333333 0.5833333333333334 0.025 0.03333333333333333
0 0.22291666666666668 0.5861111111111111 0.025 0.03333333333333333
0 0.778125 0.6791666666666667 0.025 0.03333333333333333
0 0.6864583333333333 0.6819444444444445 0.025 0.03333333333333333
0 0.59375 0.6861111111111111 0.025 0.03333333333333333
0 0.49895833333333334 0.6902777777777778 0.025 0.03333333333333333
0 0.4041666666666667 0.6930555555555555 0.025 0.03333333333333333
0 0.3072916666666667 0.6972222222222222 0.025 0.03333333333333333
0 0.209375 0.7 0.025 0.03333333333333333