0 0.7166666666666667 0.2574074074074074 0.029166666666666667 0.029166666666666667
0 0.646875 0.2574074074074074 0.029166666666666667 0.029166666666666667
0 0.578125 0.25833333333333336 0.029166666666666667 0.029166666666666667
0 0.5104166666666666 0.25925925925925924 0.029166666666666667 0.029166666666666667
0 0.44166666666666665 0.25925925925925924 0.029166666666666667 0.029166666666666667
0 0.37395833333333334 0.2601851851851852 0.029166666666666667 0.029166666666666667
0 0.30625 0.26157407407407407 0.029166666666666667 0.029166666666666667
0 0.721875 0.3175925925925926 0.029166666666666667 0.029166666666666667
0 0.6510416666666666 0.3175925925925926 0.029166666666666667 0.029166666666666667
0 0.5791666666666667 0.31851851851851853 0.029166666666666667 0.029166666666666667
0 0.509375 0.31851851851851853 0.029166666666666667 0.029166666666666667
0 0.43854166666666666 0.3199074074074074 0.029166666666666667 0.029166666666666667
0 0.36875 0.3199074074074074 0.029166666666666667 0.029166666666666667
0 0.2989583333333333 0.32083333333333336 0.029166666666666667 0.029166666666666667
0 0.728125 0.3814814814814815 0.029166666666666667 0.029166666666666667
0 0.6541666666666667 0.3824074074074074 0.029166666666666667 0.029166666666666667
0 0.58125 0.3824074074074074 0.029166666666666667 0.029166666666666667
0 0.5083333333333333 0.38333333333333336 0.029166666666666667 0.029166666666666667
0 0.4354166666666667 0.38333333333333336 0.029166666666666667 0.029166666666666667
0 0.3625 0.38425925925925924 0.029166666666666667 0.029166666666666667
0 0.290625 0.38425925925925924 0.029166666666666667 0.029166666666666667
0 0.734375 0.45 0.029166666666666667 0.029166666666666667
0 0.6583333333333333 0.45092592592592595 0.029166666666666667 0.029166666666666667
0 0.5822916666666667 0.45092592592592595 0.029166666666666667 0.029166666666666667
0 0.5072916666666667 0.45092592592592595 0.029166666666666667 0.029166666666666667
0 0.43125 0.45092592592592595 0.029166666666666667 0.029166666666666667
0 0.3572916666666667 0.45185185185185184 0.029166666666666667 0.029166666666666667
0 0.28229166666666666 0.45185185185185184 0.029166666666666667 0.029166666666666667
0 0.740625 0.524074074074074 0.029166666666666667 0.029166666666666667
0 0.6614583333333334 0.524074074074074 0.029166666666666667 0.029166666666666667
0 0.5833333333333334 0.524074074074074 0.029166666666666667 0.029166666666666667
0 0.5052083333333334 0.524074074074074 0.029166666666666667 0.029166666666666667
0 0.428125 0.524074074074074 0.029166666666666667 0.029166666666666667
0 0.35104166666666664 0.524074074074074 0.029166666666666667 0.029166666666666667
0 0.27395833333333336 0.524074074074074 0.029166666666666667 0.029166666666666667
0 0.7479166666666667 0.6018518518518519 0.029166666666666667 0.029166666666666667
0 0.6666666666666666 0.6018518518518519 0.029166666666666667 0.029166666666666667
0 0.5854166666666667 0.6018518518518519 0.029166666666666667 0.029166666666666667
0 0.5041666666666667 0.6018518518518519 0.029166666666666667 0.029166666666666667
0 0.4239583333333333 0.6018518518518519 0.029166666666666667 0.029166666666666667
0 0.34375 0.6018518518518519 0.029166666666666667 0.029166666666666667
0 0.26458333333333334 0.6018518518518519 0.029166666666666667 0.029166666666666667
0 0.7552083333333334 0.6865740740740741 0.029166666666666667 0.029166666666666667
0 0.6708333333333333 0.6865740740740741 0.029166666666666667 0.029166666666666667
0 0.5864583333333333 0.6865740740740741 0.029166666666666667 0.029166666666666667
0 0.503125 0.6865740740740741 0.029166666666666667 0.029166666666666667
0 0.4197916666666667 0.6851851851851852 0.029166666666666667 0.029166666666666667
0 0.33645833333333336 0.6851851851851852 0.029166666666666667 0.029166666666666667
0 0.25416666666666665 0.6851851851851852 0.029166666666666667 0.029166666666666667