0 0.6947916666666667 0.18194444444444444 0.025 0.03333333333333333
0 0.6270833333333333 0.18472222222222223 0.025 0.03333333333333333
0 0.5583333333333333 0.18611111111111112 0.025 0.03333333333333333
0 0.4895833333333333 0.18888888888888888 0.025 0.03333333333333333
0 0.421875 0.19027777777777777 0.025 0.03333333333333333
0 0.353125 0.19305555555555556 0.025 0.03333333333333333
0 0.28541666666666665 0.19444444444444445 0.025 0.03333333333333333
0 0.7052083333333333 0.24861111111111112 0.025 0.03333333333333333
0 0.6333333333333333 0.2513888888888889 0.025 0.03333333333333333
0 0.5614583333333333 0.25277777777777777 0.025 0.03333333333333333
0 0.490625 0.25555555555555554 0.025 0.03333333333333333
0 0.41875 0.2569444444444444 0.025 0.03333333333333333
0 0.346875 0.25972222222222224 0.025 0.03333333333333333
0 0.2760416666666667 0.2611111111111111 0.025 0.03333333333333333
0 0.7166666666666667 0.32222222222222224 0.025 0.03333333333333333
0 0.640625 0.325 0.025 0.03333333333333333
0 0.565625 0.3263888888888889 0.025 0.03333333333333333
0 0.490625 0.32916666666666666 0.025 0.03333333333333333
0 0.415625 0.33055555555555555 0.025 0.03333333333333333
0 0.33958333333333335 0.3333333333333333 0.025 0.03333333333333333
0 0.26458333333333334 0.33611111111111114 0.025 0.03333333333333333
0 0.7291666666666666 0.4027777777777778 0.025 0.03333333333333333
0 0.6489583333333333 0.40555555555555556 0.025 0.03333333333333333
0 0.5697916666666667 0.4083333333333333 0.025 0.03333333333333333
0 0.490625 0.4097222222222222 0.025 0.03333333333333333
0 0.4114583333333333 0.4125 0.025 0.03333333333333333
0 0.33229166666666665 0.4152777777777778 0.025 0.03333333333333333
0 0.253125 0.4166666666666667 0.025 0.03333333333333333
0 0.7427083333333333 0.4930555555555556 0.025 0.03333333333333333
0 0.6583333333333333 0.49583333333333335 0.025 0.03333333333333333
0 0.575 0.4986111111111111 0.025 0.03333333333333333
0 0.490625 0.5013888888888889 0.025 0.03333333333333333
0 0.40729166666666666 0.5027777777777778 0.025 0.03333333333333333
0 0.3229166666666667 0.5055555555555555 0.025 0.03333333333333333
0 0.23958333333333334 0.5083333333333333 0.025 0.03333333333333333
0 0.7583333333333333 0.5944444444444444 0.025 0.03333333333333333
0 0.66875 0.5972222222222222 0.025 0.03333333333333333
0 0.5802083333333333 0.6 0.025 0.03333333333333333
0 0.490625 0.6027777777777777 0.025 0.03333333333333333
0 0.40208333333333335 0.6055555555555555 0.025 0.03333333333333333
0 0.31354166666666666 0.6069444444444444 0.025 0.03333333333333333
0 0.225 0.6097222222222223 0.025 0.03333333333333333
0 0.7760416666666666 0.7097222222222223 0.025 0.03333333333333333
0 0.68125 0.7125 0.025 0.03333333333333333
0 0.5864583333333333 0.7138888888888889 0.025 0.03333333333333333
0 0.49166666666666664 0.7166666666666667 0.025 0.03333333333333333
0 0.396875 0.7194444444444444 0.025 0.03333333333333333
0 0.3020833333333333 0.7222222222222222 0.025 0.03333333333333333
0 0.20833333333333334 0.725 0.025 0.03333333333333333