0 0.7291666666666666 0.17916666666666667 0.025 0.03333333333333333
0 0.6614583333333334 0.1763888888888889 0.025 0.03333333333333333
0 0.59375 0.1736111111111111 0.025 0.03333333333333333
0 0.5260416666666666 0.17222222222222222 0.025 0.03333333333333333
0 0.4583333333333333 0.16944444444444445 0.025 0.03333333333333333
0 0.390625 0.16666666666666666 0.025 0.03333333333333333
0 0.321875 0.1638888888888889 0.025 0.03333333333333333
0 0.7395833333333334 0.24305555555555555 0.025 0.03333333333333333
0 0.6697916666666667 0.24027777777777778 0.025 0.03333333333333333
0 0.5989583333333334 0.2375 0.025 0.03333333333333333
0 0.5270833333333333 0.23472222222222222 0.025 0.03333333333333333
0 0.45625 0.23333333333333334 0.025 0.03333333333333333
0 0.384375 0.23055555555555557 0.025 0.03333333333333333
0 0.31354166666666666 0.22777777777777777 0.025 0.03333333333333333
0 0.7520833333333333 0.3138888888888889 0.025 0.03333333333333333
0 0.678125 0.3111111111111111 0.025 0.03333333333333333
0 0.603125 0.30833333333333335 0.025 0.03333333333333333
0 0.5291666666666667 0.3055555555555556 0.025 0.03333333333333333
0 0.45416666666666666 0.30277777777777776 0.025 0.03333333333333333
0 0.378125 0.3 0.025 0.03333333333333333
0 0.303125 0.2972222222222222 0.025 0.03333333333333333
0 0.765625 0.39166666666666666 0.025 0.03333333333333333
0 0.6875 0.3888888888888889 0.025 0.03333333333333333
0 0.609375 0.3861111111111111 0.025 0.03333333333333333
0 0.5302083333333333 0.38333333333333336 0.025 0.03333333333333333
0 0.4510416666666667 0.38055555555555554 0.025 0.03333333333333333
0 0.371875 0.37777777777777777 0.025 0.03333333333333333
0 0.29270833333333335 0.375 0.025 0.03333333333333333
0 0.78125 0.4777777777777778 0.025 0.03333333333333333
0 0.6979166666666666 0.475 0.025 0.03333333333333333
0 0.6145833333333334 0.4736111111111111 0.025 0.03333333333333333
0 0.53125 0.4708333333333333 0.025 0.03333333333333333
0 0.4479166666666667 0.46805555555555556 0.025 0.03333333333333333
0 0.3645833333333333 0.4652777777777778 0.025 0.03333333333333333
0 0.28020833333333334 0.4625 0.025 0.03333333333333333
0 0.7979166666666667 0.5763888888888888 0.025 0.03333333333333333
0 0.7104166666666667 0.5736111111111111 0.025 0.03333333333333333
0 0.621875 0.5708333333333333 0.025 0.03333333333333333
0 0.5333333333333333 0.5680555555555555 0.025 0.03333333333333333
0 0.44479166666666664 0.5652777777777778 0.025 0.03333333333333333
0 0.35520833333333335 0.5625 0.025 0.03333333333333333
0 0.26666666666666666 0.5597222222222222 0.025 0.03333333333333333
0 0.8166666666666667 0.6861111111111111 0.025 0.03333333333333333
0 0.7239583333333334 0.6833333333333333 0.025 0.03333333333333333
0 0.6302083333333334 0.6805555555555556 0.025 0.03333333333333333
0 0.5354166666666667 0.6791666666666667 0.025 0.03333333333333333
0 0.440625 0.6763888888888889 0.025 0.03333333333333333
0 0.3458333333333333 0.6736111111111112 0.025 0.03333333333333333
0 0.25104166666666666 0.6708333333333333 0.025 0.03333333333333333