0 0.73125 0.18472222222222223 0.025 0.03333333333333333
0 0.6645833333333333 0.18333333333333332 0.025 0.03333333333333333
0 0.5979166666666667 0.18194444444444444 0.025 0.03333333333333333
0 0.5322916666666667 0.18194444444444444 0.025 0.03333333333333333
0 0.465625 0.18055555555555555 0.025 0.03333333333333333
0 0.39895833333333336 0.17916666666666667 0.025 0.03333333333333333
0 0.3333333333333333 0.17777777777777778 0.025 0.03333333333333333
0 0.7427083333333333 0.24861111111111112 0.025 0.03333333333333333
0 0.671875 0.24722222222222223 0.025 0.03333333333333333
0 0.6020833333333333 0.24583333333333332 0.025 0.03333333333333333
0 0.5322916666666667 0.24444444444444444 0.025 0.03333333333333333
0 0.4625 0.24305555555555555 0.025 0.03333333333333333
0 0.3927083333333333 0.24166666666666667 0.025 0.03333333333333333
0 0.32395833333333335 0.24027777777777778 0.025 0.03333333333333333
0 0.7541666666666667 0.31805555555555554 0.025 0.03333333333333333
0 0.6802083333333333 0.31666666666666665 0.025 0.03333333333333333
0 0.60625 0.31527777777777777 0.025 0.03333333333333333
0 0.5333333333333333 0.3138888888888889 0.025 0.03333333333333333
0 0.459375 0.3125 0.025 0.03333333333333333
0 0.38645833333333335 0.3111111111111111 0.025 0.03333333333333333
0 0.31354166666666666 0.3111111111111111 0.025 0.03333333333333333
0 0.7666666666666667 0.3972222222222222 0.025 0.03333333333333333
0 0.6885416666666667 0.39444444444444443 0.025 0.03333333333333333
0 0.6114583333333333 0.39305555555555555 0.025 0.03333333333333333
0 0.5333333333333333 0.39166666666666666 0.025 0.03333333333333333
0 0.45625 0.3902777777777778 0.025 0.03333333333333333
0 0.37916666666666665 0.3888888888888889 0.025 0.03333333333333333
0 0.3020833333333333 0.3875 0.025 0.03333333333333333
0 0.78125 0.48333333333333334 0.025 0.03333333333333333
0 0.6989583333333333 0.48194444444444445 0.025 0.03333333333333333
0 0.6166666666666667 0.48055555555555557 0.025 0.03333333333333333
0 0.534375 0.4791666666666667 0.025 0.03333333333333333
0 0.453125 0.47638888888888886 0.025 0.03333333333333333
0 0.37083333333333335 0.475 0.025 0.03333333333333333
0 0.28958333333333336 0.4736111111111111 0.025 0.03333333333333333
0 0.7979166666666667 0.5819444444444445 0.025 0.03333333333333333
0 0.709375 0.5805555555555556 0.025 0.03333333333333333
0 0.6229166666666667 0.5777777777777777 0.025 0.03333333333333333
0 0.5354166666666667 0.5763888888888888 0.025 0.03333333333333333
0 0.44895833333333335 0.5736111111111111 0.025 0.03333333333333333
0 0.3614583333333333 0.5722222222222222 0.025 0.03333333333333333
0 0.275 0.5708333333333333 0.025 0.03333333333333333
0 0.815625 0.6930555555555555 0.025 0.03333333333333333
0 0.7229166666666667 0.6902777777777778 0.025 0.03333333333333333
0 0.6291666666666667 0.6888888888888889 0.025 0.03333333333333333
0 0.5364583333333334 0.6861111111111111 0.025 0.03333333333333333
0 0.44375 0.6847222222222222 0.025 0.03333333333333333
0 0.35104166666666664 0.6819444444444445 0.025 0.03333333333333333
0 0.259375 0.6805555555555556 0.025 0.03333333333333333