0 0.2947916666666667 0.1962962962962963 0.01875 0.03333333333333333
0 0.28958333333333336 0.2777777777777778 0.01875 0.03333333333333333
0 0.2833333333333333 0.3648148148148148 0.01875 0.03333333333333333
0 0.27708333333333335 0.45740740740740743 0.01875 0.03333333333333333
0 0.26979166666666665 0.5592592592592592 0.01875 0.03333333333333333
0 0.2625 0.6666666666666666 0.01875 0.03333333333333333
0 0.25416666666666665 0.7851851851851852 0.01875 0.03333333333333333
0 0.35625 0.19814814814814816 0.01875 0.03333333333333333
0 0.35208333333333336 0.2777777777777778 0.01875 0.03333333333333333
0 0.3489583333333333 0.3648148148148148 0.01875 0.03333333333333333
0 0.34479166666666666 0.45925925925925926 0.01875 0.03333333333333333
0 0.340625 0.5592592592592592 0.01875 0.03333333333333333
0 0.33541666666666664 0.6685185185185185 0.01875 0.03333333333333333
0 0.3302083333333333 0.7851851851851852 0.01875 0.03333333333333333
0 0.4166666666666667 0.19814814814814816 0.01875 0.03333333333333333
0 0.415625 0.2796296296296296 0.01875 0.03333333333333333
0 0.41354166666666664 0.36666666666666664 0.01875 0.03333333333333333
0 0.4125 0.45925925925925926 0.01875 0.03333333333333333
0 0.41041666666666665 0.5592592592592592 0.01875 0.03333333333333333
0 0.4083333333333333 0.6685185185185185 0.01875 0.03333333333333333
0 0.40625 0.7851851851851852 0.01875 0.03333333333333333
0 0.47708333333333336 0.2 0.01875 0.03333333333333333
0 0.478125 0.2814814814814815 0.01875 0.03333333333333333
0 0.4791666666666667 0.36666666666666664 0.01875 0.03333333333333333
0 0.4791666666666667 0.45925925925925926 0.01875 0.03333333333333333
0 0.48020833333333335 0.5611111111111111 0.01875 0.03333333333333333
0 0.48125 0.6685185185185185 0.01875 0.03333333333333333
0 0.4822916666666667 0.7851851851851852 0.01875 0.03333333333333333
0 0.5375 0.20185185185185187 0.01875 0.03333333333333333
0 0.540625 0.2814814814814815 0.01875 0.03333333333333333
0 0.54375 0.3685185185185185 0.01875 0.03333333333333333
0 0.546875 0.46111111111111114 0.01875 0.03333333333333333
0 0.55 0.5611111111111111 0.01875 0.03333333333333333
0 0.5541666666666667 0.6685185185185185 0.01875 0.03333333333333333
0 0.5583333333333333 0.7851851851851852 0.01875 0.03333333333333333
0 0.596875 0.20185185185185187 0.01875 0.03333333333333333
0 0.6020833333333333 0.2833333333333333 0.01875 0.03333333333333333
0 0.6072916666666667 0.3685185185185185 0.01875 0.03333333333333333
0 0.6135416666666667 0.46111111111111114 0.01875 0.03333333333333333
0 0.61875 0.5611111111111111 0.01875 0.03333333333333333
0 0.6260416666666667 0.6685185185185185 0.01875 0.03333333333333333
0 0.6333333333333333 0.7851851851851852 0.01875 0.03333333333333333
0 0.6572916666666667 0.2037037037037037 0.01875 0.03333333333333333
0 0.6635416666666667 0.2833333333333333 0.01875 0.03333333333333333
0 0.671875 0.37037037037037035 0.01875 0.03333333333333333
0 0.6791666666666667 0.46296296296296297 0.01875 0.03333333333333333
0 0.6885416666666667 0.5611111111111111 0.01875 0.03333333333333333
0 0.6979166666666666 0.6703703703703704 0.01875 0.03333333333333333
0 0.7072916666666667 0.7851851851851852 0.01875 0.03333333333333333