0 0.28541666666666665 0.31574074074074077 0.03333333333333333 0.03333333333333333
0 0.2791666666666667 0.3731481481481482 0.03333333333333333 0.03333333333333333
0 0.2708333333333333 0.43333333333333335 0.03333333333333333 0.03333333333333333
0 0.2625 0.49907407407407406 0.03333333333333333 0.03333333333333333
0 0.25416666666666665 0.5699074074074074 0.03333333333333333 0.03333333333333333
0 0.24479166666666666 0.6467592592592593 0.03333333333333333 0.03333333333333333
0 0.23333333333333334 0.7314814814814815 0.03333333333333333 0.03333333333333333
0 0.359375 0.3148148148148148 0.03333333333333333 0.03333333333333333
0 0.35520833333333335 0.37175925925925923 0.03333333333333333 0.03333333333333333
0 0.35 0.43333333333333335 0.03333333333333333 0.03333333333333333
0 0.34479166666666666 0.49907407407407406 0.03333333333333333 0.03333333333333333
0 0.33958333333333335 0.5699074074074074 0.03333333333333333 0.03333333333333333
0 0.3333333333333333 0.6467592592592593 0.03333333333333333 0.03333333333333333
0 0.3260416666666667 0.7300925925925926 0.03333333333333333 0.03333333333333333
0 0.43333333333333335 0.3148148148148148 0.03333333333333333 0.03333333333333333
0 0.43125 0.37083333333333335 0.03333333333333333 0.03333333333333333
0 0.42916666666666664 0.4324074074074074 0.03333333333333333 0.03333333333333333
0 0.4270833333333333 0.4981481481481482 0.03333333333333333 0.03333333333333333
0 0.425 0.5685185185185185 0.03333333333333333 0.03333333333333333
0 0.421875 0.6458333333333334 0.03333333333333333 0.03333333333333333
0 0.4197916666666667 0.7300925925925926 0.03333333333333333 0.03333333333333333
0 0.50625 0.31342592592592594 0.03333333333333333 0.03333333333333333
0 0.5072916666666667 0.37083333333333335 0.03333333333333333 0.03333333333333333
0 0.5083333333333333 0.43148148148148147 0.03333333333333333 0.03333333333333333
0 0.509375 0.4981481481481482 0.03333333333333333 0.03333333333333333
0 0.5104166666666666 0.5685185185185185 0.03333333333333333 0.03333333333333333
0 0.5114583333333333 0.6458333333333334 0.03333333333333333 0.03333333333333333
0 0.5125 0.7300925925925926 0.03333333333333333 0.03333333333333333
0 0.5802083333333333 0.3125 0.03333333333333333 0.03333333333333333
0 0.584375 0.3699074074074074 0.03333333333333333 0.03333333333333333
0 0.5875 0.43148148148148147 0.03333333333333333 0.03333333333333333
0 0.5916666666666667 0.49675925925925923 0.03333333333333333 0.03333333333333333
0 0.5958333333333333 0.5675925925925925 0.03333333333333333 0.03333333333333333
0 0.6010416666666667 0.6458333333333334 0.03333333333333333 0.03333333333333333
0 0.60625 0.7291666666666666 0.03333333333333333 0.03333333333333333
0 0.6541666666666667 0.3125 0.03333333333333333 0.03333333333333333
0 0.6604166666666667 0.3685185185185185 0.03333333333333333 0.03333333333333333
0 0.6677083333333333 0.4300925925925926 0.03333333333333333 0.03333333333333333
0 0.6739583333333333 0.49583333333333335 0.03333333333333333 0.03333333333333333
0 0.6822916666666666 0.5675925925925925 0.03333333333333333 0.03333333333333333
0 0.690625 0.6449074074074074 0.03333333333333333 0.03333333333333333
0 0.7 0.7291666666666666 0.03333333333333333 0.03333333333333333
0 0.7291666666666666 0.31157407407407406 0.03333333333333333 0.03333333333333333
0 0.7375 0.3685185185185185 0.03333333333333333 0.03333333333333333
0 0.746875 0.42916666666666664 0.03333333333333333 0.03333333333333333
0 0.7572916666666667 0.49583333333333335 0.03333333333333333 0.03333333333333333
0 0.76875 0.5666666666666667 0.03333333333333333 0.03333333333333333
0 0.7802083333333333 0.6449074074074074 0.03333333333333333 0.03333333333333333
0 0.79375 0.7291666666666666 0.03333333333333333 0.03333333333333333