0 0.6979166666666666 0.16064814814814815 0.022916666666666665 0.03425925925925926
0 0.621875 0.1587962962962963 0.022916666666666665 0.03425925925925926
0 0.5458333333333333 0.1574074074074074 0.022916666666666665 0.03425925925925926
0 0.46875 0.15555555555555556 0.022916666666666665 0.03425925925925926
0 0.39166666666666666 0.15416666666666667 0.022916666666666665 0.03425925925925926
0 0.3125 0.1527777777777778 0.022916666666666665 0.03425925925925926
0 0.23333333333333334 0.15092592592592594 0.022916666666666665 0.03425925925925926
0 0.709375 0.23981481481481481 0.022916666666666665 0.03425925925925926
0 0.63125 0.23981481481481481 0.022916666666666665 0.03425925925925926
0 0.5520833333333334 0.23842592592592593 0.022916666666666665 0.03425925925925926
0 0.47291666666666665 0.23657407407407408 0.022916666666666665 0.03425925925925926
0 0.39166666666666666 0.23657407407407408 0.022916666666666665 0.03425925925925926
0 0.3104166666666667 0.2351851851851852 0.022916666666666665 0.03425925925925926
0 0.228125 0.2337962962962963 0.022916666666666665 0.03425925925925926
0 0.721875 0.32731481481481484 0.022916666666666665 0.03425925925925926
0 0.640625 0.32546296296296295 0.022916666666666665 0.03425925925925926
0 0.559375 0.32546296296296295 0.022916666666666665 0.03425925925925926
0 0.47604166666666664 0.32546296296296295 0.022916666666666665 0.03425925925925926
0 0.3927083333333333 0.32407407407407407 0.022916666666666665 0.03425925925925926
0 0.30833333333333335 0.32407407407407407 0.022916666666666665 0.03425925925925926
0 0.22291666666666668 0.32222222222222224 0.022916666666666665 0.03425925925925926
0 0.734375 0.4203703703703704 0.022916666666666665 0.03425925925925926
0 0.6510416666666666 0.41898148148148145 0.022916666666666665 0.03425925925925926
0 0.565625 0.41898148148148145 0.022916666666666665 0.03425925925925926
0 0.48020833333333335 0.41898148148148145 0.022916666666666665 0.03425925925925926
0 0.39375 0.41898148148148145 0.022916666666666665 0.03425925925925926
0 0.30520833333333336 0.41898148148148145 0.022916666666666665 0.03425925925925926
0 0.21666666666666667 0.41898148148148145 0.022916666666666665 0.03425925925925926
0 0.7489583333333333 0.5203703703703704 0.022916666666666665 0.03425925925925926
0 0.6614583333333334 0.5203703703703704 0.022916666666666665 0.03425925925925926
0 0.5739583333333333 0.5217592592592593 0.022916666666666665 0.03425925925925926
0 0.484375 0.5217592592592593 0.022916666666666665 0.03425925925925926
0 0.39375 0.5217592592592593 0.022916666666666665 0.03425925925925926
0 0.303125 0.5231481481481481 0.022916666666666665 0.03425925925925926
0 0.21041666666666667 0.5231481481481481 0.022916666666666665 0.03425925925925926
0 0.7645833333333333 0.6291666666666667 0.022916666666666665 0.03425925925925926
0 0.6739583333333333 0.6310185185185185 0.022916666666666665 0.03425925925925926
0 0.5822916666666667 0.6310185185185185 0.022916666666666665 0.03425925925925926
0 0.4895833333333333 0.6324074074074074 0.022916666666666665 0.03425925925925926
0 0.39479166666666665 0.6337962962962963 0.022916666666666665 0.03425925925925926
0 0.3 0.6356481481481482 0.022916666666666665 0.03425925925925926
0 0.203125 0.6356481481481482 0.022916666666666665 0.03425925925925926
0 0.78125 0.7476851851851852 0.022916666666666665 0.03425925925925926
0 0.6875 0.7490740740740741 0.022916666666666665 0.03425925925925926
0 0.5916666666666667 0.7509259259259259 0.022916666666666665 0.03425925925925926
0 0.49375 0.7523148148148148 0.022916666666666665 0.03425925925925926
0 0.3958333333333333 0.7555555555555555 0.022916666666666665 0.03425925925925926
0 0.296875 0.7569444444444444 0.022916666666666665 0.03425925925925926
0 0.19583333333333333 0.7587962962962963 0.022916666666666665 0.03425925925925926