0 0.6989583333333333 0.14027777777777778 0.027083333333333334 0.03611111111111111
0 0.6302083333333334 0.14027777777777778 0.027083333333333334 0.03611111111111111
0 0.5604166666666667 0.1388888888888889 0.027083333333333334 0.03611111111111111
0 0.490625 0.1388888888888889 0.027083333333333334 0.03611111111111111
0 0.4197916666666667 0.1388888888888889 0.027083333333333334 0.03611111111111111
0 0.3489583333333333 0.1375 0.027083333333333334 0.03611111111111111
0 0.278125 0.1375 0.027083333333333334 0.03611111111111111
0 0.7114583333333333 0.20416666666666666 0.027083333333333334 0.03611111111111111
0 0.6385416666666667 0.20277777777777778 0.027083333333333334 0.03611111111111111
0 0.565625 0.20277777777777778 0.027083333333333334 0.03611111111111111
0 0.49270833333333336 0.20277777777777778 0.027083333333333334 0.03611111111111111
0 0.41875 0.20277777777777778 0.027083333333333334 0.03611111111111111
0 0.34375 0.2013888888888889 0.027083333333333334 0.03611111111111111
0 0.26875 0.2013888888888889 0.027083333333333334 0.03611111111111111
0 0.725 0.27361111111111114 0.027083333333333334 0.03611111111111111
0 0.6489583333333333 0.27361111111111114 0.027083333333333334 0.03611111111111111
0 0.571875 0.27361111111111114 0.027083333333333334 0.03611111111111111
0 0.4947916666666667 0.27361111111111114 0.027083333333333334 0.03611111111111111
0 0.4166666666666667 0.27361111111111114 0.027083333333333334 0.03611111111111111
0 0.3385416666666667 0.27361111111111114 0.027083333333333334 0.03611111111111111
0 0.25833333333333336 0.27361111111111114 0.027083333333333334 0.03611111111111111
0 0.7395833333333334 0.35138888888888886 0.027083333333333334 0.03611111111111111
0 0.659375 0.35138888888888886 0.027083333333333334 0.03611111111111111
0 0.578125 0.35138888888888886 0.027083333333333334 0.03611111111111111
0 0.496875 0.35138888888888886 0.027083333333333334 0.03611111111111111
0 0.41458333333333336 0.3527777777777778 0.027083333333333334 0.03611111111111111
0 0.33125 0.3527777777777778 0.027083333333333334 0.03611111111111111
0 0.24791666666666667 0.3527777777777778 0.027083333333333334 0.03611111111111111
0 0.75625 0.4375 0.027083333333333334 0.03611111111111111
0 0.671875 0.4388888888888889 0.027083333333333334 0.03611111111111111
0 0.5854166666666667 0.4388888888888889 0.027083333333333334 0.03611111111111111
0 0.49895833333333334 0.44027777777777777 0.027083333333333334 0.03611111111111111
0 0.4125 0.44027777777777777 0.027083333333333334 0.03611111111111111
0 0.32395833333333335 0.44166666666666665 0.027083333333333334 0.03611111111111111
0 0.23541666666666666 0.44166666666666665 0.027083333333333334 0.03611111111111111
0 0.775 0.5347222222222222 0.027083333333333334 0.03611111111111111
0 0.6854166666666667 0.5361111111111111 0.027083333333333334 0.03611111111111111
0 0.59375 0.5375 0.027083333333333334 0.03611111111111111
0 0.5020833333333333 0.5388888888888889 0.027083333333333334 0.03611111111111111
0 0.409375 0.5402777777777777 0.027083333333333334 0.03611111111111111
0 0.315625 0.5416666666666666 0.027083333333333334 0.03611111111111111
0 0.221875 0.5416666666666666 0.027083333333333334 0.03611111111111111
0 0.796875 0.6458333333333334 0.027083333333333334 0.03611111111111111
0 0.7 0.6472222222222223 0.027083333333333334 0.03611111111111111
0 0.603125 0.6486111111111111 0.027083333333333334 0.03611111111111111
0 0.5052083333333334 0.6513888888888889 0.027083333333333334 0.03611111111111111
0 0.40625 0.6527777777777778 0.027083333333333334 0.03611111111111111
0 0.3072916666666667 0.6541666666666667 0.027083333333333334 0.03611111111111111
0 0.20625 0.6569444444444444 0.027083333333333334 0.03611111111111111