0 0.7052083333333333 0.16203703703703703 0.022916666666666665 0.03425925925925926
0 0.6302083333333334 0.16203703703703703 0.022916666666666665 0.03425925925925926
0 0.553125 0.16064814814814815 0.022916666666666665 0.03425925925925926
0 0.47708333333333336 0.16064814814814815 0.022916666666666665 0.03425925925925926
0 0.39895833333333336 0.1587962962962963 0.022916666666666665 0.03425925925925926
0 0.321875 0.1587962962962963 0.022916666666666665 0.03425925925925926
0 0.24270833333333333 0.1587962962962963 0.022916666666666665 0.03425925925925926
0 0.7177083333333333 0.2412037037037037 0.022916666666666665 0.03425925925925926
0 0.6385416666666667 0.2412037037037037 0.022916666666666665 0.03425925925925926
0 0.559375 0.2412037037037037 0.022916666666666665 0.03425925925925926
0 0.48020833333333335 0.2412037037037037 0.022916666666666665 0.03425925925925926
0 0.4 0.23981481481481481 0.022916666666666665 0.03425925925925926
0 0.31875 0.23981481481481481 0.022916666666666665 0.03425925925925926
0 0.2375 0.23981481481481481 0.022916666666666665 0.03425925925925926
0 0.7302083333333333 0.3287037037037037 0.022916666666666665 0.03425925925925926
0 0.6489583333333333 0.32731481481481484 0.022916666666666665 0.03425925925925926
0 0.5666666666666667 0.32731481481481484 0.022916666666666665 0.03425925925925926
0 0.48333333333333334 0.32731481481481484 0.022916666666666665 0.03425925925925926
0 0.4 0.32731481481481484 0.022916666666666665 0.03425925925925926
0 0.31666666666666665 0.32731481481481484 0.022916666666666665 0.03425925925925926
0 0.23229166666666667 0.32731481481481484 0.022916666666666665 0.03425925925925926
0 0.74375 0.4203703703703704 0.022916666666666665 0.03425925925925926
0 0.659375 0.4203703703703704 0.022916666666666665 0.03425925925925926
0 0.5739583333333333 0.4203703703703704 0.022916666666666665 0.03425925925925926
0 0.4875 0.4222222222222222 0.022916666666666665 0.03425925925925926
0 0.4010416666666667 0.4222222222222222 0.022916666666666665 0.03425925925925926
0 0.31354166666666666 0.4222222222222222 0.022916666666666665 0.03425925925925926
0 0.22604166666666667 0.4222222222222222 0.022916666666666665 0.03425925925925926
0 0.7583333333333333 0.5217592592592593 0.022916666666666665 0.03425925925925926
0 0.6708333333333333 0.5217592592592593 0.022916666666666665 0.03425925925925926
0 0.58125 0.5217592592592593 0.022916666666666665 0.03425925925925926
0 0.49166666666666664 0.5231481481481481 0.022916666666666665 0.03425925925925926
0 0.40208333333333335 0.5231481481481481 0.022916666666666665 0.03425925925925926
0 0.3104166666666667 0.525 0.022916666666666665 0.03425925925925926
0 0.21875 0.525 0.022916666666666665 0.03425925925925926
0 0.775 0.6310185185185185 0.022916666666666665 0.03425925925925926
0 0.6833333333333333 0.6310185185185185 0.022916666666666665 0.03425925925925926
0 0.590625 0.6324074074074074 0.022916666666666665 0.03425925925925926
0 0.496875 0.6337962962962963 0.022916666666666665 0.03425925925925926
0 0.40208333333333335 0.6356481481481482 0.022916666666666665 0.03425925925925926
0 0.3072916666666667 0.6356481481481482 0.022916666666666665 0.03425925925925926
0 0.21145833333333333 0.6370370370370371 0.022916666666666665 0.03425925925925926
0 0.7927083333333333 0.7490740740740741 0.022916666666666665 0.03425925925925926
0 0.696875 0.7509259259259259 0.022916666666666665 0.03425925925925926
0 0.6 0.7523148148148148 0.022916666666666665 0.03425925925925926
0 0.5020833333333333 0.7555555555555555 0.022916666666666665 0.03425925925925926
0 0.403125 0.7569444444444444 0.022916666666666665 0.03425925925925926
0 0.30416666666666664 0.7587962962962963 0.022916666666666665 0.03425925925925926
0 0.203125 0.7601851851851852 0.022916666666666665 0.03425925925925926