0 0.75 0.25324074074074077 0.03333333333333333 0.03333333333333333
0 0.6739583333333333 0.25324074074074077 0.03333333333333333 0.03333333333333333
0 0.5979166666666667 0.2518518518518518 0.03333333333333333 0.03333333333333333
0 0.5229166666666667 0.2518518518518518 0.03333333333333333 0.03333333333333333
0 0.4479166666666667 0.2518518518518518 0.03333333333333333 0.03333333333333333
0 0.3729166666666667 0.2518518518518518 0.03333333333333333 0.03333333333333333
0 0.3 0.2518518518518518 0.03333333333333333 0.03333333333333333
0 0.7572916666666667 0.31666666666666665 0.03333333333333333 0.03333333333333333
0 0.678125 0.31666666666666665 0.03333333333333333 0.03333333333333333
0 0.6 0.31574074074074077 0.03333333333333333 0.03333333333333333
0 0.521875 0.31574074074074077 0.03333333333333333 0.03333333333333333
0 0.44375 0.3148148148148148 0.03333333333333333 0.03333333333333333
0 0.36666666666666664 0.3148148148148148 0.03333333333333333 0.03333333333333333
0 0.290625 0.3148148148148148 0.03333333333333333 0.03333333333333333
0 0.7666666666666667 0.3851851851851852 0.03333333333333333 0.03333333333333333
0 0.6833333333333333 0.3851851851851852 0.03333333333333333 0.03333333333333333
0 0.6020833333333333 0.38425925925925924 0.03333333333333333 0.03333333333333333
0 0.5208333333333334 0.38333333333333336 0.03333333333333333 0.03333333333333333
0 0.4395833333333333 0.38333333333333336 0.03333333333333333 0.03333333333333333
0 0.359375 0.3824074074074074 0.03333333333333333 0.03333333333333333
0 0.28020833333333334 0.3814814814814815 0.03333333333333333 0.03333333333333333
0 0.775 0.4601851851851852 0.03333333333333333 0.03333333333333333
0 0.6895833333333333 0.45925925925925926 0.03333333333333333 0.03333333333333333
0 0.6041666666666666 0.4583333333333333 0.03333333333333333 0.03333333333333333
0 0.5197916666666667 0.45740740740740743 0.03333333333333333 0.03333333333333333
0 0.4354166666666667 0.4564814814814815 0.03333333333333333 0.03333333333333333
0 0.35208333333333336 0.4550925925925926 0.03333333333333333 0.03333333333333333
0 0.26875 0.4550925925925926 0.03333333333333333 0.03333333333333333
0 0.7854166666666667 0.5416666666666666 0.03333333333333333 0.03333333333333333
0 0.6958333333333333 0.5407407407407407 0.03333333333333333 0.03333333333333333
0 0.60625 0.5398148148148149 0.03333333333333333 0.03333333333333333
0 0.51875 0.5375 0.03333333333333333 0.03333333333333333
0 0.43020833333333336 0.5365740740740741 0.03333333333333333 0.03333333333333333
0 0.34375 0.5351851851851852 0.03333333333333333 0.03333333333333333
0 0.25729166666666664 0.5342592592592592 0.03333333333333333 0.03333333333333333
0 0.796875 0.6300925925925925 0.03333333333333333 0.03333333333333333
0 0.7020833333333333 0.6291666666666667 0.03333333333333333 0.03333333333333333
0 0.609375 0.6268518518518519 0.03333333333333333 0.03333333333333333
0 0.5166666666666667 0.6259259259259259 0.03333333333333333 0.03333333333333333
0 0.425 0.6240740740740741 0.03333333333333333 0.03333333333333333
0 0.334375 0.6217592592592592 0.03333333333333333 0.03333333333333333
0 0.24375 0.6208333333333333 0.03333333333333333 0.03333333333333333
0 0.8083333333333333 0.7282407407407407 0.03333333333333333 0.03333333333333333
0 0.7104166666666667 0.725925925925926 0.03333333333333333 0.03333333333333333
0 0.6125 0.7240740740740741 0.03333333333333333 0.03333333333333333
0 0.515625 0.7217592592592592 0.03333333333333333 0.03333333333333333
0 0.4197916666666667 0.7199074074074074 0.03333333333333333 0.03333333333333333
0 0.32395833333333335 0.7175925925925926 0.03333333333333333 0.03333333333333333
0 0.23020833333333332 0.7148148148148148 0.03333333333333333 0.03333333333333333