0 0.2916666666666667 0.6694444444444444 0.020833333333333332 0.027777777777777776
0 0.36875 0.6680555555555555 0.020833333333333332 0.027777777777777776
0 0.446875 0.6666666666666666 0.020833333333333332 0.027777777777777776
0 0.5260416666666666 0.6652777777777777 0.020833333333333332 0.027777777777777776
0 0.6072916666666667 0.6638888888888889 0.020833333333333332 0.027777777777777776
0 0.690625 0.6625 0.020833333333333332 0.027777777777777776
0 0.775 0.6611111111111111 0.020833333333333332 0.027777777777777776
0 0.303125 0.5791666666666667 0.020833333333333332 0.027777777777777776
0 0.37604166666666666 0.5763888888888888 0.020833333333333332 0.027777777777777776
0 0.4510416666666667 0.5736111111111111 0.020833333333333332 0.027777777777777776
0 0.5270833333333333 0.5722222222222222 0.020833333333333332 0.027777777777777776
0 0.6041666666666666 0.5694444444444444 0.020833333333333332 0.027777777777777776
0 0.6833333333333333 0.5666666666666667 0.020833333333333332 0.027777777777777776
0 0.7635416666666667 0.5638888888888889 0.020833333333333332 0.027777777777777776
0 0.31354166666666666 0.49583333333333335 0.020833333333333332 0.027777777777777776
0 0.38333333333333336 0.4930555555555556 0.020833333333333332 0.027777777777777776
0 0.45416666666666666 0.49027777777777776 0.020833333333333332 0.027777777777777776
0 0.5270833333333333 0.4875 0.020833333333333332 0.027777777777777776
0 0.6010416666666667 0.48333333333333334 0.020833333333333332 0.027777777777777776
0 0.6760416666666667 0.48055555555555557 0.020833333333333332 0.027777777777777776
0 0.753125 0.4777777777777778 0.020833333333333332 0.027777777777777776
0 0.3229166666666667 0.42083333333333334 0.020833333333333332 0.027777777777777776
0 0.390625 0.4166666666666667 0.020833333333333332 0.027777777777777776
0 0.4583333333333333 0.41388888888888886 0.020833333333333332 0.027777777777777776
0 0.5270833333333333 0.4097222222222222 0.020833333333333332 0.027777777777777776
0 0.5979166666666667 0.40555555555555556 0.020833333333333332 0.027777777777777776
0 0.6697916666666667 0.4027777777777778 0.020833333333333332 0.027777777777777776
0 0.7427083333333333 0.39861111111111114 0.020833333333333332 0.027777777777777776
0 0.33229166666666665 0.35138888888888886 0.020833333333333332 0.027777777777777776
0 0.3958333333333333 0.3472222222222222 0.020833333333333332 0.027777777777777776
0 0.46145833333333336 0.34305555555555556 0.020833333333333332 0.027777777777777776
0 0.528125 0.3388888888888889 0.020833333333333332 0.027777777777777776
0 0.5958333333333333 0.3347222222222222 0.020833333333333332 0.027777777777777776
0 0.6635416666666667 0.33055555555555555 0.020833333333333332 0.027777777777777776
0 0.734375 0.3263888888888889 0.020833333333333332 0.027777777777777776
0 0.33958333333333335 0.2875 0.020833333333333332 0.027777777777777776
0 0.40208333333333335 0.28194444444444444 0.020833333333333332 0.027777777777777776
0 0.46458333333333335 0.2777777777777778 0.020833333333333332 0.027777777777777776
0 0.528125 0.27361111111111114 0.020833333333333332 0.027777777777777776
0 0.5927083333333333 0.26944444444444443 0.020833333333333332 0.027777777777777776
0 0.6583333333333333 0.2652777777777778 0.020833333333333332 0.027777777777777776
0 0.7260416666666667 0.25972222222222224 0.020833333333333332 0.027777777777777776
0 0.34791666666666665 0.22777777777777777 0.020833333333333332 0.027777777777777776
0 0.40729166666666666 0.22361111111111112 0.020833333333333332 0.027777777777777776
0 0.4666666666666667 0.21805555555555556 0.020833333333333332 0.027777777777777776
0 0.528125 0.21388888888888888 0.020833333333333332 0.027777777777777776
0 0.590625 0.20972222222222223 0.020833333333333332 0.027777777777777776
0 0.6541666666666667 0.20416666666666666 0.020833333333333332 0.027777777777777776
0 0.7177083333333333 0.1986111111111111 0.020833333333333332 0.027777777777777776