0 0.6760416666666667 0.20277777777777778 0.025 0.03333333333333333
0 0.6083333333333333 0.20694444444444443 0.025 0.03333333333333333
0 0.540625 0.2111111111111111 0.025 0.03333333333333333
0 0.471875 0.2152777777777778 0.025 0.03333333333333333
0 0.4041666666666667 0.21944444444444444 0.025 0.03333333333333333
0 0.33645833333333336 0.22361111111111112 0.025 0.03333333333333333
0 0.2677083333333333 0.22777777777777777 0.025 0.03333333333333333
0 0.6875 0.2652777777777778 0.025 0.03333333333333333
0 0.615625 0.26944444444444443 0.025 0.03333333333333333
0 0.5447916666666667 0.27361111111111114 0.025 0.03333333333333333
0 0.47291666666666665 0.2777777777777778 0.025 0.03333333333333333
0 0.40208333333333335 0.28194444444444444 0.025 0.03333333333333333
0 0.3302083333333333 0.2875 0.025 0.03333333333333333
0 0.25833333333333336 0.2916666666666667 0.025 0.03333333333333333
0 0.7 0.3333333333333333 0.025 0.03333333333333333
0 0.625 0.3388888888888889 0.025 0.03333333333333333
0 0.55 0.34305555555555556 0.025 0.03333333333333333
0 0.475 0.3472222222222222 0.025 0.03333333333333333
0 0.39895833333333336 0.3527777777777778 0.025 0.03333333333333333
0 0.32395833333333335 0.35694444444444445 0.025 0.03333333333333333
0 0.24895833333333334 0.3611111111111111 0.025 0.03333333333333333
0 0.7145833333333333 0.4111111111111111 0.025 0.03333333333333333
0 0.634375 0.4152777777777778 0.025 0.03333333333333333
0 0.5552083333333333 0.42083333333333334 0.025 0.03333333333333333
0 0.47604166666666664 0.425 0.025 0.03333333333333333
0 0.396875 0.4305555555555556 0.025 0.03333333333333333
0 0.31666666666666665 0.43472222222222223 0.025 0.03333333333333333
0 0.2375 0.44027777777777777 0.025 0.03333333333333333
0 0.7302083333333333 0.49583333333333335 0.025 0.03333333333333333
0 0.6458333333333334 0.5013888888888889 0.025 0.03333333333333333
0 0.5614583333333333 0.5069444444444444 0.025 0.03333333333333333
0 0.478125 0.5125 0.025 0.03333333333333333
0 0.39375 0.5166666666666667 0.025 0.03333333333333333
0 0.309375 0.5222222222222223 0.025 0.03333333333333333
0 0.225 0.5277777777777778 0.025 0.03333333333333333
0 0.7479166666666667 0.5930555555555556 0.025 0.03333333333333333
0 0.6583333333333333 0.5986111111111111 0.025 0.03333333333333333
0 0.56875 0.6041666666666666 0.025 0.03333333333333333
0 0.4791666666666667 0.6097222222222223 0.025 0.03333333333333333
0 0.390625 0.6152777777777778 0.025 0.03333333333333333
0 0.30104166666666665 0.6208333333333333 0.025 0.03333333333333333
0 0.21145833333333333 0.6263888888888889 0.025 0.03333333333333333
0 0.7677083333333333 0.7013888888888888 0.025 0.03333333333333333
0 0.671875 0.7083333333333334 0.025 0.03333333333333333
0 0.5770833333333333 0.7138888888888889 0.025 0.03333333333333333
0 0.48125 0.7194444444444444 0.025 0.03333333333333333
0 0.38645833333333335 0.7263888888888889 0.025 0.03333333333333333
0 0.290625 0.7319444444444444 0.025 0.03333333333333333
0 0.19583333333333333 0.7375 0.025 0.03333333333333333