0 0.26979166666666665 0.2064814814814815 0.035416666666666666 0.03518518518518519
0 0.3458333333333333 0.2050925925925926 0.035416666666666666 0.03518518518518519
0 0.42083333333333334 0.2050925925925926 0.035416666666666666 0.03518518518518519
0 0.49583333333333335 0.2050925925925926 0.035416666666666666 0.03518518518518519
0 0.5708333333333333 0.2050925925925926 0.035416666666666666 0.03518518518518519
0 0.646875 0.20416666666666666 0.035416666666666666 0.03518518518518519
0 0.721875 0.20416666666666666 0.035416666666666666 0.03518518518518519
0 0.26145833333333335 0.25833333333333336 0.035416666666666666 0.03518518518518519
0 0.33958333333333335 0.25833333333333336 0.035416666666666666 0.03518518518518519
0 0.41770833333333335 0.2574074074074074 0.035416666666666666 0.03518518518518519
0 0.496875 0.2574074074074074 0.035416666666666666 0.03518518518518519
0 0.575 0.2574074074074074 0.035416666666666666 0.03518518518518519
0 0.653125 0.2564814814814815 0.035416666666666666 0.03518518518518519
0 0.73125 0.2564814814814815 0.035416666666666666 0.03518518518518519
0 0.2520833333333333 0.31574074074074077 0.035416666666666666 0.03518518518518519
0 0.3333333333333333 0.3148148148148148 0.035416666666666666 0.03518518518518519
0 0.415625 0.3148148148148148 0.035416666666666666 0.03518518518518519
0 0.496875 0.3148148148148148 0.035416666666666666 0.03518518518518519
0 0.5791666666666667 0.31342592592592594 0.035416666666666666 0.03518518518518519
0 0.6604166666666667 0.31342592592592594 0.035416666666666666 0.03518518518518519
0 0.7416666666666667 0.3125 0.035416666666666666 0.03518518518518519
0 0.240625 0.3768518518518518 0.035416666666666666 0.03518518518518519
0 0.32708333333333334 0.3768518518518518 0.035416666666666666 0.03518518518518519
0 0.4125 0.37592592592592594 0.035416666666666666 0.03518518518518519
0 0.4979166666666667 0.37592592592592594 0.035416666666666666 0.03518518518518519
0 0.5833333333333334 0.37592592592592594 0.035416666666666666 0.03518518518518519
0 0.6677083333333333 0.375 0.035416666666666666 0.03518518518518519
0 0.753125 0.375 0.035416666666666666 0.03518518518518519
0 0.22916666666666666 0.4449074074074074 0.035416666666666666 0.03518518518518519
0 0.31875 0.4449074074074074 0.035416666666666666 0.03518518518518519
0 0.4083333333333333 0.44351851851851853 0.035416666666666666 0.03518518518518519
0 0.4979166666666667 0.44351851851851853 0.035416666666666666 0.03518518518518519
0 0.5875 0.4425925925925926 0.035416666666666666 0.03518518518518519
0 0.6770833333333334 0.4425925925925926 0.035416666666666666 0.03518518518518519
0 0.765625 0.4425925925925926 0.035416666666666666 0.03518518518518519
0 0.21666666666666667 0.5199074074074074 0.035416666666666666 0.03518518518518519
0 0.3104166666666667 0.5185185185185185 0.035416666666666666 0.03518518518518519
0 0.40520833333333334 0.5185185185185185 0.035416666666666666 0.03518518518518519
0 0.49895833333333334 0.5175925925925926 0.035416666666666666 0.03518518518518519
0 0.5927083333333333 0.5175925925925926 0.035416666666666666 0.03518518518518519
0 0.6864583333333333 0.5166666666666667 0.035416666666666666 0.03518518518518519
0 0.7791666666666667 0.5166666666666667 0.035416666666666666 0.03518518518518519
0 0.203125 0.6018518518518519 0.035416666666666666 0.03518518518518519
0 0.3020833333333333 0.600925925925926 0.035416666666666666 0.03518518518518519
0 0.4010416666666667 0.600925925925926 0.035416666666666666 0.03518518518518519
0 0.49895833333333334 0.6 0.035416666666666666 0.03518518518518519
0 0.5979166666666667 0.6 0.035416666666666666 0.03518518518518519
0 0.696875 0.5990740740740741 0.035416666666666666 0.03518518518518519
0 0.7947916666666667 0.5981481481481481 0.035416666666666666 0.03518518518518519