0 0.6895833333333333 0.15694444444444444 0.025 0.03333333333333333
0 0.621875 0.1597222222222222 0.025 0.03333333333333333
0 0.553125 0.16111111111111112 0.025 0.03333333333333333
0 0.48541666666666666 0.1638888888888889 0.025 0.03333333333333333
0 0.41770833333333335 0.16527777777777777 0.025 0.03333333333333333
0 0.35104166666666664 0.16805555555555557 0.025 0.03333333333333333
0 0.2833333333333333 0.16944444444444445 0.025 0.03333333333333333
0 0.7 0.2222222222222222 0.025 0.03333333333333333
0 0.6291666666666667 0.225 0.025 0.03333333333333333
0 0.5572916666666666 0.2263888888888889 0.025 0.03333333333333333
0 0.4864583333333333 0.22916666666666666 0.025 0.03333333333333333
0 0.415625 0.23055555555555557 0.025 0.03333333333333333
0 0.34479166666666666 0.23333333333333334 0.025 0.03333333333333333
0 0.275 0.23472222222222222 0.025 0.03333333333333333
0 0.7114583333333333 0.29444444444444445 0.025 0.03333333333333333
0 0.6364583333333333 0.2972222222222222 0.025 0.03333333333333333
0 0.5614583333333333 0.2986111111111111 0.025 0.03333333333333333
0 0.4875 0.3013888888888889 0.025 0.03333333333333333
0 0.4125 0.30277777777777776 0.025 0.03333333333333333
0 0.3385416666666667 0.30416666666666664 0.025 0.03333333333333333
0 0.26458333333333334 0.30694444444444446 0.025 0.03333333333333333
0 0.725 0.375 0.025 0.03333333333333333
0 0.6458333333333334 0.3763888888888889 0.025 0.03333333333333333
0 0.5666666666666667 0.37777777777777777 0.025 0.03333333333333333
0 0.48854166666666665 0.38055555555555554 0.025 0.03333333333333333
0 0.409375 0.3819444444444444 0.025 0.03333333333333333
0 0.33229166666666665 0.38472222222222224 0.025 0.03333333333333333
0 0.25416666666666665 0.3861111111111111 0.025 0.03333333333333333
0 0.7385416666666667 0.4625 0.025 0.03333333333333333
0 0.6552083333333333 0.4652777777777778 0.025 0.03333333333333333
0 0.571875 0.4666666666666667 0.025 0.03333333333333333
0 0.48854166666666665 0.46805555555555556 0.025 0.03333333333333333
0 0.40625 0.4708333333333333 0.025 0.03333333333333333
0 0.32395833333333335 0.4722222222222222 0.025 0.03333333333333333
0 0.24166666666666667 0.4736111111111111 0.025 0.03333333333333333
0 0.7541666666666667 0.5625 0.025 0.03333333333333333
0 0.665625 0.5638888888888889 0.025 0.03333333333333333
0 0.578125 0.5652777777777778 0.025 0.03333333333333333
0 0.4895833333333333 0.5680555555555555 0.025 0.03333333333333333
0 0.403125 0.5694444444444444 0.025 0.03333333333333333
0 0.315625 0.5708333333333333 0.025 0.03333333333333333
0 0.22916666666666666 0.5722222222222222 0.025 0.03333333333333333
0 0.7729166666666667 0.6736111111111112 0.025 0.03333333333333333
0 0.678125 0.675 0.025 0.03333333333333333
0 0.584375 0.6763888888888889 0.025 0.03333333333333333
0 0.49166666666666664 0.6791666666666667 0.025 0.03333333333333333
0 0.39791666666666664 0.6805555555555556 0.025 0.03333333333333333
0 0.30625 0.6819444444444445 0.025 0.03333333333333333
0 0.21354166666666666 0.6833333333333333 0.025 0.03333333333333333