0 0.6927083333333334 0.15416666666666667 0.022916666666666665 0.03425925925925926
0 0.6177083333333333 0.15416666666666667 0.022916666666666665 0.03425925925925926
0 0.5427083333333333 0.15416666666666667 0.022916666666666665 0.03425925925925926
0 0.465625 0.1527777777777778 0.022916666666666665 0.03425925925925926
0 0.3885416666666667 0.1527777777777778 0.022916666666666665 0.03425925925925926
0 0.3104166666666667 0.1527777777777778 0.022916666666666665 0.03425925925925926
0 0.23125 0.15092592592592594 0.022916666666666665 0.03425925925925926
0 0.7052083333333333 0.2337962962962963 0.022916666666666665 0.03425925925925926
0 0.628125 0.2337962962962963 0.022916666666666665 0.03425925925925926
0 0.5489583333333333 0.2337962962962963 0.022916666666666665 0.03425925925925926
0 0.46979166666666666 0.2337962962962963 0.022916666666666665 0.03425925925925926
0 0.38958333333333334 0.2337962962962963 0.022916666666666665 0.03425925925925926
0 0.309375 0.2337962962962963 0.022916666666666665 0.03425925925925926
0 0.22708333333333333 0.2337962962962963 0.022916666666666665 0.03425925925925926
0 0.71875 0.3194444444444444 0.022916666666666665 0.03425925925925926
0 0.6385416666666667 0.3194444444444444 0.022916666666666665 0.03425925925925926
0 0.5572916666666666 0.32083333333333336 0.022916666666666665 0.03425925925925926
0 0.475 0.32083333333333336 0.022916666666666665 0.03425925925925926
0 0.39166666666666666 0.32083333333333336 0.022916666666666665 0.03425925925925926
0 0.3072916666666667 0.32083333333333336 0.022916666666666665 0.03425925925925926
0 0.221875 0.32222222222222224 0.022916666666666665 0.03425925925925926
0 0.7333333333333333 0.4111111111111111 0.022916666666666665 0.03425925925925926
0 0.65 0.412962962962963 0.022916666666666665 0.03425925925925926
0 0.5645833333333333 0.41435185185185186 0.022916666666666665 0.03425925925925926
0 0.4791666666666667 0.41435185185185186 0.022916666666666665 0.03425925925925926
0 0.3927083333333333 0.41574074074074074 0.022916666666666665 0.03425925925925926
0 0.30520833333333336 0.41574074074074074 0.022916666666666665 0.03425925925925926
0 0.21666666666666667 0.41759259259259257 0.022916666666666665 0.03425925925925926
0 0.7489583333333333 0.5111111111111111 0.022916666666666665 0.03425925925925926
0 0.6614583333333334 0.5138888888888888 0.022916666666666665 0.03425925925925926
0 0.5739583333333333 0.5157407407407407 0.022916666666666665 0.03425925925925926
0 0.484375 0.5171296296296296 0.022916666666666665 0.03425925925925926
0 0.39479166666666665 0.5185185185185185 0.022916666666666665 0.03425925925925926
0 0.303125 0.5203703703703704 0.022916666666666665 0.03425925925925926
0 0.21041666666666667 0.5217592592592593 0.022916666666666665 0.03425925925925926
0 0.765625 0.6199074074074075 0.022916666666666665 0.03425925925925926
0 0.675 0.6231481481481481 0.022916666666666665 0.03425925925925926
0 0.5833333333333334 0.624537037037037 0.022916666666666665 0.03425925925925926
0 0.490625 0.6277777777777778 0.022916666666666665 0.03425925925925926
0 0.396875 0.6291666666666667 0.022916666666666665 0.03425925925925926
0 0.30104166666666665 0.6324074074074074 0.022916666666666665 0.03425925925925926
0 0.20416666666666666 0.6356481481481482 0.022916666666666665 0.03425925925925926
0 0.784375 0.7384259259259259 0.022916666666666665 0.03425925925925926
0 0.6895833333333333 0.7412037037037037 0.022916666666666665 0.03425925925925926
0 0.59375 0.7444444444444445 0.022916666666666665 0.03425925925925926
0 0.496875 0.7476851851851852 0.022916666666666665 0.03425925925925926
0 0.39791666666666664 0.7523148148148148 0.022916666666666665 0.03425925925925926
0 0.2989583333333333 0.7555555555555555 0.022916666666666665 0.03425925925925926
0 0.196875 0.7587962962962963 0.022916666666666665 0.03425925925925926