0 0.6979166666666666 0.18333333333333332 0.025 0.03333333333333333
0 0.628125 0.18472222222222223 0.025 0.03333333333333333
0 0.559375 0.1875 0.025 0.03333333333333333
0 0.490625 0.18888888888888888 0.025 0.03333333333333333
0 0.42291666666666666 0.19166666666666668 0.025 0.03333333333333333
0 0.35520833333333335 0.19444444444444445 0.025 0.03333333333333333
0 0.2875 0.19583333333333333 0.025 0.03333333333333333
0 0.7072916666666667 0.25 0.025 0.03333333333333333
0 0.6354166666666666 0.2513888888888889 0.025 0.03333333333333333
0 0.5625 0.25416666666666665 0.025 0.03333333333333333
0 0.490625 0.25555555555555554 0.025 0.03333333333333333
0 0.4197916666666667 0.25833333333333336 0.025 0.03333333333333333
0 0.34791666666666665 0.2611111111111111 0.025 0.03333333333333333
0 0.27708333333333335 0.2625 0.025 0.03333333333333333
0 0.71875 0.3236111111111111 0.025 0.03333333333333333
0 0.6427083333333333 0.325 0.025 0.03333333333333333
0 0.5666666666666667 0.3277777777777778 0.025 0.03333333333333333
0 0.490625 0.32916666666666666 0.025 0.03333333333333333
0 0.415625 0.33194444444444443 0.025 0.03333333333333333
0 0.340625 0.3333333333333333 0.025 0.03333333333333333
0 0.26666666666666666 0.33611111111111114 0.025 0.03333333333333333
0 0.73125 0.40555555555555556 0.025 0.03333333333333333
0 0.6510416666666666 0.40694444444444444 0.025 0.03333333333333333
0 0.5708333333333333 0.4097222222222222 0.025 0.03333333333333333
0 0.490625 0.4111111111111111 0.025 0.03333333333333333
0 0.4114583333333333 0.4125 0.025 0.03333333333333333
0 0.33229166666666665 0.4152777777777778 0.025 0.03333333333333333
0 0.25416666666666665 0.4166666666666667 0.025 0.03333333333333333
0 0.7447916666666666 0.49583333333333335 0.025 0.03333333333333333
0 0.659375 0.4986111111111111 0.025 0.03333333333333333
0 0.575 0.5 0.025 0.03333333333333333
0 0.490625 0.5013888888888889 0.025 0.03333333333333333
0 0.40729166666666666 0.5041666666666667 0.025 0.03333333333333333
0 0.32395833333333335 0.5055555555555555 0.025 0.03333333333333333
0 0.240625 0.5069444444444444 0.025 0.03333333333333333
0 0.7604166666666666 0.5986111111111111 0.025 0.03333333333333333
0 0.6697916666666667 0.6 0.025 0.03333333333333333
0 0.5802083333333333 0.6027777777777777 0.025 0.03333333333333333
0 0.490625 0.6041666666666666 0.025 0.03333333333333333
0 0.40208333333333335 0.6055555555555555 0.025 0.03333333333333333
0 0.31354166666666666 0.6069444444444444 0.025 0.03333333333333333
0 0.22604166666666667 0.6083333333333333 0.025 0.03333333333333333
0 0.778125 0.7152777777777778 0.025 0.03333333333333333
0 0.6822916666666666 0.7166666666666667 0.025 0.03333333333333333
0 0.5864583333333333 0.7180555555555556 0.025 0.03333333333333333
0 0.490625 0.7194444444444444 0.025 0.03333333333333333
0 0.3958333333333333 0.7208333333333333 0.025 0.03333333333333333
0 0.3020833333333333 0.7222222222222222 0.025 0.03333333333333333
0 0.20833333333333334 0.7236111111111111 0.025 0.03333333333333333