0 0.6447916666666667 0.24074074074074073 0.014583333333333334 0.025925925925925925
0 0.5947916666666667 0.2388888888888889 0.014583333333333334 0.025925925925925925
0 0.5447916666666667 0.2388888888888889 0.014583333333333334 0.025925925925925925
0 0.49375 0.23703703703703705 0.014583333333333334 0.025925925925925925
0 0.44375 0.23703703703703705 0.014583333333333334 0.025925925925925925
0 0.3927083333333333 0.2351851851851852 0.014583333333333334 0.025925925925925925
0 0.34270833333333334 0.2351851851851852 0.014583333333333334 0.025925925925925925
0 0.65 0.3037037037037037 0.014583333333333334 0.025925925925925925
0 0.5979166666666667 0.3037037037037037 0.014583333333333334 0.025925925925925925
0 0.5447916666666667 0.30185185185185187 0.014583333333333334 0.025925925925925925
0 0.49270833333333336 0.30185185185185187 0.014583333333333334 0.025925925925925925
0 0.440625 0.30185185185185187 0.014583333333333334 0.025925925925925925
0 0.3885416666666667 0.3 0.014583333333333334 0.025925925925925925
0 0.33645833333333336 0.3 0.014583333333333334 0.025925925925925925
0 0.6541666666666667 0.37407407407407406 0.014583333333333334 0.025925925925925925
0 0.6 0.37222222222222223 0.014583333333333334 0.025925925925925925
0 0.5458333333333333 0.37222222222222223 0.014583333333333334 0.025925925925925925
0 0.49166666666666664 0.37037037037037035 0.014583333333333334 0.025925925925925925
0 0.4375 0.37037037037037035 0.014583333333333334 0.025925925925925925
0 0.38333333333333336 0.37037037037037035 0.014583333333333334 0.025925925925925925
0 0.32916666666666666 0.3685185185185185 0.014583333333333334 0.025925925925925925
0 0.659375 0.44814814814814813 0.014583333333333334 0.025925925925925925
0 0.603125 0.44814814814814813 0.014583333333333334 0.025925925925925925
0 0.546875 0.4462962962962963 0.014583333333333334 0.025925925925925925
0 0.490625 0.4462962962962963 0.014583333333333334 0.025925925925925925
0 0.434375 0.4444444444444444 0.014583333333333334 0.025925925925925925
0 0.378125 0.4444444444444444 0.014583333333333334 0.025925925925925925
0 0.32083333333333336 0.4444444444444444 0.014583333333333334 0.025925925925925925
0 0.665625 0.5296296296296297 0.014583333333333334 0.025925925925925925
0 0.6072916666666667 0.5296296296296297 0.014583333333333334 0.025925925925925925
0 0.5479166666666667 0.5277777777777778 0.014583333333333334 0.025925925925925925
0 0.4895833333333333 0.5277777777777778 0.014583333333333334 0.025925925925925925
0 0.43020833333333336 0.5259259259259259 0.014583333333333334 0.025925925925925925
0 0.371875 0.5259259259259259 0.014583333333333334 0.025925925925925925
0 0.3125 0.524074074074074 0.014583333333333334 0.025925925925925925
0 0.671875 0.6166666666666667 0.014583333333333334 0.025925925925925925
0 0.6104166666666667 0.6166666666666667 0.014583333333333334 0.025925925925925925
0 0.5489583333333333 0.6166666666666667 0.014583333333333334 0.025925925925925925
0 0.4875 0.6148148148148148 0.014583333333333334 0.025925925925925925
0 0.4270833333333333 0.6148148148148148 0.014583333333333334 0.025925925925925925
0 0.365625 0.6129629629629629 0.014583333333333334 0.025925925925925925
0 0.30416666666666664 0.6129629629629629 0.014583333333333334 0.025925925925925925
0 0.678125 0.7129629629629629 0.014583333333333334 0.025925925925925925
0 0.6145833333333334 0.7129629629629629 0.014583333333333334 0.025925925925925925
0 0.55 0.7111111111111111 0.014583333333333334 0.025925925925925925
0 0.4864583333333333 0.7111111111111111 0.014583333333333334 0.025925925925925925
0 0.421875 0.7111111111111111 0.014583333333333334 0.025925925925925925
0 0.35833333333333334 0.7092592592592593 0.014583333333333334 0.025925925925925925
0 0.29375 0.7092592592592593 0.014583333333333334 0.025925925925925925