0 0.7166666666666667 0.1763888888888889 0.025 0.03333333333333333
0 0.6479166666666667 0.175 0.025 0.03333333333333333
0 0.5791666666666667 0.175 0.025 0.03333333333333333
0 0.5114583333333333 0.175 0.025 0.03333333333333333
0 0.44375 0.1736111111111111 0.025 0.03333333333333333
0 0.37604166666666666 0.1736111111111111 0.025 0.03333333333333333
0 0.30833333333333335 0.1736111111111111 0.025 0.03333333333333333
0 0.725 0.24166666666666667 0.025 0.03333333333333333
0 0.653125 0.24166666666666667 0.025 0.03333333333333333
0 0.58125 0.24027777777777778 0.025 0.03333333333333333
0 0.5104166666666666 0.24027777777777778 0.025 0.03333333333333333
0 0.4395833333333333 0.24027777777777778 0.025 0.03333333333333333
0 0.36875 0.2388888888888889 0.025 0.03333333333333333
0 0.29791666666666666 0.2388888888888889 0.025 0.03333333333333333
0 0.734375 0.31527777777777777 0.025 0.03333333333333333
0 0.659375 0.3138888888888889 0.025 0.03333333333333333
0 0.584375 0.3138888888888889 0.025 0.03333333333333333
0 0.509375 0.3125 0.025 0.03333333333333333
0 0.434375 0.3125 0.025 0.03333333333333333
0 0.36041666666666666 0.3111111111111111 0.025 0.03333333333333333
0 0.2864583333333333 0.3111111111111111 0.025 0.03333333333333333
0 0.7458333333333333 0.3958333333333333 0.025 0.03333333333333333
0 0.665625 0.39444444444444443 0.025 0.03333333333333333
0 0.5864583333333333 0.39305555555555555 0.025 0.03333333333333333
0 0.5083333333333333 0.39305555555555555 0.025 0.03333333333333333
0 0.42916666666666664 0.39166666666666666 0.025 0.03333333333333333
0 0.35104166666666664 0.3902777777777778 0.025 0.03333333333333333
0 0.27291666666666664 0.3902777777777778 0.025 0.03333333333333333
0 0.7572916666666667 0.4847222222222222 0.025 0.03333333333333333
0 0.6739583333333333 0.48333333333333334 0.025 0.03333333333333333
0 0.5895833333333333 0.48333333333333334 0.025 0.03333333333333333
0 0.50625 0.48194444444444445 0.025 0.03333333333333333
0 0.4239583333333333 0.48055555555555557 0.025 0.03333333333333333
0 0.340625 0.4791666666666667 0.025 0.03333333333333333
0 0.259375 0.4777777777777778 0.025 0.03333333333333333
0 0.7708333333333334 0.5861111111111111 0.025 0.03333333333333333
0 0.6822916666666666 0.5847222222222223 0.025 0.03333333333333333
0 0.5927083333333333 0.5819444444444445 0.025 0.03333333333333333
0 0.5052083333333334 0.5805555555555556 0.025 0.03333333333333333
0 0.4166666666666667 0.5791666666666667 0.025 0.03333333333333333
0 0.3302083333333333 0.5777777777777777 0.025 0.03333333333333333
0 0.24270833333333333 0.5763888888888888 0.025 0.03333333333333333
0 0.7864583333333334 0.6986111111111111 0.025 0.03333333333333333
0 0.6916666666666667 0.6972222222222222 0.025 0.03333333333333333
0 0.596875 0.6944444444444444 0.025 0.03333333333333333
0 0.503125 0.6930555555555555 0.025 0.03333333333333333
0 0.409375 0.6916666666666667 0.025 0.03333333333333333
0 0.31666666666666665 0.6888888888888889 0.025 0.03333333333333333
0 0.225 0.6875 0.025 0.03333333333333333