0 0.6927083333333334 0.1361111111111111 0.027083333333333334 0.03611111111111111
0 0.625 0.1361111111111111 0.027083333333333334 0.03611111111111111
0 0.55625 0.1361111111111111 0.027083333333333334 0.03611111111111111
0 0.4875 0.1361111111111111 0.027083333333333334 0.03611111111111111
0 0.41875 0.1361111111111111 0.027083333333333334 0.03611111111111111
0 0.3489583333333333 0.1361111111111111 0.027083333333333334 0.03611111111111111
0 0.2791666666666667 0.1361111111111111 0.027083333333333334 0.03611111111111111
0 0.7052083333333333 0.1986111111111111 0.027083333333333334 0.03611111111111111
0 0.6333333333333333 0.2 0.027083333333333334 0.03611111111111111
0 0.5614583333333333 0.2 0.027083333333333334 0.03611111111111111
0 0.4895833333333333 0.2 0.027083333333333334 0.03611111111111111
0 0.4166666666666667 0.2 0.027083333333333334 0.03611111111111111
0 0.34375 0.2 0.027083333333333334 0.03611111111111111
0 0.26979166666666665 0.2 0.027083333333333334 0.03611111111111111
0 0.7197916666666667 0.26944444444444443 0.027083333333333334 0.03611111111111111
0 0.64375 0.26944444444444443 0.027083333333333334 0.03611111111111111
0 0.5677083333333334 0.26944444444444443 0.027083333333333334 0.03611111111111111
0 0.49166666666666664 0.26944444444444443 0.027083333333333334 0.03611111111111111
0 0.415625 0.26944444444444443 0.027083333333333334 0.03611111111111111
0 0.3375 0.2708333333333333 0.027083333333333334 0.03611111111111111
0 0.2604166666666667 0.2708333333333333 0.027083333333333334 0.03611111111111111
0 0.7354166666666667 0.3472222222222222 0.027083333333333334 0.03611111111111111
0 0.6552083333333333 0.3472222222222222 0.027083333333333334 0.03611111111111111
0 0.575 0.3472222222222222 0.027083333333333334 0.03611111111111111
0 0.4947916666666667 0.3486111111111111 0.027083333333333334 0.03611111111111111
0 0.41354166666666664 0.3486111111111111 0.027083333333333334 0.03611111111111111
0 0.33125 0.35 0.027083333333333334 0.03611111111111111
0 0.24895833333333334 0.35 0.027083333333333334 0.03611111111111111
0 0.753125 0.43333333333333335 0.027083333333333334 0.03611111111111111
0 0.66875 0.43472222222222223 0.027083333333333334 0.03611111111111111
0 0.5833333333333334 0.4361111111111111 0.027083333333333334 0.03611111111111111
0 0.4979166666666667 0.4361111111111111 0.027083333333333334 0.03611111111111111
0 0.4114583333333333 0.4375 0.027083333333333334 0.03611111111111111
0 0.32395833333333335 0.4388888888888889 0.027083333333333334 0.03611111111111111
0 0.23645833333333333 0.4388888888888889 0.027083333333333334 0.03611111111111111
0 0.7729166666666667 0.5333333333333333 0.027083333333333334 0.03611111111111111
0 0.6833333333333333 0.5333333333333333 0.027083333333333334 0.03611111111111111
0 0.5927083333333333 0.5347222222222222 0.027083333333333334 0.03611111111111111
0 0.5010416666666667 0.5361111111111111 0.027083333333333334 0.03611111111111111
0 0.409375 0.5375 0.027083333333333334 0.03611111111111111
0 0.31666666666666665 0.5388888888888889 0.027083333333333334 0.03611111111111111
0 0.22291666666666668 0.5402777777777777 0.027083333333333334 0.03611111111111111
0 0.7958333333333333 0.6458333333333334 0.027083333333333334 0.03611111111111111
0 0.7 0.6472222222222223 0.027083333333333334 0.03611111111111111
0 0.603125 0.6486111111111111 0.027083333333333334 0.03611111111111111
0 0.5052083333333334 0.65 0.027083333333333334 0.03611111111111111
0 0.40625 0.6527777777777778 0.027083333333333334 0.03611111111111111
0 0.3072916666666667 0.6541666666666667 0.027083333333333334 0.03611111111111111
0 0.20625 0.6555555555555556 0.027083333333333334 0.03611111111111111