0 0.23541666666666666 0.6583333333333333 0.03333333333333333 0.03333333333333333
0 0.3333333333333333 0.6583333333333333 0.03333333333333333 0.03333333333333333
0 0.43125 0.6583333333333333 0.03333333333333333 0.03333333333333333
0 0.5291666666666667 0.6592592592592592 0.03333333333333333 0.03333333333333333
0 0.6260416666666667 0.6592592592592592 0.03333333333333333 0.03333333333333333
0 0.721875 0.6601851851851852 0.03333333333333333 0.03333333333333333
0 0.8177083333333334 0.6601851851851852 0.03333333333333333 0.03333333333333333
0 0.24479166666666666 0.5657407407407408 0.03333333333333333 0.03333333333333333
0 0.33958333333333335 0.5666666666666667 0.03333333333333333 0.03333333333333333
0 0.434375 0.5675925925925925 0.03333333333333333 0.03333333333333333
0 0.528125 0.5675925925925925 0.03333333333333333 0.03333333333333333
0 0.621875 0.5685185185185185 0.03333333333333333 0.03333333333333333
0 0.715625 0.5699074074074074 0.03333333333333333 0.03333333333333333
0 0.8083333333333333 0.5699074074074074 0.03333333333333333 0.03333333333333333
0 0.25416666666666665 0.48009259259259257 0.03333333333333333 0.03333333333333333
0 0.3458333333333333 0.48148148148148145 0.03333333333333333 0.03333333333333333
0 0.4375 0.4824074074074074 0.03333333333333333 0.03333333333333333
0 0.528125 0.48333333333333334 0.03333333333333333 0.03333333333333333
0 0.61875 0.48333333333333334 0.03333333333333333 0.03333333333333333
0 0.709375 0.4842592592592593 0.03333333333333333 0.03333333333333333
0 0.7989583333333333 0.48518518518518516 0.03333333333333333 0.03333333333333333
0 0.2625 0.4 0.03333333333333333 0.03333333333333333
0 0.35104166666666664 0.4009259259259259 0.03333333333333333 0.03333333333333333
0 0.4395833333333333 0.40185185185185185 0.03333333333333333 0.03333333333333333
0 0.528125 0.40324074074074073 0.03333333333333333 0.03333333333333333
0 0.615625 0.4041666666666667 0.03333333333333333 0.03333333333333333
0 0.703125 0.4050925925925926 0.03333333333333333 0.03333333333333333
0 0.790625 0.4064814814814815 0.03333333333333333 0.03333333333333333
0 0.26979166666666665 0.32407407407407407 0.03333333333333333 0.03333333333333333
0 0.35625 0.325 0.03333333333333333 0.03333333333333333
0 0.4427083333333333 0.32685185185185184 0.03333333333333333 0.03333333333333333
0 0.528125 0.3282407407407407 0.03333333333333333 0.03333333333333333
0 0.6135416666666667 0.32916666666666666 0.03333333333333333 0.03333333333333333
0 0.6979166666666666 0.3300925925925926 0.03333333333333333 0.03333333333333333
0 0.7822916666666667 0.3314814814814815 0.03333333333333333 0.03333333333333333
0 0.27708333333333335 0.25324074074074077 0.03333333333333333 0.03333333333333333
0 0.3614583333333333 0.25416666666666665 0.03333333333333333 0.03333333333333333
0 0.44479166666666664 0.2550925925925926 0.03333333333333333 0.03333333333333333
0 0.528125 0.2574074074074074 0.03333333333333333 0.03333333333333333
0 0.6104166666666667 0.25833333333333336 0.03333333333333333 0.03333333333333333
0 0.6927083333333334 0.25925925925925924 0.03333333333333333 0.03333333333333333
0 0.775 0.2601851851851852 0.03333333333333333 0.03333333333333333
0 0.284375 0.1865740740740741 0.03333333333333333 0.03333333333333333
0 0.365625 0.1875 0.03333333333333333 0.03333333333333333
0 0.446875 0.1884259259259259 0.03333333333333333 0.03333333333333333
0 0.528125 0.18981481481481483 0.03333333333333333 0.03333333333333333
0 0.6083333333333333 0.19166666666666668 0.03333333333333333 0.03333333333333333
0 0.6885416666666667 0.1925925925925926 0.03333333333333333 0.03333333333333333
0 0.7677083333333333 0.1935185185185185 0.03333333333333333 0.03333333333333333