0 0.7354166666666667 0.2064814814814815 0.035416666666666666 0.03518518518518519
0 0.6583333333333333 0.2050925925925926 0.035416666666666666 0.03518518518518519
0 0.58125 0.2050925925925926 0.035416666666666666 0.03518518518518519
0 0.5041666666666667 0.20416666666666666 0.035416666666666666 0.03518518518518519
0 0.42604166666666665 0.20324074074074075 0.035416666666666666 0.03518518518518519
0 0.34791666666666665 0.20324074074074075 0.035416666666666666 0.03518518518518519
0 0.26979166666666665 0.20185185185185187 0.035416666666666666 0.03518518518518519
0 0.7447916666666666 0.25925925925925924 0.035416666666666666 0.03518518518518519
0 0.6645833333333333 0.25925925925925924 0.035416666666666666 0.03518518518518519
0 0.584375 0.25833333333333336 0.035416666666666666 0.03518518518518519
0 0.5041666666666667 0.25833333333333336 0.035416666666666666 0.03518518518518519
0 0.42291666666666666 0.2574074074074074 0.035416666666666666 0.03518518518518519
0 0.3416666666666667 0.2564814814814815 0.035416666666666666 0.03518518518518519
0 0.2604166666666667 0.2564814814814815 0.035416666666666666 0.03518518518518519
0 0.75625 0.3175925925925926 0.035416666666666666 0.03518518518518519
0 0.671875 0.3175925925925926 0.035416666666666666 0.03518518518518519
0 0.5885416666666666 0.31666666666666665 0.035416666666666666 0.03518518518518519
0 0.5041666666666667 0.31666666666666665 0.035416666666666666 0.03518518518518519
0 0.4197916666666667 0.31574074074074077 0.035416666666666666 0.03518518518518519
0 0.33541666666666664 0.3148148148148148 0.035416666666666666 0.03518518518518519
0 0.25 0.3148148148148148 0.035416666666666666 0.03518518518518519
0 0.7677083333333333 0.3814814814814815 0.035416666666666666 0.03518518518518519
0 0.6802083333333333 0.3814814814814815 0.035416666666666666 0.03518518518518519
0 0.5927083333333333 0.3800925925925926 0.035416666666666666 0.03518518518518519
0 0.5041666666666667 0.3800925925925926 0.035416666666666666 0.03518518518518519
0 0.4166666666666667 0.37916666666666665 0.035416666666666666 0.03518518518518519
0 0.328125 0.37916666666666665 0.035416666666666666 0.03518518518518519
0 0.23854166666666668 0.37824074074074077 0.035416666666666666 0.03518518518518519
0 0.78125 0.45092592592592595 0.035416666666666666 0.03518518518518519
0 0.6895833333333333 0.45 0.035416666666666666 0.03518518518518519
0 0.596875 0.45 0.035416666666666666 0.03518518518518519
0 0.5052083333333334 0.45 0.035416666666666666 0.03518518518518519
0 0.4125 0.44907407407407407 0.035416666666666666 0.03518518518518519
0 0.31979166666666664 0.44907407407407407 0.035416666666666666 0.03518518518518519
0 0.22604166666666667 0.44814814814814813 0.035416666666666666 0.03518518518518519
0 0.7947916666666667 0.5268518518518519 0.035416666666666666 0.03518518518518519
0 0.6989583333333333 0.5268518518518519 0.035416666666666666 0.03518518518518519
0 0.6020833333333333 0.5268518518518519 0.035416666666666666 0.03518518518518519
0 0.5052083333333334 0.5259259259259259 0.035416666666666666 0.03518518518518519
0 0.4083333333333333 0.5259259259259259 0.035416666666666666 0.03518518518518519
0 0.3104166666666667 0.5259259259259259 0.035416666666666666 0.03518518518518519
0 0.2125 0.525 0.035416666666666666 0.03518518518518519
0 0.8104166666666667 0.611574074074074 0.035416666666666666 0.03518518518518519
0 0.709375 0.611574074074074 0.035416666666666666 0.03518518518518519
0 0.6072916666666667 0.611574074074074 0.035416666666666666 0.03518518518518519
0 0.5052083333333334 0.611574074074074 0.035416666666666666 0.03518518518518519
0 0.403125 0.611574074074074 0.035416666666666666 0.03518518518518519
0 0.30104166666666665 0.611574074074074 0.035416666666666666 0.03518518518518519
0 0.19791666666666666 0.6101851851851852 0.035416666666666666 0.03518518518518519