0 0.29791666666666666 0.18888888888888888 0.01875 0.03333333333333333
0 0.2916666666666667 0.27037037037037037 0.01875 0.03333333333333333
0 0.2864583333333333 0.3574074074074074 0.01875 0.03333333333333333
0 0.2791666666666667 0.45 0.01875 0.03333333333333333
0 0.27291666666666664 0.5518518518518518 0.01875 0.03333333333333333
0 0.265625 0.6611111111111111 0.01875 0.03333333333333333
0 0.25729166666666664 0.7796296296296297 0.01875 0.03333333333333333
0 0.3572916666666667 0.19074074074074074 0.01875 0.03333333333333333
0 0.3541666666666667 0.2722222222222222 0.01875 0.03333333333333333
0 0.35104166666666664 0.3574074074074074 0.01875 0.03333333333333333
0 0.346875 0.45185185185185184 0.01875 0.03333333333333333
0 0.34270833333333334 0.5518518518518518 0.01875 0.03333333333333333
0 0.3385416666666667 0.6611111111111111 0.01875 0.03333333333333333
0 0.3333333333333333 0.7796296296296297 0.01875 0.03333333333333333
0 0.41770833333333335 0.1925925925925926 0.01875 0.03333333333333333
0 0.4166666666666667 0.2722222222222222 0.01875 0.03333333333333333
0 0.415625 0.3592592592592593 0.01875 0.03333333333333333
0 0.41354166666666664 0.45185185185185184 0.01875 0.03333333333333333
0 0.4125 0.5518518518518518 0.01875 0.03333333333333333
0 0.4114583333333333 0.6611111111111111 0.01875 0.03333333333333333
0 0.409375 0.7796296296296297 0.01875 0.03333333333333333
0 0.47708333333333336 0.19444444444444445 0.01875 0.03333333333333333
0 0.478125 0.2740740740740741 0.01875 0.03333333333333333
0 0.4791666666666667 0.3592592592592593 0.01875 0.03333333333333333
0 0.48020833333333335 0.45185185185185184 0.01875 0.03333333333333333
0 0.4822916666666667 0.5518518518518518 0.01875 0.03333333333333333
0 0.48333333333333334 0.6611111111111111 0.01875 0.03333333333333333
0 0.484375 0.7796296296296297 0.01875 0.03333333333333333
0 0.5364583333333334 0.19444444444444445 0.01875 0.03333333333333333
0 0.5395833333333333 0.2740740740740741 0.01875 0.03333333333333333
0 0.5427083333333333 0.3611111111111111 0.01875 0.03333333333333333
0 0.546875 0.45185185185185184 0.01875 0.03333333333333333
0 0.5510416666666667 0.5518518518518518 0.01875 0.03333333333333333
0 0.5552083333333333 0.6611111111111111 0.01875 0.03333333333333333
0 0.559375 0.7777777777777778 0.01875 0.03333333333333333
0 0.5958333333333333 0.1962962962962963 0.01875 0.03333333333333333
0 0.6010416666666667 0.2759259259259259 0.01875 0.03333333333333333
0 0.60625 0.3611111111111111 0.01875 0.03333333333333333
0 0.6125 0.4537037037037037 0.01875 0.03333333333333333
0 0.61875 0.5518518518518518 0.01875 0.03333333333333333
0 0.6260416666666667 0.6611111111111111 0.01875 0.03333333333333333
0 0.6333333333333333 0.7777777777777778 0.01875 0.03333333333333333
0 0.6541666666666667 0.19814814814814816 0.01875 0.03333333333333333
0 0.6614583333333334 0.2759259259259259 0.01875 0.03333333333333333
0 0.66875 0.3611111111111111 0.01875 0.03333333333333333
0 0.678125 0.4537037037037037 0.01875 0.03333333333333333
0 0.6864583333333333 0.5537037037037037 0.01875 0.03333333333333333
0 0.696875 0.6611111111111111 0.01875 0.03333333333333333
0 0.7072916666666667 0.7777777777777778 0.01875 0.03333333333333333