0 0.24166666666666667 0.7324074074074074 0.029166666666666667 0.029166666666666667
0 0.3260416666666667 0.7314814814814815 0.029166666666666667 0.029166666666666667
0 0.4114583333333333 0.7300925925925926 0.029166666666666667 0.029166666666666667
0 0.496875 0.7282407407407407 0.029166666666666667 0.029166666666666667
0 0.5822916666666667 0.7268518518518519 0.029166666666666667 0.029166666666666667
0 0.6677083333333333 0.725925925925926 0.029166666666666667 0.029166666666666667
0 0.753125 0.725 0.029166666666666667 0.029166666666666667
0 0.25104166666666666 0.6458333333333334 0.029166666666666667 0.029166666666666667
0 0.33229166666666665 0.6449074074074074 0.029166666666666667 0.029166666666666667
0 0.41458333333333336 0.6435185185185185 0.029166666666666667 0.029166666666666667
0 0.49583333333333335 0.6416666666666667 0.029166666666666667 0.029166666666666667
0 0.578125 0.6407407407407407 0.029166666666666667 0.029166666666666667
0 0.6604166666666667 0.6398148148148148 0.029166666666666667 0.029166666666666667
0 0.7427083333333333 0.638425925925926 0.029166666666666667 0.029166666666666667
0 0.259375 0.5657407407407408 0.029166666666666667 0.029166666666666667
0 0.3375 0.5648148148148148 0.029166666666666667 0.029166666666666667
0 0.4166666666666667 0.5634259259259259 0.029166666666666667 0.029166666666666667
0 0.49583333333333335 0.5625 0.029166666666666667 0.029166666666666667
0 0.575 0.5601851851851852 0.029166666666666667 0.029166666666666667
0 0.6541666666666667 0.5592592592592592 0.029166666666666667 0.029166666666666667
0 0.7333333333333333 0.5583333333333333 0.029166666666666667 0.029166666666666667
0 0.2677083333333333 0.49166666666666664 0.029166666666666667 0.029166666666666667
0 0.34270833333333334 0.4898148148148148 0.029166666666666667 0.029166666666666667
0 0.41875 0.48842592592592593 0.029166666666666667 0.029166666666666667
0 0.4947916666666667 0.4875 0.029166666666666667 0.029166666666666667
0 0.5708333333333333 0.48657407407407405 0.029166666666666667 0.029166666666666667
0 0.6479166666666667 0.48518518518518516 0.029166666666666667 0.029166666666666667
0 0.7239583333333334 0.4842592592592593 0.029166666666666667 0.029166666666666667
0 0.275 0.4217592592592593 0.029166666666666667 0.029166666666666667
0 0.34791666666666665 0.42083333333333334 0.029166666666666667 0.029166666666666667
0 0.42083333333333334 0.4199074074074074 0.029166666666666667 0.029166666666666667
0 0.4947916666666667 0.4185185185185185 0.029166666666666667 0.029166666666666667
0 0.5677083333333334 0.4166666666666667 0.029166666666666667 0.029166666666666667
0 0.6416666666666667 0.41574074074074074 0.029166666666666667 0.029166666666666667
0 0.715625 0.4148148148148148 0.029166666666666667 0.029166666666666667
0 0.28125 0.3574074074074074 0.029166666666666667 0.029166666666666667
0 0.35208333333333336 0.35648148148148145 0.029166666666666667 0.029166666666666667
0 0.42291666666666666 0.35509259259259257 0.029166666666666667 0.029166666666666667
0 0.49375 0.3541666666666667 0.029166666666666667 0.029166666666666667
0 0.5645833333333333 0.35185185185185186 0.029166666666666667 0.029166666666666667
0 0.6364583333333333 0.3509259259259259 0.029166666666666667 0.029166666666666667
0 0.7072916666666667 0.35 0.029166666666666667 0.029166666666666667
0 0.2875 0.2967592592592593 0.029166666666666667 0.029166666666666667
0 0.35625 0.29583333333333334 0.029166666666666667 0.029166666666666667
0 0.425 0.2949074074074074 0.029166666666666667 0.029166666666666667
0 0.49375 0.2935185185185185 0.029166666666666667 0.029166666666666667
0 0.5625 0.2916666666666667 0.029166666666666667 0.029166666666666667
0 0.63125 0.29074074074074074 0.029166666666666667 0.029166666666666667
0 0.7 0.2898148148148148 0.029166666666666667 0.029166666666666667