0 0.7 0.32314814814814813 0.03125 0.03148148148148148
0 0.6333333333333333 0.32314814814814813 0.03125 0.03148148148148148
0 0.565625 0.32407407407407407 0.03125 0.03148148148148148
0 0.49895833333333334 0.32407407407407407 0.03125 0.03148148148148148
0 0.43125 0.325 0.03125 0.03148148148148148
0 0.36354166666666665 0.325 0.03125 0.03148148148148148
0 0.29583333333333334 0.32592592592592595 0.03125 0.03148148148148148
0 0.709375 0.3768518518518518 0.03125 0.03148148148148148
0 0.6395833333333333 0.37824074074074077 0.03125 0.03148148148148148
0 0.5697916666666667 0.37824074074074077 0.03125 0.03148148148148148
0 0.5 0.37916666666666665 0.03125 0.03148148148148148
0 0.42916666666666664 0.37916666666666665 0.03125 0.03148148148148148
0 0.359375 0.3800925925925926 0.03125 0.03148148148148148
0 0.28854166666666664 0.3814814814814815 0.03125 0.03148148148148148
0 0.7197916666666667 0.43657407407407406 0.03125 0.03148148148148148
0 0.646875 0.4375 0.03125 0.03148148148148148
0 0.5739583333333333 0.4375 0.03125 0.03148148148148148
0 0.5010416666666667 0.43842592592592594 0.03125 0.03148148148148148
0 0.4270833333333333 0.4398148148148148 0.03125 0.03148148148148148
0 0.3541666666666667 0.4398148148148148 0.03125 0.03148148148148148
0 0.28020833333333334 0.44074074074074077 0.03125 0.03148148148148148
0 0.7302083333333333 0.5009259259259259 0.03125 0.03148148148148148
0 0.6541666666666667 0.5018518518518519 0.03125 0.03148148148148148
0 0.578125 0.5032407407407408 0.03125 0.03148148148148148
0 0.5020833333333333 0.5032407407407408 0.03125 0.03148148148148148
0 0.425 0.5041666666666667 0.03125 0.03148148148148148
0 0.3489583333333333 0.5050925925925925 0.03125 0.03148148148148148
0 0.271875 0.5050925925925925 0.03125 0.03148148148148148
0 0.7427083333333333 0.5717592592592593 0.03125 0.03148148148148148
0 0.6625 0.5731481481481482 0.03125 0.03148148148148148
0 0.5833333333333334 0.5740740740740741 0.03125 0.03148148148148148
0 0.503125 0.5740740740740741 0.03125 0.03148148148148148
0 0.42291666666666666 0.575 0.03125 0.03148148148148148
0 0.34270833333333334 0.575925925925926 0.03125 0.03148148148148148
0 0.2625 0.5768518518518518 0.03125 0.03148148148148148
0 0.7552083333333334 0.649074074074074 0.03125 0.03148148148148148
0 0.671875 0.65 0.03125 0.03148148148148148
0 0.5885416666666666 0.6509259259259259 0.03125 0.03148148148148148
0 0.5041666666666667 0.6518518518518519 0.03125 0.03148148148148148
0 0.4197916666666667 0.6532407407407408 0.03125 0.03148148148148148
0 0.33645833333333336 0.6541666666666667 0.03125 0.03148148148148148
0 0.2520833333333333 0.6550925925925926 0.03125 0.03148148148148148
0 0.7697916666666667 0.7342592592592593 0.03125 0.03148148148148148
0 0.6822916666666666 0.7351851851851852 0.03125 0.03148148148148148
0 0.59375 0.7375 0.03125 0.03148148148148148
0 0.50625 0.7384259259259259 0.03125 0.03148148148148148
0 0.41770833333333335 0.7398148148148148 0.03125 0.03148148148148148
0 0.32916666666666666 0.7407407407407407 0.03125 0.03148148148148148
0 0.240625 0.7416666666666667 0.03125 0.03148148148148148