0 0.69375 0.1574074074074074 0.022916666666666665 0.03425925925925926
0 0.6177083333333333 0.1574074074074074 0.022916666666666665 0.03425925925925926
0 0.5416666666666666 0.15555555555555556 0.022916666666666665 0.03425925925925926
0 0.46458333333333335 0.15555555555555556 0.022916666666666665 0.03425925925925926
0 0.3875 0.15416666666666667 0.022916666666666665 0.03425925925925926
0 0.309375 0.15416666666666667 0.022916666666666665 0.03425925925925926
0 0.23125 0.1527777777777778 0.022916666666666665 0.03425925925925926
0 0.7052083333333333 0.23842592592592593 0.022916666666666665 0.03425925925925926
0 0.6260416666666667 0.23657407407407408 0.022916666666666665 0.03425925925925926
0 0.546875 0.23657407407407408 0.022916666666666665 0.03425925925925926
0 0.46770833333333334 0.23657407407407408 0.022916666666666665 0.03425925925925926
0 0.3875 0.2351851851851852 0.022916666666666665 0.03425925925925926
0 0.30625 0.2351851851851852 0.022916666666666665 0.03425925925925926
0 0.22604166666666667 0.2351851851851852 0.022916666666666665 0.03425925925925926
0 0.7177083333333333 0.32407407407407407 0.022916666666666665 0.03425925925925926
0 0.6354166666666666 0.32407407407407407 0.022916666666666665 0.03425925925925926
0 0.5541666666666667 0.32407407407407407 0.022916666666666665 0.03425925925925926
0 0.4708333333333333 0.32407407407407407 0.022916666666666665 0.03425925925925926
0 0.3875 0.32222222222222224 0.022916666666666665 0.03425925925925926
0 0.30416666666666664 0.32222222222222224 0.022916666666666665 0.03425925925925926
0 0.21979166666666666 0.32222222222222224 0.022916666666666665 0.03425925925925926
0 0.73125 0.41759259259259257 0.022916666666666665 0.03425925925925926
0 0.6458333333333334 0.41759259259259257 0.022916666666666665 0.03425925925925926
0 0.5604166666666667 0.41759259259259257 0.022916666666666665 0.03425925925925926
0 0.475 0.41759259259259257 0.022916666666666665 0.03425925925925926
0 0.3875 0.41759259259259257 0.022916666666666665 0.03425925925925926
0 0.30104166666666665 0.41759259259259257 0.022916666666666665 0.03425925925925926
0 0.21354166666666666 0.41759259259259257 0.022916666666666665 0.03425925925925926
0 0.7458333333333333 0.5171296296296296 0.022916666666666665 0.03425925925925926
0 0.6572916666666667 0.5185185185185185 0.022916666666666665 0.03425925925925926
0 0.5677083333333334 0.5185185185185185 0.022916666666666665 0.03425925925925926
0 0.478125 0.5185185185185185 0.022916666666666665 0.03425925925925926
0 0.3885416666666667 0.5185185185185185 0.022916666666666665 0.03425925925925926
0 0.29791666666666666 0.5203703703703704 0.022916666666666665 0.03425925925925926
0 0.20625 0.5203703703703704 0.022916666666666665 0.03425925925925926
0 0.7614583333333333 0.6277777777777778 0.022916666666666665 0.03425925925925926
0 0.66875 0.6277777777777778 0.022916666666666665 0.03425925925925926
0 0.5760416666666667 0.6291666666666667 0.022916666666666665 0.03425925925925926
0 0.4822916666666667 0.6291666666666667 0.022916666666666665 0.03425925925925926
0 0.3885416666666667 0.6310185185185185 0.022916666666666665 0.03425925925925926
0 0.29375 0.6310185185185185 0.022916666666666665 0.03425925925925926
0 0.19895833333333332 0.6324074074074074 0.022916666666666665 0.03425925925925926
0 0.778125 0.7462962962962963 0.022916666666666665 0.03425925925925926
0 0.6822916666666666 0.7476851851851852 0.022916666666666665 0.03425925925925926
0 0.5854166666666667 0.7490740740740741 0.022916666666666665 0.03425925925925926
0 0.4875 0.7509259259259259 0.022916666666666665 0.03425925925925926
0 0.38958333333333334 0.7509259259259259 0.022916666666666665 0.03425925925925926
0 0.28958333333333336 0.7523148148148148 0.022916666666666665 0.03425925925925926
0 0.18958333333333333 0.7537037037037037 0.022916666666666665 0.03425925925925926