0 0.7 0.18194444444444444 0.025 0.03333333333333333
0 0.63125 0.18472222222222223 0.025 0.03333333333333333
0 0.5635416666666667 0.1875 0.025 0.03333333333333333
0 0.49583333333333335 0.19027777777777777 0.025 0.03333333333333333
0 0.428125 0.19305555555555556 0.025 0.03333333333333333
0 0.36041666666666666 0.19583333333333333 0.025 0.03333333333333333
0 0.29375 0.1986111111111111 0.025 0.03333333333333333
0 0.7104166666666667 0.24722222222222223 0.025 0.03333333333333333
0 0.6385416666666667 0.25 0.025 0.03333333333333333
0 0.5677083333333334 0.25277777777777777 0.025 0.03333333333333333
0 0.49583333333333335 0.25555555555555554 0.025 0.03333333333333333
0 0.425 0.25833333333333336 0.025 0.03333333333333333
0 0.3541666666666667 0.2611111111111111 0.025 0.03333333333333333
0 0.284375 0.2638888888888889 0.025 0.03333333333333333
0 0.7229166666666667 0.3194444444444444 0.025 0.03333333333333333
0 0.646875 0.32222222222222224 0.025 0.03333333333333333
0 0.571875 0.325 0.025 0.03333333333333333
0 0.496875 0.3277777777777778 0.025 0.03333333333333333
0 0.421875 0.33055555555555555 0.025 0.03333333333333333
0 0.34791666666666665 0.3333333333333333 0.025 0.03333333333333333
0 0.27395833333333336 0.33611111111111114 0.025 0.03333333333333333
0 0.7354166666666667 0.39861111111111114 0.025 0.03333333333333333
0 0.65625 0.4013888888888889 0.025 0.03333333333333333
0 0.5760416666666667 0.4041666666666667 0.025 0.03333333333333333
0 0.4979166666666667 0.40694444444444444 0.025 0.03333333333333333
0 0.41875 0.4097222222222222 0.025 0.03333333333333333
0 0.340625 0.4125 0.025 0.03333333333333333
0 0.2625 0.4152777777777778 0.025 0.03333333333333333
0 0.75 0.4888888888888889 0.025 0.03333333333333333
0 0.665625 0.49166666666666664 0.025 0.03333333333333333
0 0.5822916666666667 0.49444444444444446 0.025 0.03333333333333333
0 0.4979166666666667 0.49583333333333335 0.025 0.03333333333333333
0 0.415625 0.4986111111111111 0.025 0.03333333333333333
0 0.33229166666666665 0.5013888888888889 0.025 0.03333333333333333
0 0.25 0.5041666666666667 0.025 0.03333333333333333
0 0.7666666666666667 0.5888888888888889 0.025 0.03333333333333333
0 0.6770833333333334 0.5916666666666667 0.025 0.03333333333333333
0 0.5875 0.5930555555555556 0.025 0.03333333333333333
0 0.49895833333333334 0.5958333333333333 0.025 0.03333333333333333
0 0.4114583333333333 0.5986111111111111 0.025 0.03333333333333333
0 0.3229166666666667 0.6013888888888889 0.025 0.03333333333333333
0 0.23645833333333333 0.6041666666666666 0.025 0.03333333333333333
0 0.7854166666666667 0.7013888888888888 0.025 0.03333333333333333
0 0.6895833333333333 0.7041666666666667 0.025 0.03333333333333333
0 0.5947916666666667 0.7069444444444445 0.025 0.03333333333333333
0 0.5 0.7083333333333334 0.025 0.03333333333333333
0 0.40625 0.7111111111111111 0.025 0.03333333333333333
0 0.3125 0.7138888888888889 0.025 0.03333333333333333
0 0.21979166666666666 0.7166666666666667 0.025 0.03333333333333333