0 0.7520833333333333 0.175 0.035416666666666666 0.03518518518518519
0 0.6739583333333333 0.17314814814814813 0.035416666666666666 0.03518518518518519
0 0.5958333333333333 0.17083333333333334 0.035416666666666666 0.03518518518518519
0 0.5177083333333333 0.1685185185185185 0.035416666666666666 0.03518518518518519
0 0.43854166666666666 0.16666666666666666 0.035416666666666666 0.03518518518518519
0 0.36041666666666666 0.1648148148148148 0.035416666666666666 0.03518518518518519
0 0.28020833333333334 0.1625 0.035416666666666666 0.03518518518518519
0 0.7614583333333333 0.2300925925925926 0.035416666666666666 0.03518518518518519
0 0.6802083333333333 0.22824074074074074 0.035416666666666666 0.03518518518518519
0 0.5989583333333334 0.22592592592592592 0.035416666666666666 0.03518518518518519
0 0.5166666666666667 0.22407407407407406 0.035416666666666666 0.03518518518518519
0 0.4354166666666667 0.22175925925925927 0.035416666666666666 0.03518518518518519
0 0.353125 0.2199074074074074 0.035416666666666666 0.03518518518518519
0 0.2708333333333333 0.21666666666666667 0.035416666666666666 0.03518518518518519
0 0.7708333333333334 0.2898148148148148 0.035416666666666666 0.03518518518518519
0 0.6864583333333333 0.2875 0.035416666666666666 0.03518518518518519
0 0.6020833333333333 0.2851851851851852 0.035416666666666666 0.03518518518518519
0 0.5166666666666667 0.2833333333333333 0.035416666666666666 0.03518518518518519
0 0.43125 0.2814814814814815 0.035416666666666666 0.03518518518518519
0 0.3458333333333333 0.27824074074074073 0.035416666666666666 0.03518518518518519
0 0.259375 0.2759259259259259 0.035416666666666666 0.03518518518518519
0 0.78125 0.3541666666666667 0.035416666666666666 0.03518518518518519
0 0.69375 0.35185185185185186 0.035416666666666666 0.03518518518518519
0 0.6052083333333333 0.35 0.035416666666666666 0.03518518518518519
0 0.515625 0.34675925925925927 0.035416666666666666 0.03518518518518519
0 0.4270833333333333 0.3449074074074074 0.035416666666666666 0.03518518518518519
0 0.3375 0.3425925925925926 0.035416666666666666 0.03518518518518519
0 0.24791666666666667 0.34074074074074073 0.035416666666666666 0.03518518518518519
0 0.7927083333333333 0.42407407407407405 0.035416666666666666 0.03518518518518519
0 0.7010416666666667 0.4217592592592593 0.035416666666666666 0.03518518518518519
0 0.6083333333333333 0.4199074074074074 0.035416666666666666 0.03518518518518519
0 0.515625 0.41759259259259257 0.035416666666666666 0.03518518518518519
0 0.421875 0.41574074074074074 0.035416666666666666 0.03518518518518519
0 0.32916666666666666 0.4134259259259259 0.035416666666666666 0.03518518518518519
0 0.23541666666666666 0.4115740740740741 0.035416666666666666 0.03518518518518519
0 0.8052083333333333 0.5009259259259259 0.035416666666666666 0.03518518518518519
0 0.709375 0.49907407407407406 0.035416666666666666 0.03518518518518519
0 0.6125 0.49675925925925923 0.035416666666666666 0.03518518518518519
0 0.5145833333333333 0.4949074074074074 0.035416666666666666 0.03518518518518519
0 0.41770833333333335 0.4925925925925926 0.035416666666666666 0.03518518518518519
0 0.31875 0.49074074074074076 0.035416666666666666 0.03518518518518519
0 0.22083333333333333 0.48842592592592593 0.035416666666666666 0.03518518518518519
0 0.81875 0.5851851851851851 0.035416666666666666 0.03518518518518519
0 0.7177083333333333 0.5833333333333334 0.035416666666666666 0.03518518518518519
0 0.615625 0.5814814814814815 0.035416666666666666 0.03518518518518519
0 0.5135416666666667 0.5791666666666667 0.035416666666666666 0.03518518518518519
0 0.4114583333333333 0.5768518518518518 0.035416666666666666 0.03518518518518519
0 0.30833333333333335 0.575 0.035416666666666666 0.03518518518518519
0 0.20520833333333333 0.5731481481481482 0.035416666666666666 0.03518518518518519