0 0.70625 0.16342592592592592 0.022916666666666665 0.03425925925925926
0 0.63125 0.16203703703703703 0.022916666666666665 0.03425925925925926
0 0.5541666666666667 0.16203703703703703 0.022916666666666665 0.03425925925925926
0 0.478125 0.16203703703703703 0.022916666666666665 0.03425925925925926
0 0.4010416666666667 0.16064814814814815 0.022916666666666665 0.03425925925925926
0 0.32395833333333335 0.16064814814814815 0.022916666666666665 0.03425925925925926
0 0.24583333333333332 0.16064814814814815 0.022916666666666665 0.03425925925925926
0 0.7177083333333333 0.24305555555555555 0.022916666666666665 0.03425925925925926
0 0.6395833333333333 0.24305555555555555 0.022916666666666665 0.03425925925925926
0 0.5604166666666667 0.24305555555555555 0.022916666666666665 0.03425925925925926
0 0.48125 0.24305555555555555 0.022916666666666665 0.03425925925925926
0 0.4010416666666667 0.2412037037037037 0.022916666666666665 0.03425925925925926
0 0.32083333333333336 0.2412037037037037 0.022916666666666665 0.03425925925925926
0 0.240625 0.2412037037037037 0.022916666666666665 0.03425925925925926
0 0.73125 0.3287037037037037 0.022916666666666665 0.03425925925925926
0 0.6489583333333333 0.3287037037037037 0.022916666666666665 0.03425925925925926
0 0.5677083333333334 0.3287037037037037 0.022916666666666665 0.03425925925925926
0 0.484375 0.3287037037037037 0.022916666666666665 0.03425925925925926
0 0.40208333333333335 0.3287037037037037 0.022916666666666665 0.03425925925925926
0 0.31875 0.3287037037037037 0.022916666666666665 0.03425925925925926
0 0.23541666666666666 0.3287037037037037 0.022916666666666665 0.03425925925925926
0 0.7447916666666666 0.4222222222222222 0.022916666666666665 0.03425925925925926
0 0.659375 0.4222222222222222 0.022916666666666665 0.03425925925925926
0 0.5739583333333333 0.4222222222222222 0.022916666666666665 0.03425925925925926
0 0.48854166666666665 0.4222222222222222 0.022916666666666665 0.03425925925925926
0 0.403125 0.4236111111111111 0.022916666666666665 0.03425925925925926
0 0.315625 0.4236111111111111 0.022916666666666665 0.03425925925925926
0 0.22916666666666666 0.4236111111111111 0.022916666666666665 0.03425925925925926
0 0.759375 0.5231481481481481 0.022916666666666665 0.03425925925925926
0 0.6708333333333333 0.5231481481481481 0.022916666666666665 0.03425925925925926
0 0.5822916666666667 0.5231481481481481 0.022916666666666665 0.03425925925925926
0 0.49270833333333336 0.525 0.022916666666666665 0.03425925925925926
0 0.403125 0.525 0.022916666666666665 0.03425925925925926
0 0.31354166666666666 0.525 0.022916666666666665 0.03425925925925926
0 0.221875 0.5263888888888889 0.022916666666666665 0.03425925925925926
0 0.775 0.6324074074074074 0.022916666666666665 0.03425925925925926
0 0.6833333333333333 0.6324074074074074 0.022916666666666665 0.03425925925925926
0 0.590625 0.6337962962962963 0.022916666666666665 0.03425925925925926
0 0.4979166666666667 0.6337962962962963 0.022916666666666665 0.03425925925925926
0 0.4041666666666667 0.6356481481481482 0.022916666666666665 0.03425925925925926
0 0.309375 0.6370370370370371 0.022916666666666665 0.03425925925925926
0 0.21458333333333332 0.6370370370370371 0.022916666666666665 0.03425925925925926
0 0.7916666666666666 0.7509259259259259 0.022916666666666665 0.03425925925925926
0 0.6958333333333333 0.7523148148148148 0.022916666666666665 0.03425925925925926
0 0.6 0.7537037037037037 0.022916666666666665 0.03425925925925926
0 0.5020833333333333 0.7555555555555555 0.022916666666666665 0.03425925925925926
0 0.40520833333333334 0.7555555555555555 0.022916666666666665 0.03425925925925926
0 0.30625 0.7569444444444444 0.022916666666666665 0.03425925925925926
0 0.20729166666666668 0.7587962962962963 0.022916666666666665 0.03425925925925926