0 0.6010416666666667 0.2574074074074074 0.014583333333333334 0.025925925925925925
0 0.5541666666666667 0.2574074074074074 0.014583333333333334 0.025925925925925925
0 0.5072916666666667 0.2574074074074074 0.014583333333333334 0.025925925925925925
0 0.459375 0.2574074074074074 0.014583333333333334 0.025925925925925925
0 0.4114583333333333 0.2574074074074074 0.014583333333333334 0.025925925925925925
0 0.36354166666666665 0.2574074074074074 0.014583333333333334 0.025925925925925925
0 0.315625 0.2574074074074074 0.014583333333333334 0.025925925925925925
0 0.6052083333333333 0.32037037037037036 0.014583333333333334 0.025925925925925925
0 0.5572916666666666 0.32037037037037036 0.014583333333333334 0.025925925925925925
0 0.5083333333333333 0.32037037037037036 0.014583333333333334 0.025925925925925925
0 0.459375 0.32037037037037036 0.014583333333333334 0.025925925925925925
0 0.409375 0.32222222222222224 0.014583333333333334 0.025925925925925925
0 0.36041666666666666 0.32222222222222224 0.014583333333333334 0.025925925925925925
0 0.3104166666666667 0.32222222222222224 0.014583333333333334 0.025925925925925925
0 0.6104166666666667 0.387037037037037 0.014583333333333334 0.025925925925925925
0 0.5604166666666667 0.3888888888888889 0.014583333333333334 0.025925925925925925
0 0.509375 0.3888888888888889 0.014583333333333334 0.025925925925925925
0 0.4583333333333333 0.3888888888888889 0.014583333333333334 0.025925925925925925
0 0.40729166666666666 0.3888888888888889 0.014583333333333334 0.025925925925925925
0 0.35625 0.3907407407407407 0.014583333333333334 0.025925925925925925
0 0.30416666666666664 0.3907407407407407 0.014583333333333334 0.025925925925925925
0 0.615625 0.46111111111111114 0.014583333333333334 0.025925925925925925
0 0.5635416666666667 0.46111111111111114 0.014583333333333334 0.025925925925925925
0 0.5104166666666666 0.46111111111111114 0.014583333333333334 0.025925925925925925
0 0.4583333333333333 0.46296296296296297 0.014583333333333334 0.025925925925925925
0 0.40520833333333334 0.46296296296296297 0.014583333333333334 0.025925925925925925
0 0.35208333333333336 0.46296296296296297 0.014583333333333334 0.025925925925925925
0 0.29791666666666666 0.4648148148148148 0.014583333333333334 0.025925925925925925
0 0.6208333333333333 0.5388888888888889 0.014583333333333334 0.025925925925925925
0 0.5666666666666667 0.5388888888888889 0.014583333333333334 0.025925925925925925
0 0.5125 0.5407407407407407 0.014583333333333334 0.025925925925925925
0 0.45729166666666665 0.5407407407407407 0.014583333333333334 0.025925925925925925
0 0.40208333333333335 0.5407407407407407 0.014583333333333334 0.025925925925925925
0 0.346875 0.5425925925925926 0.014583333333333334 0.025925925925925925
0 0.2916666666666667 0.5425925925925926 0.014583333333333334 0.025925925925925925
0 0.6260416666666667 0.6222222222222222 0.014583333333333334 0.025925925925925925
0 0.5697916666666667 0.6240740740740741 0.014583333333333334 0.025925925925925925
0 0.5135416666666667 0.6240740740740741 0.014583333333333334 0.025925925925925925
0 0.45625 0.6259259259259259 0.014583333333333334 0.025925925925925925
0 0.39895833333333336 0.6259259259259259 0.014583333333333334 0.025925925925925925
0 0.3416666666666667 0.6277777777777778 0.014583333333333334 0.025925925925925925
0 0.284375 0.6296296296296297 0.014583333333333334 0.025925925925925925
0 0.6322916666666667 0.7129629629629629 0.014583333333333334 0.025925925925925925
0 0.5739583333333333 0.7148148148148148 0.014583333333333334 0.025925925925925925
0 0.5145833333333333 0.7166666666666667 0.014583333333333334 0.025925925925925925
0 0.45625 0.7166666666666667 0.014583333333333334 0.025925925925925925
0 0.3958333333333333 0.7185185185185186 0.014583333333333334 0.025925925925925925
0 0.33645833333333336 0.7203703703703703 0.014583333333333334 0.025925925925925925
0 0.2760416666666667 0.7222222222222222 0.014583333333333334 0.025925925925925925