0 0.7479166666666667 0.18518518518518517 0.03333333333333333 0.03333333333333333
0 0.6677083333333333 0.1865740740740741 0.03333333333333333 0.03333333333333333
0 0.5885416666666666 0.1875 0.03333333333333333 0.03333333333333333
0 0.5083333333333333 0.1884259259259259 0.03333333333333333 0.03333333333333333
0 0.43020833333333336 0.18981481481481483 0.03333333333333333 0.03333333333333333
0 0.35104166666666664 0.19166666666666668 0.03333333333333333 0.03333333333333333
0 0.27291666666666664 0.1925925925925926 0.03333333333333333 0.03333333333333333
0 0.7552083333333334 0.25416666666666665 0.03333333333333333 0.03333333333333333
0 0.671875 0.2550925925925926 0.03333333333333333 0.03333333333333333
0 0.590625 0.2564814814814815 0.03333333333333333 0.03333333333333333
0 0.5083333333333333 0.2574074074074074 0.03333333333333333 0.03333333333333333
0 0.4270833333333333 0.25833333333333336 0.03333333333333333 0.03333333333333333
0 0.3458333333333333 0.25925925925925924 0.03333333333333333 0.03333333333333333
0 0.26458333333333334 0.2601851851851852 0.03333333333333333 0.03333333333333333
0 0.7625 0.32685185185185184 0.03333333333333333 0.03333333333333333
0 0.6770833333333334 0.3282407407407407 0.03333333333333333 0.03333333333333333
0 0.5927083333333333 0.32916666666666666 0.03333333333333333 0.03333333333333333
0 0.5072916666666667 0.3300925925925926 0.03333333333333333 0.03333333333333333
0 0.4239583333333333 0.3314814814814815 0.03333333333333333 0.03333333333333333
0 0.33958333333333335 0.33240740740740743 0.03333333333333333 0.03333333333333333
0 0.25625 0.3333333333333333 0.03333333333333333 0.03333333333333333
0 0.7708333333333334 0.4064814814814815 0.03333333333333333 0.03333333333333333
0 0.6833333333333333 0.4074074074074074 0.03333333333333333 0.03333333333333333
0 0.5947916666666667 0.4074074074074074 0.03333333333333333 0.03333333333333333
0 0.5072916666666667 0.4083333333333333 0.03333333333333333 0.03333333333333333
0 0.4197916666666667 0.40925925925925927 0.03333333333333333 0.03333333333333333
0 0.3333333333333333 0.40925925925925927 0.03333333333333333 0.03333333333333333
0 0.246875 0.4101851851851852 0.03333333333333333 0.03333333333333333
0 0.7802083333333333 0.49074074074074076 0.03333333333333333 0.03333333333333333
0 0.6885416666666667 0.49166666666666664 0.03333333333333333 0.03333333333333333
0 0.596875 0.49166666666666664 0.03333333333333333 0.03333333333333333
0 0.50625 0.4925925925925926 0.03333333333333333 0.03333333333333333
0 0.415625 0.4925925925925926 0.03333333333333333 0.03333333333333333
0 0.3260416666666667 0.4935185185185185 0.03333333333333333 0.03333333333333333
0 0.23645833333333333 0.4935185185185185 0.03333333333333333 0.03333333333333333
0 0.790625 0.5814814814814815 0.03333333333333333 0.03333333333333333
0 0.6947916666666667 0.5824074074074074 0.03333333333333333 0.03333333333333333
0 0.6 0.5824074074074074 0.03333333333333333 0.03333333333333333
0 0.50625 0.5824074074074074 0.03333333333333333 0.03333333333333333
0 0.4125 0.5833333333333334 0.03333333333333333 0.03333333333333333
0 0.31875 0.5833333333333334 0.03333333333333333 0.03333333333333333
0 0.22604166666666667 0.5833333333333334 0.03333333333333333 0.03333333333333333
0 0.8010416666666667 0.6800925925925926 0.03333333333333333 0.03333333333333333
0 0.7020833333333333 0.6800925925925926 0.03333333333333333 0.03333333333333333
0 0.603125 0.6800925925925926 0.03333333333333333 0.03333333333333333
0 0.5052083333333334 0.6800925925925926 0.03333333333333333 0.03333333333333333
0 0.40729166666666666 0.6800925925925926 0.03333333333333333 0.03333333333333333
0 0.3104166666666667 0.6800925925925926 0.03333333333333333 0.03333333333333333
0 0.21458333333333332 0.6800925925925926 0.03333333333333333 0.03333333333333333