0 0.740625 0.1935185185185185 0.035416666666666666 0.03518518518518519
0 0.6614583333333334 0.1935185185185185 0.035416666666666666 0.03518518518518519
0 0.5822916666666667 0.1935185185185185 0.035416666666666666 0.03518518518518519
0 0.5041666666666667 0.1935185185185185 0.035416666666666666 0.03518518518518519
0 0.425 0.1935185185185185 0.035416666666666666 0.03518518518518519
0 0.3458333333333333 0.1935185185185185 0.035416666666666666 0.03518518518518519
0 0.26666666666666666 0.1935185185185185 0.035416666666666666 0.03518518518518519
0 0.7510416666666667 0.25 0.035416666666666666 0.03518518518518519
0 0.6697916666666667 0.25 0.035416666666666666 0.03518518518518519
0 0.5875 0.25 0.035416666666666666 0.03518518518518519
0 0.5052083333333334 0.25 0.035416666666666666 0.03518518518518519
0 0.42291666666666666 0.25 0.035416666666666666 0.03518518518518519
0 0.340625 0.25 0.035416666666666666 0.03518518518518519
0 0.25833333333333336 0.25 0.035416666666666666 0.03518518518518519
0 0.7635416666666667 0.3101851851851852 0.035416666666666666 0.03518518518518519
0 0.678125 0.3101851851851852 0.035416666666666666 0.03518518518518519
0 0.5927083333333333 0.3101851851851852 0.035416666666666666 0.03518518518518519
0 0.5072916666666667 0.3101851851851852 0.035416666666666666 0.03518518518518519
0 0.42083333333333334 0.3101851851851852 0.035416666666666666 0.03518518518518519
0 0.33541666666666664 0.3101851851851852 0.035416666666666666 0.03518518518518519
0 0.25 0.3101851851851852 0.035416666666666666 0.03518518518518519
0 0.7770833333333333 0.37592592592592594 0.035416666666666666 0.03518518518518519
0 0.6875 0.37592592592592594 0.035416666666666666 0.03518518518518519
0 0.5979166666666667 0.37592592592592594 0.035416666666666666 0.03518518518518519
0 0.5083333333333333 0.37592592592592594 0.035416666666666666 0.03518518518518519
0 0.4197916666666667 0.37592592592592594 0.035416666666666666 0.03518518518518519
0 0.3302083333333333 0.37592592592592594 0.035416666666666666 0.03518518518518519
0 0.240625 0.37592592592592594 0.035416666666666666 0.03518518518518519
0 0.790625 0.44814814814814813 0.035416666666666666 0.03518518518518519
0 0.6979166666666666 0.44814814814814813 0.035416666666666666 0.03518518518518519
0 0.6041666666666666 0.44814814814814813 0.035416666666666666 0.03518518518518519
0 0.5104166666666666 0.44814814814814813 0.035416666666666666 0.03518518518518519
0 0.4166666666666667 0.44814814814814813 0.035416666666666666 0.03518518518518519
0 0.32395833333333335 0.44814814814814813 0.035416666666666666 0.03518518518518519
0 0.23020833333333332 0.44907407407407407 0.035416666666666666 0.03518518518518519
0 0.8072916666666666 0.5268518518518519 0.035416666666666666 0.03518518518518519
0 0.709375 0.5268518518518519 0.035416666666666666 0.03518518518518519
0 0.6114583333333333 0.5268518518518519 0.035416666666666666 0.03518518518518519
0 0.5125 0.5268518518518519 0.035416666666666666 0.03518518518518519
0 0.41458333333333336 0.5268518518518519 0.035416666666666666 0.03518518518518519
0 0.31666666666666665 0.5268518518518519 0.035416666666666666 0.03518518518518519
0 0.21875 0.5268518518518519 0.035416666666666666 0.03518518518518519
0 0.8239583333333333 0.6134259259259259 0.035416666666666666 0.03518518518518519
0 0.721875 0.6134259259259259 0.035416666666666666 0.03518518518518519
0 0.61875 0.6134259259259259 0.035416666666666666 0.03518518518518519
0 0.515625 0.6148148148148148 0.035416666666666666 0.03518518518518519
0 0.4125 0.6148148148148148 0.035416666666666666 0.03518518518518519
0 0.309375 0.6148148148148148 0.035416666666666666 0.03518518518518519
0 0.20520833333333333 0.6148148148148148 0.035416666666666666 0.03518518518518519