0 0.7291666666666666 0.18194444444444444 0.025 0.03333333333333333
0 0.6625 0.18055555555555555 0.025 0.03333333333333333
0 0.5958333333333333 0.17777777777777778 0.025 0.03333333333333333
0 0.528125 0.175 0.025 0.03333333333333333
0 0.459375 0.17222222222222222 0.025 0.03333333333333333
0 0.39166666666666666 0.16944444444444445 0.025 0.03333333333333333
0 0.3229166666666667 0.16666666666666666 0.025 0.03333333333333333
0 0.740625 0.24583333333333332 0.025 0.03333333333333333
0 0.6708333333333333 0.24305555555555555 0.025 0.03333333333333333
0 0.6 0.24027777777777778 0.025 0.03333333333333333
0 0.5291666666666667 0.2375 0.025 0.03333333333333333
0 0.45729166666666665 0.23472222222222222 0.025 0.03333333333333333
0 0.38645833333333335 0.23194444444444445 0.025 0.03333333333333333
0 0.31354166666666666 0.22916666666666666 0.025 0.03333333333333333
0 0.7520833333333333 0.31527777777777777 0.025 0.03333333333333333
0 0.6791666666666667 0.3125 0.025 0.03333333333333333
0 0.6052083333333333 0.30972222222222223 0.025 0.03333333333333333
0 0.5302083333333333 0.30694444444444446 0.025 0.03333333333333333
0 0.4552083333333333 0.30416666666666664 0.025 0.03333333333333333
0 0.3802083333333333 0.30277777777777776 0.025 0.03333333333333333
0 0.30416666666666664 0.3 0.025 0.03333333333333333
0 0.765625 0.39166666666666666 0.025 0.03333333333333333
0 0.6885416666666667 0.3902777777777778 0.025 0.03333333333333333
0 0.6104166666666667 0.3875 0.025 0.03333333333333333
0 0.5322916666666667 0.38472222222222224 0.025 0.03333333333333333
0 0.453125 0.3819444444444444 0.025 0.03333333333333333
0 0.37395833333333334 0.37916666666666665 0.025 0.03333333333333333
0 0.29375 0.37777777777777777 0.025 0.03333333333333333
0 0.78125 0.4777777777777778 0.025 0.03333333333333333
0 0.6989583333333333 0.475 0.025 0.03333333333333333
0 0.6166666666666667 0.4736111111111111 0.025 0.03333333333333333
0 0.5333333333333333 0.4708333333333333 0.025 0.03333333333333333
0 0.45 0.46805555555555556 0.025 0.03333333333333333
0 0.365625 0.4666666666666667 0.025 0.03333333333333333
0 0.28125 0.4638888888888889 0.025 0.03333333333333333
0 0.7979166666666667 0.5736111111111111 0.025 0.03333333333333333
0 0.7104166666666667 0.5722222222222222 0.025 0.03333333333333333
0 0.6239583333333333 0.5694444444444444 0.025 0.03333333333333333
0 0.5354166666666667 0.5666666666666667 0.025 0.03333333333333333
0 0.446875 0.5652777777777778 0.025 0.03333333333333333
0 0.3572916666666667 0.5625 0.025 0.03333333333333333
0 0.2677083333333333 0.5611111111111111 0.025 0.03333333333333333
0 0.8166666666666667 0.6819444444444445 0.025 0.03333333333333333
0 0.7239583333333334 0.6805555555555556 0.025 0.03333333333333333
0 0.63125 0.6777777777777778 0.025 0.03333333333333333
0 0.5375 0.6763888888888889 0.025 0.03333333333333333
0 0.44375 0.675 0.025 0.03333333333333333
0 0.34791666666666665 0.6722222222222223 0.025 0.03333333333333333
0 0.2520833333333333 0.6708333333333333 0.025 0.03333333333333333