0 0.7177083333333333 0.22083333333333333 0.035416666666666666 0.03518518518518519
0 0.6427083333333333 0.22314814814814815 0.035416666666666666 0.03518518518518519
0 0.5677083333333334 0.225 0.035416666666666666 0.03518518518518519
0 0.49270833333333336 0.22685185185185186 0.035416666666666666 0.03518518518518519
0 0.41770833333333335 0.22916666666666666 0.035416666666666666 0.03518518518518519
0 0.34270833333333334 0.2324074074074074 0.035416666666666666 0.03518518518518519
0 0.26875 0.23425925925925925 0.035416666666666666 0.03518518518518519
0 0.7260416666666667 0.2740740740740741 0.035416666666666666 0.03518518518518519
0 0.6479166666666667 0.2759259259259259 0.035416666666666666 0.03518518518518519
0 0.5697916666666667 0.2791666666666667 0.035416666666666666 0.03518518518518519
0 0.49166666666666664 0.2814814814814815 0.035416666666666666 0.03518518518518519
0 0.41354166666666664 0.2833333333333333 0.035416666666666666 0.03518518518518519
0 0.33645833333333336 0.2851851851851852 0.035416666666666666 0.03518518518518519
0 0.25833333333333336 0.2875 0.035416666666666666 0.03518518518518519
0 0.7354166666666667 0.33240740740740743 0.035416666666666666 0.03518518518518519
0 0.6541666666666667 0.33425925925925926 0.035416666666666666 0.03518518518518519
0 0.5729166666666666 0.3365740740740741 0.035416666666666666 0.03518518518518519
0 0.490625 0.3384259259259259 0.035416666666666666 0.03518518518518519
0 0.409375 0.3416666666666667 0.035416666666666666 0.03518518518518519
0 0.328125 0.3435185185185185 0.035416666666666666 0.03518518518518519
0 0.24791666666666667 0.3458333333333333 0.035416666666666666 0.03518518518518519
0 0.7458333333333333 0.39490740740740743 0.035416666666666666 0.03518518518518519
0 0.6604166666666667 0.39814814814814814 0.035416666666666666 0.03518518518518519
0 0.575 0.4 0.035416666666666666 0.03518518518518519
0 0.490625 0.40185185185185185 0.035416666666666666 0.03518518518518519
0 0.40520833333333334 0.4050925925925926 0.035416666666666666 0.03518518518518519
0 0.32083333333333336 0.4074074074074074 0.035416666666666666 0.03518518518518519
0 0.23541666666666666 0.40925925925925927 0.035416666666666666 0.03518518518518519
0 0.75625 0.4648148148148148 0.035416666666666666 0.03518518518518519
0 0.6666666666666666 0.4666666666666667 0.035416666666666666 0.03518518518518519
0 0.578125 0.4685185185185185 0.035416666666666666 0.03518518518518519
0 0.48854166666666665 0.47175925925925927 0.035416666666666666 0.03518518518518519
0 0.4 0.4740740740740741 0.035416666666666666 0.03518518518518519
0 0.31145833333333334 0.4759259259259259 0.035416666666666666 0.03518518518518519
0 0.22291666666666668 0.4791666666666667 0.035416666666666666 0.03518518518518519
0 0.76875 0.5398148148148149 0.035416666666666666 0.03518518518518519
0 0.675 0.5425925925925926 0.035416666666666666 0.03518518518518519
0 0.58125 0.5449074074074074 0.035416666666666666 0.03518518518518519
0 0.4875 0.5481481481481482 0.035416666666666666 0.03518518518518519
0 0.39479166666666665 0.55 0.035416666666666666 0.03518518518518519
0 0.3020833333333333 0.5518518518518518 0.035416666666666666 0.03518518518518519
0 0.20833333333333334 0.5550925925925926 0.035416666666666666 0.03518518518518519
0 0.78125 0.6240740740740741 0.035416666666666666 0.03518518518518519
0 0.6833333333333333 0.6259259259259259 0.035416666666666666 0.03518518518518519
0 0.584375 0.6291666666666667 0.035416666666666666 0.03518518518518519
0 0.4864583333333333 0.6314814814814815 0.035416666666666666 0.03518518518518519
0 0.3885416666666667 0.6333333333333333 0.035416666666666666 0.03518518518518519
0 0.290625 0.6365740740740741 0.035416666666666666 0.03518518518518519
0 0.19270833333333334 0.638425925925926 0.035416666666666666 0.03518518518518519