0 0.7041666666666667 0.18888888888888888 0.025 0.03333333333333333
0 0.6364583333333333 0.18888888888888888 0.025 0.03333333333333333
0 0.56875 0.1875 0.025 0.03333333333333333
0 0.5020833333333333 0.18611111111111112 0.025 0.03333333333333333
0 0.434375 0.18472222222222223 0.025 0.03333333333333333
0 0.36666666666666664 0.18472222222222223 0.025 0.03333333333333333
0 0.2989583333333333 0.18333333333333332 0.025 0.03333333333333333
0 0.7135416666666666 0.25416666666666665 0.025 0.03333333333333333
0 0.6427083333333333 0.25277777777777777 0.025 0.03333333333333333
0 0.571875 0.2513888888888889 0.025 0.03333333333333333
0 0.5020833333333333 0.25 0.025 0.03333333333333333
0 0.43125 0.25 0.025 0.03333333333333333
0 0.36041666666666666 0.24861111111111112 0.025 0.03333333333333333
0 0.28854166666666664 0.24722222222222223 0.025 0.03333333333333333
0 0.7239583333333334 0.325 0.025 0.03333333333333333
0 0.65 0.3236111111111111 0.025 0.03333333333333333
0 0.5760416666666667 0.32222222222222224 0.025 0.03333333333333333
0 0.5010416666666667 0.32083333333333336 0.025 0.03333333333333333
0 0.4270833333333333 0.32083333333333336 0.025 0.03333333333333333
0 0.35208333333333336 0.3194444444444444 0.025 0.03333333333333333
0 0.278125 0.31805555555555554 0.025 0.03333333333333333
0 0.7364583333333333 0.4027777777777778 0.025 0.03333333333333333
0 0.6583333333333333 0.4027777777777778 0.025 0.03333333333333333
0 0.5791666666666667 0.4013888888888889 0.025 0.03333333333333333
0 0.5010416666666667 0.4 0.025 0.03333333333333333
0 0.42291666666666666 0.39861111111111114 0.025 0.03333333333333333
0 0.34375 0.39861111111111114 0.025 0.03333333333333333
0 0.265625 0.3972222222222222 0.025 0.03333333333333333
0 0.75 0.49166666666666664 0.025 0.03333333333333333
0 0.6666666666666666 0.49027777777777776 0.025 0.03333333333333333
0 0.584375 0.4888888888888889 0.025 0.03333333333333333
0 0.5010416666666667 0.4875 0.025 0.03333333333333333
0 0.41770833333333335 0.4875 0.025 0.03333333333333333
0 0.334375 0.4861111111111111 0.025 0.03333333333333333
0 0.25104166666666666 0.4847222222222222 0.025 0.03333333333333333
0 0.7645833333333333 0.5902777777777778 0.025 0.03333333333333333
0 0.6770833333333334 0.5888888888888889 0.025 0.03333333333333333
0 0.5885416666666666 0.5875 0.025 0.03333333333333333
0 0.5010416666666667 0.5875 0.025 0.03333333333333333
0 0.4125 0.5861111111111111 0.025 0.03333333333333333
0 0.32395833333333335 0.5847222222222223 0.025 0.03333333333333333
0 0.23541666666666666 0.5833333333333334 0.025 0.03333333333333333
0 0.78125 0.7013888888888888 0.025 0.03333333333333333
0 0.6875 0.7013888888888888 0.025 0.03333333333333333
0 0.59375 0.7 0.025 0.03333333333333333
0 0.5 0.6986111111111111 0.025 0.03333333333333333
0 0.40625 0.6972222222222222 0.025 0.03333333333333333
0 0.31145833333333334 0.6972222222222222 0.025 0.03333333333333333
0 0.21770833333333334 0.6958333333333333 0.025 0.03333333333333333