0 0.6791666666666667 0.30185185185185187 0.03125 0.03148148148148148
0 0.6145833333333334 0.30185185185185187 0.03125 0.03148148148148148
0 0.55 0.30185185185185187 0.03125 0.03148148148148148
0 0.484375 0.30324074074074076 0.03125 0.03148148148148148
0 0.41875 0.30324074074074076 0.03125 0.03148148148148148
0 0.353125 0.30324074074074076 0.03125 0.03148148148148148
0 0.2864583333333333 0.30416666666666664 0.03125 0.03148148148148148
0 0.6885416666666667 0.3509259259259259 0.03125 0.03148148148148148
0 0.6208333333333333 0.35185185185185186 0.03125 0.03148148148148148
0 0.553125 0.35185185185185186 0.03125 0.03148148148148148
0 0.48541666666666666 0.35324074074074074 0.03125 0.03148148148148148
0 0.4166666666666667 0.35324074074074074 0.03125 0.03148148148148148
0 0.34791666666666665 0.3541666666666667 0.03125 0.03148148148148148
0 0.278125 0.3541666666666667 0.03125 0.03148148148148148
0 0.6989583333333333 0.4064814814814815 0.03125 0.03148148148148148
0 0.628125 0.4064814814814815 0.03125 0.03148148148148148
0 0.5572916666666666 0.4074074074074074 0.03125 0.03148148148148148
0 0.4864583333333333 0.4083333333333333 0.03125 0.03148148148148148
0 0.41458333333333336 0.4083333333333333 0.03125 0.03148148148148148
0 0.34270833333333334 0.40925925925925927 0.03125 0.03148148148148148
0 0.26979166666666665 0.4101851851851852 0.03125 0.03148148148148148
0 0.7104166666666667 0.46574074074074073 0.03125 0.03148148148148148
0 0.6364583333333333 0.46574074074074073 0.03125 0.03148148148148148
0 0.5625 0.4666666666666667 0.03125 0.03148148148148148
0 0.4875 0.4675925925925926 0.03125 0.03148148148148148
0 0.4125 0.4685185185185185 0.03125 0.03148148148148148
0 0.33645833333333336 0.4699074074074074 0.03125 0.03148148148148148
0 0.2604166666666667 0.4708333333333333 0.03125 0.03148148148148148
0 0.7229166666666667 0.5300925925925926 0.03125 0.03148148148148148
0 0.6447916666666667 0.5314814814814814 0.03125 0.03148148148148148
0 0.5666666666666667 0.5333333333333333 0.03125 0.03148148148148148
0 0.48854166666666665 0.5342592592592592 0.03125 0.03148148148148148
0 0.409375 0.5351851851851852 0.03125 0.03148148148148148
0 0.3302083333333333 0.5365740740740741 0.03125 0.03148148148148148
0 0.25104166666666666 0.5375 0.03125 0.03148148148148148
0 0.7364583333333333 0.6032407407407407 0.03125 0.03148148148148148
0 0.6541666666666667 0.6041666666666666 0.03125 0.03148148148148148
0 0.5729166666666666 0.6050925925925926 0.03125 0.03148148148148148
0 0.4895833333333333 0.6074074074074074 0.03125 0.03148148148148148
0 0.40729166666666666 0.6083333333333333 0.03125 0.03148148148148148
0 0.32395833333333335 0.6101851851851852 0.03125 0.03148148148148148
0 0.23958333333333334 0.611574074074074 0.03125 0.03148148148148148
0 0.7510416666666667 0.6833333333333333 0.03125 0.03148148148148148
0 0.665625 0.6842592592592592 0.03125 0.03148148148148148
0 0.5791666666666667 0.6865740740740741 0.03125 0.03148148148148148
0 0.49166666666666664 0.6884259259259259 0.03125 0.03148148148148148
0 0.4041666666666667 0.6907407407407408 0.03125 0.03148148148148148
0 0.315625 0.6916666666666667 0.03125 0.03148148148148148
0 0.22708333333333333 0.6935185185185185 0.03125 0.03148148148148148