0 0.265625 0.17314814814814813 0.035416666666666666 0.03518518518518519
0 0.34270833333333334 0.17314814814814813 0.035416666666666666 0.03518518518518519
0 0.42083333333333334 0.17175925925925925 0.035416666666666666 0.03518518518518519
0 0.4979166666666667 0.17175925925925925 0.035416666666666666 0.03518518518518519
0 0.575 0.17175925925925925 0.035416666666666666 0.03518518518518519
0 0.6520833333333333 0.17175925925925925 0.035416666666666666 0.03518518518518519
0 0.7302083333333333 0.17083333333333334 0.035416666666666666 0.03518518518518519
0 0.25729166666666664 0.22592592592592592 0.035416666666666666 0.03518518518518519
0 0.3375 0.22592592592592592 0.035416666666666666 0.03518518518518519
0 0.41770833333333335 0.22592592592592592 0.035416666666666666 0.03518518518518519
0 0.4979166666666667 0.22592592592592592 0.035416666666666666 0.03518518518518519
0 0.578125 0.22592592592592592 0.035416666666666666 0.03518518518518519
0 0.6583333333333333 0.225 0.035416666666666666 0.03518518518518519
0 0.7395833333333334 0.225 0.035416666666666666 0.03518518518518519
0 0.246875 0.28425925925925927 0.035416666666666666 0.03518518518518519
0 0.33125 0.28425925925925927 0.035416666666666666 0.03518518518518519
0 0.41458333333333336 0.28425925925925927 0.035416666666666666 0.03518518518518519
0 0.4979166666666667 0.28425925925925927 0.035416666666666666 0.03518518518518519
0 0.58125 0.28425925925925927 0.035416666666666666 0.03518518518518519
0 0.665625 0.2833333333333333 0.035416666666666666 0.03518518518518519
0 0.7489583333333333 0.2833333333333333 0.035416666666666666 0.03518518518518519
0 0.23645833333333333 0.34814814814814815 0.035416666666666666 0.03518518518518519
0 0.32395833333333335 0.34814814814814815 0.035416666666666666 0.03518518518518519
0 0.41041666666666665 0.34814814814814815 0.035416666666666666 0.03518518518518519
0 0.4979166666666667 0.34675925925925927 0.035416666666666666 0.03518518518518519
0 0.5854166666666667 0.34675925925925927 0.035416666666666666 0.03518518518518519
0 0.6729166666666667 0.34675925925925927 0.035416666666666666 0.03518518518518519
0 0.7604166666666666 0.34675925925925927 0.035416666666666666 0.03518518518518519
0 0.225 0.4166666666666667 0.035416666666666666 0.03518518518518519
0 0.31666666666666665 0.4166666666666667 0.035416666666666666 0.03518518518518519
0 0.40729166666666666 0.4166666666666667 0.035416666666666666 0.03518518518518519
0 0.4979166666666667 0.41574074074074074 0.035416666666666666 0.03518518518518519
0 0.5895833333333333 0.41574074074074074 0.035416666666666666 0.03518518518518519
0 0.68125 0.41574074074074074 0.035416666666666666 0.03518518518518519
0 0.771875 0.41574074074074074 0.035416666666666666 0.03518518518518519
0 0.2125 0.49166666666666664 0.035416666666666666 0.03518518518518519
0 0.30833333333333335 0.49166666666666664 0.035416666666666666 0.03518518518518519
0 0.403125 0.49166666666666664 0.035416666666666666 0.03518518518518519
0 0.49895833333333334 0.49166666666666664 0.035416666666666666 0.03518518518518519
0 0.59375 0.49166666666666664 0.035416666666666666 0.03518518518518519
0 0.6895833333333333 0.49166666666666664 0.035416666666666666 0.03518518518518519
0 0.7854166666666667 0.49166666666666664 0.035416666666666666 0.03518518518518519
0 0.19895833333333332 0.5740740740740741 0.035416666666666666 0.03518518518518519
0 0.2989583333333333 0.5740740740740741 0.035416666666666666 0.03518518518518519
0 0.39895833333333336 0.5740740740740741 0.035416666666666666 0.03518518518518519
0 0.49895833333333334 0.5740740740740741 0.035416666666666666 0.03518518518518519
0 0.5989583333333334 0.5740740740740741 0.035416666666666666 0.03518518518518519
0 0.6989583333333333 0.5740740740740741 0.035416666666666666 0.03518518518518519
0 0.8 0.5740740740740741 0.035416666666666666 0.03518518518518519