0 0.29270833333333335 0.6458333333333334 0.020833333333333332 0.027777777777777776
0 0.3697916666666667 0.6444444444444445 0.020833333333333332 0.027777777777777776
0 0.4479166666666667 0.6430555555555556 0.020833333333333332 0.027777777777777776
0 0.5260416666666666 0.6430555555555556 0.020833333333333332 0.027777777777777776
0 0.6052083333333333 0.6416666666666667 0.020833333333333332 0.027777777777777776
0 0.684375 0.6402777777777777 0.020833333333333332 0.027777777777777776
0 0.7645833333333333 0.6388888888888888 0.020833333333333332 0.027777777777777776
0 0.303125 0.5569444444444445 0.020833333333333332 0.027777777777777776
0 0.3770833333333333 0.5555555555555556 0.020833333333333332 0.027777777777777776
0 0.4510416666666667 0.5527777777777778 0.020833333333333332 0.027777777777777776
0 0.525 0.5513888888888889 0.020833333333333332 0.027777777777777776
0 0.6010416666666667 0.55 0.020833333333333332 0.027777777777777776
0 0.6760416666666667 0.5486111111111112 0.020833333333333332 0.027777777777777776
0 0.753125 0.5472222222222223 0.020833333333333332 0.027777777777777776
0 0.3125 0.475 0.020833333333333332 0.027777777777777776
0 0.38333333333333336 0.4736111111111111 0.020833333333333332 0.027777777777777776
0 0.45416666666666666 0.4708333333333333 0.020833333333333332 0.027777777777777776
0 0.525 0.46944444444444444 0.020833333333333332 0.027777777777777776
0 0.596875 0.46805555555555556 0.020833333333333332 0.027777777777777776
0 0.66875 0.4652777777777778 0.020833333333333332 0.027777777777777776
0 0.7416666666666667 0.4638888888888889 0.020833333333333332 0.027777777777777776
0 0.321875 0.4 0.020833333333333332 0.027777777777777776
0 0.3885416666666667 0.39861111111111114 0.020833333333333332 0.027777777777777776
0 0.45625 0.3958333333333333 0.020833333333333332 0.027777777777777776
0 0.525 0.39444444444444443 0.020833333333333332 0.027777777777777776
0 0.59375 0.39166666666666666 0.020833333333333332 0.027777777777777776
0 0.6625 0.3902777777777778 0.020833333333333332 0.027777777777777776
0 0.7322916666666667 0.3875 0.020833333333333332 0.027777777777777776
0 0.3302083333333333 0.33194444444444443 0.020833333333333332 0.027777777777777776
0 0.39375 0.33055555555555555 0.020833333333333332 0.027777777777777776
0 0.459375 0.3277777777777778 0.020833333333333332 0.027777777777777776
0 0.5239583333333333 0.325 0.020833333333333332 0.027777777777777776
0 0.5895833333333333 0.3236111111111111 0.020833333333333332 0.027777777777777776
0 0.65625 0.32083333333333336 0.020833333333333332 0.027777777777777776
0 0.7229166666666667 0.3194444444444444 0.020833333333333332 0.027777777777777776
0 0.3375 0.26944444444444443 0.020833333333333332 0.027777777777777776
0 0.39895833333333336 0.26666666666666666 0.020833333333333332 0.027777777777777776
0 0.46145833333333336 0.2638888888888889 0.020833333333333332 0.027777777777777776
0 0.5239583333333333 0.2625 0.020833333333333332 0.027777777777777776
0 0.5875 0.25972222222222224 0.020833333333333332 0.027777777777777776
0 0.6510416666666666 0.2569444444444444 0.020833333333333332 0.027777777777777776
0 0.7145833333333333 0.25555555555555554 0.020833333333333332 0.027777777777777776
0 0.34375 0.2111111111111111 0.020833333333333332 0.027777777777777776
0 0.403125 0.20833333333333334 0.020833333333333332 0.027777777777777776
0 0.4635416666666667 0.20694444444444443 0.020833333333333332 0.027777777777777776
0 0.5239583333333333 0.20416666666666666 0.020833333333333332 0.027777777777777776
0 0.584375 0.2013888888888889 0.020833333333333332 0.027777777777777776
0 0.6447916666666667 0.1986111111111111 0.020833333333333332 0.027777777777777776
0 0.70625 0.19722222222222222 0.020833333333333332 0.027777777777777776