0 0.7322916666666667 0.26157407407407407 0.03333333333333333 0.03333333333333333
0 0.659375 0.25833333333333336 0.03333333333333333 0.03333333333333333
0 0.584375 0.2550925925925926 0.03333333333333333 0.03333333333333333
0 0.5083333333333333 0.2518518518518518 0.03333333333333333 0.03333333333333333
0 0.43020833333333336 0.24814814814814815 0.03333333333333333 0.03333333333333333
0 0.35104166666666664 0.2449074074074074 0.03333333333333333 0.03333333333333333
0 0.26875 0.24074074074074073 0.03333333333333333 0.03333333333333333
0 0.7447916666666666 0.325 0.03333333333333333 0.03333333333333333
0 0.6697916666666667 0.32314814814814813 0.03333333333333333 0.03333333333333333
0 0.5927083333333333 0.3199074074074074 0.03333333333333333 0.03333333333333333
0 0.5135416666666667 0.31666666666666665 0.03333333333333333 0.03333333333333333
0 0.43333333333333335 0.31342592592592594 0.03333333333333333 0.03333333333333333
0 0.35104166666666664 0.31157407407407406 0.03333333333333333 0.03333333333333333
0 0.26666666666666666 0.30833333333333335 0.03333333333333333 0.03333333333333333
0 0.7572916666666667 0.3925925925925926 0.03333333333333333 0.03333333333333333
0 0.6802083333333333 0.3907407407407407 0.03333333333333333 0.03333333333333333
0 0.6010416666666667 0.38842592592592595 0.03333333333333333 0.03333333333333333
0 0.5197916666666667 0.38657407407407407 0.03333333333333333 0.03333333333333333
0 0.43645833333333334 0.38425925925925924 0.03333333333333333 0.03333333333333333
0 0.35104166666666664 0.3824074074074074 0.03333333333333333 0.03333333333333333
0 0.26458333333333334 0.3800925925925926 0.03333333333333333 0.03333333333333333
0 0.7708333333333334 0.4648148148148148 0.03333333333333333 0.03333333333333333
0 0.6916666666666667 0.4634259259259259 0.03333333333333333 0.03333333333333333
0 0.609375 0.4625 0.03333333333333333 0.03333333333333333
0 0.5260416666666666 0.4615740740740741 0.03333333333333333 0.03333333333333333
0 0.4395833333333333 0.45925925925925926 0.03333333333333333 0.03333333333333333
0 0.35208333333333336 0.4583333333333333 0.03333333333333333 0.03333333333333333
0 0.26145833333333335 0.45740740740740743 0.03333333333333333 0.03333333333333333
0 0.7854166666666667 0.5416666666666666 0.03333333333333333 0.03333333333333333
0 0.703125 0.5416666666666666 0.03333333333333333 0.03333333333333333
0 0.61875 0.5407407407407407 0.03333333333333333 0.03333333333333333
0 0.5322916666666667 0.5407407407407407 0.03333333333333333 0.03333333333333333
0 0.44375 0.5407407407407407 0.03333333333333333 0.03333333333333333
0 0.35208333333333336 0.5398148148148149 0.03333333333333333 0.03333333333333333
0 0.25833333333333336 0.5398148148148149 0.03333333333333333 0.03333333333333333
0 0.8010416666666667 0.6240740740740741 0.03333333333333333 0.03333333333333333
0 0.7166666666666667 0.625 0.03333333333333333 0.03333333333333333
0 0.6291666666666667 0.625 0.03333333333333333 0.03333333333333333
0 0.5395833333333333 0.6259259259259259 0.03333333333333333 0.03333333333333333
0 0.446875 0.6268518518518519 0.03333333333333333 0.03333333333333333
0 0.353125 0.6282407407407408 0.03333333333333333 0.03333333333333333
0 0.2552083333333333 0.6291666666666667 0.03333333333333333 0.03333333333333333
0 0.8177083333333334 0.7125 0.03333333333333333 0.03333333333333333
0 0.7302083333333333 0.7148148148148148 0.03333333333333333 0.03333333333333333
0 0.6395833333333333 0.7157407407407408 0.03333333333333333 0.03333333333333333
0 0.546875 0.7175925925925926 0.03333333333333333 0.03333333333333333
0 0.4510416666666667 0.7199074074074074 0.03333333333333333 0.03333333333333333
0 0.353125 0.7231481481481481 0.03333333333333333 0.03333333333333333
0 0.2520833333333333 0.725 0.03333333333333333 0.03333333333333333