0 0.30833333333333335 0.6472222222222223 0.020833333333333332 0.027777777777777776
0 0.38333333333333336 0.6486111111111111 0.020833333333333332 0.027777777777777776
0 0.459375 0.65 0.020833333333333332 0.027777777777777776
0 0.5364583333333334 0.6513888888888889 0.020833333333333332 0.027777777777777776
0 0.6135416666666667 0.6527777777777778 0.020833333333333332 0.027777777777777776
0 0.6916666666666667 0.6527777777777778 0.020833333333333332 0.027777777777777776
0 0.7708333333333334 0.6541666666666667 0.020833333333333332 0.027777777777777776
0 0.31979166666666664 0.5597222222222222 0.020833333333333332 0.027777777777777776
0 0.390625 0.5611111111111111 0.020833333333333332 0.027777777777777776
0 0.4635416666666667 0.5611111111111111 0.020833333333333332 0.027777777777777776
0 0.5364583333333334 0.5625 0.020833333333333332 0.027777777777777776
0 0.609375 0.5625 0.020833333333333332 0.027777777777777776
0 0.6833333333333333 0.5638888888888889 0.020833333333333332 0.027777777777777776
0 0.759375 0.5638888888888889 0.020833333333333332 0.027777777777777776
0 0.32916666666666666 0.48055555555555557 0.020833333333333332 0.027777777777777776
0 0.39791666666666664 0.48194444444444445 0.020833333333333332 0.027777777777777776
0 0.4666666666666667 0.48194444444444445 0.020833333333333332 0.027777777777777776
0 0.5354166666666667 0.48194444444444445 0.020833333333333332 0.027777777777777776
0 0.60625 0.48194444444444445 0.020833333333333332 0.027777777777777776
0 0.6770833333333334 0.48194444444444445 0.020833333333333332 0.027777777777777776
0 0.7479166666666667 0.48333333333333334 0.020833333333333332 0.027777777777777776
0 0.3385416666666667 0.4097222222222222 0.020833333333333332 0.027777777777777776
0 0.4041666666666667 0.4083333333333333 0.020833333333333332 0.027777777777777776
0 0.46979166666666666 0.4083333333333333 0.020833333333333332 0.027777777777777776
0 0.5354166666666667 0.4083333333333333 0.020833333333333332 0.027777777777777776
0 0.603125 0.4083333333333333 0.020833333333333332 0.027777777777777776
0 0.6697916666666667 0.4083333333333333 0.020833333333333332 0.027777777777777776
0 0.7385416666666667 0.4083333333333333 0.020833333333333332 0.027777777777777776
0 0.346875 0.34305555555555556 0.020833333333333332 0.027777777777777776
0 0.409375 0.34305555555555556 0.020833333333333332 0.027777777777777776
0 0.471875 0.3416666666666667 0.020833333333333332 0.027777777777777776
0 0.5354166666666667 0.3416666666666667 0.020833333333333332 0.027777777777777776
0 0.6 0.3416666666666667 0.020833333333333332 0.027777777777777776
0 0.6645833333333333 0.3416666666666667 0.020833333333333332 0.027777777777777776
0 0.7291666666666666 0.3402777777777778 0.020833333333333332 0.027777777777777776
0 0.3541666666666667 0.28194444444444444 0.020833333333333332 0.027777777777777776
0 0.41458333333333336 0.28194444444444444 0.020833333333333332 0.027777777777777776
0 0.475 0.28055555555555556 0.020833333333333332 0.027777777777777776
0 0.5354166666666667 0.28055555555555556 0.020833333333333332 0.027777777777777776
0 0.596875 0.28055555555555556 0.020833333333333332 0.027777777777777776
0 0.659375 0.2791666666666667 0.020833333333333332 0.027777777777777776
0 0.721875 0.2791666666666667 0.020833333333333332 0.027777777777777776
0 0.3614583333333333 0.2263888888888889 0.020833333333333332 0.027777777777777776
0 0.41875 0.225 0.020833333333333332 0.027777777777777776
0 0.47708333333333336 0.225 0.020833333333333332 0.027777777777777776
0 0.5354166666666667 0.22361111111111112 0.020833333333333332 0.027777777777777776
0 0.5947916666666667 0.22361111111111112 0.020833333333333332 0.027777777777777776
0 0.6541666666666667 0.2222222222222222 0.020833333333333332 0.027777777777777776
0 0.7135416666666666 0.22083333333333333 0.020833333333333332 0.027777777777777776