0 0.2375 0.6592592592592592 0.03333333333333333 0.03333333333333333
0 0.33541666666666664 0.6601851851851852 0.03333333333333333 0.03333333333333333
0 0.43333333333333335 0.6615740740740741 0.03333333333333333 0.03333333333333333
0 0.53125 0.6625 0.03333333333333333 0.03333333333333333
0 0.628125 0.6648148148148149 0.03333333333333333 0.03333333333333333
0 0.725 0.6657407407407407 0.03333333333333333 0.03333333333333333
0 0.821875 0.6666666666666666 0.03333333333333333 0.03333333333333333
0 0.24791666666666667 0.5675925925925925 0.03333333333333333 0.03333333333333333
0 0.34270833333333334 0.5685185185185185 0.03333333333333333 0.03333333333333333
0 0.43645833333333334 0.5708333333333333 0.03333333333333333 0.03333333333333333
0 0.53125 0.5717592592592593 0.03333333333333333 0.03333333333333333
0 0.625 0.5731481481481482 0.03333333333333333 0.03333333333333333
0 0.71875 0.575 0.03333333333333333 0.03333333333333333
0 0.8125 0.575925925925926 0.03333333333333333 0.03333333333333333
0 0.25729166666666664 0.4824074074074074 0.03333333333333333 0.03333333333333333
0 0.3489583333333333 0.48333333333333334 0.03333333333333333 0.03333333333333333
0 0.440625 0.48518518518518516 0.03333333333333333 0.03333333333333333
0 0.53125 0.48657407407407405 0.03333333333333333 0.03333333333333333
0 0.6229166666666667 0.4875 0.03333333333333333 0.03333333333333333
0 0.7135416666666666 0.4898148148148148 0.03333333333333333 0.03333333333333333
0 0.8041666666666667 0.49074074074074076 0.03333333333333333 0.03333333333333333
0 0.265625 0.40185185185185185 0.03333333333333333 0.03333333333333333
0 0.35520833333333335 0.40324074074074073 0.03333333333333333 0.03333333333333333
0 0.44375 0.4050925925925926 0.03333333333333333 0.03333333333333333
0 0.5322916666666667 0.4064814814814815 0.03333333333333333 0.03333333333333333
0 0.6197916666666666 0.4083333333333333 0.03333333333333333 0.03333333333333333
0 0.7083333333333334 0.40925925925925927 0.03333333333333333 0.03333333333333333
0 0.7958333333333333 0.4101851851851852 0.03333333333333333 0.03333333333333333
0 0.27395833333333336 0.32592592592592595 0.03333333333333333 0.03333333333333333
0 0.36041666666666666 0.3282407407407407 0.03333333333333333 0.03333333333333333
0 0.446875 0.32916666666666666 0.03333333333333333 0.03333333333333333
0 0.5322916666666667 0.3314814814814815 0.03333333333333333 0.03333333333333333
0 0.6177083333333333 0.33240740740740743 0.03333333333333333 0.03333333333333333
0 0.703125 0.33425925925925926 0.03333333333333333 0.03333333333333333
0 0.7885416666666667 0.3351851851851852 0.03333333333333333 0.03333333333333333
0 0.28229166666666666 0.2550925925925926 0.03333333333333333 0.03333333333333333
0 0.365625 0.2574074074074074 0.03333333333333333 0.03333333333333333
0 0.44895833333333335 0.25833333333333336 0.03333333333333333 0.03333333333333333
0 0.5322916666666667 0.2601851851851852 0.03333333333333333 0.03333333333333333
0 0.615625 0.26157407407407407 0.03333333333333333 0.03333333333333333
0 0.6989583333333333 0.26342592592592595 0.03333333333333333 0.03333333333333333
0 0.78125 0.26481481481481484 0.03333333333333333 0.03333333333333333
0 0.28958333333333336 0.1884259259259259 0.03333333333333333 0.03333333333333333
0 0.37083333333333335 0.18981481481481483 0.03333333333333333 0.03333333333333333
0 0.45208333333333334 0.19166666666666668 0.03333333333333333 0.03333333333333333
0 0.5333333333333333 0.1925925925925926 0.03333333333333333 0.03333333333333333
0 0.6135416666666667 0.19490740740740742 0.03333333333333333 0.03333333333333333
0 0.69375 0.19675925925925927 0.03333333333333333 0.03333333333333333
0 0.775 0.19814814814814816 0.03333333333333333 0.03333333333333333