0 0.4427083333333333 0.17777777777777778 0.0125 0.022222222222222223
0 0.41458333333333336 0.21296296296296297 0.0125 0.022222222222222223
0 0.384375 0.2537037037037037 0.0125 0.022222222222222223
0 0.353125 0.29444444444444445 0.0125 0.022222222222222223
0 0.31875 0.3388888888888889 0.0125 0.022222222222222223
0 0.2833333333333333 0.3851851851851852 0.0125 0.022222222222222223
0 0.24479166666666666 0.4351851851851852 0.0125 0.022222222222222223
0 0.47604166666666664 0.20555555555555555 0.0125 0.022222222222222223
0 0.4479166666666667 0.24444444444444444 0.0125 0.022222222222222223
0 0.41770833333333335 0.2851851851851852 0.0125 0.022222222222222223
0 0.38645833333333335 0.3296296296296296 0.0125 0.022222222222222223
0 0.353125 0.37592592592592594 0.0125 0.022222222222222223
0 0.3177083333333333 0.42592592592592593 0.0125 0.022222222222222223
0 0.2791666666666667 0.4777777777777778 0.0125 0.022222222222222223
0 0.5104166666666666 0.23703703703703705 0.0125 0.022222222222222223
0 0.4822916666666667 0.2777777777777778 0.0125 0.022222222222222223
0 0.453125 0.32037037037037036 0.0125 0.022222222222222223
0 0.421875 0.36666666666666664 0.0125 0.022222222222222223
0 0.3885416666666667 0.4148148148148148 0.0125 0.022222222222222223
0 0.353125 0.4666666666666667 0.0125 0.022222222222222223
0 0.315625 0.5222222222222223 0.0125 0.022222222222222223
0 0.546875 0.27037037037037037 0.0125 0.022222222222222223
0 0.51875 0.31296296296296294 0.0125 0.022222222222222223
0 0.490625 0.3574074074074074 0.0125 0.022222222222222223
0 0.459375 0.40555555555555556 0.0125 0.022222222222222223
0 0.42604166666666665 0.45740740740740743 0.0125 0.022222222222222223
0 0.39166666666666666 0.5111111111111111 0.0125 0.022222222222222223
0 0.353125 0.5703703703703704 0.0125 0.022222222222222223
0 0.584375 0.3037037037037037 0.0125 0.022222222222222223
0 0.5572916666666666 0.34814814814814815 0.0125 0.022222222222222223
0 0.5291666666666667 0.3962962962962963 0.0125 0.022222222222222223
0 0.49895833333333334 0.4462962962962963 0.0125 0.022222222222222223
0 0.4666666666666667 0.5018518518518519 0.0125 0.022222222222222223
0 0.43125 0.5592592592592592 0.0125 0.022222222222222223
0 0.39375 0.6222222222222222 0.0125 0.022222222222222223
0 0.6239583333333333 0.3388888888888889 0.0125 0.022222222222222223
0 0.5979166666666667 0.387037037037037 0.0125 0.022222222222222223
0 0.5697916666666667 0.43703703703703706 0.0125 0.022222222222222223
0 0.540625 0.49074074074074076 0.0125 0.022222222222222223
0 0.5083333333333333 0.5481481481481482 0.0125 0.022222222222222223
0 0.4739583333333333 0.6092592592592593 0.0125 0.022222222222222223
0 0.4375 0.6759259259259259 0.0125 0.022222222222222223
0 0.665625 0.37777777777777777 0.0125 0.022222222222222223
0 0.640625 0.42592592592592593 0.0125 0.022222222222222223
0 0.6135416666666667 0.47962962962962963 0.0125 0.022222222222222223
0 0.584375 0.5351851851851852 0.0125 0.022222222222222223
0 0.553125 0.5962962962962963 0.0125 0.022222222222222223
0 0.51875 0.662962962962963 0.0125 0.022222222222222223
0 0.4822916666666667 0.7333333333333333 0.0125 0.022222222222222223