0 0.69375 0.15555555555555556 0.022916666666666665 0.03425925925925926
0 0.6177083333333333 0.15416666666666667 0.022916666666666665 0.03425925925925926
0 0.5416666666666666 0.15416666666666667 0.022916666666666665 0.03425925925925926
0 0.46458333333333335 0.1527777777777778 0.022916666666666665 0.03425925925925926
0 0.3875 0.15092592592592594 0.022916666666666665 0.03425925925925926
0 0.309375 0.15092592592592594 0.022916666666666665 0.03425925925925926
0 0.23020833333333332 0.14953703703703702 0.022916666666666665 0.03425925925925926
0 0.7052083333333333 0.23657407407407408 0.022916666666666665 0.03425925925925926
0 0.6270833333333333 0.2351851851851852 0.022916666666666665 0.03425925925925926
0 0.5479166666666667 0.2351851851851852 0.022916666666666665 0.03425925925925926
0 0.46770833333333334 0.2337962962962963 0.022916666666666665 0.03425925925925926
0 0.3875 0.2337962962962963 0.022916666666666665 0.03425925925925926
0 0.3072916666666667 0.2337962962962963 0.022916666666666665 0.03425925925925926
0 0.225 0.23194444444444445 0.022916666666666665 0.03425925925925926
0 0.7177083333333333 0.32407407407407407 0.022916666666666665 0.03425925925925926
0 0.6364583333333333 0.32222222222222224 0.022916666666666665 0.03425925925925926
0 0.5541666666666667 0.32222222222222224 0.022916666666666665 0.03425925925925926
0 0.471875 0.32222222222222224 0.022916666666666665 0.03425925925925926
0 0.3885416666666667 0.32222222222222224 0.022916666666666665 0.03425925925925926
0 0.30416666666666664 0.32083333333333336 0.022916666666666665 0.03425925925925926
0 0.21979166666666666 0.32083333333333336 0.022916666666666665 0.03425925925925926
0 0.73125 0.41759259259259257 0.022916666666666665 0.03425925925925926
0 0.646875 0.41759259259259257 0.022916666666666665 0.03425925925925926
0 0.5614583333333333 0.41759259259259257 0.022916666666666665 0.03425925925925926
0 0.47604166666666664 0.41759259259259257 0.022916666666666665 0.03425925925925926
0 0.38958333333333334 0.41759259259259257 0.022916666666666665 0.03425925925925926
0 0.3020833333333333 0.41759259259259257 0.022916666666666665 0.03425925925925926
0 0.21354166666666666 0.41574074074074074 0.022916666666666665 0.03425925925925926
0 0.7458333333333333 0.5185185185185185 0.022916666666666665 0.03425925925925926
0 0.6583333333333333 0.5185185185185185 0.022916666666666665 0.03425925925925926
0 0.5697916666666667 0.5185185185185185 0.022916666666666665 0.03425925925925926
0 0.48020833333333335 0.5185185185185185 0.022916666666666665 0.03425925925925926
0 0.38958333333333334 0.5203703703703704 0.022916666666666665 0.03425925925925926
0 0.2989583333333333 0.5203703703703704 0.022916666666666665 0.03425925925925926
0 0.20729166666666668 0.5203703703703704 0.022916666666666665 0.03425925925925926
0 0.7625 0.6277777777777778 0.022916666666666665 0.03425925925925926
0 0.6708333333333333 0.6291666666666667 0.022916666666666665 0.03425925925925926
0 0.578125 0.6291666666666667 0.022916666666666665 0.03425925925925926
0 0.484375 0.6310185185185185 0.022916666666666665 0.03425925925925926
0 0.390625 0.6310185185185185 0.022916666666666665 0.03425925925925926
0 0.29583333333333334 0.6324074074074074 0.022916666666666665 0.03425925925925926
0 0.2 0.6324074074074074 0.022916666666666665 0.03425925925925926
0 0.7791666666666667 0.7476851851851852 0.022916666666666665 0.03425925925925926
0 0.6833333333333333 0.7490740740740741 0.022916666666666665 0.03425925925925926
0 0.5875 0.7490740740740741 0.022916666666666665 0.03425925925925926
0 0.4895833333333333 0.7509259259259259 0.022916666666666665 0.03425925925925926
0 0.39166666666666666 0.7523148148148148 0.022916666666666665 0.03425925925925926
0 0.29270833333333335 0.7537037037037037 0.022916666666666665 0.03425925925925926
0 0.19270833333333334 0.7555555555555555 0.022916666666666665 0.03425925925925926