0 0.340625 0.38333333333333336 0.01875 0.025
0 0.33541666666666664 0.44166666666666665 0.01875 0.025
0 0.3302083333333333 0.5027777777777778 0.01875 0.025
0 0.32395833333333335 0.5680555555555555 0.01875 0.025
0 0.3177083333333333 0.6375 0.01875 0.025
0 0.3104166666666667 0.7125 0.01875 0.025
0 0.303125 0.7930555555555555 0.01875 0.025
0 0.403125 0.3861111111111111 0.01875 0.025
0 0.39895833333333336 0.44305555555555554 0.01875 0.025
0 0.3958333333333333 0.5055555555555555 0.01875 0.025
0 0.39166666666666666 0.5708333333333333 0.01875 0.025
0 0.3875 0.6402777777777777 0.01875 0.025
0 0.38333333333333336 0.7152777777777778 0.01875 0.025
0 0.378125 0.7944444444444444 0.01875 0.025
0 0.46458333333333335 0.3888888888888889 0.01875 0.025
0 0.4625 0.44583333333333336 0.01875 0.025
0 0.46145833333333336 0.5069444444444444 0.01875 0.025
0 0.459375 0.5722222222222222 0.01875 0.025
0 0.45729166666666665 0.6416666666666667 0.01875 0.025
0 0.4552083333333333 0.7166666666666667 0.01875 0.025
0 0.453125 0.7972222222222223 0.01875 0.025
0 0.5260416666666666 0.3902777777777778 0.01875 0.025
0 0.5260416666666666 0.4486111111111111 0.01875 0.025
0 0.5260416666666666 0.5097222222222222 0.01875 0.025
0 0.5270833333333333 0.575 0.01875 0.025
0 0.5270833333333333 0.6444444444444445 0.01875 0.025
0 0.528125 0.7194444444444444 0.01875 0.025
0 0.528125 0.7986111111111112 0.01875 0.025
0 0.5864583333333333 0.39305555555555555 0.01875 0.025
0 0.5895833333333333 0.4513888888888889 0.01875 0.025
0 0.5916666666666667 0.5125 0.01875 0.025
0 0.59375 0.5777777777777777 0.01875 0.025
0 0.596875 0.6472222222222223 0.01875 0.025
0 0.6 0.7208333333333333 0.01875 0.025
0 0.6020833333333333 0.8013888888888889 0.01875 0.025
0 0.6479166666666667 0.3958333333333333 0.01875 0.025
0 0.6520833333333333 0.4527777777777778 0.01875 0.025
0 0.65625 0.5138888888888888 0.01875 0.025
0 0.6604166666666667 0.5791666666666667 0.01875 0.025
0 0.665625 0.6486111111111111 0.01875 0.025
0 0.6708333333333333 0.7236111111111111 0.01875 0.025
0 0.6770833333333334 0.8027777777777778 0.01875 0.025
0 0.7083333333333334 0.39861111111111114 0.01875 0.025
0 0.7145833333333333 0.45555555555555555 0.01875 0.025
0 0.7208333333333333 0.5166666666666667 0.01875 0.025
0 0.7270833333333333 0.5819444444444445 0.01875 0.025
0 0.734375 0.6513888888888889 0.01875 0.025
0 0.7427083333333333 0.725 0.01875 0.025
0 0.75 0.8055555555555556 0.01875 0.025