0 0.30833333333333335 0.38055555555555554 0.01875 0.025
0 0.303125 0.44305555555555554 0.01875 0.025
0 0.296875 0.5097222222222222 0.01875 0.025
0 0.290625 0.5805555555555556 0.01875 0.025
0 0.284375 0.6555555555555556 0.01875 0.025
0 0.27708333333333335 0.7347222222222223 0.01875 0.025
0 0.26979166666666665 0.8194444444444444 0.01875 0.025
0 0.371875 0.3819444444444444 0.01875 0.025
0 0.36770833333333336 0.4444444444444444 0.01875 0.025
0 0.36354166666666665 0.5111111111111111 0.01875 0.025
0 0.359375 0.5805555555555556 0.01875 0.025
0 0.35520833333333335 0.6555555555555556 0.01875 0.025
0 0.35 0.7347222222222223 0.01875 0.025
0 0.34479166666666666 0.8208333333333333 0.01875 0.025
0 0.434375 0.3819444444444444 0.01875 0.025
0 0.4322916666666667 0.4444444444444444 0.01875 0.025
0 0.43020833333333336 0.5111111111111111 0.01875 0.025
0 0.428125 0.5819444444444445 0.01875 0.025
0 0.42604166666666665 0.6555555555555556 0.01875 0.025
0 0.42291666666666666 0.7361111111111112 0.01875 0.025
0 0.42083333333333334 0.8208333333333333 0.01875 0.025
0 0.4979166666666667 0.3819444444444444 0.01875 0.025
0 0.496875 0.4444444444444444 0.01875 0.025
0 0.496875 0.5111111111111111 0.01875 0.025
0 0.496875 0.5819444444444445 0.01875 0.025
0 0.496875 0.6569444444444444 0.01875 0.025
0 0.496875 0.7361111111111112 0.01875 0.025
0 0.496875 0.8222222222222222 0.01875 0.025
0 0.5604166666666667 0.38333333333333336 0.01875 0.025
0 0.5625 0.44583333333333336 0.01875 0.025
0 0.5635416666666667 0.5125 0.01875 0.025
0 0.565625 0.5819444444444445 0.01875 0.025
0 0.5677083333333334 0.6569444444444444 0.01875 0.025
0 0.5697916666666667 0.7375 0.01875 0.025
0 0.571875 0.8222222222222222 0.01875 0.025
0 0.6239583333333333 0.38333333333333336 0.01875 0.025
0 0.6270833333333333 0.44583333333333336 0.01875 0.025
0 0.63125 0.5125 0.01875 0.025
0 0.634375 0.5833333333333334 0.01875 0.025
0 0.6385416666666667 0.6583333333333333 0.01875 0.025
0 0.6427083333333333 0.7375 0.01875 0.025
0 0.6479166666666667 0.8236111111111111 0.01875 0.025
0 0.6864583333333333 0.38333333333333336 0.01875 0.025
0 0.6916666666666667 0.44722222222222224 0.01875 0.025
0 0.6979166666666666 0.5138888888888888 0.01875 0.025
0 0.703125 0.5833333333333334 0.01875 0.025
0 0.709375 0.6583333333333333 0.01875 0.025
0 0.7166666666666667 0.7388888888888889 0.01875 0.025
0 0.7239583333333334 0.8236111111111111 0.01875 0.025