0 0.27708333333333335 0.27314814814814814 0.035416666666666666 0.03518518518518519
0 0.2677083333333333 0.3333333333333333 0.035416666666666666 0.03518518518518519
0 0.25833333333333336 0.39814814814814814 0.035416666666666666 0.03518518518518519
0 0.246875 0.4675925925925926 0.035416666666666666 0.03518518518518519
0 0.23541666666666666 0.5449074074074074 0.035416666666666666 0.03518518518518519
0 0.221875 0.6282407407407408 0.035416666666666666 0.03518518518518519
0 0.20729166666666668 0.7199074074074074 0.035416666666666666 0.03518518518518519
0 0.3572916666666667 0.2740740740740741 0.035416666666666666 0.03518518518518519
0 0.35104166666666664 0.3333333333333333 0.035416666666666666 0.03518518518518519
0 0.34375 0.39814814814814814 0.035416666666666666 0.03518518518518519
0 0.33645833333333336 0.4685185185185185 0.035416666666666666 0.03518518518518519
0 0.328125 0.5449074074074074 0.035416666666666666 0.03518518518518519
0 0.31979166666666664 0.6282407407407408 0.035416666666666666 0.03518518518518519
0 0.3104166666666667 0.7199074074074074 0.035416666666666666 0.03518518518518519
0 0.43645833333333334 0.2740740740740741 0.035416666666666666 0.03518518518518519
0 0.43333333333333335 0.3333333333333333 0.035416666666666666 0.03518518518518519
0 0.43020833333333336 0.3990740740740741 0.035416666666666666 0.03518518518518519
0 0.42604166666666665 0.4685185185185185 0.035416666666666666 0.03518518518518519
0 0.421875 0.5449074074074074 0.035416666666666666 0.03518518518518519
0 0.41770833333333335 0.6282407407407408 0.035416666666666666 0.03518518518518519
0 0.4125 0.7199074074074074 0.035416666666666666 0.03518518518518519
0 0.515625 0.2740740740740741 0.035416666666666666 0.03518518518518519
0 0.515625 0.33425925925925926 0.035416666666666666 0.03518518518518519
0 0.515625 0.3990740740740741 0.035416666666666666 0.03518518518518519
0 0.515625 0.4685185185185185 0.035416666666666666 0.03518518518518519
0 0.515625 0.5458333333333333 0.035416666666666666 0.03518518518518519
0 0.515625 0.6291666666666667 0.035416666666666666 0.03518518518518519
0 0.515625 0.7208333333333333 0.035416666666666666 0.03518518518518519
0 0.5958333333333333 0.2740740740740741 0.035416666666666666 0.03518518518518519
0 0.5989583333333334 0.33425925925925926 0.035416666666666666 0.03518518518518519
0 0.6020833333333333 0.3990740740740741 0.035416666666666666 0.03518518518518519
0 0.6052083333333333 0.4685185185185185 0.035416666666666666 0.03518518518518519
0 0.609375 0.5458333333333333 0.035416666666666666 0.03518518518518519
0 0.6135416666666667 0.6291666666666667 0.035416666666666666 0.03518518518518519
0 0.6177083333333333 0.7208333333333333 0.035416666666666666 0.03518518518518519
0 0.675 0.275 0.035416666666666666 0.03518518518518519
0 0.68125 0.33425925925925926 0.035416666666666666 0.03518518518518519
0 0.6875 0.3990740740740741 0.035416666666666666 0.03518518518518519
0 0.6947916666666667 0.4699074074074074 0.035416666666666666 0.03518518518518519
0 0.703125 0.5458333333333333 0.035416666666666666 0.03518518518518519
0 0.7114583333333333 0.6291666666666667 0.035416666666666666 0.03518518518518519
0 0.7208333333333333 0.7208333333333333 0.035416666666666666 0.03518518518518519
0 0.7541666666666667 0.275 0.035416666666666666 0.03518518518518519
0 0.7635416666666667 0.33425925925925926 0.035416666666666666 0.03518518518518519
0 0.7739583333333333 0.4 0.035416666666666666 0.03518518518518519
0 0.784375 0.4699074074074074 0.035416666666666666 0.03518518518518519
0 0.7958333333333333 0.5458333333333333 0.035416666666666666 0.03518518518518519
0 0.809375 0.6291666666666667 0.035416666666666666 0.03518518518518519
0 0.8229166666666666 0.7208333333333333 0.035416666666666666 0.03518518518518519