0 0.6572916666666667 0.15694444444444444 0.025 0.03333333333333333
0 0.5875 0.1638888888888889 0.025 0.03333333333333333
0 0.51875 0.17083333333333334 0.025 0.03333333333333333
0 0.44895833333333335 0.17777777777777778 0.025 0.03333333333333333
0 0.37916666666666665 0.18472222222222223 0.025 0.03333333333333333
0 0.309375 0.19166666666666668 0.025 0.03333333333333333
0 0.23958333333333334 0.2 0.025 0.03333333333333333
0 0.6697916666666667 0.2222222222222222 0.025 0.03333333333333333
0 0.5979166666666667 0.23055555555555557 0.025 0.03333333333333333
0 0.525 0.2375 0.025 0.03333333333333333
0 0.45208333333333334 0.24583333333333332 0.025 0.03333333333333333
0 0.37916666666666665 0.25277777777777777 0.025 0.03333333333333333
0 0.30625 0.2611111111111111 0.025 0.03333333333333333
0 0.23229166666666667 0.26805555555555555 0.025 0.03333333333333333
0 0.684375 0.29583333333333334 0.025 0.03333333333333333
0 0.6083333333333333 0.30277777777777776 0.025 0.03333333333333333
0 0.5322916666666667 0.3111111111111111 0.025 0.03333333333333333
0 0.4552083333333333 0.3194444444444444 0.025 0.03333333333333333
0 0.37916666666666665 0.3277777777777778 0.025 0.03333333333333333
0 0.3020833333333333 0.33611111111111114 0.025 0.03333333333333333
0 0.225 0.34305555555555556 0.025 0.03333333333333333
0 0.7 0.375 0.025 0.03333333333333333
0 0.6197916666666666 0.38333333333333336 0.025 0.03333333333333333
0 0.5395833333333333 0.39305555555555555 0.025 0.03333333333333333
0 0.459375 0.4013888888888889 0.025 0.03333333333333333
0 0.378125 0.4097222222222222 0.025 0.03333333333333333
0 0.29791666666666666 0.41805555555555557 0.025 0.03333333333333333
0 0.21666666666666667 0.42777777777777776 0.025 0.03333333333333333
0 0.7177083333333333 0.4638888888888889 0.025 0.03333333333333333
0 0.6333333333333333 0.4736111111111111 0.025 0.03333333333333333
0 0.5489583333333333 0.48333333333333334 0.025 0.03333333333333333
0 0.4635416666666667 0.49166666666666664 0.025 0.03333333333333333
0 0.378125 0.5013888888888889 0.025 0.03333333333333333
0 0.29270833333333335 0.5111111111111111 0.025 0.03333333333333333
0 0.20729166666666668 0.5208333333333334 0.025 0.03333333333333333
0 0.7375 0.5638888888888889 0.025 0.03333333333333333
0 0.6479166666666667 0.5736111111111111 0.025 0.03333333333333333
0 0.5583333333333333 0.5833333333333334 0.025 0.03333333333333333
0 0.46875 0.5944444444444444 0.025 0.03333333333333333
0 0.378125 0.6041666666666666 0.025 0.03333333333333333
0 0.2875 0.6138888888888889 0.025 0.03333333333333333
0 0.19583333333333333 0.6236111111111111 0.025 0.03333333333333333
0 0.759375 0.675 0.025 0.03333333333333333
0 0.6645833333333333 0.6861111111111111 0.025 0.03333333333333333
0 0.5697916666666667 0.6972222222222222 0.025 0.03333333333333333
0 0.4739583333333333 0.7083333333333334 0.025 0.03333333333333333
0 0.378125 0.7194444444444444 0.025 0.03333333333333333
0 0.28125 0.7305555555555555 0.025 0.03333333333333333
0 0.184375 0.7416666666666667 0.025 0.03333333333333333