0 0.7208333333333333 0.18611111111111112 0.025 0.03333333333333333
0 0.6510416666666666 0.18888888888888888 0.025 0.03333333333333333
0 0.5822916666666667 0.19027777777777777 0.025 0.03333333333333333
0 0.5145833333333333 0.19166666666666668 0.025 0.03333333333333333
0 0.4479166666666667 0.19444444444444445 0.025 0.03333333333333333
0 0.38229166666666664 0.19583333333333333 0.025 0.03333333333333333
0 0.31666666666666665 0.1986111111111111 0.025 0.03333333333333333
0 0.7302083333333333 0.25 0.025 0.03333333333333333
0 0.65625 0.2513888888888889 0.025 0.03333333333333333
0 0.584375 0.25416666666666665 0.025 0.03333333333333333
0 0.5135416666666667 0.25555555555555554 0.025 0.03333333333333333
0 0.4427083333333333 0.2569444444444444 0.025 0.03333333333333333
0 0.37395833333333334 0.25833333333333336 0.025 0.03333333333333333
0 0.30520833333333336 0.25972222222222224 0.025 0.03333333333333333
0 0.7395833333333334 0.32222222222222224 0.025 0.03333333333333333
0 0.6625 0.32222222222222224 0.025 0.03333333333333333
0 0.5864583333333333 0.3236111111111111 0.025 0.03333333333333333
0 0.5114583333333333 0.325 0.025 0.03333333333333333
0 0.4375 0.3263888888888889 0.025 0.03333333333333333
0 0.3645833333333333 0.3277777777777778 0.025 0.03333333333333333
0 0.29270833333333335 0.32916666666666666 0.025 0.03333333333333333
0 0.7510416666666667 0.4013888888888889 0.025 0.03333333333333333
0 0.66875 0.4013888888888889 0.025 0.03333333333333333
0 0.5885416666666666 0.4027777777777778 0.025 0.03333333333333333
0 0.5083333333333333 0.4027777777777778 0.025 0.03333333333333333
0 0.43020833333333336 0.4041666666666667 0.025 0.03333333333333333
0 0.3541666666666667 0.4041666666666667 0.025 0.03333333333333333
0 0.278125 0.40555555555555556 0.025 0.03333333333333333
0 0.7625 0.49027777777777776 0.025 0.03333333333333333
0 0.6760416666666667 0.49027777777777776 0.025 0.03333333333333333
0 0.590625 0.49027777777777776 0.025 0.03333333333333333
0 0.50625 0.49027777777777776 0.025 0.03333333333333333
0 0.42291666666666666 0.49027777777777776 0.025 0.03333333333333333
0 0.3416666666666667 0.49027777777777776 0.025 0.03333333333333333
0 0.26145833333333335 0.49027777777777776 0.025 0.03333333333333333
0 0.7770833333333333 0.5916666666666667 0.025 0.03333333333333333
0 0.684375 0.5902777777777778 0.025 0.03333333333333333
0 0.5927083333333333 0.5902777777777778 0.025 0.03333333333333333
0 0.503125 0.5888888888888889 0.025 0.03333333333333333
0 0.415625 0.5875 0.025 0.03333333333333333
0 0.32916666666666666 0.5875 0.025 0.03333333333333333
0 0.24375 0.5861111111111111 0.025 0.03333333333333333
0 0.7927083333333333 0.7069444444444445 0.025 0.03333333333333333
0 0.69375 0.7055555555555556 0.025 0.03333333333333333
0 0.5958333333333333 0.7027777777777777 0.025 0.03333333333333333
0 0.5 0.7013888888888888 0.025 0.03333333333333333
0 0.40625 0.6986111111111111 0.025 0.03333333333333333
0 0.31354166666666666 0.6972222222222222 0.025 0.03333333333333333
0 0.22291666666666668 0.6958333333333333 0.025 0.03333333333333333