0 0.23541666666666666 0.6541666666666667 0.03333333333333333 0.03333333333333333
0 0.3333333333333333 0.6550925925925926 0.03333333333333333 0.03333333333333333
0 0.43125 0.6550925925925926 0.03333333333333333 0.03333333333333333
0 0.5291666666666667 0.6550925925925926 0.03333333333333333 0.03333333333333333
0 0.6260416666666667 0.6564814814814814 0.03333333333333333 0.03333333333333333
0 0.7229166666666667 0.6564814814814814 0.03333333333333333 0.03333333333333333
0 0.8197916666666667 0.6564814814814814 0.03333333333333333 0.03333333333333333
0 0.24479166666666666 0.5615740740740741 0.03333333333333333 0.03333333333333333
0 0.33958333333333335 0.5625 0.03333333333333333 0.03333333333333333
0 0.434375 0.5625 0.03333333333333333 0.03333333333333333
0 0.528125 0.5634259259259259 0.03333333333333333 0.03333333333333333
0 0.621875 0.5634259259259259 0.03333333333333333 0.03333333333333333
0 0.715625 0.5634259259259259 0.03333333333333333 0.03333333333333333
0 0.8083333333333333 0.5648148148148148 0.03333333333333333 0.03333333333333333
0 0.253125 0.475 0.03333333333333333 0.03333333333333333
0 0.34479166666666666 0.475 0.03333333333333333 0.03333333333333333
0 0.43645833333333334 0.4759259259259259 0.03333333333333333 0.03333333333333333
0 0.5270833333333333 0.47685185185185186 0.03333333333333333 0.03333333333333333
0 0.6177083333333333 0.47685185185185186 0.03333333333333333 0.03333333333333333
0 0.7083333333333334 0.47824074074074074 0.03333333333333333 0.03333333333333333
0 0.7989583333333333 0.47824074074074074 0.03333333333333333 0.03333333333333333
0 0.26145833333333335 0.39351851851851855 0.03333333333333333 0.03333333333333333
0 0.35 0.39490740740740743 0.03333333333333333 0.03333333333333333
0 0.43854166666666666 0.3958333333333333 0.03333333333333333 0.03333333333333333
0 0.5270833333333333 0.3958333333333333 0.03333333333333333 0.03333333333333333
0 0.6145833333333334 0.39675925925925926 0.03333333333333333 0.03333333333333333
0 0.7020833333333333 0.39814814814814814 0.03333333333333333 0.03333333333333333
0 0.7895833333333333 0.39814814814814814 0.03333333333333333 0.03333333333333333
0 0.26979166666666665 0.3175925925925926 0.03333333333333333 0.03333333333333333
0 0.35520833333333335 0.31851851851851853 0.03333333333333333 0.03333333333333333
0 0.440625 0.3199074074074074 0.03333333333333333 0.03333333333333333
0 0.5260416666666666 0.32083333333333336 0.03333333333333333 0.03333333333333333
0 0.6114583333333333 0.32083333333333336 0.03333333333333333 0.03333333333333333
0 0.6958333333333333 0.32175925925925924 0.03333333333333333 0.03333333333333333
0 0.7802083333333333 0.32314814814814813 0.03333333333333333 0.03333333333333333
0 0.27708333333333335 0.24675925925925926 0.03333333333333333 0.03333333333333333
0 0.36041666666666666 0.24814814814814815 0.03333333333333333 0.03333333333333333
0 0.4427083333333333 0.24814814814814815 0.03333333333333333 0.03333333333333333
0 0.5260416666666666 0.2490740740740741 0.03333333333333333 0.03333333333333333
0 0.6083333333333333 0.25 0.03333333333333333 0.03333333333333333
0 0.690625 0.25092592592592594 0.03333333333333333 0.03333333333333333
0 0.7729166666666667 0.2518518518518518 0.03333333333333333 0.03333333333333333
0 0.2833333333333333 0.17916666666666667 0.03333333333333333 0.03333333333333333
0 0.3645833333333333 0.18009259259259258 0.03333333333333333 0.03333333333333333
0 0.44479166666666664 0.1814814814814815 0.03333333333333333 0.03333333333333333
0 0.525 0.1824074074074074 0.03333333333333333 0.03333333333333333
0 0.6052083333333333 0.18333333333333332 0.03333333333333333 0.03333333333333333
0 0.6854166666666667 0.18425925925925926 0.03333333333333333 0.03333333333333333
0 0.7645833333333333 0.18518518518518517 0.03333333333333333 0.03333333333333333