0 0.33645833333333336 0.3861111111111111 0.01875 0.025
0 0.33125 0.4444444444444444 0.01875 0.025
0 0.3260416666666667 0.5055555555555555 0.01875 0.025
0 0.32083333333333336 0.5708333333333333 0.01875 0.025
0 0.3145833333333333 0.6402777777777777 0.01875 0.025
0 0.3072916666666667 0.7138888888888889 0.01875 0.025
0 0.30104166666666665 0.7930555555555555 0.01875 0.025
0 0.39895833333333336 0.3875 0.01875 0.025
0 0.3958333333333333 0.44583333333333336 0.01875 0.025
0 0.39166666666666666 0.5069444444444444 0.01875 0.025
0 0.3885416666666667 0.5736111111111111 0.01875 0.025
0 0.384375 0.6430555555555556 0.01875 0.025
0 0.37916666666666665 0.7166666666666667 0.01875 0.025
0 0.375 0.7958333333333333 0.01875 0.025
0 0.46145833333333336 0.3888888888888889 0.01875 0.025
0 0.459375 0.44722222222222224 0.01875 0.025
0 0.45729166666666665 0.5097222222222222 0.01875 0.025
0 0.4552083333333333 0.575 0.01875 0.025
0 0.45416666666666666 0.6444444444444445 0.01875 0.025
0 0.45208333333333334 0.7180555555555556 0.01875 0.025
0 0.44895833333333335 0.7972222222222223 0.01875 0.025
0 0.5229166666666667 0.3902777777777778 0.01875 0.025
0 0.5229166666666667 0.45 0.01875 0.025
0 0.5229166666666667 0.5111111111111111 0.01875 0.025
0 0.5229166666666667 0.5763888888888888 0.01875 0.025
0 0.5239583333333333 0.6458333333333334 0.01875 0.025
0 0.5239583333333333 0.7208333333333333 0.01875 0.025
0 0.5239583333333333 0.8 0.01875 0.025
0 0.5854166666666667 0.39305555555555555 0.01875 0.025
0 0.5875 0.4513888888888889 0.01875 0.025
0 0.5885416666666666 0.5125 0.01875 0.025
0 0.590625 0.5791666666666667 0.01875 0.025
0 0.5927083333333333 0.6486111111111111 0.01875 0.025
0 0.5958333333333333 0.7222222222222222 0.01875 0.025
0 0.5979166666666667 0.8013888888888889 0.01875 0.025
0 0.646875 0.39444444444444443 0.01875 0.025
0 0.6510416666666666 0.4527777777777778 0.01875 0.025
0 0.6541666666666667 0.5152777777777777 0.01875 0.025
0 0.6583333333333333 0.5805555555555556 0.01875 0.025
0 0.6625 0.65 0.01875 0.025
0 0.6677083333333333 0.725 0.01875 0.025
0 0.671875 0.8041666666666667 0.01875 0.025
0 0.709375 0.3958333333333333 0.01875 0.025
0 0.7145833333333333 0.45416666666666666 0.01875 0.025
0 0.7208333333333333 0.5166666666666667 0.01875 0.025
0 0.7260416666666667 0.5819444444444445 0.01875 0.025
0 0.7322916666666667 0.6527777777777778 0.01875 0.025
0 0.7395833333333334 0.7263888888888889 0.01875 0.025
0 0.746875 0.8055555555555556 0.01875 0.025