0 0.30833333333333335 0.375 0.01875 0.025
0 0.3020833333333333 0.4388888888888889 0.01875 0.025
0 0.296875 0.5055555555555555 0.01875 0.025
0 0.290625 0.5777777777777777 0.01875 0.025
0 0.2833333333333333 0.6541666666666667 0.01875 0.025
0 0.2760416666666667 0.7361111111111112 0.01875 0.025
0 0.26875 0.8222222222222222 0.01875 0.025
0 0.371875 0.3763888888888889 0.01875 0.025
0 0.36875 0.44027777777777777 0.01875 0.025
0 0.3645833333333333 0.5069444444444444 0.01875 0.025
0 0.36041666666666666 0.5791666666666667 0.01875 0.025
0 0.35625 0.6555555555555556 0.01875 0.025
0 0.35104166666666664 0.7361111111111112 0.01875 0.025
0 0.3458333333333333 0.8236111111111111 0.01875 0.025
0 0.43645833333333334 0.37777777777777777 0.01875 0.025
0 0.434375 0.44027777777777777 0.01875 0.025
0 0.4322916666666667 0.5083333333333333 0.01875 0.025
0 0.43020833333333336 0.5791666666666667 0.01875 0.025
0 0.428125 0.6555555555555556 0.01875 0.025
0 0.425 0.7375 0.01875 0.025
0 0.42291666666666666 0.8236111111111111 0.01875 0.025
0 0.49895833333333334 0.37777777777777777 0.01875 0.025
0 0.49895833333333334 0.44166666666666665 0.01875 0.025
0 0.49895833333333334 0.5097222222222222 0.01875 0.025
0 0.49895833333333334 0.5805555555555556 0.01875 0.025
0 0.49895833333333334 0.6569444444444444 0.01875 0.025
0 0.49895833333333334 0.7375 0.01875 0.025
0 0.49895833333333334 0.8236111111111111 0.01875 0.025
0 0.5625 0.37916666666666665 0.01875 0.025
0 0.5645833333333333 0.44305555555555554 0.01875 0.025
0 0.5666666666666667 0.5097222222222222 0.01875 0.025
0 0.56875 0.5819444444444445 0.01875 0.025
0 0.5708333333333333 0.6569444444444444 0.01875 0.025
0 0.5729166666666666 0.7375 0.01875 0.025
0 0.575 0.8236111111111111 0.01875 0.025
0 0.6260416666666667 0.38055555555555554 0.01875 0.025
0 0.6291666666666667 0.4444444444444444 0.01875 0.025
0 0.6333333333333333 0.5111111111111111 0.01875 0.025
0 0.6375 0.5819444444444445 0.01875 0.025
0 0.6416666666666667 0.6583333333333333 0.01875 0.025
0 0.6458333333333334 0.7388888888888889 0.01875 0.025
0 0.6510416666666666 0.825 0.01875 0.025
0 0.6885416666666667 0.3819444444444444 0.01875 0.025
0 0.69375 0.4444444444444444 0.01875 0.025
0 0.7 0.5125 0.01875 0.025
0 0.70625 0.5833333333333334 0.01875 0.025
0 0.7125 0.6583333333333333 0.01875 0.025
0 0.7197916666666667 0.7388888888888889 0.01875 0.025
0 0.7270833333333333 0.825 0.01875 0.025