0 0.7291666666666666 0.18333333333333332 0.025 0.03333333333333333
0 0.6614583333333334 0.18055555555555555 0.025 0.03333333333333333
0 0.59375 0.1763888888888889 0.025 0.03333333333333333
0 0.5260416666666666 0.1736111111111111 0.025 0.03333333333333333
0 0.4583333333333333 0.17083333333333334 0.025 0.03333333333333333
0 0.38958333333333334 0.16805555555555557 0.025 0.03333333333333333
0 0.32083333333333336 0.16527777777777777 0.025 0.03333333333333333
0 0.7395833333333334 0.24722222222222223 0.025 0.03333333333333333
0 0.66875 0.24444444444444444 0.025 0.03333333333333333
0 0.5989583333333334 0.24027777777777778 0.025 0.03333333333333333
0 0.5270833333333333 0.2375 0.025 0.03333333333333333
0 0.45625 0.23472222222222222 0.025 0.03333333333333333
0 0.384375 0.23194444444444445 0.025 0.03333333333333333
0 0.3125 0.22916666666666666 0.025 0.03333333333333333
0 0.7520833333333333 0.31666666666666665 0.025 0.03333333333333333
0 0.678125 0.3138888888888889 0.025 0.03333333333333333
0 0.603125 0.3111111111111111 0.025 0.03333333333333333
0 0.528125 0.30833333333333335 0.025 0.03333333333333333
0 0.453125 0.3055555555555556 0.025 0.03333333333333333
0 0.378125 0.30277777777777776 0.025 0.03333333333333333
0 0.3020833333333333 0.2986111111111111 0.025 0.03333333333333333
0 0.7645833333333333 0.39444444444444443 0.025 0.03333333333333333
0 0.6864583333333333 0.39166666666666666 0.025 0.03333333333333333
0 0.6083333333333333 0.3888888888888889 0.025 0.03333333333333333
0 0.5302083333333333 0.3861111111111111 0.025 0.03333333333333333
0 0.4510416666666667 0.38333333333333336 0.025 0.03333333333333333
0 0.371875 0.38055555555555554 0.025 0.03333333333333333
0 0.2916666666666667 0.37777777777777777 0.025 0.03333333333333333
0 0.7791666666666667 0.48194444444444445 0.025 0.03333333333333333
0 0.696875 0.4791666666666667 0.025 0.03333333333333333
0 0.6145833333333334 0.47638888888888886 0.025 0.03333333333333333
0 0.53125 0.4722222222222222 0.025 0.03333333333333333
0 0.4479166666666667 0.46944444444444444 0.025 0.03333333333333333
0 0.36354166666666665 0.4666666666666667 0.025 0.03333333333333333
0 0.2791666666666667 0.4638888888888889 0.025 0.03333333333333333
0 0.7958333333333333 0.5791666666666667 0.025 0.03333333333333333
0 0.709375 0.5763888888888888 0.025 0.03333333333333333
0 0.6208333333333333 0.5736111111111111 0.025 0.03333333333333333
0 0.5333333333333333 0.5694444444444444 0.025 0.03333333333333333
0 0.44479166666666664 0.5666666666666667 0.025 0.03333333333333333
0 0.35520833333333335 0.5638888888888889 0.025 0.03333333333333333
0 0.265625 0.5611111111111111 0.025 0.03333333333333333
0 0.8145833333333333 0.6875 0.025 0.03333333333333333
0 0.721875 0.6847222222222222 0.025 0.03333333333333333
0 0.6291666666666667 0.6819444444444445 0.025 0.03333333333333333
0 0.5354166666666667 0.6791666666666667 0.025 0.03333333333333333
0 0.440625 0.6777777777777778 0.025 0.03333333333333333
0 0.3458333333333333 0.675 0.025 0.03333333333333333
0 0.25 0.6722222222222223 0.025 0.03333333333333333