0 0.7072916666666667 0.16064814814814815 0.022916666666666665 0.03425925925925926
0 0.6322916666666667 0.16064814814814815 0.022916666666666665 0.03425925925925926
0 0.55625 0.1587962962962963 0.022916666666666665 0.03425925925925926
0 0.4791666666666667 0.1574074074074074 0.022916666666666665 0.03425925925925926
0 0.40208333333333335 0.15555555555555556 0.022916666666666665 0.03425925925925926
0 0.32395833333333335 0.15416666666666667 0.022916666666666665 0.03425925925925926
0 0.24583333333333332 0.1527777777777778 0.022916666666666665 0.03425925925925926
0 0.71875 0.2412037037037037 0.022916666666666665 0.03425925925925926
0 0.640625 0.23981481481481481 0.022916666666666665 0.03425925925925926
0 0.5625 0.23842592592592593 0.022916666666666665 0.03425925925925926
0 0.4822916666666667 0.23842592592592593 0.022916666666666665 0.03425925925925926
0 0.403125 0.23657407407407408 0.022916666666666665 0.03425925925925926
0 0.321875 0.2351851851851852 0.022916666666666665 0.03425925925925926
0 0.23958333333333334 0.2351851851851852 0.022916666666666665 0.03425925925925926
0 0.73125 0.32731481481481484 0.022916666666666665 0.03425925925925926
0 0.6510416666666666 0.32546296296296295 0.022916666666666665 0.03425925925925926
0 0.56875 0.32546296296296295 0.022916666666666665 0.03425925925925926
0 0.4864583333333333 0.32407407407407407 0.022916666666666665 0.03425925925925926
0 0.403125 0.32407407407407407 0.022916666666666665 0.03425925925925926
0 0.31875 0.32407407407407407 0.022916666666666665 0.03425925925925926
0 0.234375 0.32222222222222224 0.022916666666666665 0.03425925925925926
0 0.7447916666666666 0.41898148148148145 0.022916666666666665 0.03425925925925926
0 0.6614583333333334 0.41898148148148145 0.022916666666666665 0.03425925925925926
0 0.5760416666666667 0.41898148148148145 0.022916666666666665 0.03425925925925926
0 0.490625 0.41898148148148145 0.022916666666666665 0.03425925925925926
0 0.4041666666666667 0.41898148148148145 0.022916666666666665 0.03425925925925926
0 0.31666666666666665 0.41759259259259257 0.022916666666666665 0.03425925925925926
0 0.228125 0.41759259259259257 0.022916666666666665 0.03425925925925926
0 0.759375 0.5185185185185185 0.022916666666666665 0.03425925925925926
0 0.671875 0.5203703703703704 0.022916666666666665 0.03425925925925926
0 0.5833333333333334 0.5203703703703704 0.022916666666666665 0.03425925925925926
0 0.4947916666666667 0.5203703703703704 0.022916666666666665 0.03425925925925926
0 0.4041666666666667 0.5203703703703704 0.022916666666666665 0.03425925925925926
0 0.31354166666666666 0.5203703703703704 0.022916666666666665 0.03425925925925926
0 0.22083333333333333 0.5217592592592593 0.022916666666666665 0.03425925925925926
0 0.7760416666666666 0.6277777777777778 0.022916666666666665 0.03425925925925926
0 0.684375 0.6291666666666667 0.022916666666666665 0.03425925925925926
0 0.5927083333333333 0.6291666666666667 0.022916666666666665 0.03425925925925926
0 0.49895833333333334 0.6310185185185185 0.022916666666666665 0.03425925925925926
0 0.40520833333333334 0.6324074074074074 0.022916666666666665 0.03425925925925926
0 0.309375 0.6324074074074074 0.022916666666666665 0.03425925925925926
0 0.21354166666666666 0.6337962962962963 0.022916666666666665 0.03425925925925926
0 0.7927083333333333 0.7462962962962963 0.022916666666666665 0.03425925925925926
0 0.6979166666666666 0.7476851851851852 0.022916666666666665 0.03425925925925926
0 0.6010416666666667 0.7490740740740741 0.022916666666666665 0.03425925925925926
0 0.5041666666666667 0.7509259259259259 0.022916666666666665 0.03425925925925926
0 0.40520833333333334 0.7523148148148148 0.022916666666666665 0.03425925925925926
0 0.30625 0.7555555555555555 0.022916666666666665 0.03425925925925926
0 0.20520833333333333 0.7569444444444444 0.022916666666666665 0.03425925925925926