0 0.29583333333333334 0.6486111111111111 0.020833333333333332 0.027777777777777776
0 0.37083333333333335 0.6472222222222223 0.020833333333333332 0.027777777777777776
0 0.4479166666666667 0.6458333333333334 0.020833333333333332 0.027777777777777776
0 0.5260416666666666 0.6444444444444445 0.020833333333333332 0.027777777777777776
0 0.6041666666666666 0.6430555555555556 0.020833333333333332 0.027777777777777776
0 0.684375 0.6416666666666667 0.020833333333333332 0.027777777777777776
0 0.7645833333333333 0.6402777777777777 0.020833333333333332 0.027777777777777776
0 0.30520833333333336 0.5597222222222222 0.020833333333333332 0.027777777777777776
0 0.378125 0.5569444444444445 0.020833333333333332 0.027777777777777776
0 0.4510416666666667 0.5555555555555556 0.020833333333333332 0.027777777777777776
0 0.525 0.5541666666666667 0.020833333333333332 0.027777777777777776
0 0.6 0.5513888888888889 0.020833333333333332 0.027777777777777776
0 0.6760416666666667 0.55 0.020833333333333332 0.027777777777777776
0 0.7520833333333333 0.5472222222222223 0.020833333333333332 0.027777777777777776
0 0.3145833333333333 0.4777777777777778 0.020833333333333332 0.027777777777777776
0 0.38333333333333336 0.47638888888888886 0.020833333333333332 0.027777777777777776
0 0.453125 0.4736111111111111 0.020833333333333332 0.027777777777777776
0 0.5239583333333333 0.4722222222222222 0.020833333333333332 0.027777777777777776
0 0.5958333333333333 0.46944444444444444 0.020833333333333332 0.027777777777777776
0 0.6677083333333333 0.4666666666666667 0.020833333333333332 0.027777777777777776
0 0.7416666666666667 0.4638888888888889 0.020833333333333332 0.027777777777777776
0 0.3229166666666667 0.4041666666666667 0.020833333333333332 0.027777777777777776
0 0.3885416666666667 0.4013888888888889 0.020833333333333332 0.027777777777777776
0 0.4552083333333333 0.39861111111111114 0.020833333333333332 0.027777777777777776
0 0.5229166666666667 0.3972222222222222 0.020833333333333332 0.027777777777777776
0 0.5916666666666667 0.39444444444444443 0.020833333333333332 0.027777777777777776
0 0.6604166666666667 0.39166666666666666 0.020833333333333332 0.027777777777777776
0 0.73125 0.3888888888888889 0.020833333333333332 0.027777777777777776
0 0.3302083333333333 0.33611111111111114 0.020833333333333332 0.027777777777777776
0 0.39375 0.3333333333333333 0.020833333333333332 0.027777777777777776
0 0.45729166666666665 0.33055555555555555 0.020833333333333332 0.027777777777777776
0 0.5229166666666667 0.3277777777777778 0.020833333333333332 0.027777777777777776
0 0.5885416666666666 0.325 0.020833333333333332 0.027777777777777776
0 0.6541666666666667 0.32222222222222224 0.020833333333333332 0.027777777777777776
0 0.721875 0.3194444444444444 0.020833333333333332 0.027777777777777776
0 0.3375 0.27361111111111114 0.020833333333333332 0.027777777777777776
0 0.39791666666666664 0.2708333333333333 0.020833333333333332 0.027777777777777776
0 0.459375 0.26805555555555555 0.020833333333333332 0.027777777777777776
0 0.521875 0.2638888888888889 0.020833333333333332 0.027777777777777776
0 0.584375 0.2611111111111111 0.020833333333333332 0.027777777777777776
0 0.6489583333333333 0.25833333333333336 0.020833333333333332 0.027777777777777776
0 0.7125 0.25555555555555554 0.020833333333333332 0.027777777777777776
0 0.34375 0.21666666666666667 0.020833333333333332 0.027777777777777776
0 0.40208333333333335 0.2125 0.020833333333333332 0.027777777777777776
0 0.46145833333333336 0.20972222222222223 0.020833333333333332 0.027777777777777776
0 0.5208333333333334 0.20555555555555555 0.020833333333333332 0.027777777777777776
0 0.5822916666666667 0.20277777777777778 0.020833333333333332 0.027777777777777776
0 0.6427083333333333 0.2 0.020833333333333332 0.027777777777777776
0 0.7052083333333333 0.19583333333333333 0.020833333333333332 0.027777777777777776