0 0.7635416666666667 0.24074074074074073 0.035416666666666666 0.03518518518518519
0 0.6854166666666667 0.23981481481481481 0.035416666666666666 0.03518518518518519
0 0.6052083333333333 0.2375 0.035416666666666666 0.03518518518518519
0 0.521875 0.2351851851851852 0.035416666666666666 0.03518518518518519
0 0.43645833333333334 0.23333333333333334 0.035416666666666666 0.03518518518518519
0 0.3489583333333333 0.23148148148148148 0.035416666666666666 0.03518518518518519
0 0.25833333333333336 0.2300925925925926 0.035416666666666666 0.03518518518518519
0 0.7791666666666667 0.31157407407407406 0.035416666666666666 0.03518518518518519
0 0.7 0.31157407407407406 0.035416666666666666 0.03518518518518519
0 0.6166666666666667 0.3101851851851852 0.035416666666666666 0.03518518518518519
0 0.5322916666666667 0.30925925925925923 0.035416666666666666 0.03518518518518519
0 0.44375 0.30833333333333335 0.035416666666666666 0.03518518518518519
0 0.353125 0.30833333333333335 0.035416666666666666 0.03518518518518519
0 0.259375 0.3074074074074074 0.035416666666666666 0.03518518518518519
0 0.796875 0.38657407407407407 0.035416666666666666 0.03518518518518519
0 0.7145833333333333 0.3875 0.035416666666666666 0.03518518518518519
0 0.6302083333333334 0.3875 0.035416666666666666 0.03518518518518519
0 0.5427083333333333 0.38842592592592595 0.035416666666666666 0.03518518518518519
0 0.45208333333333334 0.38842592592592595 0.035416666666666666 0.03518518518518519
0 0.35833333333333334 0.38981481481481484 0.035416666666666666 0.03518518518518519
0 0.26145833333333335 0.38981481481481484 0.035416666666666666 0.03518518518518519
0 0.815625 0.4666666666666667 0.035416666666666666 0.03518518518518519
0 0.73125 0.4685185185185185 0.035416666666666666 0.03518518518518519
0 0.64375 0.4699074074074074 0.035416666666666666 0.03518518518518519
0 0.5541666666666667 0.47175925925925927 0.035416666666666666 0.03518518518518519
0 0.46041666666666664 0.4740740740740741 0.035416666666666666 0.03518518518518519
0 0.36354166666666665 0.4759259259259259 0.035416666666666666 0.03518518518518519
0 0.2635416666666667 0.47824074074074074 0.035416666666666666 0.03518518518518519
0 0.8354166666666667 0.5509259259259259 0.035416666666666666 0.03518518518518519
0 0.7489583333333333 0.5550925925925926 0.035416666666666666 0.03518518518518519
0 0.6583333333333333 0.5583333333333333 0.035416666666666666 0.03518518518518519
0 0.565625 0.5615740740740741 0.035416666666666666 0.03518518518518519
0 0.46875 0.5657407407407408 0.035416666666666666 0.03518518518518519
0 0.36875 0.5685185185185185 0.035416666666666666 0.03518518518518519
0 0.265625 0.5731481481481482 0.035416666666666666 0.03518518518518519
0 0.8572916666666667 0.6425925925925926 0.035416666666666666 0.03518518518518519
0 0.7677083333333333 0.6467592592592593 0.035416666666666666 0.03518518518518519
0 0.675 0.6518518518518519 0.035416666666666666 0.03518518518518519
0 0.578125 0.6574074074074074 0.035416666666666666 0.03518518518518519
0 0.4791666666666667 0.663425925925926 0.035416666666666666 0.03518518518518519
0 0.375 0.6685185185185185 0.035416666666666666 0.03518518518518519
0 0.2677083333333333 0.675 0.035416666666666666 0.03518518518518519
0 0.8802083333333334 0.7398148148148148 0.035416666666666666 0.03518518518518519
0 0.7875 0.7458333333333333 0.035416666666666666 0.03518518518518519
0 0.6916666666666667 0.7532407407407408 0.035416666666666666 0.03518518518518519
0 0.5927083333333333 0.7601851851851852 0.035416666666666666 0.03518518518518519
0 0.48854166666666665 0.7685185185185185 0.035416666666666666 0.03518518518518519
0 0.38125 0.7768518518518519 0.035416666666666666 0.03518518518518519
0 0.26979166666666665 0.7851851851851852 0.035416666666666666 0.03518518518518519