0 0.7052083333333333 0.16203703703703703 0.022916666666666665 0.03425925925925926
0 0.6291666666666667 0.16203703703703703 0.022916666666666665 0.03425925925925926
0 0.553125 0.16203703703703703 0.022916666666666665 0.03425925925925926
0 0.47604166666666664 0.16203703703703703 0.022916666666666665 0.03425925925925926
0 0.39895833333333336 0.16064814814814815 0.022916666666666665 0.03425925925925926
0 0.32083333333333336 0.16064814814814815 0.022916666666666665 0.03425925925925926
0 0.24270833333333333 0.16064814814814815 0.022916666666666665 0.03425925925925926
0 0.7166666666666667 0.24305555555555555 0.022916666666666665 0.03425925925925926
0 0.6385416666666667 0.24305555555555555 0.022916666666666665 0.03425925925925926
0 0.559375 0.24305555555555555 0.022916666666666665 0.03425925925925926
0 0.4791666666666667 0.24305555555555555 0.022916666666666665 0.03425925925925926
0 0.39895833333333336 0.2412037037037037 0.022916666666666665 0.03425925925925926
0 0.31875 0.2412037037037037 0.022916666666666665 0.03425925925925926
0 0.2375 0.2412037037037037 0.022916666666666665 0.03425925925925926
0 0.7291666666666666 0.3287037037037037 0.022916666666666665 0.03425925925925926
0 0.6479166666666667 0.3287037037037037 0.022916666666666665 0.03425925925925926
0 0.565625 0.3287037037037037 0.022916666666666665 0.03425925925925926
0 0.48333333333333334 0.3287037037037037 0.022916666666666665 0.03425925925925926
0 0.4 0.3287037037037037 0.022916666666666665 0.03425925925925926
0 0.31666666666666665 0.3287037037037037 0.022916666666666665 0.03425925925925926
0 0.23229166666666667 0.3300925925925926 0.022916666666666665 0.03425925925925926
0 0.7427083333333333 0.4222222222222222 0.022916666666666665 0.03425925925925926
0 0.6583333333333333 0.4222222222222222 0.022916666666666665 0.03425925925925926
0 0.5729166666666666 0.4222222222222222 0.022916666666666665 0.03425925925925926
0 0.4875 0.4236111111111111 0.022916666666666665 0.03425925925925926
0 0.4010416666666667 0.4236111111111111 0.022916666666666665 0.03425925925925926
0 0.31354166666666666 0.4236111111111111 0.022916666666666665 0.03425925925925926
0 0.22604166666666667 0.4236111111111111 0.022916666666666665 0.03425925925925926
0 0.7583333333333333 0.5217592592592593 0.022916666666666665 0.03425925925925926
0 0.6697916666666667 0.5231481481481481 0.022916666666666665 0.03425925925925926
0 0.58125 0.5231481481481481 0.022916666666666665 0.03425925925925926
0 0.49166666666666664 0.525 0.022916666666666665 0.03425925925925926
0 0.4010416666666667 0.525 0.022916666666666665 0.03425925925925926
0 0.3104166666666667 0.5263888888888889 0.022916666666666665 0.03425925925925926
0 0.21875 0.5263888888888889 0.022916666666666665 0.03425925925925926
0 0.7739583333333333 0.6310185185185185 0.022916666666666665 0.03425925925925926
0 0.6822916666666666 0.6324074074074074 0.022916666666666665 0.03425925925925926
0 0.5895833333333333 0.6337962962962963 0.022916666666666665 0.03425925925925926
0 0.49583333333333335 0.6356481481481482 0.022916666666666665 0.03425925925925926
0 0.40208333333333335 0.6356481481481482 0.022916666666666665 0.03425925925925926
0 0.3072916666666667 0.6370370370370371 0.022916666666666665 0.03425925925925926
0 0.21145833333333333 0.638425925925926 0.022916666666666665 0.03425925925925926
0 0.7916666666666666 0.7509259259259259 0.022916666666666665 0.03425925925925926
0 0.6958333333333333 0.7523148148148148 0.022916666666666665 0.03425925925925926
0 0.5989583333333334 0.7537037037037037 0.022916666666666665 0.03425925925925926
0 0.5010416666666667 0.7555555555555555 0.022916666666666665 0.03425925925925926
0 0.403125 0.7569444444444444 0.022916666666666665 0.03425925925925926
0 0.30416666666666664 0.7587962962962963 0.022916666666666665 0.03425925925925926
0 0.20416666666666666 0.7601851851851852 0.022916666666666665 0.03425925925925926