0 0.721875 0.12777777777777777 0.022916666666666665 0.03425925925925926
0 0.6458333333333334 0.12453703703703704 0.022916666666666665 0.03425925925925926
0 0.5708333333333333 0.12129629629629629 0.022916666666666665 0.03425925925925926
0 0.4947916666666667 0.11851851851851852 0.022916666666666665 0.03425925925925926
0 0.41875 0.11527777777777778 0.022916666666666665 0.03425925925925926
0 0.34270833333333334 0.11203703703703703 0.022916666666666665 0.03425925925925926
0 0.26666666666666666 0.10925925925925926 0.022916666666666665 0.03425925925925926
0 0.73125 0.20555555555555555 0.022916666666666665 0.03425925925925926
0 0.653125 0.2023148148148148 0.022916666666666665 0.03425925925925926
0 0.575 0.19953703703703704 0.022916666666666665 0.03425925925925926
0 0.496875 0.1962962962962963 0.022916666666666665 0.03425925925925926
0 0.41770833333333335 0.19305555555555556 0.022916666666666665 0.03425925925925926
0 0.3385416666666667 0.18981481481481483 0.022916666666666665 0.03425925925925926
0 0.2604166666666667 0.18703703703703703 0.022916666666666665 0.03425925925925926
0 0.7416666666666667 0.2898148148148148 0.022916666666666665 0.03425925925925926
0 0.6604166666666667 0.2865740740740741 0.022916666666666665 0.03425925925925926
0 0.5791666666666667 0.2833333333333333 0.022916666666666665 0.03425925925925926
0 0.4979166666666667 0.28055555555555556 0.022916666666666665 0.03425925925925926
0 0.4166666666666667 0.2773148148148148 0.022916666666666665 0.03425925925925926
0 0.334375 0.2740740740740741 0.022916666666666665 0.03425925925925926
0 0.253125 0.2708333333333333 0.022916666666666665 0.03425925925925926
0 0.7520833333333333 0.3800925925925926 0.022916666666666665 0.03425925925925926
0 0.66875 0.3768518518518518 0.022916666666666665 0.03425925925925926
0 0.584375 0.3736111111111111 0.022916666666666665 0.03425925925925926
0 0.5 0.37083333333333335 0.022916666666666665 0.03425925925925926
0 0.41458333333333336 0.3675925925925926 0.022916666666666665 0.03425925925925926
0 0.3302083333333333 0.36435185185185187 0.022916666666666665 0.03425925925925926
0 0.24479166666666666 0.36157407407407405 0.022916666666666665 0.03425925925925926
0 0.7645833333333333 0.47824074074074074 0.022916666666666665 0.03425925925925926
0 0.6770833333333334 0.475 0.022916666666666665 0.03425925925925926
0 0.5895833333333333 0.47175925925925927 0.022916666666666665 0.03425925925925926
0 0.5010416666666667 0.4689814814814815 0.022916666666666665 0.03425925925925926
0 0.41354166666666664 0.46574074074074073 0.022916666666666665 0.03425925925925926
0 0.325 0.4625 0.022916666666666665 0.03425925925925926
0 0.23645833333333333 0.4597222222222222 0.022916666666666665 0.03425925925925926
0 0.7770833333333333 0.5842592592592593 0.022916666666666665 0.03425925925925926
0 0.6864583333333333 0.5810185185185185 0.022916666666666665 0.03425925925925926
0 0.5947916666666667 0.5777777777777777 0.022916666666666665 0.03425925925925926
0 0.503125 0.5745370370370371 0.022916666666666665 0.03425925925925926
0 0.4114583333333333 0.5717592592592593 0.022916666666666665 0.03425925925925926
0 0.31875 0.5685185185185185 0.022916666666666665 0.03425925925925926
0 0.22708333333333333 0.5652777777777778 0.022916666666666665 0.03425925925925926
0 0.790625 0.6995370370370371 0.022916666666666665 0.03425925925925926
0 0.6958333333333333 0.6962962962962963 0.022916666666666665 0.03425925925925926
0 0.6010416666666667 0.6930555555555555 0.022916666666666665 0.03425925925925926
0 0.5052083333333334 0.6898148148148148 0.022916666666666665 0.03425925925925926
0 0.409375 0.687037037037037 0.022916666666666665 0.03425925925925926
0 0.31354166666666666 0.6837962962962963 0.022916666666666665 0.03425925925925926
0 0.21666666666666667 0.6805555555555556 0.022916666666666665 0.03425925925925926