0 0.6791666666666667 0.1875 0.025 0.03333333333333333
0 0.6135416666666667 0.1875 0.025 0.03333333333333333
0 0.5479166666666667 0.1875 0.025 0.03333333333333333
0 0.48125 0.1875 0.025 0.03333333333333333
0 0.41354166666666664 0.1875 0.025 0.03333333333333333
0 0.3458333333333333 0.1875 0.025 0.03333333333333333
0 0.2760416666666667 0.1875 0.025 0.03333333333333333
0 0.690625 0.25 0.025 0.03333333333333333
0 0.6229166666666667 0.25 0.025 0.03333333333333333
0 0.553125 0.2513888888888889 0.025 0.03333333333333333
0 0.48333333333333334 0.2513888888888889 0.025 0.03333333333333333
0 0.4125 0.2513888888888889 0.025 0.03333333333333333
0 0.340625 0.25277777777777777 0.025 0.03333333333333333
0 0.26875 0.25277777777777777 0.025 0.03333333333333333
0 0.7041666666666667 0.3194444444444444 0.025 0.03333333333333333
0 0.6322916666666667 0.32083333333333336 0.025 0.03333333333333333
0 0.559375 0.32083333333333336 0.025 0.03333333333333333
0 0.4864583333333333 0.32222222222222224 0.025 0.03333333333333333
0 0.4114583333333333 0.3236111111111111 0.025 0.03333333333333333
0 0.33645833333333336 0.3236111111111111 0.025 0.03333333333333333
0 0.2604166666666667 0.325 0.025 0.03333333333333333
0 0.71875 0.3958333333333333 0.025 0.03333333333333333
0 0.6427083333333333 0.3972222222222222 0.025 0.03333333333333333
0 0.5666666666666667 0.39861111111111114 0.025 0.03333333333333333
0 0.48854166666666665 0.4 0.025 0.03333333333333333
0 0.41041666666666665 0.4013888888888889 0.025 0.03333333333333333
0 0.33125 0.4027777777777778 0.025 0.03333333333333333
0 0.25104166666666666 0.4041666666666667 0.025 0.03333333333333333
0 0.734375 0.48194444444444445 0.025 0.03333333333333333
0 0.6541666666666667 0.48333333333333334 0.025 0.03333333333333333
0 0.5739583333333333 0.4861111111111111 0.025 0.03333333333333333
0 0.49166666666666664 0.4875 0.025 0.03333333333333333
0 0.409375 0.49027777777777776 0.025 0.03333333333333333
0 0.325 0.49166666666666664 0.025 0.03333333333333333
0 0.23958333333333334 0.49444444444444446 0.025 0.03333333333333333
0 0.7520833333333333 0.5777777777777777 0.025 0.03333333333333333
0 0.6677083333333333 0.5805555555555556 0.025 0.03333333333333333
0 0.5822916666666667 0.5833333333333334 0.025 0.03333333333333333
0 0.49583333333333335 0.5861111111111111 0.025 0.03333333333333333
0 0.40729166666666666 0.5888888888888889 0.025 0.03333333333333333
0 0.31875 0.5916666666666667 0.025 0.03333333333333333
0 0.228125 0.5944444444444444 0.025 0.03333333333333333
0 0.771875 0.6847222222222222 0.025 0.03333333333333333
0 0.6822916666666666 0.6888888888888889 0.025 0.03333333333333333
0 0.5916666666666667 0.6930555555555555 0.025 0.03333333333333333
0 0.5 0.6958333333333333 0.025 0.03333333333333333
0 0.40625 0.7 0.025 0.03333333333333333
0 0.31145833333333334 0.7041666666666667 0.025 0.03333333333333333
0 0.21458333333333332 0.7069444444444445 0.025 0.03333333333333333