0 0.7 0.3490740740740741 0.029166666666666667 0.029166666666666667
0 0.6333333333333333 0.35 0.029166666666666667 0.029166666666666667
0 0.5677083333333334 0.3509259259259259 0.029166666666666667 0.029166666666666667
0 0.5010416666666667 0.35185185185185186 0.029166666666666667 0.029166666666666667
0 0.4354166666666667 0.35185185185185186 0.029166666666666667 0.029166666666666667
0 0.36875 0.35324074074074074 0.029166666666666667 0.029166666666666667
0 0.303125 0.3541666666666667 0.029166666666666667 0.029166666666666667
0 0.7083333333333334 0.4041666666666667 0.029166666666666667 0.029166666666666667
0 0.6395833333333333 0.4050925925925926 0.029166666666666667 0.029166666666666667
0 0.5708333333333333 0.4064814814814815 0.029166666666666667 0.029166666666666667
0 0.5020833333333333 0.4064814814814815 0.029166666666666667 0.029166666666666667
0 0.43333333333333335 0.4074074074074074 0.029166666666666667 0.029166666666666667
0 0.3645833333333333 0.4083333333333333 0.029166666666666667 0.029166666666666667
0 0.29583333333333334 0.40925925925925927 0.029166666666666667 0.029166666666666667
0 0.7166666666666667 0.4634259259259259 0.029166666666666667 0.029166666666666667
0 0.6447916666666667 0.4648148148148148 0.029166666666666667 0.029166666666666667
0 0.5739583333333333 0.46574074074074073 0.029166666666666667 0.029166666666666667
0 0.5020833333333333 0.4666666666666667 0.029166666666666667 0.029166666666666667
0 0.43125 0.4666666666666667 0.029166666666666667 0.029166666666666667
0 0.359375 0.4675925925925926 0.029166666666666667 0.029166666666666667
0 0.2875 0.4685185185185185 0.029166666666666667 0.029166666666666667
0 0.7260416666666667 0.5282407407407408 0.029166666666666667 0.029166666666666667
0 0.6510416666666666 0.5291666666666667 0.029166666666666667 0.029166666666666667
0 0.5770833333333333 0.5291666666666667 0.029166666666666667 0.029166666666666667
0 0.5020833333333333 0.5300925925925926 0.029166666666666667 0.029166666666666667
0 0.428125 0.5314814814814814 0.029166666666666667 0.029166666666666667
0 0.3541666666666667 0.5324074074074074 0.029166666666666667 0.029166666666666667
0 0.28020833333333334 0.5333333333333333 0.029166666666666667 0.029166666666666667
0 0.7354166666666667 0.5981481481481481 0.029166666666666667 0.029166666666666667
0 0.6583333333333333 0.5981481481481481 0.029166666666666667 0.029166666666666667
0 0.5802083333333333 0.5990740740740741 0.029166666666666667 0.029166666666666667
0 0.503125 0.6 0.029166666666666667 0.029166666666666667
0 0.42604166666666665 0.600925925925926 0.029166666666666667 0.029166666666666667
0 0.34791666666666665 0.6018518518518519 0.029166666666666667 0.029166666666666667
0 0.2708333333333333 0.6032407407407407 0.029166666666666667 0.029166666666666667
0 0.746875 0.6731481481481482 0.029166666666666667 0.029166666666666667
0 0.665625 0.674074074074074 0.029166666666666667 0.029166666666666667
0 0.584375 0.675 0.029166666666666667 0.029166666666666667
0 0.503125 0.6759259259259259 0.029166666666666667 0.029166666666666667
0 0.42291666666666666 0.6768518518518518 0.029166666666666667 0.029166666666666667
0 0.3416666666666667 0.6782407407407407 0.029166666666666667 0.029166666666666667
0 0.2604166666666667 0.6791666666666667 0.029166666666666667 0.029166666666666667
0 0.7583333333333333 0.7564814814814815 0.029166666666666667 0.029166666666666667
0 0.6739583333333333 0.7574074074074074 0.029166666666666667 0.029166666666666667
0 0.5885416666666666 0.7583333333333333 0.029166666666666667 0.029166666666666667
0 0.5041666666666667 0.7592592592592593 0.029166666666666667 0.029166666666666667
0 0.4197916666666667 0.7601851851851852 0.029166666666666667 0.029166666666666667
0 0.334375 0.7615740740740741 0.029166666666666667 0.029166666666666667
0 0.25 0.7625 0.029166666666666667 0.029166666666666667