0 0.2604166666666667 0.23657407407407408 0.035416666666666666 0.03518518518518519
0 0.33645833333333336 0.23333333333333334 0.035416666666666666 0.03518518518518519
0 0.4125 0.23148148148148148 0.035416666666666666 0.03518518518518519
0 0.48854166666666665 0.22824074074074074 0.035416666666666666 0.03518518518518519
0 0.5645833333333333 0.225 0.035416666666666666 0.03518518518518519
0 0.6416666666666667 0.22314814814814815 0.035416666666666666 0.03518518518518519
0 0.7177083333333333 0.2199074074074074 0.035416666666666666 0.03518518518518519
0 0.25104166666666666 0.29074074074074074 0.035416666666666666 0.03518518518518519
0 0.3302083333333333 0.2884259259259259 0.035416666666666666 0.03518518518518519
0 0.409375 0.2851851851851852 0.035416666666666666 0.03518518518518519
0 0.48854166666666665 0.2824074074074074 0.035416666666666666 0.03518518518518519
0 0.5677083333333334 0.2791666666666667 0.035416666666666666 0.03518518518518519
0 0.6479166666666667 0.27685185185185185 0.035416666666666666 0.03518518518518519
0 0.7270833333333333 0.2740740740740741 0.035416666666666666 0.03518518518518519
0 0.24166666666666667 0.35 0.035416666666666666 0.03518518518518519
0 0.32395833333333335 0.34675925925925927 0.035416666666666666 0.03518518518518519
0 0.40625 0.3435185185185185 0.035416666666666666 0.03518518518518519
0 0.48854166666666665 0.3416666666666667 0.035416666666666666 0.03518518518518519
0 0.571875 0.3384259259259259 0.035416666666666666 0.03518518518518519
0 0.6541666666666667 0.3351851851851852 0.035416666666666666 0.03518518518518519
0 0.7375 0.33240740740740743 0.035416666666666666 0.03518518518518519
0 0.23020833333333332 0.4148148148148148 0.035416666666666666 0.03518518518518519
0 0.31666666666666665 0.4115740740740741 0.035416666666666666 0.03518518518518519
0 0.403125 0.4083333333333333 0.035416666666666666 0.03518518518518519
0 0.48854166666666665 0.4050925925925926 0.035416666666666666 0.03518518518518519
0 0.575 0.40185185185185185 0.035416666666666666 0.03518518518518519
0 0.6614583333333334 0.4 0.035416666666666666 0.03518518518518519
0 0.7479166666666667 0.39675925925925926 0.035416666666666666 0.03518518518518519
0 0.21875 0.4842592592592593 0.035416666666666666 0.03518518518518519
0 0.30833333333333335 0.48148148148148145 0.035416666666666666 0.03518518518518519
0 0.39895833333333336 0.47824074074074074 0.035416666666666666 0.03518518518518519
0 0.48854166666666665 0.4759259259259259 0.035416666666666666 0.03518518518518519
0 0.5791666666666667 0.47314814814814815 0.035416666666666666 0.03518518518518519
0 0.6697916666666667 0.4699074074074074 0.035416666666666666 0.03518518518518519
0 0.7604166666666666 0.4666666666666667 0.035416666666666666 0.03518518518518519
0 0.20520833333333333 0.5615740740740741 0.035416666666666666 0.03518518518518519
0 0.3 0.5583333333333333 0.035416666666666666 0.03518518518518519
0 0.39479166666666665 0.5550925925925926 0.035416666666666666 0.03518518518518519
0 0.48854166666666665 0.5518518518518518 0.035416666666666666 0.03518518518518519
0 0.5833333333333334 0.549074074074074 0.035416666666666666 0.03518518518518519
0 0.678125 0.5458333333333333 0.035416666666666666 0.03518518518518519
0 0.7739583333333333 0.5425925925925926 0.035416666666666666 0.03518518518518519
0 0.19166666666666668 0.6467592592592593 0.035416666666666666 0.03518518518518519
0 0.290625 0.6435185185185185 0.035416666666666666 0.03518518518518519
0 0.38958333333333334 0.6407407407407407 0.035416666666666666 0.03518518518518519
0 0.4895833333333333 0.6375 0.035416666666666666 0.03518518518518519
0 0.5885416666666666 0.6333333333333333 0.035416666666666666 0.03518518518518519
0 0.6885416666666667 0.6300925925925925 0.035416666666666666 0.03518518518518519
0 0.7885416666666667 0.6268518518518519 0.035416666666666666 0.03518518518518519