0 0.6677083333333333 0.175 0.025 0.03333333333333333
0 0.5989583333333334 0.18055555555555555 0.025 0.03333333333333333
0 0.53125 0.18472222222222223 0.025 0.03333333333333333
0 0.4625 0.19027777777777777 0.025 0.03333333333333333
0 0.39479166666666665 0.19583333333333333 0.025 0.03333333333333333
0 0.32708333333333334 0.2 0.025 0.03333333333333333
0 0.259375 0.20555555555555555 0.025 0.03333333333333333
0 0.678125 0.2388888888888889 0.025 0.03333333333333333
0 0.60625 0.24305555555555555 0.025 0.03333333333333333
0 0.534375 0.24861111111111112 0.025 0.03333333333333333
0 0.4625 0.25416666666666665 0.025 0.03333333333333333
0 0.39166666666666666 0.25972222222222224 0.025 0.03333333333333333
0 0.31979166666666664 0.2652777777777778 0.025 0.03333333333333333
0 0.25 0.26944444444444443 0.025 0.03333333333333333
0 0.6895833333333333 0.30833333333333335 0.025 0.03333333333333333
0 0.6135416666666667 0.3138888888888889 0.025 0.03333333333333333
0 0.5375 0.3194444444444444 0.025 0.03333333333333333
0 0.4625 0.325 0.025 0.03333333333333333
0 0.3875 0.33055555555555555 0.025 0.03333333333333333
0 0.3125 0.33611111111111114 0.025 0.03333333333333333
0 0.23854166666666668 0.3402777777777778 0.025 0.03333333333333333
0 0.7010416666666667 0.3875 0.025 0.03333333333333333
0 0.6208333333333333 0.39305555555555555 0.025 0.03333333333333333
0 0.5416666666666666 0.39861111111111114 0.025 0.03333333333333333
0 0.4625 0.4041666666666667 0.025 0.03333333333333333
0 0.38333333333333336 0.4097222222222222 0.025 0.03333333333333333
0 0.30416666666666664 0.41388888888888886 0.025 0.03333333333333333
0 0.22604166666666667 0.41944444444444445 0.025 0.03333333333333333
0 0.715625 0.475 0.025 0.03333333333333333
0 0.6302083333333334 0.48055555555555557 0.025 0.03333333333333333
0 0.5458333333333333 0.4861111111111111 0.025 0.03333333333333333
0 0.46145833333333336 0.49166666666666664 0.025 0.03333333333333333
0 0.378125 0.49722222222222223 0.025 0.03333333333333333
0 0.2947916666666667 0.5027777777777778 0.025 0.03333333333333333
0 0.21145833333333333 0.5083333333333333 0.025 0.03333333333333333
0 0.73125 0.5736111111111111 0.025 0.03333333333333333
0 0.640625 0.5791666666666667 0.025 0.03333333333333333
0 0.5510416666666667 0.5847222222222223 0.025 0.03333333333333333
0 0.46145833333333336 0.5902777777777778 0.025 0.03333333333333333
0 0.3729166666666667 0.5958333333333333 0.025 0.03333333333333333
0 0.284375 0.6013888888888889 0.025 0.03333333333333333
0 0.19583333333333333 0.6069444444444444 0.025 0.03333333333333333
0 0.7489583333333333 0.6847222222222222 0.025 0.03333333333333333
0 0.6520833333333333 0.6902777777777778 0.025 0.03333333333333333
0 0.55625 0.6958333333333333 0.025 0.03333333333333333
0 0.46145833333333336 0.7013888888888888 0.025 0.03333333333333333
0 0.36666666666666664 0.7083333333333334 0.025 0.03333333333333333
0 0.271875 0.7138888888888889 0.025 0.03333333333333333
0 0.178125 0.7194444444444444 0.025 0.03333333333333333