0 0.6739583333333333 0.1638888888888889 0.025 0.03333333333333333
0 0.6052083333333333 0.16666666666666666 0.025 0.03333333333333333
0 0.5364583333333334 0.17083333333333334 0.025 0.03333333333333333
0 0.46875 0.175 0.025 0.03333333333333333
0 0.4 0.17777777777777778 0.025 0.03333333333333333
0 0.33125 0.18194444444444444 0.025 0.03333333333333333
0 0.2625 0.18472222222222223 0.025 0.03333333333333333
0 0.6854166666666667 0.22916666666666666 0.025 0.03333333333333333
0 0.6135416666666667 0.23333333333333334 0.025 0.03333333333333333
0 0.5416666666666666 0.2375 0.025 0.03333333333333333
0 0.46979166666666666 0.24027777777777778 0.025 0.03333333333333333
0 0.39791666666666664 0.24444444444444444 0.025 0.03333333333333333
0 0.3260416666666667 0.24861111111111112 0.025 0.03333333333333333
0 0.25416666666666665 0.25277777777777777 0.025 0.03333333333333333
0 0.6979166666666666 0.3013888888888889 0.025 0.03333333333333333
0 0.6229166666666667 0.3055555555555556 0.025 0.03333333333333333
0 0.546875 0.30972222222222223 0.025 0.03333333333333333
0 0.471875 0.3138888888888889 0.025 0.03333333333333333
0 0.396875 0.31805555555555554 0.025 0.03333333333333333
0 0.32083333333333336 0.32222222222222224 0.025 0.03333333333333333
0 0.24583333333333332 0.3263888888888889 0.025 0.03333333333333333
0 0.7114583333333333 0.38055555555555554 0.025 0.03333333333333333
0 0.6322916666666667 0.38472222222222224 0.025 0.03333333333333333
0 0.553125 0.3902777777777778 0.025 0.03333333333333333
0 0.4739583333333333 0.39444444444444443 0.025 0.03333333333333333
0 0.39479166666666665 0.39861111111111114 0.025 0.03333333333333333
0 0.315625 0.4027777777777778 0.025 0.03333333333333333
0 0.23541666666666666 0.40694444444444444 0.025 0.03333333333333333
0 0.7270833333333333 0.46944444444444444 0.025 0.03333333333333333
0 0.64375 0.4736111111111111 0.025 0.03333333333333333
0 0.5604166666666667 0.4791666666666667 0.025 0.03333333333333333
0 0.47604166666666664 0.48333333333333334 0.025 0.03333333333333333
0 0.3927083333333333 0.4875 0.025 0.03333333333333333
0 0.309375 0.4930555555555556 0.025 0.03333333333333333
0 0.225 0.49722222222222223 0.025 0.03333333333333333
0 0.74375 0.5680555555555555 0.025 0.03333333333333333
0 0.65625 0.5736111111111111 0.025 0.03333333333333333
0 0.5677083333333334 0.5777777777777777 0.025 0.03333333333333333
0 0.4791666666666667 0.5833333333333334 0.025 0.03333333333333333
0 0.390625 0.5875 0.025 0.03333333333333333
0 0.3020833333333333 0.5930555555555556 0.025 0.03333333333333333
0 0.21354166666666666 0.5972222222222222 0.025 0.03333333333333333
0 0.7635416666666667 0.6791666666666667 0.025 0.03333333333333333
0 0.6697916666666667 0.6847222222222222 0.025 0.03333333333333333
0 0.5760416666666667 0.6888888888888889 0.025 0.03333333333333333
0 0.4822916666666667 0.6944444444444444 0.025 0.03333333333333333
0 0.3875 0.7 0.025 0.03333333333333333
0 0.29375 0.7055555555555556 0.025 0.03333333333333333
0 0.2 0.7111111111111111 0.025 0.03333333333333333