0 0.6989583333333333 0.1310185185185185 0.022916666666666665 0.03425925925925926
0 0.6239583333333333 0.12916666666666668 0.022916666666666665 0.03425925925925926
0 0.5489583333333333 0.12777777777777777 0.022916666666666665 0.03425925925925926
0 0.47291666666666665 0.12638888888888888 0.022916666666666665 0.03425925925925926
0 0.3958333333333333 0.12453703703703704 0.022916666666666665 0.03425925925925926
0 0.31979166666666664 0.12314814814814815 0.022916666666666665 0.03425925925925926
0 0.24166666666666667 0.12129629629629629 0.022916666666666665 0.03425925925925926
0 0.709375 0.20879629629629629 0.022916666666666665 0.03425925925925926
0 0.6322916666666667 0.20694444444444443 0.022916666666666665 0.03425925925925926
0 0.5541666666666667 0.20555555555555555 0.022916666666666665 0.03425925925925926
0 0.47604166666666664 0.20416666666666666 0.022916666666666665 0.03425925925925926
0 0.396875 0.2023148148148148 0.022916666666666665 0.03425925925925926
0 0.31666666666666665 0.20092592592592592 0.022916666666666665 0.03425925925925926
0 0.23645833333333333 0.19953703703703704 0.022916666666666665 0.03425925925925926
0 0.721875 0.2912037037037037 0.022916666666666665 0.03425925925925926
0 0.640625 0.2912037037037037 0.022916666666666665 0.03425925925925926
0 0.5604166666666667 0.2898148148148148 0.022916666666666665 0.03425925925925926
0 0.478125 0.287962962962963 0.022916666666666665 0.03425925925925926
0 0.396875 0.2865740740740741 0.022916666666666665 0.03425925925925926
0 0.31354166666666666 0.2865740740740741 0.022916666666666665 0.03425925925925926
0 0.23020833333333332 0.2851851851851852 0.022916666666666665 0.03425925925925926
0 0.734375 0.3814814814814815 0.022916666666666665 0.03425925925925926
0 0.6510416666666666 0.3800925925925926 0.022916666666666665 0.03425925925925926
0 0.5666666666666667 0.3800925925925926 0.022916666666666665 0.03425925925925926
0 0.4822916666666667 0.3787037037037037 0.022916666666666665 0.03425925925925926
0 0.396875 0.3787037037037037 0.022916666666666665 0.03425925925925926
0 0.3104166666666667 0.3768518518518518 0.022916666666666665 0.03425925925925926
0 0.22395833333333334 0.3768518518518518 0.022916666666666665 0.03425925925925926
0 0.746875 0.47824074074074074 0.022916666666666665 0.03425925925925926
0 0.6604166666666667 0.47824074074074074 0.022916666666666665 0.03425925925925926
0 0.5739583333333333 0.47685185185185186 0.022916666666666665 0.03425925925925926
0 0.48541666666666666 0.47685185185185186 0.022916666666666665 0.03425925925925926
0 0.396875 0.47685185185185186 0.022916666666666665 0.03425925925925926
0 0.3072916666666667 0.475 0.022916666666666665 0.03425925925925926
0 0.21770833333333334 0.475 0.022916666666666665 0.03425925925925926
0 0.7625 0.5824074074074074 0.022916666666666665 0.03425925925925926
0 0.671875 0.5824074074074074 0.022916666666666665 0.03425925925925926
0 0.58125 0.5824074074074074 0.022916666666666665 0.03425925925925926
0 0.4895833333333333 0.5824074074074074 0.022916666666666665 0.03425925925925926
0 0.396875 0.5824074074074074 0.022916666666666665 0.03425925925925926
0 0.30416666666666664 0.5824074074074074 0.022916666666666665 0.03425925925925926
0 0.21041666666666667 0.5824074074074074 0.022916666666666665 0.03425925925925926
0 0.778125 0.6962962962962963 0.022916666666666665 0.03425925925925926
0 0.684375 0.6976851851851852 0.022916666666666665 0.03425925925925926
0 0.5895833333333333 0.6976851851851852 0.022916666666666665 0.03425925925925926
0 0.49375 0.6976851851851852 0.022916666666666665 0.03425925925925926
0 0.396875 0.6976851851851852 0.022916666666666665 0.03425925925925926
0 0.3 0.6995370370370371 0.022916666666666665 0.03425925925925926
0 0.20208333333333334 0.6995370370370371 0.022916666666666665 0.03425925925925926