0 0.26979166666666665 0.24166666666666667 0.03333333333333333 0.03333333333333333
0 0.3416666666666667 0.24074074074074073 0.03333333333333333 0.03333333333333333
0 0.41458333333333336 0.23981481481481481 0.03333333333333333 0.03333333333333333
0 0.4875 0.23842592592592593 0.03333333333333333 0.03333333333333333
0 0.5614583333333333 0.2375 0.03333333333333333 0.03333333333333333
0 0.634375 0.2351851851851852 0.03333333333333333 0.03333333333333333
0 0.7072916666666667 0.23425925925925925 0.03333333333333333 0.03333333333333333
0 0.25833333333333336 0.29259259259259257 0.03333333333333333 0.03333333333333333
0 0.334375 0.2916666666666667 0.03333333333333333 0.03333333333333333
0 0.41041666666666665 0.29074074074074074 0.03333333333333333 0.03333333333333333
0 0.4864583333333333 0.2884259259259259 0.03333333333333333 0.03333333333333333
0 0.5625 0.2875 0.03333333333333333 0.03333333333333333
0 0.6385416666666667 0.2865740740740741 0.03333333333333333 0.03333333333333333
0 0.7145833333333333 0.2851851851851852 0.03333333333333333 0.03333333333333333
0 0.246875 0.34814814814814815 0.03333333333333333 0.03333333333333333
0 0.3260416666666667 0.34675925925925927 0.03333333333333333 0.03333333333333333
0 0.40520833333333334 0.3458333333333333 0.03333333333333333 0.03333333333333333
0 0.484375 0.3449074074074074 0.03333333333333333 0.03333333333333333
0 0.5635416666666667 0.3425925925925926 0.03333333333333333 0.03333333333333333
0 0.64375 0.3416666666666667 0.03333333333333333 0.03333333333333333
0 0.7229166666666667 0.34074074074074073 0.03333333333333333 0.03333333333333333
0 0.23333333333333334 0.4083333333333333 0.03333333333333333 0.03333333333333333
0 0.31666666666666665 0.4074074074074074 0.03333333333333333 0.03333333333333333
0 0.39895833333333336 0.4064814814814815 0.03333333333333333 0.03333333333333333
0 0.4822916666666667 0.4041666666666667 0.03333333333333333 0.03333333333333333
0 0.565625 0.40324074074074073 0.03333333333333333 0.03333333333333333
0 0.6489583333333333 0.40185185185185185 0.03333333333333333 0.03333333333333333
0 0.7322916666666667 0.4009259259259259 0.03333333333333333 0.03333333333333333
0 0.21875 0.475 0.03333333333333333 0.03333333333333333
0 0.30625 0.47314814814814815 0.03333333333333333 0.03333333333333333
0 0.3927083333333333 0.47175925925925927 0.03333333333333333 0.03333333333333333
0 0.48020833333333335 0.4708333333333333 0.03333333333333333 0.03333333333333333
0 0.5666666666666667 0.4699074074074074 0.03333333333333333 0.03333333333333333
0 0.6541666666666667 0.4685185185185185 0.03333333333333333 0.03333333333333333
0 0.7416666666666667 0.4666666666666667 0.03333333333333333 0.03333333333333333
0 0.203125 0.5481481481481482 0.03333333333333333 0.03333333333333333
0 0.2947916666666667 0.5458333333333333 0.03333333333333333 0.03333333333333333
0 0.3854166666666667 0.5449074074074074 0.03333333333333333 0.03333333333333333
0 0.47708333333333336 0.5435185185185185 0.03333333333333333 0.03333333333333333
0 0.56875 0.5425925925925926 0.03333333333333333 0.03333333333333333
0 0.6604166666666667 0.5416666666666666 0.03333333333333333 0.03333333333333333
0 0.753125 0.5398148148148149 0.03333333333333333 0.03333333333333333
0 0.18645833333333334 0.6282407407407408 0.03333333333333333 0.03333333333333333
0 0.28229166666666666 0.6268518518518519 0.03333333333333333 0.03333333333333333
0 0.378125 0.6259259259259259 0.03333333333333333 0.03333333333333333
0 0.475 0.625 0.03333333333333333 0.03333333333333333
0 0.5708333333333333 0.6231481481481481 0.03333333333333333 0.03333333333333333
0 0.6677083333333333 0.6217592592592592 0.03333333333333333 0.03333333333333333
0 0.7645833333333333 0.6208333333333333 0.03333333333333333 0.03333333333333333