0 0.7447916666666666 0.1259259259259259 0.035416666666666666 0.03518518518518519
0 0.6677083333333333 0.12916666666666668 0.035416666666666666 0.03518518518518519
0 0.5916666666666667 0.13333333333333333 0.035416666666666666 0.03518518518518519
0 0.5145833333333333 0.1375 0.035416666666666666 0.03518518518518519
0 0.4375 0.14166666666666666 0.035416666666666666 0.03518518518518519
0 0.36041666666666666 0.14583333333333334 0.035416666666666666 0.03518518518518519
0 0.2833333333333333 0.15 0.035416666666666666 0.03518518518518519
0 0.7552083333333334 0.17824074074074073 0.035416666666666666 0.03518518518518519
0 0.6760416666666667 0.1824074074074074 0.035416666666666666 0.03518518518518519
0 0.5958333333333333 0.1865740740740741 0.035416666666666666 0.03518518518518519
0 0.515625 0.19074074074074074 0.035416666666666666 0.03518518518518519
0 0.4354166666666667 0.19490740740740742 0.035416666666666666 0.03518518518518519
0 0.35520833333333335 0.19907407407407407 0.035416666666666666 0.03518518518518519
0 0.2760416666666667 0.20324074074074075 0.035416666666666666 0.03518518518518519
0 0.7666666666666667 0.23425925925925925 0.035416666666666666 0.03518518518518519
0 0.6833333333333333 0.23981481481481481 0.035416666666666666 0.03518518518518519
0 0.6010416666666667 0.24351851851851852 0.035416666666666666 0.03518518518518519
0 0.5177083333333333 0.24814814814814815 0.035416666666666666 0.03518518518518519
0 0.434375 0.2518518518518518 0.035416666666666666 0.03518518518518519
0 0.35104166666666664 0.2564814814814815 0.035416666666666666 0.03518518518518519
0 0.2677083333333333 0.2601851851851852 0.035416666666666666 0.03518518518518519
0 0.7791666666666667 0.29583333333333334 0.035416666666666666 0.03518518518518519
0 0.6927083333333334 0.30092592592592593 0.035416666666666666 0.03518518518518519
0 0.60625 0.3050925925925926 0.035416666666666666 0.03518518518518519
0 0.51875 0.30925925925925923 0.035416666666666666 0.03518518518518519
0 0.4322916666666667 0.3148148148148148 0.035416666666666666 0.03518518518518519
0 0.3458333333333333 0.31851851851851853 0.035416666666666666 0.03518518518518519
0 0.259375 0.32407407407407407 0.035416666666666666 0.03518518518518519
0 0.7927083333333333 0.36342592592592593 0.035416666666666666 0.03518518518518519
0 0.7020833333333333 0.3675925925925926 0.035416666666666666 0.03518518518518519
0 0.6114583333333333 0.3731481481481482 0.035416666666666666 0.03518518518518519
0 0.5208333333333334 0.3768518518518518 0.035416666666666666 0.03518518518518519
0 0.43020833333333336 0.3824074074074074 0.035416666666666666 0.03518518518518519
0 0.340625 0.38657407407407407 0.035416666666666666 0.03518518518518519
0 0.25 0.39166666666666666 0.035416666666666666 0.03518518518518519
0 0.8072916666666666 0.4351851851851852 0.035416666666666666 0.03518518518518519
0 0.7125 0.44074074074074077 0.035416666666666666 0.03518518518518519
0 0.6177083333333333 0.44583333333333336 0.035416666666666666 0.03518518518518519
0 0.5229166666666667 0.45092592592592595 0.035416666666666666 0.03518518518518519
0 0.42916666666666664 0.4564814814814815 0.035416666666666666 0.03518518518518519
0 0.334375 0.4601851851851852 0.035416666666666666 0.03518518518518519
0 0.23958333333333334 0.46574074074074073 0.035416666666666666 0.03518518518518519
0 0.8229166666666666 0.5157407407407407 0.035416666666666666 0.03518518518518519
0 0.7239583333333334 0.5208333333333334 0.035416666666666666 0.03518518518518519
0 0.625 0.5259259259259259 0.035416666666666666 0.03518518518518519
0 0.5260416666666666 0.5314814814814814 0.035416666666666666 0.03518518518518519
0 0.4270833333333333 0.5365740740740741 0.035416666666666666 0.03518518518518519
0 0.32708333333333334 0.5416666666666666 0.035416666666666666 0.03518518518518519
0 0.228125 0.5467592592592593 0.035416666666666666 0.03518518518518519