0 0.2875 0.6666666666666666 0.020833333333333332 0.027777777777777776
0 0.365625 0.6652777777777777 0.020833333333333332 0.027777777777777776
0 0.44583333333333336 0.6638888888888889 0.020833333333333332 0.027777777777777776
0 0.5260416666666666 0.6625 0.020833333333333332 0.027777777777777776
0 0.6083333333333333 0.6611111111111111 0.020833333333333332 0.027777777777777776
0 0.6916666666666667 0.6597222222222222 0.020833333333333332 0.027777777777777776
0 0.7760416666666666 0.6583333333333333 0.020833333333333332 0.027777777777777776
0 0.2989583333333333 0.5736111111111111 0.020833333333333332 0.027777777777777776
0 0.37395833333333334 0.5722222222222222 0.020833333333333332 0.027777777777777776
0 0.45 0.5708333333333333 0.020833333333333332 0.027777777777777776
0 0.5270833333333333 0.5694444444444444 0.020833333333333332 0.027777777777777776
0 0.6052083333333333 0.5666666666666667 0.020833333333333332 0.027777777777777776
0 0.684375 0.5652777777777778 0.020833333333333332 0.027777777777777776
0 0.7645833333333333 0.5638888888888889 0.020833333333333332 0.027777777777777776
0 0.3104166666666667 0.49027777777777776 0.020833333333333332 0.027777777777777776
0 0.38229166666666664 0.4888888888888889 0.020833333333333332 0.027777777777777776
0 0.45416666666666666 0.4861111111111111 0.020833333333333332 0.027777777777777776
0 0.528125 0.4847222222222222 0.020833333333333332 0.027777777777777776
0 0.6020833333333333 0.48194444444444445 0.020833333333333332 0.027777777777777776
0 0.6770833333333334 0.4791666666666667 0.020833333333333332 0.027777777777777776
0 0.753125 0.4777777777777778 0.020833333333333332 0.027777777777777776
0 0.32083333333333336 0.4152777777777778 0.020833333333333332 0.027777777777777776
0 0.38958333333333334 0.4125 0.020833333333333332 0.027777777777777776
0 0.4583333333333333 0.4097222222222222 0.020833333333333332 0.027777777777777776
0 0.528125 0.40694444444444444 0.020833333333333332 0.027777777777777776
0 0.5989583333333334 0.4041666666666667 0.020833333333333332 0.027777777777777776
0 0.6708333333333333 0.4013888888888889 0.020833333333333332 0.027777777777777776
0 0.74375 0.39861111111111114 0.020833333333333332 0.027777777777777776
0 0.3302083333333333 0.3458333333333333 0.020833333333333332 0.027777777777777776
0 0.3958333333333333 0.34305555555555556 0.020833333333333332 0.027777777777777776
0 0.46145833333333336 0.3402777777777778 0.020833333333333332 0.027777777777777776
0 0.5291666666666667 0.33611111111111114 0.020833333333333332 0.027777777777777776
0 0.596875 0.3333333333333333 0.020833333333333332 0.027777777777777776
0 0.665625 0.33055555555555555 0.020833333333333332 0.027777777777777776
0 0.734375 0.3277777777777778 0.020833333333333332 0.027777777777777776
0 0.3385416666666667 0.28194444444444444 0.020833333333333332 0.027777777777777776
0 0.40208333333333335 0.2777777777777778 0.020833333333333332 0.027777777777777776
0 0.465625 0.275 0.020833333333333332 0.027777777777777776
0 0.5291666666666667 0.2722222222222222 0.020833333333333332 0.027777777777777776
0 0.5947916666666667 0.26944444444444443 0.020833333333333332 0.027777777777777776
0 0.6604166666666667 0.2652777777777778 0.020833333333333332 0.027777777777777776
0 0.7260416666666667 0.2625 0.020833333333333332 0.027777777777777776
0 0.346875 0.2222222222222222 0.020833333333333332 0.027777777777777776
0 0.40729166666666666 0.21944444444444444 0.020833333333333332 0.027777777777777776
0 0.46770833333333334 0.21666666666666667 0.020833333333333332 0.027777777777777776
0 0.5302083333333333 0.2125 0.020833333333333332 0.027777777777777776
0 0.5927083333333333 0.20972222222222223 0.020833333333333332 0.027777777777777776
0 0.6552083333333333 0.20555555555555555 0.020833333333333332 0.027777777777777776
0 0.71875 0.20277777777777778 0.020833333333333332 0.027777777777777776