0 0.22708333333333333 0.21342592592592594 0.035416666666666666 0.03518518518518519
0 0.30625 0.2175925925925926 0.035416666666666666 0.03518518518518519
0 0.3854166666666667 0.22175925925925927 0.035416666666666666 0.03518518518518519
0 0.4635416666666667 0.22592592592592592 0.035416666666666666 0.03518518518518519
0 0.5416666666666666 0.2300925925925926 0.035416666666666666 0.03518518518518519
0 0.6197916666666666 0.2351851851851852 0.035416666666666666 0.03518518518518519
0 0.696875 0.23981481481481481 0.035416666666666666 0.03518518518518519
0 0.21666666666666667 0.26851851851851855 0.035416666666666666 0.03518518518518519
0 0.3 0.27314814814814814 0.035416666666666666 0.03518518518518519
0 0.38229166666666664 0.27685185185185185 0.035416666666666666 0.03518518518518519
0 0.4635416666666667 0.2814814814814815 0.035416666666666666 0.03518518518518519
0 0.5447916666666667 0.2865740740740741 0.035416666666666666 0.03518518518518519
0 0.6260416666666667 0.29074074074074074 0.035416666666666666 0.03518518518518519
0 0.70625 0.2949074074074074 0.035416666666666666 0.03518518518518519
0 0.20625 0.3282407407407407 0.035416666666666666 0.03518518518518519
0 0.29270833333333335 0.3333333333333333 0.035416666666666666 0.03518518518518519
0 0.378125 0.3375 0.035416666666666666 0.03518518518518519
0 0.4635416666666667 0.3416666666666667 0.035416666666666666 0.03518518518518519
0 0.5489583333333333 0.3458333333333333 0.035416666666666666 0.03518518518518519
0 0.6322916666666667 0.35 0.035416666666666666 0.03518518518518519
0 0.7166666666666667 0.3541666666666667 0.035416666666666666 0.03518518518518519
0 0.19375 0.39490740740740743 0.035416666666666666 0.03518518518518519
0 0.284375 0.3990740740740741 0.035416666666666666 0.03518518518518519
0 0.375 0.40324074074074073 0.035416666666666666 0.03518518518518519
0 0.4635416666666667 0.4074074074074074 0.035416666666666666 0.03518518518518519
0 0.5520833333333334 0.4115740740740741 0.035416666666666666 0.03518518518518519
0 0.640625 0.41574074074074074 0.035416666666666666 0.03518518518518519
0 0.728125 0.4199074074074074 0.035416666666666666 0.03518518518518519
0 0.18125 0.4666666666666667 0.035416666666666666 0.03518518518518519
0 0.2760416666666667 0.4708333333333333 0.035416666666666666 0.03518518518518519
0 0.3697916666666667 0.475 0.035416666666666666 0.03518518518518519
0 0.4635416666666667 0.4791666666666667 0.035416666666666666 0.03518518518518519
0 0.55625 0.48333333333333334 0.035416666666666666 0.03518518518518519
0 0.6489583333333333 0.4875 0.035416666666666666 0.03518518518518519
0 0.7395833333333334 0.49166666666666664 0.035416666666666666 0.03518518518518519
0 0.16666666666666666 0.5458333333333333 0.035416666666666666 0.03518518518518519
0 0.26666666666666666 0.55 0.035416666666666666 0.03518518518518519
0 0.365625 0.5541666666666667 0.035416666666666666 0.03518518518518519
0 0.4635416666666667 0.5583333333333333 0.035416666666666666 0.03518518518518519
0 0.5604166666666667 0.5625 0.035416666666666666 0.03518518518518519
0 0.6572916666666667 0.5666666666666667 0.035416666666666666 0.03518518518518519
0 0.753125 0.5708333333333333 0.035416666666666666 0.03518518518518519
0 0.15104166666666666 0.6333333333333333 0.035416666666666666 0.03518518518518519
0 0.25625 0.6375 0.035416666666666666 0.03518518518518519
0 0.36041666666666666 0.6416666666666667 0.035416666666666666 0.03518518518518519
0 0.4635416666666667 0.6458333333333334 0.035416666666666666 0.03518518518518519
0 0.565625 0.65 0.035416666666666666 0.03518518518518519
0 0.6677083333333333 0.6532407407407408 0.035416666666666666 0.03518518518518519
0 0.76875 0.6574074074074074 0.035416666666666666 0.03518518518518519