0 0.6895833333333333 0.1638888888888889 0.025 0.03333333333333333
0 0.6208333333333333 0.16666666666666666 0.025 0.03333333333333333
0 0.5520833333333334 0.16944444444444445 0.025 0.03333333333333333
0 0.48333333333333334 0.17222222222222222 0.025 0.03333333333333333
0 0.41458333333333336 0.175 0.025 0.03333333333333333
0 0.3458333333333333 0.17916666666666667 0.025 0.03333333333333333
0 0.27708333333333335 0.18194444444444444 0.025 0.03333333333333333
0 0.7 0.22916666666666666 0.025 0.03333333333333333
0 0.628125 0.23194444444444445 0.025 0.03333333333333333
0 0.55625 0.2361111111111111 0.025 0.03333333333333333
0 0.484375 0.2388888888888889 0.025 0.03333333333333333
0 0.4125 0.24166666666666667 0.025 0.03333333333333333
0 0.340625 0.24583333333333332 0.025 0.03333333333333333
0 0.26875 0.24861111111111112 0.025 0.03333333333333333
0 0.7125 0.30277777777777776 0.025 0.03333333333333333
0 0.6364583333333333 0.3055555555555556 0.025 0.03333333333333333
0 0.5604166666666667 0.30833333333333335 0.025 0.03333333333333333
0 0.48541666666666666 0.3125 0.025 0.03333333333333333
0 0.409375 0.31527777777777777 0.025 0.03333333333333333
0 0.334375 0.31805555555555554 0.025 0.03333333333333333
0 0.259375 0.32222222222222224 0.025 0.03333333333333333
0 0.7260416666666667 0.38333333333333336 0.025 0.03333333333333333
0 0.6458333333333334 0.3861111111111111 0.025 0.03333333333333333
0 0.565625 0.3888888888888889 0.025 0.03333333333333333
0 0.4864583333333333 0.39305555555555555 0.025 0.03333333333333333
0 0.40729166666666666 0.3958333333333333 0.025 0.03333333333333333
0 0.328125 0.4 0.025 0.03333333333333333
0 0.24895833333333334 0.4027777777777778 0.025 0.03333333333333333
0 0.740625 0.4722222222222222 0.025 0.03333333333333333
0 0.65625 0.475 0.025 0.03333333333333333
0 0.571875 0.4791666666666667 0.025 0.03333333333333333
0 0.48854166666666665 0.48194444444444445 0.025 0.03333333333333333
0 0.4041666666666667 0.4861111111111111 0.025 0.03333333333333333
0 0.32083333333333336 0.4888888888888889 0.025 0.03333333333333333
0 0.2375 0.4930555555555556 0.025 0.03333333333333333
0 0.7572916666666667 0.5722222222222222 0.025 0.03333333333333333
0 0.6677083333333333 0.575 0.025 0.03333333333333333
0 0.578125 0.5791666666666667 0.025 0.03333333333333333
0 0.4895833333333333 0.5833333333333334 0.025 0.03333333333333333
0 0.4010416666666667 0.5861111111111111 0.025 0.03333333333333333
0 0.3125 0.5902777777777778 0.025 0.03333333333333333
0 0.22395833333333334 0.5930555555555556 0.025 0.03333333333333333
0 0.7760416666666666 0.6847222222222222 0.025 0.03333333333333333
0 0.6802083333333333 0.6888888888888889 0.025 0.03333333333333333
0 0.5864583333333333 0.6916666666666667 0.025 0.03333333333333333
0 0.49166666666666664 0.6958333333333333 0.025 0.03333333333333333
0 0.396875 0.6986111111111111 0.025 0.03333333333333333
0 0.303125 0.7027777777777777 0.025 0.03333333333333333
0 0.209375 0.7069444444444445 0.025 0.03333333333333333