0 0.7072916666666667 0.16342592592592592 0.022916666666666665 0.03425925925925926
0 0.6322916666666667 0.16203703703703703 0.022916666666666665 0.03425925925925926
0 0.55625 0.16064814814814815 0.022916666666666665 0.03425925925925926
0 0.48020833333333335 0.16064814814814815 0.022916666666666665 0.03425925925925926
0 0.403125 0.1587962962962963 0.022916666666666665 0.03425925925925926
0 0.325 0.1574074074074074 0.022916666666666665 0.03425925925925926
0 0.246875 0.15555555555555556 0.022916666666666665 0.03425925925925926
0 0.71875 0.24305555555555555 0.022916666666666665 0.03425925925925926
0 0.640625 0.2412037037037037 0.022916666666666665 0.03425925925925926
0 0.5625 0.2412037037037037 0.022916666666666665 0.03425925925925926
0 0.48333333333333334 0.23981481481481481 0.022916666666666665 0.03425925925925926
0 0.403125 0.23842592592592593 0.022916666666666665 0.03425925925925926
0 0.3229166666666667 0.23842592592592593 0.022916666666666665 0.03425925925925926
0 0.24166666666666667 0.23657407407407408 0.022916666666666665 0.03425925925925926
0 0.73125 0.3287037037037037 0.022916666666666665 0.03425925925925926
0 0.65 0.32731481481481484 0.022916666666666665 0.03425925925925926
0 0.56875 0.32731481481481484 0.022916666666666665 0.03425925925925926
0 0.4864583333333333 0.32546296296296295 0.022916666666666665 0.03425925925925926
0 0.403125 0.32546296296296295 0.022916666666666665 0.03425925925925926
0 0.31979166666666664 0.32546296296296295 0.022916666666666665 0.03425925925925926
0 0.23541666666666666 0.32407407407407407 0.022916666666666665 0.03425925925925926
0 0.7447916666666666 0.4203703703703704 0.022916666666666665 0.03425925925925926
0 0.6604166666666667 0.4203703703703704 0.022916666666666665 0.03425925925925926
0 0.5760416666666667 0.4203703703703704 0.022916666666666665 0.03425925925925926
0 0.490625 0.41898148148148145 0.022916666666666665 0.03425925925925926
0 0.4041666666666667 0.41898148148148145 0.022916666666666665 0.03425925925925926
0 0.31666666666666665 0.41898148148148145 0.022916666666666665 0.03425925925925926
0 0.22916666666666666 0.41898148148148145 0.022916666666666665 0.03425925925925926
0 0.759375 0.5203703703703704 0.022916666666666665 0.03425925925925926
0 0.671875 0.5203703703703704 0.022916666666666665 0.03425925925925926
0 0.5833333333333334 0.5203703703703704 0.022916666666666665 0.03425925925925926
0 0.4947916666666667 0.5203703703703704 0.022916666666666665 0.03425925925925926
0 0.4041666666666667 0.5203703703703704 0.022916666666666665 0.03425925925925926
0 0.31354166666666666 0.5203703703703704 0.022916666666666665 0.03425925925925926
0 0.22291666666666668 0.5203703703703704 0.022916666666666665 0.03425925925925926
0 0.775 0.6291666666666667 0.022916666666666665 0.03425925925925926
0 0.6833333333333333 0.6291666666666667 0.022916666666666665 0.03425925925925926
0 0.5916666666666667 0.6310185185185185 0.022916666666666665 0.03425925925925926
0 0.49895833333333334 0.6310185185185185 0.022916666666666665 0.03425925925925926
0 0.40520833333333334 0.6310185185185185 0.022916666666666665 0.03425925925925926
0 0.3104166666666667 0.6324074074074074 0.022916666666666665 0.03425925925925926
0 0.21458333333333332 0.6324074074074074 0.022916666666666665 0.03425925925925926
0 0.7927083333333333 0.7476851851851852 0.022916666666666665 0.03425925925925926
0 0.696875 0.7490740740740741 0.022916666666666665 0.03425925925925926
0 0.6010416666666667 0.7490740740740741 0.022916666666666665 0.03425925925925926
0 0.503125 0.7509259259259259 0.022916666666666665 0.03425925925925926
0 0.40520833333333334 0.7523148148148148 0.022916666666666665 0.03425925925925926
0 0.30625 0.7523148148148148 0.022916666666666665 0.03425925925925926
0 0.20625 0.7537037037037037 0.022916666666666665 0.03425925925925926