0 0.728125 0.18009259259259258 0.035416666666666666 0.03518518518518519
0 0.6520833333333333 0.18009259259259258 0.035416666666666666 0.03518518518518519
0 0.575 0.17916666666666667 0.035416666666666666 0.03518518518518519
0 0.496875 0.17916666666666667 0.035416666666666666 0.03518518518518519
0 0.4197916666666667 0.17824074074074073 0.035416666666666666 0.03518518518518519
0 0.3416666666666667 0.17824074074074073 0.035416666666666666 0.03518518518518519
0 0.2635416666666667 0.17685185185185184 0.035416666666666666 0.03518518518518519
0 0.7375 0.23425925925925925 0.035416666666666666 0.03518518518518519
0 0.6572916666666667 0.23333333333333334 0.035416666666666666 0.03518518518518519
0 0.5770833333333333 0.23333333333333334 0.035416666666666666 0.03518518518518519
0 0.496875 0.23333333333333334 0.035416666666666666 0.03518518518518519
0 0.415625 0.2324074074074074 0.035416666666666666 0.03518518518518519
0 0.33541666666666664 0.2324074074074074 0.035416666666666666 0.03518518518518519
0 0.25416666666666665 0.2324074074074074 0.035416666666666666 0.03518518518518519
0 0.746875 0.29259259259259257 0.035416666666666666 0.03518518518518519
0 0.6635416666666667 0.2916666666666667 0.035416666666666666 0.03518518518518519
0 0.5802083333333333 0.2916666666666667 0.035416666666666666 0.03518518518518519
0 0.49583333333333335 0.2916666666666667 0.035416666666666666 0.03518518518518519
0 0.4114583333333333 0.2916666666666667 0.035416666666666666 0.03518518518518519
0 0.32708333333333334 0.29074074074074074 0.035416666666666666 0.03518518518518519
0 0.24270833333333333 0.29074074074074074 0.035416666666666666 0.03518518518518519
0 0.7572916666666667 0.35648148148148145 0.035416666666666666 0.03518518518518519
0 0.6697916666666667 0.35509259259259257 0.035416666666666666 0.03518518518518519
0 0.5822916666666667 0.35509259259259257 0.035416666666666666 0.03518518518518519
0 0.4947916666666667 0.35509259259259257 0.035416666666666666 0.03518518518518519
0 0.40729166666666666 0.35509259259259257 0.035416666666666666 0.03518518518518519
0 0.31875 0.35509259259259257 0.035416666666666666 0.03518518518518519
0 0.23020833333333332 0.35509259259259257 0.035416666666666666 0.03518518518518519
0 0.7677083333333333 0.425 0.035416666666666666 0.03518518518518519
0 0.6770833333333334 0.425 0.035416666666666666 0.03518518518518519
0 0.5854166666666667 0.425 0.035416666666666666 0.03518518518518519
0 0.49375 0.425 0.035416666666666666 0.03518518518518519
0 0.40208333333333335 0.425 0.035416666666666666 0.03518518518518519
0 0.3104166666666667 0.425 0.035416666666666666 0.03518518518518519
0 0.21770833333333334 0.425 0.035416666666666666 0.03518518518518519
0 0.7802083333333333 0.5009259259259259 0.035416666666666666 0.03518518518518519
0 0.6854166666666667 0.5009259259259259 0.035416666666666666 0.03518518518518519
0 0.5895833333333333 0.5009259259259259 0.035416666666666666 0.03518518518518519
0 0.49375 0.5009259259259259 0.035416666666666666 0.03518518518518519
0 0.396875 0.5009259259259259 0.035416666666666666 0.03518518518518519
0 0.3 0.5018518518518519 0.035416666666666666 0.03518518518518519
0 0.203125 0.5018518518518519 0.035416666666666666 0.03518518518518519
0 0.79375 0.5842592592592593 0.035416666666666666 0.03518518518518519
0 0.69375 0.5851851851851851 0.035416666666666666 0.03518518518518519
0 0.5927083333333333 0.5851851851851851 0.035416666666666666 0.03518518518518519
0 0.49270833333333336 0.5851851851851851 0.035416666666666666 0.03518518518518519
0 0.390625 0.5851851851851851 0.035416666666666666 0.03518518518518519
0 0.28958333333333336 0.586574074074074 0.035416666666666666 0.03518518518518519
0 0.1875 0.586574074074074 0.035416666666666666 0.03518518518518519