0 0.6916666666666667 0.15833333333333333 0.025 0.03333333333333333
0 0.6239583333333333 0.15833333333333333 0.025 0.03333333333333333
0 0.5552083333333333 0.1597222222222222 0.025 0.03333333333333333
0 0.4864583333333333 0.16111111111111112 0.025 0.03333333333333333
0 0.41770833333333335 0.1625 0.025 0.03333333333333333
0 0.34791666666666665 0.1638888888888889 0.025 0.03333333333333333
0 0.2791666666666667 0.16527777777777777 0.025 0.03333333333333333
0 0.7020833333333333 0.22361111111111112 0.025 0.03333333333333333
0 0.6302083333333334 0.225 0.025 0.03333333333333333
0 0.5583333333333333 0.2263888888888889 0.025 0.03333333333333333
0 0.4864583333333333 0.22777777777777777 0.025 0.03333333333333333
0 0.41458333333333336 0.22916666666666666 0.025 0.03333333333333333
0 0.34270833333333334 0.23055555555555557 0.025 0.03333333333333333
0 0.2708333333333333 0.23194444444444445 0.025 0.03333333333333333
0 0.7135416666666666 0.29583333333333334 0.025 0.03333333333333333
0 0.6385416666666667 0.2986111111111111 0.025 0.03333333333333333
0 0.5635416666666667 0.3 0.025 0.03333333333333333
0 0.4875 0.3013888888888889 0.025 0.03333333333333333
0 0.4125 0.30277777777777776 0.025 0.03333333333333333
0 0.33645833333333336 0.30416666666666664 0.025 0.03333333333333333
0 0.26145833333333335 0.3055555555555556 0.025 0.03333333333333333
0 0.7260416666666667 0.3763888888888889 0.025 0.03333333333333333
0 0.646875 0.37777777777777777 0.025 0.03333333333333333
0 0.5677083333333334 0.37916666666666665 0.025 0.03333333333333333
0 0.48854166666666665 0.3819444444444444 0.025 0.03333333333333333
0 0.409375 0.38333333333333336 0.025 0.03333333333333333
0 0.3302083333333333 0.38472222222222224 0.025 0.03333333333333333
0 0.25 0.3861111111111111 0.025 0.03333333333333333
0 0.7395833333333334 0.4652777777777778 0.025 0.03333333333333333
0 0.65625 0.4666666666666667 0.025 0.03333333333333333
0 0.5729166666666666 0.46805555555555556 0.025 0.03333333333333333
0 0.4895833333333333 0.4708333333333333 0.025 0.03333333333333333
0 0.40625 0.4722222222222222 0.025 0.03333333333333333
0 0.321875 0.4736111111111111 0.025 0.03333333333333333
0 0.23854166666666668 0.475 0.025 0.03333333333333333
0 0.7552083333333334 0.5638888888888889 0.025 0.03333333333333333
0 0.6666666666666666 0.5652777777777778 0.025 0.03333333333333333
0 0.5791666666666667 0.5680555555555555 0.025 0.03333333333333333
0 0.490625 0.5694444444444444 0.025 0.03333333333333333
0 0.40208333333333335 0.5708333333333333 0.025 0.03333333333333333
0 0.31354166666666666 0.5736111111111111 0.025 0.03333333333333333
0 0.225 0.575 0.025 0.03333333333333333
0 0.771875 0.6736111111111112 0.025 0.03333333333333333
0 0.6791666666666667 0.6763888888888889 0.025 0.03333333333333333
0 0.5854166666666667 0.6777777777777778 0.025 0.03333333333333333
0 0.49166666666666664 0.6805555555555556 0.025 0.03333333333333333
0 0.39791666666666664 0.6819444444444445 0.025 0.03333333333333333
0 0.30416666666666664 0.6847222222222222 0.025 0.03333333333333333
0 0.21041666666666667 0.6861111111111111 0.025 0.03333333333333333