0 0.6729166666666667 0.19583333333333333 0.025 0.03333333333333333
0 0.60625 0.2 0.025 0.03333333333333333
0 0.5385416666666667 0.20416666666666666 0.025 0.03333333333333333
0 0.4708333333333333 0.20833333333333334 0.025 0.03333333333333333
0 0.4041666666666667 0.2125 0.025 0.03333333333333333
0 0.33645833333333336 0.21666666666666667 0.025 0.03333333333333333
0 0.26979166666666665 0.22083333333333333 0.025 0.03333333333333333
0 0.684375 0.25833333333333336 0.025 0.03333333333333333
0 0.6135416666666667 0.2638888888888889 0.025 0.03333333333333333
0 0.5427083333333333 0.26805555555555555 0.025 0.03333333333333333
0 0.471875 0.2722222222222222 0.025 0.03333333333333333
0 0.4010416666666667 0.2763888888888889 0.025 0.03333333333333333
0 0.3302083333333333 0.28055555555555556 0.025 0.03333333333333333
0 0.259375 0.2847222222222222 0.025 0.03333333333333333
0 0.696875 0.3277777777777778 0.025 0.03333333333333333
0 0.621875 0.3333333333333333 0.025 0.03333333333333333
0 0.5479166666666667 0.3375 0.025 0.03333333333333333
0 0.47291666666666665 0.3416666666666667 0.025 0.03333333333333333
0 0.39791666666666664 0.3458333333333333 0.025 0.03333333333333333
0 0.32395833333333335 0.35138888888888886 0.025 0.03333333333333333
0 0.24895833333333334 0.35555555555555557 0.025 0.03333333333333333
0 0.7114583333333333 0.40555555555555556 0.025 0.03333333333333333
0 0.6322916666666667 0.4097222222222222 0.025 0.03333333333333333
0 0.553125 0.4152777777777778 0.025 0.03333333333333333
0 0.4739583333333333 0.41944444444444445 0.025 0.03333333333333333
0 0.39479166666666665 0.425 0.025 0.03333333333333333
0 0.31666666666666665 0.42916666666666664 0.025 0.03333333333333333
0 0.2375 0.43472222222222223 0.025 0.03333333333333333
0 0.7270833333333333 0.49166666666666664 0.025 0.03333333333333333
0 0.6427083333333333 0.49722222222222223 0.025 0.03333333333333333
0 0.559375 0.5027777777777778 0.025 0.03333333333333333
0 0.475 0.5069444444444444 0.025 0.03333333333333333
0 0.39166666666666666 0.5125 0.025 0.03333333333333333
0 0.3072916666666667 0.5180555555555556 0.025 0.03333333333333333
0 0.22395833333333334 0.5222222222222223 0.025 0.03333333333333333
0 0.7447916666666666 0.5902777777777778 0.025 0.03333333333333333
0 0.6552083333333333 0.5958333333333333 0.025 0.03333333333333333
0 0.565625 0.6013888888888889 0.025 0.03333333333333333
0 0.47604166666666664 0.6069444444444444 0.025 0.03333333333333333
0 0.3875 0.6111111111111112 0.025 0.03333333333333333
0 0.29791666666666666 0.6166666666666667 0.025 0.03333333333333333
0 0.209375 0.6222222222222222 0.025 0.03333333333333333
0 0.7645833333333333 0.7013888888888888 0.025 0.03333333333333333
0 0.66875 0.7069444444444445 0.025 0.03333333333333333
0 0.5729166666666666 0.7138888888888889 0.025 0.03333333333333333
0 0.478125 0.7194444444444444 0.025 0.03333333333333333
0 0.38229166666666664 0.725 0.025 0.03333333333333333
0 0.2875 0.7305555555555555 0.025 0.03333333333333333
0 0.19166666666666668 0.7361111111111112 0.025 0.03333333333333333