0 0.784375 0.14907407407407408 0.0375 0.0375
0 0.7052083333333333 0.14907407407407408 0.0375 0.0375
0 0.625 0.15 0.0375 0.0375
0 0.5447916666666667 0.15 0.0375 0.0375
0 0.46458333333333335 0.15092592592592594 0.0375 0.0375
0 0.384375 0.15092592592592594 0.0375 0.0375
0 0.30416666666666664 0.15185185185185185 0.0375 0.0375
0 0.7958333333333333 0.2050925925925926 0.0375 0.0375
0 0.7125 0.2050925925925926 0.0375 0.0375
0 0.6291666666666667 0.2064814814814815 0.0375 0.0375
0 0.5458333333333333 0.2064814814814815 0.0375 0.0375
0 0.4625 0.2074074074074074 0.0375 0.0375
0 0.37916666666666665 0.2074074074074074 0.0375 0.0375
0 0.29583333333333334 0.20833333333333334 0.0375 0.0375
0 0.8072916666666666 0.2657407407407407 0.0375 0.0375
0 0.7208333333333333 0.26666666666666666 0.0375 0.0375
0 0.6333333333333333 0.26666666666666666 0.0375 0.0375
0 0.546875 0.2675925925925926 0.0375 0.0375
0 0.46041666666666664 0.2675925925925926 0.0375 0.0375
0 0.37395833333333334 0.26851851851851855 0.0375 0.0375
0 0.2864583333333333 0.26851851851851855 0.0375 0.0375
0 0.8197916666666667 0.33240740740740743 0.0375 0.0375
0 0.7291666666666666 0.33240740740740743 0.0375 0.0375
0 0.6395833333333333 0.3333333333333333 0.0375 0.0375
0 0.5489583333333333 0.3333333333333333 0.0375 0.0375
0 0.4583333333333333 0.33425925925925926 0.0375 0.0375
0 0.36770833333333336 0.33425925925925926 0.0375 0.0375
0 0.27708333333333335 0.3351851851851852 0.0375 0.0375
0 0.834375 0.4041666666666667 0.0375 0.0375
0 0.7395833333333334 0.4041666666666667 0.0375 0.0375
0 0.6447916666666667 0.4050925925925926 0.0375 0.0375
0 0.55 0.4064814814814815 0.0375 0.0375
0 0.4552083333333333 0.4064814814814815 0.0375 0.0375
0 0.36041666666666666 0.4074074074074074 0.0375 0.0375
0 0.265625 0.4074074074074074 0.0375 0.0375
0 0.8489583333333334 0.48333333333333334 0.0375 0.0375
0 0.75 0.48333333333333334 0.0375 0.0375
0 0.6510416666666666 0.4842592592592593 0.0375 0.0375
0 0.5520833333333334 0.48518518518518516 0.0375 0.0375
0 0.453125 0.48518518518518516 0.0375 0.0375
0 0.353125 0.48657407407407405 0.0375 0.0375
0 0.25416666666666665 0.48657407407407405 0.0375 0.0375
0 0.865625 0.5699074074074074 0.0375 0.0375
0 0.7625 0.5708333333333333 0.0375 0.0375
0 0.6583333333333333 0.5717592592592593 0.0375 0.0375
0 0.5541666666666667 0.5717592592592593 0.0375 0.0375
0 0.45 0.5731481481481482 0.0375 0.0375
0 0.3458333333333333 0.5731481481481482 0.0375 0.0375
0 0.24166666666666667 0.5740740740740741 0.0375 0.0375