0 0.7229166666666667 0.12916666666666668 0.022916666666666665 0.03425925925925926
0 0.6479166666666667 0.12453703703703704 0.022916666666666665 0.03425925925925926
0 0.5729166666666666 0.11990740740740741 0.022916666666666665 0.03425925925925926
0 0.4979166666666667 0.11666666666666667 0.022916666666666665 0.03425925925925926
0 0.421875 0.11203703703703703 0.022916666666666665 0.03425925925925926
0 0.3458333333333333 0.10740740740740741 0.022916666666666665 0.03425925925925926
0 0.26875 0.10277777777777777 0.022916666666666665 0.03425925925925926
0 0.7322916666666667 0.20694444444444443 0.022916666666666665 0.03425925925925926
0 0.6552083333333333 0.2023148148148148 0.022916666666666665 0.03425925925925926
0 0.5770833333333333 0.19768518518518519 0.022916666666666665 0.03425925925925926
0 0.49895833333333334 0.19490740740740742 0.022916666666666665 0.03425925925925926
0 0.42083333333333334 0.18981481481481483 0.022916666666666665 0.03425925925925926
0 0.3416666666666667 0.18518518518518517 0.022916666666666665 0.03425925925925926
0 0.2625 0.18055555555555555 0.022916666666666665 0.03425925925925926
0 0.7427083333333333 0.2912037037037037 0.022916666666666665 0.03425925925925926
0 0.6625 0.2865740740740741 0.022916666666666665 0.03425925925925926
0 0.5822916666666667 0.28194444444444444 0.022916666666666665 0.03425925925925926
0 0.5010416666666667 0.27870370370370373 0.022916666666666665 0.03425925925925926
0 0.4197916666666667 0.2740740740740741 0.022916666666666665 0.03425925925925926
0 0.3375 0.26944444444444443 0.022916666666666665 0.03425925925925926
0 0.2552083333333333 0.2662037037037037 0.022916666666666665 0.03425925925925926
0 0.753125 0.3814814814814815 0.022916666666666665 0.03425925925925926
0 0.6708333333333333 0.3768518518518518 0.022916666666666665 0.03425925925925926
0 0.5864583333333333 0.3736111111111111 0.022916666666666665 0.03425925925925926
0 0.503125 0.36898148148148147 0.022916666666666665 0.03425925925925926
0 0.41770833333333335 0.36435185185185187 0.022916666666666665 0.03425925925925926
0 0.33229166666666665 0.36157407407407405 0.022916666666666665 0.03425925925925926
0 0.246875 0.35648148148148145 0.022916666666666665 0.03425925925925926
0 0.765625 0.47824074074074074 0.022916666666666665 0.03425925925925926
0 0.6791666666666667 0.475 0.022916666666666665 0.03425925925925926
0 0.5916666666666667 0.4703703703703704 0.022916666666666665 0.03425925925925926
0 0.5041666666666667 0.4671296296296296 0.022916666666666665 0.03425925925925926
0 0.4166666666666667 0.4625 0.022916666666666665 0.03425925925925926
0 0.32708333333333334 0.4597222222222222 0.022916666666666665 0.03425925925925926
0 0.23854166666666668 0.4546296296296296 0.022916666666666665 0.03425925925925926
0 0.778125 0.5842592592592593 0.022916666666666665 0.03425925925925926
0 0.6885416666666667 0.5810185185185185 0.022916666666666665 0.03425925925925926
0 0.5979166666666667 0.5777777777777777 0.022916666666666665 0.03425925925925926
0 0.50625 0.5731481481481482 0.022916666666666665 0.03425925925925926
0 0.41458333333333336 0.5699074074074074 0.022916666666666665 0.03425925925925926
0 0.321875 0.5652777777777778 0.022916666666666665 0.03425925925925926
0 0.22916666666666666 0.5625 0.022916666666666665 0.03425925925925926
0 0.7927083333333333 0.6995370370370371 0.022916666666666665 0.03425925925925926
0 0.6989583333333333 0.6962962962962963 0.022916666666666665 0.03425925925925926
0 0.6041666666666666 0.6930555555555555 0.022916666666666665 0.03425925925925926
0 0.5083333333333333 0.6898148148148148 0.022916666666666665 0.03425925925925926
0 0.4125 0.6851851851851852 0.022916666666666665 0.03425925925925926
0 0.315625 0.6824074074074075 0.022916666666666665 0.03425925925925926
0 0.21875 0.6791666666666667 0.022916666666666665 0.03425925925925926