0 0.25416666666666665 0.17916666666666667 0.035416666666666666 0.03518518518518519
0 0.33125 0.1824074074074074 0.035416666666666666 0.03518518518518519
0 0.4083333333333333 0.18518518518518517 0.035416666666666666 0.03518518518518519
0 0.48541666666666666 0.1875 0.035416666666666666 0.03518518518518519
0 0.5635416666666667 0.19074074074074074 0.035416666666666666 0.03518518518518519
0 0.6416666666666667 0.1935185185185185 0.035416666666666666 0.03518518518518519
0 0.7197916666666667 0.19675925925925927 0.035416666666666666 0.03518518518518519
0 0.24479166666666666 0.23148148148148148 0.035416666666666666 0.03518518518518519
0 0.325 0.2351851851851852 0.035416666666666666 0.03518518518518519
0 0.40520833333333334 0.23842592592592593 0.035416666666666666 0.03518518518518519
0 0.48541666666666666 0.24166666666666667 0.035416666666666666 0.03518518518518519
0 0.5666666666666667 0.2449074074074074 0.035416666666666666 0.03518518518518519
0 0.646875 0.24814814814814815 0.035416666666666666 0.03518518518518519
0 0.728125 0.25092592592592594 0.035416666666666666 0.03518518518518519
0 0.23541666666666666 0.2884259259259259 0.035416666666666666 0.03518518518518519
0 0.31875 0.29259259259259257 0.035416666666666666 0.03518518518518519
0 0.40208333333333335 0.29583333333333334 0.035416666666666666 0.03518518518518519
0 0.48541666666666666 0.29907407407407405 0.035416666666666666 0.03518518518518519
0 0.5697916666666667 0.30324074074074076 0.035416666666666666 0.03518518518518519
0 0.653125 0.30648148148148147 0.035416666666666666 0.03518518518518519
0 0.7385416666666667 0.30925925925925923 0.035416666666666666 0.03518518518518519
0 0.22395833333333334 0.3509259259259259 0.035416666666666666 0.03518518518518519
0 0.31145833333333334 0.3541666666666667 0.035416666666666666 0.03518518518518519
0 0.39791666666666664 0.35833333333333334 0.035416666666666666 0.03518518518518519
0 0.48541666666666666 0.36157407407407405 0.035416666666666666 0.03518518518518519
0 0.5729166666666666 0.36574074074074076 0.035416666666666666 0.03518518518518519
0 0.6604166666666667 0.3699074074074074 0.035416666666666666 0.03518518518518519
0 0.7489583333333333 0.3731481481481482 0.035416666666666666 0.03518518518518519
0 0.2125 0.41759259259259257 0.035416666666666666 0.03518518518518519
0 0.303125 0.4217592592592593 0.035416666666666666 0.03518518518518519
0 0.39375 0.42592592592592593 0.035416666666666666 0.03518518518518519
0 0.48541666666666666 0.4300925925925926 0.035416666666666666 0.03518518518518519
0 0.5760416666666667 0.43425925925925923 0.035416666666666666 0.03518518518518519
0 0.6677083333333333 0.4375 0.035416666666666666 0.03518518518518519
0 0.7604166666666666 0.44166666666666665 0.035416666666666666 0.03518518518518519
0 0.2 0.49166666666666664 0.035416666666666666 0.03518518518518519
0 0.2947916666666667 0.49583333333333335 0.035416666666666666 0.03518518518518519
0 0.38958333333333334 0.5 0.035416666666666666 0.03518518518518519
0 0.484375 0.5041666666666667 0.035416666666666666 0.03518518518518519
0 0.5802083333333333 0.5083333333333333 0.035416666666666666 0.03518518518518519
0 0.6760416666666667 0.5125 0.035416666666666666 0.03518518518518519
0 0.7729166666666667 0.5175925925925926 0.035416666666666666 0.03518518518518519
0 0.18645833333333334 0.5717592592592593 0.035416666666666666 0.03518518518518519
0 0.28541666666666665 0.5768518518518518 0.035416666666666666 0.03518518518518519
0 0.384375 0.5814814814814815 0.035416666666666666 0.03518518518518519
0 0.484375 0.586574074074074 0.035416666666666666 0.03518518518518519
0 0.584375 0.5907407407407408 0.035416666666666666 0.03518518518518519
0 0.6854166666666667 0.5949074074074074 0.035416666666666666 0.03518518518518519
0 0.7864583333333334 0.6 0.035416666666666666 0.03518518518518519