0 0.734375 0.15046296296296297 0.020833333333333332 0.03518518518518519
0 0.6614583333333334 0.15231481481481482 0.020833333333333332 0.03518518518518519
0 0.5895833333333333 0.15231481481481482 0.020833333333333332 0.03518518518518519
0 0.5166666666666667 0.15231481481481482 0.020833333333333332 0.03518518518518519
0 0.44479166666666664 0.15231481481481482 0.020833333333333332 0.03518518518518519
0 0.3729166666666667 0.15231481481481482 0.020833333333333332 0.03518518518518519
0 0.30104166666666665 0.15231481481481482 0.020833333333333332 0.03518518518518519
0 0.7427083333333333 0.23055555555555557 0.020833333333333332 0.03518518518518519
0 0.6677083333333333 0.23055555555555557 0.020833333333333332 0.03518518518518519
0 0.5916666666666667 0.23055555555555557 0.020833333333333332 0.03518518518518519
0 0.5166666666666667 0.23055555555555557 0.020833333333333332 0.03518518518518519
0 0.44166666666666665 0.23055555555555557 0.020833333333333332 0.03518518518518519
0 0.36666666666666664 0.2324074074074074 0.020833333333333332 0.03518518518518519
0 0.2916666666666667 0.2324074074074074 0.020833333333333332 0.03518518518518519
0 0.7520833333333333 0.3162037037037037 0.020833333333333332 0.03518518518518519
0 0.6729166666666667 0.3162037037037037 0.020833333333333332 0.03518518518518519
0 0.5947916666666667 0.3162037037037037 0.020833333333333332 0.03518518518518519
0 0.515625 0.31805555555555554 0.020833333333333332 0.03518518518518519
0 0.4375 0.31805555555555554 0.020833333333333332 0.03518518518518519
0 0.36041666666666666 0.31805555555555554 0.020833333333333332 0.03518518518518519
0 0.28229166666666666 0.31805555555555554 0.020833333333333332 0.03518518518518519
0 0.7614583333333333 0.41064814814814815 0.020833333333333332 0.03518518518518519
0 0.6791666666666667 0.41064814814814815 0.020833333333333332 0.03518518518518519
0 0.596875 0.41064814814814815 0.020833333333333332 0.03518518518518519
0 0.515625 0.41064814814814815 0.020833333333333332 0.03518518518518519
0 0.434375 0.41064814814814815 0.020833333333333332 0.03518518518518519
0 0.353125 0.41064814814814815 0.020833333333333332 0.03518518518518519
0 0.271875 0.41064814814814815 0.020833333333333332 0.03518518518518519
0 0.771875 0.5138888888888888 0.020833333333333332 0.03518518518518519
0 0.6864583333333333 0.5120370370370371 0.020833333333333332 0.03518518518518519
0 0.6010416666666667 0.5120370370370371 0.020833333333333332 0.03518518518518519
0 0.515625 0.5120370370370371 0.020833333333333332 0.03518518518518519
0 0.43020833333333336 0.5120370370370371 0.020833333333333332 0.03518518518518519
0 0.34479166666666666 0.5120370370370371 0.020833333333333332 0.03518518518518519
0 0.2604166666666667 0.5120370370370371 0.020833333333333332 0.03518518518518519
0 0.7833333333333333 0.6259259259259259 0.020833333333333332 0.03518518518518519
0 0.69375 0.6240740740740741 0.020833333333333332 0.03518518518518519
0 0.6041666666666666 0.6240740740740741 0.020833333333333332 0.03518518518518519
0 0.5145833333333333 0.6240740740740741 0.020833333333333332 0.03518518518518519
0 0.42604166666666665 0.6222222222222222 0.020833333333333332 0.03518518518518519
0 0.33645833333333336 0.6222222222222222 0.020833333333333332 0.03518518518518519
0 0.24791666666666667 0.6222222222222222 0.020833333333333332 0.03518518518518519
0 0.796875 0.7481481481481481 0.020833333333333332 0.03518518518518519
0 0.7020833333333333 0.7462962962962963 0.020833333333333332 0.03518518518518519
0 0.6072916666666667 0.7462962962962963 0.020833333333333332 0.03518518518518519
0 0.5135416666666667 0.7462962962962963 0.020833333333333332 0.03518518518518519
0 0.42083333333333334 0.7449074074074075 0.020833333333333332 0.03518518518518519
0 0.32708333333333334 0.7449074074074075 0.020833333333333332 0.03518518518518519
0 0.234375 0.7430555555555556 0.020833333333333332 0.03518518518518519