0 0.259375 0.6157407407407407 0.029166666666666667 0.029166666666666667
0 0.35104166666666664 0.6125 0.029166666666666667 0.029166666666666667
0 0.43854166666666666 0.6101851851851852 0.029166666666666667 0.029166666666666667
0 0.5229166666666667 0.6074074074074074 0.029166666666666667 0.029166666666666667
0 0.6052083333333333 0.6050925925925926 0.029166666666666667 0.029166666666666667
0 0.6833333333333333 0.6032407407407407 0.029166666666666667 0.029166666666666667
0 0.759375 0.600925925925926 0.029166666666666667 0.029166666666666667
0 0.259375 0.5268518518518519 0.029166666666666667 0.029166666666666667
0 0.34791666666666665 0.5259259259259259 0.029166666666666667 0.029166666666666667
0 0.434375 0.525 0.029166666666666667 0.029166666666666667
0 0.5177083333333333 0.524074074074074 0.029166666666666667 0.029166666666666667
0 0.5979166666666667 0.5231481481481481 0.029166666666666667 0.029166666666666667
0 0.675 0.5231481481481481 0.029166666666666667 0.029166666666666667
0 0.75 0.5217592592592593 0.029166666666666667 0.029166666666666667
0 0.25833333333333336 0.4425925925925926 0.029166666666666667 0.029166666666666667
0 0.3458333333333333 0.4425925925925926 0.029166666666666667 0.029166666666666667
0 0.43020833333333336 0.44351851851851853 0.029166666666666667 0.029166666666666667
0 0.5125 0.44351851851851853 0.029166666666666667 0.029166666666666667
0 0.590625 0.4449074074074074 0.029166666666666667 0.029166666666666667
0 0.6677083333333333 0.4449074074074074 0.029166666666666667 0.029166666666666667
0 0.740625 0.44583333333333336 0.029166666666666667 0.029166666666666667
0 0.25833333333333336 0.36157407407407405 0.029166666666666667 0.029166666666666667
0 0.34375 0.3625 0.029166666666666667 0.029166666666666667
0 0.4270833333333333 0.3648148148148148 0.029166666666666667 0.029166666666666667
0 0.5072916666666667 0.36666666666666664 0.029166666666666667 0.029166666666666667
0 0.584375 0.3685185185185185 0.029166666666666667 0.029166666666666667
0 0.659375 0.37083333333333335 0.029166666666666667 0.029166666666666667
0 0.7322916666666667 0.37175925925925923 0.029166666666666667 0.029166666666666667
0 0.25729166666666664 0.2824074074074074 0.029166666666666667 0.029166666666666667
0 0.3416666666666667 0.2865740740740741 0.029166666666666667 0.029166666666666667
0 0.42291666666666666 0.2898148148148148 0.029166666666666667 0.029166666666666667
0 0.5020833333333333 0.29259259259259257 0.029166666666666667 0.029166666666666667
0 0.578125 0.29583333333333334 0.029166666666666667 0.029166666666666667
0 0.6520833333333333 0.29814814814814816 0.029166666666666667 0.029166666666666667
0 0.7229166666666667 0.30092592592592593 0.029166666666666667 0.029166666666666667
0 0.25729166666666664 0.2074074074074074 0.029166666666666667 0.029166666666666667
0 0.33958333333333335 0.21157407407407408 0.029166666666666667 0.029166666666666667
0 0.4197916666666667 0.21666666666666667 0.029166666666666667 0.029166666666666667
0 0.496875 0.22083333333333333 0.029166666666666667 0.029166666666666667
0 0.571875 0.225 0.029166666666666667 0.029166666666666667
0 0.6447916666666667 0.22916666666666666 0.029166666666666667 0.029166666666666667
0 0.7145833333333333 0.2324074074074074 0.029166666666666667 0.029166666666666667
0 0.25625 0.13425925925925927 0.029166666666666667 0.029166666666666667
0 0.3375 0.14074074074074075 0.029166666666666667 0.029166666666666667
0 0.4166666666666667 0.14583333333333334 0.029166666666666667 0.029166666666666667
0 0.49270833333333336 0.15092592592592594 0.029166666666666667 0.029166666666666667
0 0.5666666666666667 0.15648148148148147 0.029166666666666667 0.029166666666666667
0 0.6375 0.16157407407407406 0.029166666666666667 0.029166666666666667
0 0.7072916666666667 0.16666666666666666 0.029166666666666667 0.029166666666666667