0 0.30520833333333336 0.6486111111111111 0.020833333333333332 0.027777777777777776
0 0.38229166666666664 0.6486111111111111 0.020833333333333332 0.027777777777777776
0 0.459375 0.6486111111111111 0.020833333333333332 0.027777777777777776
0 0.5375 0.6486111111111111 0.020833333333333332 0.027777777777777776
0 0.615625 0.6486111111111111 0.020833333333333332 0.027777777777777776
0 0.69375 0.6486111111111111 0.020833333333333332 0.027777777777777776
0 0.7729166666666667 0.6486111111111111 0.020833333333333332 0.027777777777777776
0 0.31666666666666665 0.5611111111111111 0.020833333333333332 0.027777777777777776
0 0.38958333333333334 0.5611111111111111 0.020833333333333332 0.027777777777777776
0 0.4635416666666667 0.5611111111111111 0.020833333333333332 0.027777777777777776
0 0.5375 0.5611111111111111 0.020833333333333332 0.027777777777777776
0 0.6114583333333333 0.5611111111111111 0.020833333333333332 0.027777777777777776
0 0.6864583333333333 0.5597222222222222 0.020833333333333332 0.027777777777777776
0 0.7614583333333333 0.5597222222222222 0.020833333333333332 0.027777777777777776
0 0.32708333333333334 0.48194444444444445 0.020833333333333332 0.027777777777777776
0 0.396875 0.48194444444444445 0.020833333333333332 0.027777777777777776
0 0.4666666666666667 0.48055555555555557 0.020833333333333332 0.027777777777777776
0 0.5375 0.48055555555555557 0.020833333333333332 0.027777777777777776
0 0.6083333333333333 0.48055555555555557 0.020833333333333332 0.027777777777777776
0 0.6791666666666667 0.48055555555555557 0.020833333333333332 0.027777777777777776
0 0.7510416666666667 0.4791666666666667 0.020833333333333332 0.027777777777777776
0 0.33645833333333336 0.4097222222222222 0.020833333333333332 0.027777777777777776
0 0.403125 0.4083333333333333 0.020833333333333332 0.027777777777777776
0 0.4708333333333333 0.4083333333333333 0.020833333333333332 0.027777777777777776
0 0.5375 0.4083333333333333 0.020833333333333332 0.027777777777777776
0 0.6052083333333333 0.40694444444444444 0.020833333333333332 0.027777777777777776
0 0.6729166666666667 0.40694444444444444 0.020833333333333332 0.027777777777777776
0 0.7416666666666667 0.40555555555555556 0.020833333333333332 0.027777777777777776
0 0.3458333333333333 0.34305555555555556 0.020833333333333332 0.027777777777777776
0 0.409375 0.34305555555555556 0.020833333333333332 0.027777777777777776
0 0.47291666666666665 0.3416666666666667 0.020833333333333332 0.027777777777777776
0 0.5375 0.3416666666666667 0.020833333333333332 0.027777777777777776
0 0.6020833333333333 0.3402777777777778 0.020833333333333332 0.027777777777777776
0 0.6677083333333333 0.3402777777777778 0.020833333333333332 0.027777777777777776
0 0.7333333333333333 0.3388888888888889 0.020833333333333332 0.027777777777777776
0 0.353125 0.28194444444444444 0.020833333333333332 0.027777777777777776
0 0.41458333333333336 0.28194444444444444 0.020833333333333332 0.027777777777777776
0 0.47604166666666664 0.28055555555555556 0.020833333333333332 0.027777777777777776
0 0.5375 0.28055555555555556 0.020833333333333332 0.027777777777777776
0 0.6 0.2791666666666667 0.020833333333333332 0.027777777777777776
0 0.6625 0.2777777777777778 0.020833333333333332 0.027777777777777776
0 0.725 0.2777777777777778 0.020833333333333332 0.027777777777777776
0 0.36041666666666666 0.2263888888888889 0.020833333333333332 0.027777777777777776
0 0.4197916666666667 0.225 0.020833333333333332 0.027777777777777776
0 0.4791666666666667 0.225 0.020833333333333332 0.027777777777777776
0 0.5385416666666667 0.22361111111111112 0.020833333333333332 0.027777777777777776
0 0.5979166666666667 0.2222222222222222 0.020833333333333332 0.027777777777777776
0 0.6572916666666667 0.2222222222222222 0.020833333333333332 0.027777777777777776
0 0.7177083333333333 0.22083333333333333 0.020833333333333332 0.027777777777777776