0 0.228125 0.6342592592592593 0.03333333333333333 0.03333333333333333
0 0.3260416666666667 0.6365740740740741 0.03333333333333333 0.03333333333333333
0 0.42291666666666666 0.6375 0.03333333333333333 0.03333333333333333
0 0.5197916666666667 0.638425925925926 0.03333333333333333 0.03333333333333333
0 0.6177083333333333 0.6407407407407407 0.03333333333333333 0.03333333333333333
0 0.7145833333333333 0.6416666666666667 0.03333333333333333 0.03333333333333333
0 0.8114583333333333 0.6425925925925926 0.03333333333333333 0.03333333333333333
0 0.2375 0.5435185185185185 0.03333333333333333 0.03333333333333333
0 0.33229166666666665 0.5449074074074074 0.03333333333333333 0.03333333333333333
0 0.42604166666666665 0.5467592592592593 0.03333333333333333 0.03333333333333333
0 0.5197916666666667 0.5481481481481482 0.03333333333333333 0.03333333333333333
0 0.6135416666666667 0.549074074074074 0.03333333333333333 0.03333333333333333
0 0.7072916666666667 0.5509259259259259 0.03333333333333333 0.03333333333333333
0 0.8010416666666667 0.5518518518518518 0.03333333333333333 0.03333333333333333
0 0.246875 0.4583333333333333 0.03333333333333333 0.03333333333333333
0 0.3375 0.4601851851851852 0.03333333333333333 0.03333333333333333
0 0.42916666666666664 0.4615740740740741 0.03333333333333333 0.03333333333333333
0 0.5197916666666667 0.4625 0.03333333333333333 0.03333333333333333
0 0.6104166666666667 0.4634259259259259 0.03333333333333333 0.03333333333333333
0 0.7010416666666667 0.46574074074074073 0.03333333333333333 0.03333333333333333
0 0.7916666666666666 0.4666666666666667 0.03333333333333333 0.03333333333333333
0 0.2552083333333333 0.37916666666666665 0.03333333333333333 0.03333333333333333
0 0.34375 0.3800925925925926 0.03333333333333333 0.03333333333333333
0 0.43125 0.3814814814814815 0.03333333333333333 0.03333333333333333
0 0.5197916666666667 0.38333333333333336 0.03333333333333333 0.03333333333333333
0 0.6072916666666667 0.38425925925925924 0.03333333333333333 0.03333333333333333
0 0.6947916666666667 0.3851851851851852 0.03333333333333333 0.03333333333333333
0 0.7833333333333333 0.38657407407407407 0.03333333333333333 0.03333333333333333
0 0.2635416666666667 0.30416666666666664 0.03333333333333333 0.03333333333333333
0 0.34791666666666665 0.3050925925925926 0.03333333333333333 0.03333333333333333
0 0.43333333333333335 0.3074074074074074 0.03333333333333333 0.03333333333333333
0 0.51875 0.30833333333333335 0.03333333333333333 0.03333333333333333
0 0.6041666666666666 0.30925925925925923 0.03333333333333333 0.03333333333333333
0 0.6895833333333333 0.3101851851851852 0.03333333333333333 0.03333333333333333
0 0.775 0.31157407407407406 0.03333333333333333 0.03333333333333333
0 0.2708333333333333 0.23425925925925925 0.03333333333333333 0.03333333333333333
0 0.353125 0.2351851851851852 0.03333333333333333 0.03333333333333333
0 0.43645833333333334 0.23657407407407408 0.03333333333333333 0.03333333333333333
0 0.51875 0.2375 0.03333333333333333 0.03333333333333333
0 0.6020833333333333 0.23842592592592593 0.03333333333333333 0.03333333333333333
0 0.684375 0.24074074074074073 0.03333333333333333 0.03333333333333333
0 0.7666666666666667 0.24166666666666667 0.03333333333333333 0.03333333333333333
0 0.27708333333333335 0.1675925925925926 0.03333333333333333 0.03333333333333333
0 0.35833333333333334 0.1685185185185185 0.03333333333333333 0.03333333333333333
0 0.43854166666666666 0.1699074074074074 0.03333333333333333 0.03333333333333333
0 0.51875 0.17083333333333334 0.03333333333333333 0.03333333333333333
0 0.5989583333333334 0.17314814814814813 0.03333333333333333 0.03333333333333333
0 0.6791666666666667 0.17407407407407408 0.03333333333333333 0.03333333333333333
0 0.759375 0.175 0.03333333333333333 0.03333333333333333