0 0.7104166666666667 0.18194444444444444 0.025 0.03333333333333333
0 0.640625 0.18055555555555555 0.025 0.03333333333333333
0 0.571875 0.17777777777777778 0.025 0.03333333333333333
0 0.503125 0.1763888888888889 0.025 0.03333333333333333
0 0.434375 0.175 0.025 0.03333333333333333
0 0.36666666666666664 0.1736111111111111 0.025 0.03333333333333333
0 0.29791666666666666 0.17222222222222222 0.025 0.03333333333333333
0 0.71875 0.24861111111111112 0.025 0.03333333333333333
0 0.6458333333333334 0.24583333333333332 0.025 0.03333333333333333
0 0.5729166666666666 0.24444444444444444 0.025 0.03333333333333333
0 0.5010416666666667 0.24305555555555555 0.025 0.03333333333333333
0 0.42916666666666664 0.24166666666666667 0.025 0.03333333333333333
0 0.3572916666666667 0.24027777777777778 0.025 0.03333333333333333
0 0.2864583333333333 0.2388888888888889 0.025 0.03333333333333333
0 0.7270833333333333 0.32083333333333336 0.025 0.03333333333333333
0 0.6510416666666666 0.3194444444444444 0.025 0.03333333333333333
0 0.575 0.31805555555555554 0.025 0.03333333333333333
0 0.49895833333333334 0.31666666666666665 0.025 0.03333333333333333
0 0.42291666666666666 0.3138888888888889 0.025 0.03333333333333333
0 0.34791666666666665 0.3125 0.025 0.03333333333333333
0 0.27291666666666664 0.3111111111111111 0.025 0.03333333333333333
0 0.7364583333333333 0.4027777777777778 0.025 0.03333333333333333
0 0.65625 0.4013888888888889 0.025 0.03333333333333333
0 0.5760416666666667 0.39861111111111114 0.025 0.03333333333333333
0 0.49583333333333335 0.3972222222222222 0.025 0.03333333333333333
0 0.4166666666666667 0.39444444444444443 0.025 0.03333333333333333
0 0.3375 0.39305555555555555 0.025 0.03333333333333333
0 0.25833333333333336 0.3902777777777778 0.025 0.03333333333333333
0 0.7479166666666667 0.4930555555555556 0.025 0.03333333333333333
0 0.6625 0.49166666666666664 0.025 0.03333333333333333
0 0.578125 0.4888888888888889 0.025 0.03333333333333333
0 0.49375 0.4861111111111111 0.025 0.03333333333333333
0 0.409375 0.4847222222222222 0.025 0.03333333333333333
0 0.3260416666666667 0.48194444444444445 0.025 0.03333333333333333
0 0.24166666666666667 0.4791666666666667 0.025 0.03333333333333333
0 0.759375 0.5958333333333333 0.025 0.03333333333333333
0 0.6697916666666667 0.5930555555555556 0.025 0.03333333333333333
0 0.5791666666666667 0.5902777777777778 0.025 0.03333333333333333
0 0.4895833333333333 0.5875 0.025 0.03333333333333333
0 0.4010416666666667 0.5847222222222223 0.025 0.03333333333333333
0 0.3125 0.5819444444444445 0.025 0.03333333333333333
0 0.22395833333333334 0.5791666666666667 0.025 0.03333333333333333
0 0.7729166666666667 0.7097222222222223 0.025 0.03333333333333333
0 0.6770833333333334 0.7069444444444445 0.025 0.03333333333333333
0 0.58125 0.7041666666666667 0.025 0.03333333333333333
0 0.4864583333333333 0.7 0.025 0.03333333333333333
0 0.39166666666666666 0.6972222222222222 0.025 0.03333333333333333
0 0.29791666666666666 0.6944444444444444 0.025 0.03333333333333333
0 0.203125 0.6902777777777778 0.025 0.03333333333333333