0 0.28229166666666666 0.6625 0.020833333333333332 0.027777777777777776
0 0.36041666666666666 0.6597222222222222 0.020833333333333332 0.027777777777777776
0 0.43854166666666666 0.6583333333333333 0.020833333333333332 0.027777777777777776
0 0.51875 0.6569444444444444 0.020833333333333332 0.027777777777777776
0 0.6010416666666667 0.6555555555555556 0.020833333333333332 0.027777777777777776
0 0.684375 0.6541666666666667 0.020833333333333332 0.027777777777777776
0 0.76875 0.6513888888888889 0.020833333333333332 0.027777777777777776
0 0.2947916666666667 0.5708333333333333 0.020833333333333332 0.027777777777777776
0 0.36875 0.5680555555555555 0.020833333333333332 0.027777777777777776
0 0.44375 0.5652777777777778 0.020833333333333332 0.027777777777777776
0 0.5197916666666667 0.5638888888888889 0.020833333333333332 0.027777777777777776
0 0.5979166666666667 0.5611111111111111 0.020833333333333332 0.027777777777777776
0 0.6760416666666667 0.5583333333333333 0.020833333333333332 0.027777777777777776
0 0.75625 0.5555555555555556 0.020833333333333332 0.027777777777777776
0 0.30625 0.4875 0.020833333333333332 0.027777777777777776
0 0.3770833333333333 0.4847222222222222 0.020833333333333332 0.027777777777777776
0 0.4479166666666667 0.48194444444444445 0.020833333333333332 0.027777777777777776
0 0.5208333333333334 0.4791666666666667 0.020833333333333332 0.027777777777777776
0 0.5947916666666667 0.475 0.020833333333333332 0.027777777777777776
0 0.6697916666666667 0.4722222222222222 0.020833333333333332 0.027777777777777776
0 0.7458333333333333 0.46944444444444444 0.020833333333333332 0.027777777777777776
0 0.31666666666666665 0.4111111111111111 0.020833333333333332 0.027777777777777776
0 0.38333333333333336 0.4083333333333333 0.020833333333333332 0.027777777777777776
0 0.45208333333333334 0.40555555555555556 0.020833333333333332 0.027777777777777776
0 0.5208333333333334 0.4013888888888889 0.020833333333333332 0.027777777777777776
0 0.5916666666666667 0.39861111111111114 0.020833333333333332 0.027777777777777776
0 0.6625 0.39444444444444443 0.020833333333333332 0.027777777777777776
0 0.7354166666666667 0.39166666666666666 0.020833333333333332 0.027777777777777776
0 0.3260416666666667 0.34305555555555556 0.020833333333333332 0.027777777777777776
0 0.390625 0.3388888888888889 0.020833333333333332 0.027777777777777776
0 0.4552083333333333 0.3347222222222222 0.020833333333333332 0.027777777777777776
0 0.521875 0.33194444444444443 0.020833333333333332 0.027777777777777776
0 0.5885416666666666 0.3277777777777778 0.020833333333333332 0.027777777777777776
0 0.6572916666666667 0.3236111111111111 0.020833333333333332 0.027777777777777776
0 0.7260416666666667 0.3194444444444444 0.020833333333333332 0.027777777777777776
0 0.334375 0.2791666666666667 0.020833333333333332 0.027777777777777776
0 0.3958333333333333 0.275 0.020833333333333332 0.027777777777777776
0 0.4583333333333333 0.2708333333333333 0.020833333333333332 0.027777777777777776
0 0.521875 0.26805555555555555 0.020833333333333332 0.027777777777777776
0 0.5864583333333333 0.2638888888888889 0.020833333333333332 0.027777777777777776
0 0.6520833333333333 0.25972222222222224 0.020833333333333332 0.027777777777777776
0 0.7177083333333333 0.25555555555555554 0.020833333333333332 0.027777777777777776
0 0.34270833333333334 0.22083333333333333 0.020833333333333332 0.027777777777777776
0 0.40208333333333335 0.21666666666666667 0.020833333333333332 0.027777777777777776
0 0.46145833333333336 0.2125 0.020833333333333332 0.027777777777777776
0 0.5229166666666667 0.20833333333333334 0.020833333333333332 0.027777777777777776
0 0.584375 0.20416666666666666 0.020833333333333332 0.027777777777777776
0 0.646875 0.2 0.020833333333333332 0.027777777777777776
0 0.7104166666666667 0.19583333333333333 0.020833333333333332 0.027777777777777776