0 0.7052083333333333 0.1587962962962963 0.022916666666666665 0.03425925925925926
0 0.6302083333333334 0.1587962962962963 0.022916666666666665 0.03425925925925926
0 0.5541666666666667 0.1587962962962963 0.022916666666666665 0.03425925925925926
0 0.47708333333333336 0.1574074074074074 0.022916666666666665 0.03425925925925926
0 0.4010416666666667 0.1574074074074074 0.022916666666666665 0.03425925925925926
0 0.3229166666666667 0.15555555555555556 0.022916666666666665 0.03425925925925926
0 0.24583333333333332 0.15555555555555556 0.022916666666666665 0.03425925925925926
0 0.7177083333333333 0.23981481481481481 0.022916666666666665 0.03425925925925926
0 0.6385416666666667 0.23842592592592593 0.022916666666666665 0.03425925925925926
0 0.5604166666666667 0.23842592592592593 0.022916666666666665 0.03425925925925926
0 0.48125 0.23842592592592593 0.022916666666666665 0.03425925925925926
0 0.4010416666666667 0.23657407407407408 0.022916666666666665 0.03425925925925926
0 0.32083333333333336 0.23657407407407408 0.022916666666666665 0.03425925925925926
0 0.23958333333333334 0.23657407407407408 0.022916666666666665 0.03425925925925926
0 0.7302083333333333 0.32546296296296295 0.022916666666666665 0.03425925925925926
0 0.6489583333333333 0.32546296296296295 0.022916666666666665 0.03425925925925926
0 0.5666666666666667 0.32407407407407407 0.022916666666666665 0.03425925925925926
0 0.484375 0.32407407407407407 0.022916666666666665 0.03425925925925926
0 0.40208333333333335 0.32407407407407407 0.022916666666666665 0.03425925925925926
0 0.3177083333333333 0.32407407407407407 0.022916666666666665 0.03425925925925926
0 0.234375 0.32407407407407407 0.022916666666666665 0.03425925925925926
0 0.74375 0.41759259259259257 0.022916666666666665 0.03425925925925926
0 0.659375 0.41759259259259257 0.022916666666666665 0.03425925925925926
0 0.5739583333333333 0.41759259259259257 0.022916666666666665 0.03425925925925926
0 0.48854166666666665 0.41759259259259257 0.022916666666666665 0.03425925925925926
0 0.40208333333333335 0.41759259259259257 0.022916666666666665 0.03425925925925926
0 0.315625 0.41759259259259257 0.022916666666666665 0.03425925925925926
0 0.228125 0.41759259259259257 0.022916666666666665 0.03425925925925926
0 0.7583333333333333 0.5185185185185185 0.022916666666666665 0.03425925925925926
0 0.6708333333333333 0.5185185185185185 0.022916666666666665 0.03425925925925926
0 0.5822916666666667 0.5185185185185185 0.022916666666666665 0.03425925925925926
0 0.49270833333333336 0.5185185185185185 0.022916666666666665 0.03425925925925926
0 0.403125 0.5203703703703704 0.022916666666666665 0.03425925925925926
0 0.3125 0.5203703703703704 0.022916666666666665 0.03425925925925926
0 0.22083333333333333 0.5203703703703704 0.022916666666666665 0.03425925925925926
0 0.775 0.6277777777777778 0.022916666666666665 0.03425925925925926
0 0.6833333333333333 0.6277777777777778 0.022916666666666665 0.03425925925925926
0 0.590625 0.6291666666666667 0.022916666666666665 0.03425925925925926
0 0.496875 0.6291666666666667 0.022916666666666665 0.03425925925925926
0 0.403125 0.6310185185185185 0.022916666666666665 0.03425925925925926
0 0.309375 0.6310185185185185 0.022916666666666665 0.03425925925925926
0 0.21354166666666666 0.6324074074074074 0.022916666666666665 0.03425925925925926
0 0.7927083333333333 0.7462962962962963 0.022916666666666665 0.03425925925925926
0 0.696875 0.7476851851851852 0.022916666666666665 0.03425925925925926
0 0.6 0.7490740740740741 0.022916666666666665 0.03425925925925926
0 0.5020833333333333 0.7509259259259259 0.022916666666666665 0.03425925925925926
0 0.4041666666666667 0.7509259259259259 0.022916666666666665 0.03425925925925926
0 0.30520833333333336 0.7523148148148148 0.022916666666666665 0.03425925925925926
0 0.20520833333333333 0.7537037037037037 0.022916666666666665 0.03425925925925926