0 0.66875 0.175 0.025 0.03333333333333333
0 0.6 0.17916666666666667 0.025 0.03333333333333333
0 0.53125 0.18472222222222223 0.025 0.03333333333333333
0 0.4635416666666667 0.19027777777777777 0.025 0.03333333333333333
0 0.3958333333333333 0.19583333333333333 0.025 0.03333333333333333
0 0.328125 0.2 0.025 0.03333333333333333
0 0.26145833333333335 0.20555555555555555 0.025 0.03333333333333333
0 0.678125 0.2388888888888889 0.025 0.03333333333333333
0 0.60625 0.24305555555555555 0.025 0.03333333333333333
0 0.5354166666666667 0.24861111111111112 0.025 0.03333333333333333
0 0.4635416666666667 0.25416666666666665 0.025 0.03333333333333333
0 0.3927083333333333 0.25972222222222224 0.025 0.03333333333333333
0 0.321875 0.2652777777777778 0.025 0.03333333333333333
0 0.25104166666666666 0.26944444444444443 0.025 0.03333333333333333
0 0.6895833333333333 0.30833333333333335 0.025 0.03333333333333333
0 0.6135416666666667 0.3138888888888889 0.025 0.03333333333333333
0 0.5385416666666667 0.3194444444444444 0.025 0.03333333333333333
0 0.4635416666666667 0.325 0.025 0.03333333333333333
0 0.3885416666666667 0.33055555555555555 0.025 0.03333333333333333
0 0.3145833333333333 0.33611111111111114 0.025 0.03333333333333333
0 0.240625 0.3402777777777778 0.025 0.03333333333333333
0 0.7020833333333333 0.3861111111111111 0.025 0.03333333333333333
0 0.621875 0.39166666666666666 0.025 0.03333333333333333
0 0.5427083333333333 0.3972222222222222 0.025 0.03333333333333333
0 0.4635416666666667 0.4027777777777778 0.025 0.03333333333333333
0 0.384375 0.4083333333333333 0.025 0.03333333333333333
0 0.30625 0.41388888888888886 0.025 0.03333333333333333
0 0.228125 0.41944444444444445 0.025 0.03333333333333333
0 0.715625 0.4736111111111111 0.025 0.03333333333333333
0 0.63125 0.4791666666666667 0.025 0.03333333333333333
0 0.546875 0.4847222222222222 0.025 0.03333333333333333
0 0.4635416666666667 0.49166666666666664 0.025 0.03333333333333333
0 0.3802083333333333 0.49722222222222223 0.025 0.03333333333333333
0 0.296875 0.5027777777777778 0.025 0.03333333333333333
0 0.21354166666666666 0.5083333333333333 0.025 0.03333333333333333
0 0.73125 0.5722222222222222 0.025 0.03333333333333333
0 0.6416666666666667 0.5777777777777777 0.025 0.03333333333333333
0 0.5520833333333334 0.5833333333333334 0.025 0.03333333333333333
0 0.4635416666666667 0.5902777777777778 0.025 0.03333333333333333
0 0.375 0.5958333333333333 0.025 0.03333333333333333
0 0.2864583333333333 0.6013888888888889 0.025 0.03333333333333333
0 0.19895833333333332 0.6069444444444444 0.025 0.03333333333333333
0 0.7489583333333333 0.6833333333333333 0.025 0.03333333333333333
0 0.653125 0.6888888888888889 0.025 0.03333333333333333
0 0.5583333333333333 0.6958333333333333 0.025 0.03333333333333333
0 0.4625 0.7013888888888888 0.025 0.03333333333333333
0 0.36875 0.7069444444444445 0.025 0.03333333333333333
0 0.275 0.7125 0.025 0.03333333333333333
0 0.18125 0.7194444444444444 0.025 0.03333333333333333