0 0.7052083333333333 0.18333333333333332 0.025 0.03333333333333333
0 0.6375 0.18472222222222223 0.025 0.03333333333333333
0 0.5708333333333333 0.18611111111111112 0.025 0.03333333333333333
0 0.503125 0.1875 0.025 0.03333333333333333
0 0.43645833333333334 0.18888888888888888 0.025 0.03333333333333333
0 0.36875 0.19027777777777777 0.025 0.03333333333333333
0 0.30104166666666665 0.19305555555555556 0.025 0.03333333333333333
0 0.7166666666666667 0.24583333333333332 0.025 0.03333333333333333
0 0.6458333333333334 0.24722222222222223 0.025 0.03333333333333333
0 0.5760416666666667 0.25 0.025 0.03333333333333333
0 0.5052083333333334 0.2513888888888889 0.025 0.03333333333333333
0 0.434375 0.25277777777777777 0.025 0.03333333333333333
0 0.36354166666666665 0.25416666666666665 0.025 0.03333333333333333
0 0.29375 0.2569444444444444 0.025 0.03333333333333333
0 0.7291666666666666 0.31527777777777777 0.025 0.03333333333333333
0 0.6552083333333333 0.31666666666666665 0.025 0.03333333333333333
0 0.58125 0.3194444444444444 0.025 0.03333333333333333
0 0.5072916666666667 0.32083333333333336 0.025 0.03333333333333333
0 0.43333333333333335 0.32222222222222224 0.025 0.03333333333333333
0 0.35833333333333334 0.325 0.025 0.03333333333333333
0 0.284375 0.3263888888888889 0.025 0.03333333333333333
0 0.7427083333333333 0.39166666666666666 0.025 0.03333333333333333
0 0.6645833333333333 0.39444444444444443 0.025 0.03333333333333333
0 0.5864583333333333 0.3958333333333333 0.025 0.03333333333333333
0 0.509375 0.39861111111111114 0.025 0.03333333333333333
0 0.43125 0.4 0.025 0.03333333333333333
0 0.353125 0.4013888888888889 0.025 0.03333333333333333
0 0.275 0.4041666666666667 0.025 0.03333333333333333
0 0.7572916666666667 0.4777777777777778 0.025 0.03333333333333333
0 0.675 0.4791666666666667 0.025 0.03333333333333333
0 0.59375 0.48194444444444445 0.025 0.03333333333333333
0 0.5114583333333333 0.48333333333333334 0.025 0.03333333333333333
0 0.42916666666666664 0.4861111111111111 0.025 0.03333333333333333
0 0.346875 0.4875 0.025 0.03333333333333333
0 0.26458333333333334 0.49027777777777776 0.025 0.03333333333333333
0 0.7739583333333333 0.5722222222222222 0.025 0.03333333333333333
0 0.6875 0.575 0.025 0.03333333333333333
0 0.6010416666666667 0.5777777777777777 0.025 0.03333333333333333
0 0.5135416666666667 0.5791666666666667 0.025 0.03333333333333333
0 0.4270833333333333 0.5819444444444445 0.025 0.03333333333333333
0 0.33958333333333335 0.5847222222222223 0.025 0.03333333333333333
0 0.2520833333333333 0.5861111111111111 0.025 0.03333333333333333
0 0.79375 0.6791666666666667 0.025 0.03333333333333333
0 0.7010416666666667 0.6819444444444445 0.025 0.03333333333333333
0 0.609375 0.6847222222222222 0.025 0.03333333333333333
0 0.5166666666666667 0.6875 0.025 0.03333333333333333
0 0.4239583333333333 0.6902777777777778 0.025 0.03333333333333333
0 0.33125 0.6916666666666667 0.025 0.03333333333333333
0 0.23854166666666668 0.6944444444444444 0.025 0.03333333333333333