0 0.29270833333333335 0.65 0.020833333333333332 0.027777777777777776
0 0.3697916666666667 0.6486111111111111 0.020833333333333332 0.027777777777777776
0 0.4479166666666667 0.6472222222222223 0.020833333333333332 0.027777777777777776
0 0.5270833333333333 0.6458333333333334 0.020833333333333332 0.027777777777777776
0 0.60625 0.6444444444444445 0.020833333333333332 0.027777777777777776
0 0.6864583333333333 0.6430555555555556 0.020833333333333332 0.027777777777777776
0 0.7666666666666667 0.6416666666666667 0.020833333333333332 0.027777777777777776
0 0.303125 0.5597222222222222 0.020833333333333332 0.027777777777777776
0 0.3770833333333333 0.5583333333333333 0.020833333333333332 0.027777777777777776
0 0.4510416666666667 0.5569444444444445 0.020833333333333332 0.027777777777777776
0 0.5260416666666666 0.5555555555555556 0.020833333333333332 0.027777777777777776
0 0.6020833333333333 0.5541666666666667 0.020833333333333332 0.027777777777777776
0 0.678125 0.5513888888888889 0.020833333333333332 0.027777777777777776
0 0.7541666666666667 0.55 0.020833333333333332 0.027777777777777776
0 0.3125 0.4777777777777778 0.020833333333333332 0.027777777777777776
0 0.38333333333333336 0.47638888888888886 0.020833333333333332 0.027777777777777776
0 0.45416666666666666 0.4736111111111111 0.020833333333333332 0.027777777777777776
0 0.5260416666666666 0.4722222222222222 0.020833333333333332 0.027777777777777776
0 0.5979166666666667 0.4708333333333333 0.020833333333333332 0.027777777777777776
0 0.6697916666666667 0.46805555555555556 0.020833333333333332 0.027777777777777776
0 0.7427083333333333 0.4666666666666667 0.020833333333333332 0.027777777777777776
0 0.32083333333333336 0.4027777777777778 0.020833333333333332 0.027777777777777776
0 0.3885416666666667 0.4 0.020833333333333332 0.027777777777777776
0 0.45625 0.39861111111111114 0.020833333333333332 0.027777777777777776
0 0.525 0.3972222222222222 0.020833333333333332 0.027777777777777776
0 0.59375 0.39444444444444443 0.020833333333333332 0.027777777777777776
0 0.6635416666666667 0.39305555555555555 0.020833333333333332 0.027777777777777776
0 0.7322916666666667 0.3902777777777778 0.020833333333333332 0.027777777777777776
0 0.32916666666666666 0.3333333333333333 0.020833333333333332 0.027777777777777776
0 0.39375 0.33194444444444443 0.020833333333333332 0.027777777777777776
0 0.459375 0.32916666666666666 0.020833333333333332 0.027777777777777776
0 0.525 0.3277777777777778 0.020833333333333332 0.027777777777777776
0 0.590625 0.325 0.020833333333333332 0.027777777777777776
0 0.65625 0.3236111111111111 0.020833333333333332 0.027777777777777776
0 0.7229166666666667 0.32083333333333336 0.020833333333333332 0.027777777777777776
0 0.33645833333333336 0.2708333333333333 0.020833333333333332 0.027777777777777776
0 0.39895833333333336 0.26805555555555555 0.020833333333333332 0.027777777777777776
0 0.46145833333333336 0.26666666666666666 0.020833333333333332 0.027777777777777776
0 0.5239583333333333 0.2638888888888889 0.020833333333333332 0.027777777777777776
0 0.5875 0.2611111111111111 0.020833333333333332 0.027777777777777776
0 0.6510416666666666 0.25972222222222224 0.020833333333333332 0.027777777777777776
0 0.7145833333333333 0.2569444444444444 0.020833333333333332 0.027777777777777776
0 0.34270833333333334 0.2111111111111111 0.020833333333333332 0.027777777777777776
0 0.403125 0.20972222222222223 0.020833333333333332 0.027777777777777776
0 0.4635416666666667 0.20694444444444443 0.020833333333333332 0.027777777777777776
0 0.5239583333333333 0.20555555555555555 0.020833333333333332 0.027777777777777776
0 0.584375 0.20277777777777778 0.020833333333333332 0.027777777777777776
0 0.6458333333333334 0.2013888888888889 0.020833333333333332 0.027777777777777776
0 0.7072916666666667 0.1986111111111111 0.020833333333333332 0.027777777777777776