0 0.6833333333333333 0.1736111111111111 0.025 0.03333333333333333
0 0.6166666666666667 0.175 0.025 0.03333333333333333
0 0.55 0.1763888888888889 0.025 0.03333333333333333
0 0.4822916666666667 0.1763888888888889 0.025 0.03333333333333333
0 0.41458333333333336 0.17777777777777778 0.025 0.03333333333333333
0 0.3458333333333333 0.17777777777777778 0.025 0.03333333333333333
0 0.27708333333333335 0.17916666666666667 0.025 0.03333333333333333
0 0.6958333333333333 0.2375 0.025 0.03333333333333333
0 0.6260416666666667 0.2388888888888889 0.025 0.03333333333333333
0 0.55625 0.24027777777777778 0.025 0.03333333333333333
0 0.48541666666666666 0.24166666666666667 0.025 0.03333333333333333
0 0.41458333333333336 0.24166666666666667 0.025 0.03333333333333333
0 0.3416666666666667 0.24305555555555555 0.025 0.03333333333333333
0 0.26979166666666665 0.24444444444444444 0.025 0.03333333333333333
0 0.709375 0.30833333333333335 0.025 0.03333333333333333
0 0.6364583333333333 0.30972222222222223 0.025 0.03333333333333333
0 0.5625 0.3111111111111111 0.025 0.03333333333333333
0 0.48854166666666665 0.3125 0.025 0.03333333333333333
0 0.41354166666666664 0.3138888888888889 0.025 0.03333333333333333
0 0.3375 0.31527777777777777 0.025 0.03333333333333333
0 0.26145833333333335 0.31666666666666665 0.025 0.03333333333333333
0 0.725 0.3861111111111111 0.025 0.03333333333333333
0 0.6479166666666667 0.3875 0.025 0.03333333333333333
0 0.5708333333333333 0.3888888888888889 0.025 0.03333333333333333
0 0.49166666666666664 0.39166666666666666 0.025 0.03333333333333333
0 0.4125 0.39305555555555555 0.025 0.03333333333333333
0 0.3333333333333333 0.39444444444444443 0.025 0.03333333333333333
0 0.2520833333333333 0.3972222222222222 0.025 0.03333333333333333
0 0.7416666666666667 0.4722222222222222 0.025 0.03333333333333333
0 0.6604166666666667 0.4736111111111111 0.025 0.03333333333333333
0 0.578125 0.47638888888888886 0.025 0.03333333333333333
0 0.49583333333333335 0.4791666666666667 0.025 0.03333333333333333
0 0.4125 0.48194444444444445 0.025 0.03333333333333333
0 0.328125 0.48333333333333334 0.025 0.03333333333333333
0 0.24270833333333333 0.4861111111111111 0.025 0.03333333333333333
0 0.7604166666666666 0.5680555555555555 0.025 0.03333333333333333
0 0.675 0.5708333333333333 0.025 0.03333333333333333
0 0.5875 0.575 0.025 0.03333333333333333
0 0.5 0.5777777777777777 0.025 0.03333333333333333
0 0.4114583333333333 0.5805555555555556 0.025 0.03333333333333333
0 0.321875 0.5833333333333334 0.025 0.03333333333333333
0 0.23125 0.5875 0.025 0.03333333333333333
0 0.7822916666666667 0.6777777777777778 0.025 0.03333333333333333
0 0.690625 0.6805555555555556 0.025 0.03333333333333333
0 0.5979166666666667 0.6847222222222222 0.025 0.03333333333333333
0 0.5052083333333334 0.6888888888888889 0.025 0.03333333333333333
0 0.41041666666666665 0.6930555555555555 0.025 0.03333333333333333
0 0.3145833333333333 0.6972222222222222 0.025 0.03333333333333333
0 0.21770833333333334 0.7013888888888888 0.025 0.03333333333333333