0 0.321875 0.6842592592592592 0.029166666666666667 0.029166666666666667
0 0.4125 0.6814814814814815 0.029166666666666667 0.029166666666666667
0 0.5 0.6782407407407407 0.029166666666666667 0.029166666666666667
0 0.5833333333333334 0.675 0.029166666666666667 0.029166666666666667
0 0.6645833333333333 0.6717592592592593 0.029166666666666667 0.029166666666666667
0 0.7427083333333333 0.6699074074074074 0.029166666666666667 0.029166666666666667
0 0.8177083333333334 0.6666666666666666 0.029166666666666667 0.029166666666666667
0 0.32083333333333336 0.5949074074074074 0.029166666666666667 0.029166666666666667
0 0.409375 0.5935185185185186 0.029166666666666667 0.029166666666666667
0 0.4947916666666667 0.5916666666666667 0.029166666666666667 0.029166666666666667
0 0.5770833333333333 0.5907407407407408 0.029166666666666667 0.029166666666666667
0 0.65625 0.5898148148148148 0.029166666666666667 0.029166666666666667
0 0.7333333333333333 0.5884259259259259 0.029166666666666667 0.029166666666666667
0 0.80625 0.586574074074074 0.029166666666666667 0.029166666666666667
0 0.31979166666666664 0.5083333333333333 0.029166666666666667 0.029166666666666667
0 0.40729166666666666 0.5092592592592593 0.029166666666666667 0.029166666666666667
0 0.490625 0.5092592592592593 0.029166666666666667 0.029166666666666667
0 0.571875 0.5092592592592593 0.029166666666666667 0.029166666666666667
0 0.6489583333333333 0.5092592592592593 0.029166666666666667 0.029166666666666667
0 0.7239583333333334 0.5092592592592593 0.029166666666666667 0.029166666666666667
0 0.796875 0.5101851851851852 0.029166666666666667 0.029166666666666667
0 0.31979166666666664 0.42592592592592593 0.029166666666666667 0.029166666666666667
0 0.40520833333333334 0.42824074074074076 0.029166666666666667 0.029166666666666667
0 0.4864583333333333 0.4300925925925926 0.029166666666666667 0.029166666666666667
0 0.565625 0.43148148148148147 0.029166666666666667 0.029166666666666667
0 0.6416666666666667 0.43333333333333335 0.029166666666666667 0.029166666666666667
0 0.715625 0.43425925925925923 0.029166666666666667 0.029166666666666667
0 0.7864583333333334 0.43657407407407406 0.029166666666666667 0.029166666666666667
0 0.31875 0.34814814814814815 0.029166666666666667 0.029166666666666667
0 0.40208333333333335 0.3509259259259259 0.029166666666666667 0.029166666666666667
0 0.48333333333333334 0.3541666666666667 0.029166666666666667 0.029166666666666667
0 0.5604166666666667 0.3574074074074074 0.029166666666666667 0.029166666666666667
0 0.6354166666666666 0.3592592592592593 0.029166666666666667 0.029166666666666667
0 0.7072916666666667 0.3625 0.029166666666666667 0.029166666666666667
0 0.7770833333333333 0.36574074074074076 0.029166666666666667 0.029166666666666667
0 0.31875 0.27175925925925926 0.029166666666666667 0.029166666666666667
0 0.4 0.2759259259259259 0.029166666666666667 0.029166666666666667
0 0.4791666666666667 0.2814814814814815 0.029166666666666667 0.029166666666666667
0 0.5552083333333333 0.2851851851851852 0.029166666666666667 0.029166666666666667
0 0.628125 0.2898148148148148 0.029166666666666667 0.029166666666666667
0 0.7 0.29259259259259257 0.029166666666666667 0.029166666666666667
0 0.7677083333333333 0.2967592592592593 0.029166666666666667 0.029166666666666667
0 0.31875 0.2 0.029166666666666667 0.029166666666666667
0 0.39791666666666664 0.2050925925925926 0.029166666666666667 0.029166666666666667
0 0.47604166666666664 0.2101851851851852 0.029166666666666667 0.029166666666666667
0 0.55 0.21574074074074073 0.029166666666666667 0.029166666666666667
0 0.621875 0.22083333333333333 0.029166666666666667 0.029166666666666667
0 0.6916666666666667 0.22592592592592592 0.029166666666666667 0.029166666666666667
0 0.759375 0.23148148148148148 0.029166666666666667 0.029166666666666667