0 0.7114583333333333 0.18194444444444444 0.025 0.03333333333333333
0 0.6416666666666667 0.18472222222222223 0.025 0.03333333333333333
0 0.5729166666666666 0.1875 0.025 0.03333333333333333
0 0.5052083333333334 0.19166666666666668 0.025 0.03333333333333333
0 0.43854166666666666 0.19444444444444445 0.025 0.03333333333333333
0 0.3729166666666667 0.19722222222222222 0.025 0.03333333333333333
0 0.30833333333333335 0.2013888888888889 0.025 0.03333333333333333
0 0.7197916666666667 0.24583333333333332 0.025 0.03333333333333333
0 0.646875 0.24861111111111112 0.025 0.03333333333333333
0 0.575 0.2513888888888889 0.025 0.03333333333333333
0 0.503125 0.25416666666666665 0.025 0.03333333333333333
0 0.43333333333333335 0.2569444444444444 0.025 0.03333333333333333
0 0.3645833333333333 0.25972222222222224 0.025 0.03333333333333333
0 0.29583333333333334 0.2625 0.025 0.03333333333333333
0 0.7302083333333333 0.31666666666666665 0.025 0.03333333333333333
0 0.6520833333333333 0.3194444444444444 0.025 0.03333333333333333
0 0.5760416666666667 0.32222222222222224 0.025 0.03333333333333333
0 0.5010416666666667 0.3236111111111111 0.025 0.03333333333333333
0 0.4270833333333333 0.3263888888888889 0.025 0.03333333333333333
0 0.35520833333333335 0.32916666666666666 0.025 0.03333333333333333
0 0.2833333333333333 0.33194444444444443 0.025 0.03333333333333333
0 0.740625 0.3958333333333333 0.025 0.03333333333333333
0 0.659375 0.3972222222222222 0.025 0.03333333333333333
0 0.578125 0.4 0.025 0.03333333333333333
0 0.49895833333333334 0.4013888888888889 0.025 0.03333333333333333
0 0.42083333333333334 0.4041666666666667 0.025 0.03333333333333333
0 0.34479166666666666 0.40555555555555556 0.025 0.03333333333333333
0 0.26875 0.4083333333333333 0.025 0.03333333333333333
0 0.753125 0.4847222222222222 0.025 0.03333333333333333
0 0.665625 0.4861111111111111 0.025 0.03333333333333333
0 0.5802083333333333 0.4875 0.025 0.03333333333333333
0 0.49583333333333335 0.4888888888888889 0.025 0.03333333333333333
0 0.41354166666666664 0.49027777777777776 0.025 0.03333333333333333
0 0.33229166666666665 0.49166666666666664 0.025 0.03333333333333333
0 0.253125 0.4930555555555556 0.025 0.03333333333333333
0 0.7666666666666667 0.5847222222222223 0.025 0.03333333333333333
0 0.6739583333333333 0.5861111111111111 0.025 0.03333333333333333
0 0.5822916666666667 0.5861111111111111 0.025 0.03333333333333333
0 0.49375 0.5875 0.025 0.03333333333333333
0 0.40520833333333334 0.5875 0.025 0.03333333333333333
0 0.31979166666666664 0.5875 0.025 0.03333333333333333
0 0.23541666666666666 0.5888888888888889 0.025 0.03333333333333333
0 0.7822916666666667 0.7 0.025 0.03333333333333333
0 0.6833333333333333 0.7 0.025 0.03333333333333333
0 0.5854166666666667 0.6986111111111111 0.025 0.03333333333333333
0 0.4895833333333333 0.6986111111111111 0.025 0.03333333333333333
0 0.396875 0.6972222222222222 0.025 0.03333333333333333
0 0.30416666666666664 0.6972222222222222 0.025 0.03333333333333333
0 0.21458333333333332 0.6972222222222222 0.025 0.03333333333333333