0 0.7291666666666666 0.18194444444444444 0.025 0.03333333333333333
0 0.6625 0.17916666666666667 0.025 0.03333333333333333
0 0.5958333333333333 0.1763888888888889 0.025 0.03333333333333333
0 0.528125 0.1736111111111111 0.025 0.03333333333333333
0 0.46041666666666664 0.17083333333333334 0.025 0.03333333333333333
0 0.3927083333333333 0.16805555555555557 0.025 0.03333333333333333
0 0.32395833333333335 0.16527777777777777 0.025 0.03333333333333333
0 0.740625 0.24583333333333332 0.025 0.03333333333333333
0 0.6708333333333333 0.24305555555555555 0.025 0.03333333333333333
0 0.6 0.24027777777777778 0.025 0.03333333333333333
0 0.5291666666666667 0.2375 0.025 0.03333333333333333
0 0.4583333333333333 0.23472222222222222 0.025 0.03333333333333333
0 0.3875 0.23194444444444445 0.025 0.03333333333333333
0 0.315625 0.22916666666666666 0.025 0.03333333333333333
0 0.753125 0.31527777777777777 0.025 0.03333333333333333
0 0.6791666666666667 0.3138888888888889 0.025 0.03333333333333333
0 0.6052083333333333 0.3111111111111111 0.025 0.03333333333333333
0 0.53125 0.30833333333333335 0.025 0.03333333333333333
0 0.45625 0.3055555555555556 0.025 0.03333333333333333
0 0.38125 0.30277777777777776 0.025 0.03333333333333333
0 0.30625 0.3 0.025 0.03333333333333333
0 0.7666666666666667 0.39444444444444443 0.025 0.03333333333333333
0 0.6895833333333333 0.39166666666666666 0.025 0.03333333333333333
0 0.6114583333333333 0.3888888888888889 0.025 0.03333333333333333
0 0.5322916666666667 0.3861111111111111 0.025 0.03333333333333333
0 0.45416666666666666 0.38333333333333336 0.025 0.03333333333333333
0 0.375 0.38055555555555554 0.025 0.03333333333333333
0 0.29583333333333334 0.37777777777777777 0.025 0.03333333333333333
0 0.7822916666666667 0.48055555555555557 0.025 0.03333333333333333
0 0.7 0.4791666666666667 0.025 0.03333333333333333
0 0.6177083333333333 0.47638888888888886 0.025 0.03333333333333333
0 0.534375 0.4736111111111111 0.025 0.03333333333333333
0 0.4510416666666667 0.4708333333333333 0.025 0.03333333333333333
0 0.36770833333333336 0.46805555555555556 0.025 0.03333333333333333
0 0.2833333333333333 0.4652777777777778 0.025 0.03333333333333333
0 0.7989583333333333 0.5791666666666667 0.025 0.03333333333333333
0 0.7125 0.5763888888888888 0.025 0.03333333333333333
0 0.625 0.5736111111111111 0.025 0.03333333333333333
0 0.5364583333333334 0.5708333333333333 0.025 0.03333333333333333
0 0.44895833333333335 0.5680555555555555 0.025 0.03333333333333333
0 0.359375 0.5652777777777778 0.025 0.03333333333333333
0 0.2708333333333333 0.5638888888888889 0.025 0.03333333333333333
0 0.81875 0.6888888888888889 0.025 0.03333333333333333
0 0.7260416666666667 0.6861111111111111 0.025 0.03333333333333333
0 0.6333333333333333 0.6847222222222222 0.025 0.03333333333333333
0 0.5395833333333333 0.6819444444444445 0.025 0.03333333333333333
0 0.44479166666666664 0.6791666666666667 0.025 0.03333333333333333
0 0.35104166666666664 0.6763888888888889 0.025 0.03333333333333333
0 0.2552083333333333 0.6736111111111112 0.025 0.03333333333333333