0 0.7072916666666667 0.18611111111111112 0.025 0.03333333333333333
0 0.640625 0.1875 0.025 0.03333333333333333
0 0.5739583333333333 0.18888888888888888 0.025 0.03333333333333333
0 0.5072916666666667 0.19027777777777777 0.025 0.03333333333333333
0 0.440625 0.19166666666666668 0.025 0.03333333333333333
0 0.37395833333333334 0.19305555555555556 0.025 0.03333333333333333
0 0.30625 0.19444444444444445 0.025 0.03333333333333333
0 0.71875 0.24861111111111112 0.025 0.03333333333333333
0 0.6489583333333333 0.25 0.025 0.03333333333333333
0 0.578125 0.2513888888888889 0.025 0.03333333333333333
0 0.5083333333333333 0.25416666666666665 0.025 0.03333333333333333
0 0.43854166666666666 0.25555555555555554 0.025 0.03333333333333333
0 0.36875 0.2569444444444444 0.025 0.03333333333333333
0 0.2989583333333333 0.25833333333333336 0.025 0.03333333333333333
0 0.7302083333333333 0.31805555555555554 0.025 0.03333333333333333
0 0.6572916666666667 0.3194444444444444 0.025 0.03333333333333333
0 0.584375 0.32083333333333336 0.025 0.03333333333333333
0 0.5104166666666666 0.3236111111111111 0.025 0.03333333333333333
0 0.43645833333333334 0.325 0.025 0.03333333333333333
0 0.36354166666666665 0.3263888888888889 0.025 0.03333333333333333
0 0.28958333333333336 0.3277777777777778 0.025 0.03333333333333333
0 0.74375 0.39444444444444443 0.025 0.03333333333333333
0 0.6666666666666666 0.3972222222222222 0.025 0.03333333333333333
0 0.5895833333333333 0.39861111111111114 0.025 0.03333333333333333
0 0.5125 0.4 0.025 0.03333333333333333
0 0.434375 0.4013888888888889 0.025 0.03333333333333333
0 0.3572916666666667 0.4027777777777778 0.025 0.03333333333333333
0 0.2791666666666667 0.40555555555555556 0.025 0.03333333333333333
0 0.759375 0.48055555555555557 0.025 0.03333333333333333
0 0.678125 0.48194444444444445 0.025 0.03333333333333333
0 0.5958333333333333 0.48333333333333334 0.025 0.03333333333333333
0 0.5145833333333333 0.4861111111111111 0.025 0.03333333333333333
0 0.4322916666666667 0.4875 0.025 0.03333333333333333
0 0.35104166666666664 0.4888888888888889 0.025 0.03333333333333333
0 0.26875 0.49166666666666664 0.025 0.03333333333333333
0 0.7760416666666666 0.575 0.025 0.03333333333333333
0 0.6895833333333333 0.5777777777777777 0.025 0.03333333333333333
0 0.603125 0.5791666666666667 0.025 0.03333333333333333
0 0.5166666666666667 0.5819444444444445 0.025 0.03333333333333333
0 0.43020833333333336 0.5833333333333334 0.025 0.03333333333333333
0 0.34270833333333334 0.5861111111111111 0.025 0.03333333333333333
0 0.25625 0.5875 0.025 0.03333333333333333
0 0.7947916666666667 0.6833333333333333 0.025 0.03333333333333333
0 0.703125 0.6847222222222222 0.025 0.03333333333333333
0 0.6114583333333333 0.6875 0.025 0.03333333333333333
0 0.5197916666666667 0.6902777777777778 0.025 0.03333333333333333
0 0.4270833333333333 0.6916666666666667 0.025 0.03333333333333333
0 0.334375 0.6944444444444444 0.025 0.03333333333333333
0 0.24166666666666667 0.6958333333333333 0.025 0.03333333333333333