0 0.6927083333333334 0.15416666666666667 0.022916666666666665 0.03425925925925926
0 0.6166666666666667 0.15416666666666667 0.022916666666666665 0.03425925925925926
0 0.540625 0.15416666666666667 0.022916666666666665 0.03425925925925926
0 0.4635416666666667 0.15416666666666667 0.022916666666666665 0.03425925925925926
0 0.38645833333333335 0.1527777777777778 0.022916666666666665 0.03425925925925926
0 0.30833333333333335 0.1527777777777778 0.022916666666666665 0.03425925925925926
0 0.23020833333333332 0.1527777777777778 0.022916666666666665 0.03425925925925926
0 0.7052083333333333 0.2351851851851852 0.022916666666666665 0.03425925925925926
0 0.6260416666666667 0.2351851851851852 0.022916666666666665 0.03425925925925926
0 0.546875 0.2351851851851852 0.022916666666666665 0.03425925925925926
0 0.4666666666666667 0.2337962962962963 0.022916666666666665 0.03425925925925926
0 0.38645833333333335 0.2337962962962963 0.022916666666666665 0.03425925925925926
0 0.30625 0.2337962962962963 0.022916666666666665 0.03425925925925926
0 0.225 0.2337962962962963 0.022916666666666665 0.03425925925925926
0 0.7177083333333333 0.32083333333333336 0.022916666666666665 0.03425925925925926
0 0.6354166666666666 0.32083333333333336 0.022916666666666665 0.03425925925925926
0 0.553125 0.32083333333333336 0.022916666666666665 0.03425925925925926
0 0.4708333333333333 0.32083333333333336 0.022916666666666665 0.03425925925925926
0 0.3875 0.32083333333333336 0.022916666666666665 0.03425925925925926
0 0.303125 0.32083333333333336 0.022916666666666665 0.03425925925925926
0 0.21875 0.32083333333333336 0.022916666666666665 0.03425925925925926
0 0.73125 0.41435185185185186 0.022916666666666665 0.03425925925925926
0 0.6458333333333334 0.41435185185185186 0.022916666666666665 0.03425925925925926
0 0.5604166666666667 0.41435185185185186 0.022916666666666665 0.03425925925925926
0 0.475 0.41574074074074074 0.022916666666666665 0.03425925925925926
0 0.3885416666666667 0.41574074074074074 0.022916666666666665 0.03425925925925926
0 0.30104166666666665 0.41574074074074074 0.022916666666666665 0.03425925925925926
0 0.21354166666666666 0.41574074074074074 0.022916666666666665 0.03425925925925926
0 0.7458333333333333 0.5157407407407407 0.022916666666666665 0.03425925925925926
0 0.6572916666666667 0.5157407407407407 0.022916666666666665 0.03425925925925926
0 0.56875 0.5157407407407407 0.022916666666666665 0.03425925925925926
0 0.4791666666666667 0.5171296296296296 0.022916666666666665 0.03425925925925926
0 0.3885416666666667 0.5171296296296296 0.022916666666666665 0.03425925925925926
0 0.29791666666666666 0.5185185185185185 0.022916666666666665 0.03425925925925926
0 0.20625 0.5185185185185185 0.022916666666666665 0.03425925925925926
0 0.7625 0.624537037037037 0.022916666666666665 0.03425925925925926
0 0.6697916666666667 0.624537037037037 0.022916666666666665 0.03425925925925926
0 0.5770833333333333 0.6263888888888889 0.022916666666666665 0.03425925925925926
0 0.48333333333333334 0.6277777777777778 0.022916666666666665 0.03425925925925926
0 0.38958333333333334 0.6291666666666667 0.022916666666666665 0.03425925925925926
0 0.2947916666666667 0.6291666666666667 0.022916666666666665 0.03425925925925926
0 0.19895833333333332 0.6310185185185185 0.022916666666666665 0.03425925925925926
0 0.7791666666666667 0.7430555555555556 0.022916666666666665 0.03425925925925926
0 0.6833333333333333 0.7444444444444445 0.022916666666666665 0.03425925925925926
0 0.5864583333333333 0.7462962962962963 0.022916666666666665 0.03425925925925926
0 0.48854166666666665 0.7476851851851852 0.022916666666666665 0.03425925925925926
0 0.390625 0.7490740740740741 0.022916666666666665 0.03425925925925926
0 0.2916666666666667 0.7509259259259259 0.022916666666666665 0.03425925925925926
0 0.19166666666666668 0.7523148148148148 0.022916666666666665 0.03425925925925926