0 0.22708333333333333 0.7333333333333333 0.03125 0.03148148148148148
0 0.31666666666666665 0.7324074074074074 0.03125 0.03148148148148148
0 0.40729166666666666 0.7300925925925926 0.03125 0.03148148148148148
0 0.4979166666666667 0.7291666666666666 0.03125 0.03148148148148148
0 0.5875 0.7268518518518519 0.03125 0.03148148148148148
0 0.678125 0.725 0.03125 0.03148148148148148
0 0.76875 0.7240740740740741 0.03125 0.03148148148148148
0 0.23645833333333333 0.6435185185185185 0.03125 0.03148148148148148
0 0.3229166666666667 0.6416666666666667 0.03125 0.03148148148148148
0 0.409375 0.6398148148148148 0.03125 0.03148148148148148
0 0.49583333333333335 0.638425925925926 0.03125 0.03148148148148148
0 0.5822916666666667 0.6365740740740741 0.03125 0.03148148148148148
0 0.66875 0.6351851851851852 0.03125 0.03148148148148148
0 0.75625 0.6333333333333333 0.03125 0.03148148148148148
0 0.24583333333333332 0.5601851851851852 0.03125 0.03148148148148148
0 0.32916666666666666 0.5583333333333333 0.03125 0.03148148148148148
0 0.4114583333333333 0.5574074074074075 0.03125 0.03148148148148148
0 0.4947916666666667 0.5550925925925926 0.03125 0.03148148148148148
0 0.5770833333333333 0.5541666666666667 0.03125 0.03148148148148148
0 0.6604166666666667 0.5518518518518518 0.03125 0.03148148148148148
0 0.74375 0.5509259259259259 0.03125 0.03148148148148148
0 0.25416666666666665 0.4842592592592593 0.03125 0.03148148148148148
0 0.3333333333333333 0.4824074074074074 0.03125 0.03148148148148148
0 0.41354166666666664 0.48148148148148145 0.03125 0.03148148148148148
0 0.49270833333333336 0.4791666666666667 0.03125 0.03148148148148148
0 0.5729166666666666 0.47685185185185186 0.03125 0.03148148148148148
0 0.6520833333333333 0.4759259259259259 0.03125 0.03148148148148148
0 0.7322916666666667 0.4740740740740741 0.03125 0.03148148148148148
0 0.2625 0.4134259259259259 0.03125 0.03148148148148148
0 0.3385416666666667 0.4115740740740741 0.03125 0.03148148148148148
0 0.415625 0.4101851851851852 0.03125 0.03148148148148148
0 0.49166666666666664 0.4083333333333333 0.03125 0.03148148148148148
0 0.56875 0.4074074074074074 0.03125 0.03148148148148148
0 0.6458333333333334 0.4050925925925926 0.03125 0.03148148148148148
0 0.721875 0.4041666666666667 0.03125 0.03148148148148148
0 0.26979166666666665 0.34814814814814815 0.03125 0.03148148148148148
0 0.34270833333333334 0.3458333333333333 0.03125 0.03148148148148148
0 0.4166666666666667 0.3449074074074074 0.03125 0.03148148148148148
0 0.490625 0.3425925925925926 0.03125 0.03148148148148148
0 0.5645833333333333 0.3416666666666667 0.03125 0.03148148148148148
0 0.6385416666666667 0.3398148148148148 0.03125 0.03148148148148148
0 0.7125 0.3384259259259259 0.03125 0.03148148148148148
0 0.2760416666666667 0.2865740740740741 0.03125 0.03148148148148148
0 0.346875 0.2851851851851852 0.03125 0.03148148148148148
0 0.41875 0.2833333333333333 0.03125 0.03148148148148148
0 0.4895833333333333 0.2824074074074074 0.03125 0.03148148148148148
0 0.5604166666666667 0.2814814814814815 0.03125 0.03148148148148148
0 0.6322916666666667 0.2791666666666667 0.03125 0.03148148148148148
0 0.7041666666666667 0.27824074074074073 0.03125 0.03148148148148148