0 0.7135416666666666 0.18333333333333332 0.025 0.03333333333333333
0 0.6458333333333334 0.18194444444444444 0.025 0.03333333333333333
0 0.5770833333333333 0.18055555555555555 0.025 0.03333333333333333
0 0.509375 0.17916666666666667 0.025 0.03333333333333333
0 0.44166666666666665 0.17777777777777778 0.025 0.03333333333333333
0 0.37395833333333334 0.1763888888888889 0.025 0.03333333333333333
0 0.30625 0.175 0.025 0.03333333333333333
0 0.721875 0.24861111111111112 0.025 0.03333333333333333
0 0.6510416666666666 0.24722222222222223 0.025 0.03333333333333333
0 0.5802083333333333 0.24583333333333332 0.025 0.03333333333333333
0 0.5083333333333333 0.24444444444444444 0.025 0.03333333333333333
0 0.4375 0.24305555555555555 0.025 0.03333333333333333
0 0.36666666666666664 0.24166666666666667 0.025 0.03333333333333333
0 0.29583333333333334 0.24027777777777778 0.025 0.03333333333333333
0 0.7322916666666667 0.32083333333333336 0.025 0.03333333333333333
0 0.6572916666666667 0.3194444444444444 0.025 0.03333333333333333
0 0.5822916666666667 0.31805555555555554 0.025 0.03333333333333333
0 0.5072916666666667 0.31666666666666665 0.025 0.03333333333333333
0 0.43333333333333335 0.3138888888888889 0.025 0.03333333333333333
0 0.35833333333333334 0.3125 0.025 0.03333333333333333
0 0.284375 0.3111111111111111 0.025 0.03333333333333333
0 0.7427083333333333 0.4013888888888889 0.025 0.03333333333333333
0 0.6635416666666667 0.39861111111111114 0.025 0.03333333333333333
0 0.5854166666666667 0.3972222222222222 0.025 0.03333333333333333
0 0.50625 0.3958333333333333 0.025 0.03333333333333333
0 0.428125 0.39305555555555555 0.025 0.03333333333333333
0 0.35 0.39166666666666666 0.025 0.03333333333333333
0 0.271875 0.3902777777777778 0.025 0.03333333333333333
0 0.7541666666666667 0.4888888888888889 0.025 0.03333333333333333
0 0.6708333333333333 0.4875 0.025 0.03333333333333333
0 0.5875 0.4861111111111111 0.025 0.03333333333333333
0 0.5052083333333334 0.48333333333333334 0.025 0.03333333333333333
0 0.42291666666666666 0.48194444444444445 0.025 0.03333333333333333
0 0.33958333333333335 0.4791666666666667 0.025 0.03333333333333333
0 0.25729166666666664 0.4777777777777778 0.025 0.03333333333333333
0 0.7666666666666667 0.5888888888888889 0.025 0.03333333333333333
0 0.6791666666666667 0.5861111111111111 0.025 0.03333333333333333
0 0.5916666666666667 0.5847222222222223 0.025 0.03333333333333333
0 0.5041666666666667 0.5819444444444445 0.025 0.03333333333333333
0 0.4166666666666667 0.5791666666666667 0.025 0.03333333333333333
0 0.32916666666666666 0.5777777777777777 0.025 0.03333333333333333
0 0.24166666666666667 0.575 0.025 0.03333333333333333
0 0.7822916666666667 0.7 0.025 0.03333333333333333
0 0.6885416666666667 0.6972222222222222 0.025 0.03333333333333333
0 0.5947916666666667 0.6944444444444444 0.025 0.03333333333333333
0 0.5020833333333333 0.6930555555555555 0.025 0.03333333333333333
0 0.409375 0.6902777777777778 0.025 0.03333333333333333
0 0.31666666666666665 0.6875 0.025 0.03333333333333333
0 0.22395833333333334 0.6847222222222222 0.025 0.03333333333333333