0 0.69375 0.18333333333333332 0.025 0.03333333333333333
0 0.6239583333333333 0.1875 0.025 0.03333333333333333
0 0.5552083333333333 0.19027777777777777 0.025 0.03333333333333333
0 0.4864583333333333 0.19305555555555556 0.025 0.03333333333333333
0 0.4166666666666667 0.19722222222222222 0.025 0.03333333333333333
0 0.34791666666666665 0.2 0.025 0.03333333333333333
0 0.2791666666666667 0.20416666666666666 0.025 0.03333333333333333
0 0.7041666666666667 0.25 0.025 0.03333333333333333
0 0.6322916666666667 0.25277777777777777 0.025 0.03333333333333333
0 0.559375 0.2569444444444444 0.025 0.03333333333333333
0 0.4875 0.25972222222222224 0.025 0.03333333333333333
0 0.41458333333333336 0.2638888888888889 0.025 0.03333333333333333
0 0.34270833333333334 0.26666666666666666 0.025 0.03333333333333333
0 0.2708333333333333 0.2708333333333333 0.025 0.03333333333333333
0 0.7166666666666667 0.32222222222222224 0.025 0.03333333333333333
0 0.640625 0.3263888888888889 0.025 0.03333333333333333
0 0.5645833333333333 0.33055555555555555 0.025 0.03333333333333333
0 0.48854166666666665 0.3333333333333333 0.025 0.03333333333333333
0 0.4125 0.3375 0.025 0.03333333333333333
0 0.33645833333333336 0.3402777777777778 0.025 0.03333333333333333
0 0.26145833333333335 0.34444444444444444 0.025 0.03333333333333333
0 0.7302083333333333 0.4027777777777778 0.025 0.03333333333333333
0 0.65 0.40694444444444444 0.025 0.03333333333333333
0 0.5697916666666667 0.4111111111111111 0.025 0.03333333333333333
0 0.4895833333333333 0.41388888888888886 0.025 0.03333333333333333
0 0.41041666666666665 0.41805555555555557 0.025 0.03333333333333333
0 0.3302083333333333 0.4222222222222222 0.025 0.03333333333333333
0 0.25104166666666666 0.425 0.025 0.03333333333333333
0 0.7447916666666666 0.4930555555555556 0.025 0.03333333333333333
0 0.6604166666666667 0.49722222222222223 0.025 0.03333333333333333
0 0.5760416666666667 0.5 0.025 0.03333333333333333
0 0.49166666666666664 0.5041666666666667 0.025 0.03333333333333333
0 0.40729166666666666 0.5083333333333333 0.025 0.03333333333333333
0 0.3229166666666667 0.5125 0.025 0.03333333333333333
0 0.23854166666666668 0.5152777777777777 0.025 0.03333333333333333
0 0.7614583333333333 0.5930555555555556 0.025 0.03333333333333333
0 0.671875 0.5972222222222222 0.025 0.03333333333333333
0 0.5822916666666667 0.6013888888888889 0.025 0.03333333333333333
0 0.49270833333333336 0.6041666666666666 0.025 0.03333333333333333
0 0.4041666666666667 0.6083333333333333 0.025 0.03333333333333333
0 0.3145833333333333 0.6125 0.025 0.03333333333333333
0 0.22604166666666667 0.6166666666666667 0.025 0.03333333333333333
0 0.7802083333333333 0.7055555555555556 0.025 0.03333333333333333
0 0.684375 0.7097222222222223 0.025 0.03333333333333333
0 0.5895833333333333 0.7138888888888889 0.025 0.03333333333333333
0 0.4947916666666667 0.7180555555555556 0.025 0.03333333333333333
0 0.4 0.7222222222222222 0.025 0.03333333333333333
0 0.30520833333333336 0.7263888888888889 0.025 0.03333333333333333
0 0.21145833333333333 0.7291666666666666 0.025 0.03333333333333333