0 0.703125 0.13564814814814816 0.022916666666666665 0.03425925925925926
0 0.6291666666666667 0.1337962962962963 0.022916666666666665 0.03425925925925926
0 0.5541666666666667 0.1310185185185185 0.022916666666666665 0.03425925925925926
0 0.4791666666666667 0.12777777777777777 0.022916666666666665 0.03425925925925926
0 0.403125 0.12638888888888888 0.022916666666666665 0.03425925925925926
0 0.3260416666666667 0.12314814814814815 0.022916666666666665 0.03425925925925926
0 0.24895833333333334 0.11990740740740741 0.022916666666666665 0.03425925925925926
0 0.7135416666666666 0.21203703703703702 0.022916666666666665 0.03425925925925926
0 0.6364583333333333 0.2101851851851852 0.022916666666666665 0.03425925925925926
0 0.559375 0.20879629629629629 0.022916666666666665 0.03425925925925926
0 0.48125 0.20555555555555555 0.022916666666666665 0.03425925925925926
0 0.403125 0.20416666666666666 0.022916666666666665 0.03425925925925926
0 0.3229166666666667 0.20092592592592592 0.022916666666666665 0.03425925925925926
0 0.24270833333333333 0.19953703703703704 0.022916666666666665 0.03425925925925926
0 0.7239583333333334 0.29444444444444445 0.022916666666666665 0.03425925925925926
0 0.6447916666666667 0.29305555555555557 0.022916666666666665 0.03425925925925926
0 0.565625 0.2912037037037037 0.022916666666666665 0.03425925925925926
0 0.484375 0.2898148148148148 0.022916666666666665 0.03425925925925926
0 0.403125 0.287962962962963 0.022916666666666665 0.03425925925925926
0 0.31979166666666664 0.2865740740740741 0.022916666666666665 0.03425925925925926
0 0.23645833333333333 0.2833333333333333 0.022916666666666665 0.03425925925925926
0 0.7364583333333333 0.38333333333333336 0.022916666666666665 0.03425925925925926
0 0.6541666666666667 0.38333333333333336 0.022916666666666665 0.03425925925925926
0 0.571875 0.3814814814814815 0.022916666666666665 0.03425925925925926
0 0.4875 0.3800925925925926 0.022916666666666665 0.03425925925925926
0 0.403125 0.3787037037037037 0.022916666666666665 0.03425925925925926
0 0.31666666666666665 0.3768518518518518 0.022916666666666665 0.03425925925925926
0 0.23020833333333332 0.37546296296296294 0.022916666666666665 0.03425925925925926
0 0.75 0.47962962962962963 0.022916666666666665 0.03425925925925926
0 0.6645833333333333 0.47824074074074074 0.022916666666666665 0.03425925925925926
0 0.578125 0.47824074074074074 0.022916666666666665 0.03425925925925926
0 0.490625 0.47685185185185186 0.022916666666666665 0.03425925925925926
0 0.40208333333333335 0.47685185185185186 0.022916666666666665 0.03425925925925926
0 0.31354166666666666 0.475 0.022916666666666665 0.03425925925925926
0 0.22291666666666668 0.4736111111111111 0.022916666666666665 0.03425925925925926
0 0.7635416666666667 0.5824074074074074 0.022916666666666665 0.03425925925925926
0 0.675 0.5824074074074074 0.022916666666666665 0.03425925925925926
0 0.5854166666666667 0.5824074074074074 0.022916666666666665 0.03425925925925926
0 0.49375 0.5824074074074074 0.022916666666666665 0.03425925925925926
0 0.40208333333333335 0.5824074074074074 0.022916666666666665 0.03425925925925926
0 0.309375 0.5810185185185185 0.022916666666666665 0.03425925925925926
0 0.21458333333333332 0.5810185185185185 0.022916666666666665 0.03425925925925926
0 0.7791666666666667 0.6962962962962963 0.022916666666666665 0.03425925925925926
0 0.6864583333333333 0.6962962962962963 0.022916666666666665 0.03425925925925926
0 0.5927083333333333 0.6962962962962963 0.022916666666666665 0.03425925925925926
0 0.4979166666666667 0.6962962962962963 0.022916666666666665 0.03425925925925926
0 0.40208333333333335 0.6976851851851852 0.022916666666666665 0.03425925925925926
0 0.30520833333333336 0.6976851851851852 0.022916666666666665 0.03425925925925926
0 0.20625 0.6976851851851852 0.022916666666666665 0.03425925925925926