0 0.29270833333333335 0.65 0.020833333333333332 0.027777777777777776
0 0.3697916666666667 0.6486111111111111 0.020833333333333332 0.027777777777777776
0 0.446875 0.6458333333333334 0.020833333333333332 0.027777777777777776
0 0.5260416666666666 0.6444444444444445 0.020833333333333332 0.027777777777777776
0 0.6052083333333333 0.6416666666666667 0.020833333333333332 0.027777777777777776
0 0.6854166666666667 0.6402777777777777 0.020833333333333332 0.027777777777777776
0 0.7666666666666667 0.6375 0.020833333333333332 0.027777777777777776
0 0.303125 0.5597222222222222 0.020833333333333332 0.027777777777777776
0 0.3770833333333333 0.5583333333333333 0.020833333333333332 0.027777777777777776
0 0.4510416666666667 0.5555555555555556 0.020833333333333332 0.027777777777777776
0 0.525 0.5527777777777778 0.020833333333333332 0.027777777777777776
0 0.6010416666666667 0.55 0.020833333333333332 0.027777777777777776
0 0.6770833333333334 0.5486111111111112 0.020833333333333332 0.027777777777777776
0 0.7552083333333334 0.5458333333333333 0.020833333333333332 0.027777777777777776
0 0.31354166666666666 0.4777777777777778 0.020833333333333332 0.027777777777777776
0 0.38333333333333336 0.47638888888888886 0.020833333333333332 0.027777777777777776
0 0.45416666666666666 0.4736111111111111 0.020833333333333332 0.027777777777777776
0 0.525 0.4708333333333333 0.020833333333333332 0.027777777777777776
0 0.5979166666666667 0.46805555555555556 0.020833333333333332 0.027777777777777776
0 0.6697916666666667 0.4652777777777778 0.020833333333333332 0.027777777777777776
0 0.74375 0.4625 0.020833333333333332 0.027777777777777776
0 0.321875 0.4041666666666667 0.020833333333333332 0.027777777777777776
0 0.38958333333333334 0.4013888888888889 0.020833333333333332 0.027777777777777776
0 0.45729166666666665 0.39861111111111114 0.020833333333333332 0.027777777777777776
0 0.525 0.39444444444444443 0.020833333333333332 0.027777777777777776
0 0.59375 0.39166666666666666 0.020833333333333332 0.027777777777777776
0 0.6635416666666667 0.3888888888888889 0.020833333333333332 0.027777777777777776
0 0.734375 0.3861111111111111 0.020833333333333332 0.027777777777777776
0 0.3302083333333333 0.3347222222222222 0.020833333333333332 0.027777777777777776
0 0.39479166666666665 0.33194444444444443 0.020833333333333332 0.027777777777777776
0 0.459375 0.32916666666666666 0.020833333333333332 0.027777777777777776
0 0.525 0.3263888888888889 0.020833333333333332 0.027777777777777776
0 0.590625 0.3236111111111111 0.020833333333333332 0.027777777777777776
0 0.6572916666666667 0.3194444444444444 0.020833333333333332 0.027777777777777776
0 0.725 0.31666666666666665 0.020833333333333332 0.027777777777777776
0 0.3385416666666667 0.2722222222222222 0.020833333333333332 0.027777777777777776
0 0.4 0.26944444444444443 0.020833333333333332 0.027777777777777776
0 0.4625 0.2652777777777778 0.020833333333333332 0.027777777777777776
0 0.525 0.2625 0.020833333333333332 0.027777777777777776
0 0.5885416666666666 0.25972222222222224 0.020833333333333332 0.027777777777777776
0 0.6520833333333333 0.25555555555555554 0.020833333333333332 0.027777777777777776
0 0.7166666666666667 0.25277777777777777 0.020833333333333332 0.027777777777777776
0 0.34479166666666666 0.21388888888888888 0.020833333333333332 0.027777777777777776
0 0.4041666666666667 0.2111111111111111 0.020833333333333332 0.027777777777777776
0 0.46458333333333335 0.20694444444444443 0.020833333333333332 0.027777777777777776
0 0.525 0.20416666666666666 0.020833333333333332 0.027777777777777776
0 0.5854166666666667 0.2 0.020833333333333332 0.027777777777777776
0 0.646875 0.19722222222222222 0.020833333333333332 0.027777777777777776
0 0.709375 0.19444444444444445 0.020833333333333332 0.027777777777777776