0 0.6916666666666667 0.15555555555555556 0.025 0.03333333333333333
0 0.6229166666666667 0.15694444444444444 0.025 0.03333333333333333
0 0.5541666666666667 0.1597222222222222 0.025 0.03333333333333333
0 0.48541666666666666 0.16111111111111112 0.025 0.03333333333333333
0 0.41770833333333335 0.1625 0.025 0.03333333333333333
0 0.3489583333333333 0.1638888888888889 0.025 0.03333333333333333
0 0.28020833333333334 0.16527777777777777 0.025 0.03333333333333333
0 0.7020833333333333 0.2222222222222222 0.025 0.03333333333333333
0 0.6302083333333334 0.22361111111111112 0.025 0.03333333333333333
0 0.5583333333333333 0.225 0.025 0.03333333333333333
0 0.4864583333333333 0.2263888888888889 0.025 0.03333333333333333
0 0.41458333333333336 0.22916666666666666 0.025 0.03333333333333333
0 0.34375 0.23055555555555557 0.025 0.03333333333333333
0 0.271875 0.23194444444444445 0.025 0.03333333333333333
0 0.7135416666666666 0.29444444444444445 0.025 0.03333333333333333
0 0.6375 0.2972222222222222 0.025 0.03333333333333333
0 0.5625 0.2986111111111111 0.025 0.03333333333333333
0 0.4875 0.3 0.025 0.03333333333333333
0 0.4125 0.3013888888888889 0.025 0.03333333333333333
0 0.3375 0.30277777777777776 0.025 0.03333333333333333
0 0.2625 0.30416666666666664 0.025 0.03333333333333333
0 0.7260416666666667 0.375 0.025 0.03333333333333333
0 0.646875 0.3763888888888889 0.025 0.03333333333333333
0 0.5677083333333334 0.37916666666666665 0.025 0.03333333333333333
0 0.48854166666666665 0.38055555555555554 0.025 0.03333333333333333
0 0.409375 0.3819444444444444 0.025 0.03333333333333333
0 0.3302083333333333 0.38333333333333336 0.025 0.03333333333333333
0 0.2520833333333333 0.38472222222222224 0.025 0.03333333333333333
0 0.7395833333333334 0.4638888888888889 0.025 0.03333333333333333
0 0.65625 0.4652777777777778 0.025 0.03333333333333333
0 0.5729166666666666 0.4666666666666667 0.025 0.03333333333333333
0 0.4895833333333333 0.46944444444444444 0.025 0.03333333333333333
0 0.40625 0.4708333333333333 0.025 0.03333333333333333
0 0.3229166666666667 0.4722222222222222 0.025 0.03333333333333333
0 0.23958333333333334 0.4736111111111111 0.025 0.03333333333333333
0 0.7552083333333334 0.5625 0.025 0.03333333333333333
0 0.6666666666666666 0.5638888888888889 0.025 0.03333333333333333
0 0.578125 0.5666666666666667 0.025 0.03333333333333333
0 0.490625 0.5680555555555555 0.025 0.03333333333333333
0 0.40208333333333335 0.5694444444444444 0.025 0.03333333333333333
0 0.3145833333333333 0.5708333333333333 0.025 0.03333333333333333
0 0.22708333333333333 0.5736111111111111 0.025 0.03333333333333333
0 0.771875 0.6736111111111112 0.025 0.03333333333333333
0 0.678125 0.675 0.025 0.03333333333333333
0 0.584375 0.6763888888888889 0.025 0.03333333333333333
0 0.49166666666666664 0.6791666666666667 0.025 0.03333333333333333
0 0.39791666666666664 0.6805555555555556 0.025 0.03333333333333333
0 0.30520833333333336 0.6819444444444445 0.025 0.03333333333333333
0 0.2125 0.6833333333333333 0.025 0.03333333333333333