0 0.6947916666666667 0.1587962962962963 0.022916666666666665 0.03425925925925926
0 0.6197916666666666 0.1587962962962963 0.022916666666666665 0.03425925925925926
0 0.54375 0.1587962962962963 0.022916666666666665 0.03425925925925926
0 0.4666666666666667 0.1574074074074074 0.022916666666666665 0.03425925925925926
0 0.38958333333333334 0.1574074074074074 0.022916666666666665 0.03425925925925926
0 0.31145833333333334 0.1574074074074074 0.022916666666666665 0.03425925925925926
0 0.23125 0.15555555555555556 0.022916666666666665 0.03425925925925926
0 0.7072916666666667 0.23842592592592593 0.022916666666666665 0.03425925925925926
0 0.6291666666666667 0.23842592592592593 0.022916666666666665 0.03425925925925926
0 0.55 0.23842592592592593 0.022916666666666665 0.03425925925925926
0 0.4708333333333333 0.23842592592592593 0.022916666666666665 0.03425925925925926
0 0.390625 0.23842592592592593 0.022916666666666665 0.03425925925925926
0 0.309375 0.23842592592592593 0.022916666666666665 0.03425925925925926
0 0.22708333333333333 0.23842592592592593 0.022916666666666665 0.03425925925925926
0 0.7197916666666667 0.32407407407407407 0.022916666666666665 0.03425925925925926
0 0.6385416666666667 0.32407407407407407 0.022916666666666665 0.03425925925925926
0 0.5572916666666666 0.32407407407407407 0.022916666666666665 0.03425925925925926
0 0.475 0.32546296296296295 0.022916666666666665 0.03425925925925926
0 0.39166666666666666 0.32546296296296295 0.022916666666666665 0.03425925925925926
0 0.3072916666666667 0.32546296296296295 0.022916666666666665 0.03425925925925926
0 0.221875 0.32546296296296295 0.022916666666666665 0.03425925925925926
0 0.7333333333333333 0.41574074074074074 0.022916666666666665 0.03425925925925926
0 0.6489583333333333 0.41574074074074074 0.022916666666666665 0.03425925925925926
0 0.5645833333333333 0.41759259259259257 0.022916666666666665 0.03425925925925926
0 0.4791666666666667 0.41759259259259257 0.022916666666666665 0.03425925925925926
0 0.3927083333333333 0.41898148148148145 0.022916666666666665 0.03425925925925926
0 0.30520833333333336 0.4203703703703704 0.022916666666666665 0.03425925925925926
0 0.21666666666666667 0.4203703703703704 0.022916666666666665 0.03425925925925926
0 0.7479166666666667 0.5138888888888888 0.022916666666666665 0.03425925925925926
0 0.6604166666666667 0.5157407407407407 0.022916666666666665 0.03425925925925926
0 0.5729166666666666 0.5171296296296296 0.022916666666666665 0.03425925925925926
0 0.484375 0.5185185185185185 0.022916666666666665 0.03425925925925926
0 0.39375 0.5203703703703704 0.022916666666666665 0.03425925925925926
0 0.3020833333333333 0.5217592592592593 0.022916666666666665 0.03425925925925926
0 0.21041666666666667 0.5231481481481481 0.022916666666666665 0.03425925925925926
0 0.7635416666666667 0.6212962962962963 0.022916666666666665 0.03425925925925926
0 0.6729166666666667 0.624537037037037 0.022916666666666665 0.03425925925925926
0 0.5822916666666667 0.6263888888888889 0.022916666666666665 0.03425925925925926
0 0.48854166666666665 0.6277777777777778 0.022916666666666665 0.03425925925925926
0 0.39479166666666665 0.6310185185185185 0.022916666666666665 0.03425925925925926
0 0.3 0.6324074074074074 0.022916666666666665 0.03425925925925926
0 0.20416666666666666 0.6356481481481482 0.022916666666666665 0.03425925925925926
0 0.78125 0.7384259259259259 0.022916666666666665 0.03425925925925926
0 0.6864583333333333 0.7412037037037037 0.022916666666666665 0.03425925925925926
0 0.5916666666666667 0.7444444444444445 0.022916666666666665 0.03425925925925926
0 0.4947916666666667 0.7476851851851852 0.022916666666666665 0.03425925925925926
0 0.396875 0.7509259259259259 0.022916666666666665 0.03425925925925926
0 0.296875 0.7537037037037037 0.022916666666666665 0.03425925925925926
0 0.196875 0.7569444444444444 0.022916666666666665 0.03425925925925926