0 0.21979166666666666 0.7092592592592593 0.03125 0.03148148148148148
0 0.30833333333333335 0.7083333333333334 0.03125 0.03148148148148148
0 0.396875 0.7083333333333334 0.03125 0.03148148148148148
0 0.4864583333333333 0.7074074074074074 0.03125 0.03148148148148148
0 0.575 0.7074074074074074 0.03125 0.03148148148148148
0 0.6645833333333333 0.7064814814814815 0.03125 0.03148148148148148
0 0.7552083333333334 0.7050925925925926 0.03125 0.03148148148148148
0 0.23125 0.6208333333333333 0.03125 0.03148148148148148
0 0.315625 0.6199074074074075 0.03125 0.03148148148148148
0 0.4010416666666667 0.6185185185185185 0.03125 0.03148148148148148
0 0.4864583333333333 0.6185185185185185 0.03125 0.03148148148148148
0 0.571875 0.6175925925925926 0.03125 0.03148148148148148
0 0.6583333333333333 0.6166666666666667 0.03125 0.03148148148148148
0 0.74375 0.6166666666666667 0.03125 0.03148148148148148
0 0.240625 0.538425925925926 0.03125 0.03148148148148148
0 0.3229166666666667 0.5375 0.03125 0.03148148148148148
0 0.4041666666666667 0.5375 0.03125 0.03148148148148148
0 0.4864583333333333 0.5365740740740741 0.03125 0.03148148148148148
0 0.56875 0.5351851851851852 0.03125 0.03148148148148148
0 0.6520833333333333 0.5342592592592592 0.03125 0.03148148148148148
0 0.734375 0.5342592592592592 0.03125 0.03148148148148148
0 0.25 0.4625 0.03125 0.03148148148148148
0 0.32916666666666666 0.4615740740740741 0.03125 0.03148148148148148
0 0.4083333333333333 0.4615740740740741 0.03125 0.03148148148148148
0 0.4875 0.4601851851851852 0.03125 0.03148148148148148
0 0.5666666666666667 0.45925925925925926 0.03125 0.03148148148148148
0 0.6458333333333334 0.4583333333333333 0.03125 0.03148148148148148
0 0.725 0.45740740740740743 0.03125 0.03148148148148148
0 0.259375 0.3925925925925926 0.03125 0.03148148148148148
0 0.33541666666666664 0.39166666666666666 0.03125 0.03148148148148148
0 0.4114583333333333 0.3907407407407407 0.03125 0.03148148148148148
0 0.4875 0.38981481481481484 0.03125 0.03148148148148148
0 0.5635416666666667 0.38842592592592595 0.03125 0.03148148148148148
0 0.640625 0.3875 0.03125 0.03148148148148148
0 0.7166666666666667 0.3875 0.03125 0.03148148148148148
0 0.2677083333333333 0.32685185185185184 0.03125 0.03148148148148148
0 0.340625 0.32592592592592595 0.03125 0.03148148148148148
0 0.41354166666666664 0.325 0.03125 0.03148148148148148
0 0.4875 0.32407407407407407 0.03125 0.03148148148148148
0 0.5614583333333333 0.32314814814814813 0.03125 0.03148148148148148
0 0.6354166666666666 0.32175925925925924 0.03125 0.03148148148148148
0 0.709375 0.32083333333333336 0.03125 0.03148148148148148
0 0.275 0.2657407407407407 0.03125 0.03148148148148148
0 0.3458333333333333 0.26481481481481484 0.03125 0.03148148148148148
0 0.4166666666666667 0.26342592592592595 0.03125 0.03148148148148148
0 0.4875 0.2625 0.03125 0.03148148148148148
0 0.559375 0.26157407407407407 0.03125 0.03148148148148148
0 0.6302083333333334 0.2601851851851852 0.03125 0.03148148148148148
0 0.7020833333333333 0.2601851851851852 0.03125 0.03148148148148148