0 0.7364583333333333 0.25925925925925924 0.03333333333333333 0.03333333333333333
0 0.659375 0.2601851851851852 0.03333333333333333 0.03333333333333333
0 0.5833333333333334 0.26157407407407407 0.03333333333333333 0.03333333333333333
0 0.5083333333333333 0.2625 0.03333333333333333 0.03333333333333333
0 0.43333333333333335 0.26342592592592595 0.03333333333333333 0.03333333333333333
0 0.35833333333333334 0.26342592592592595 0.03333333333333333 0.03333333333333333
0 0.284375 0.26481481481481484 0.03333333333333333 0.03333333333333333
0 0.74375 0.32314814814814813 0.03333333333333333 0.03333333333333333
0 0.6645833333333333 0.32407407407407407 0.03333333333333333 0.03333333333333333
0 0.5854166666666667 0.32407407407407407 0.03333333333333333 0.03333333333333333
0 0.5072916666666667 0.325 0.03333333333333333 0.03333333333333333
0 0.42916666666666664 0.32592592592592595 0.03333333333333333 0.03333333333333333
0 0.35208333333333336 0.32685185185185184 0.03333333333333333 0.03333333333333333
0 0.27395833333333336 0.32685185185185184 0.03333333333333333 0.03333333333333333
0 0.753125 0.39166666666666666 0.03333333333333333 0.03333333333333333
0 0.6697916666666667 0.3925925925925926 0.03333333333333333 0.03333333333333333
0 0.5875 0.3925925925925926 0.03333333333333333 0.03333333333333333
0 0.50625 0.39351851851851855 0.03333333333333333 0.03333333333333333
0 0.425 0.39351851851851855 0.03333333333333333 0.03333333333333333
0 0.34375 0.39490740740740743 0.03333333333333333 0.03333333333333333
0 0.2635416666666667 0.39490740740740743 0.03333333333333333 0.03333333333333333
0 0.7625 0.4666666666666667 0.03333333333333333 0.03333333333333333
0 0.6760416666666667 0.4666666666666667 0.03333333333333333 0.03333333333333333
0 0.590625 0.4666666666666667 0.03333333333333333 0.03333333333333333
0 0.5052083333333334 0.4675925925925926 0.03333333333333333 0.03333333333333333
0 0.42083333333333334 0.4675925925925926 0.03333333333333333 0.03333333333333333
0 0.33645833333333336 0.4685185185185185 0.03333333333333333 0.03333333333333333
0 0.2520833333333333 0.4685185185185185 0.03333333333333333 0.03333333333333333
0 0.771875 0.5481481481481482 0.03333333333333333 0.03333333333333333
0 0.6822916666666666 0.5481481481481482 0.03333333333333333 0.03333333333333333
0 0.5927083333333333 0.5481481481481482 0.03333333333333333 0.03333333333333333
0 0.5041666666666667 0.5481481481481482 0.03333333333333333 0.03333333333333333
0 0.415625 0.5481481481481482 0.03333333333333333 0.03333333333333333
0 0.32708333333333334 0.549074074074074 0.03333333333333333 0.03333333333333333
0 0.240625 0.549074074074074 0.03333333333333333 0.03333333333333333
0 0.7833333333333333 0.6365740740740741 0.03333333333333333 0.03333333333333333
0 0.6895833333333333 0.6365740740740741 0.03333333333333333 0.03333333333333333
0 0.5958333333333333 0.6365740740740741 0.03333333333333333 0.03333333333333333
0 0.5020833333333333 0.6365740740740741 0.03333333333333333 0.03333333333333333
0 0.41041666666666665 0.6365740740740741 0.03333333333333333 0.03333333333333333
0 0.3177083333333333 0.6365740740740741 0.03333333333333333 0.03333333333333333
0 0.22708333333333333 0.6365740740740741 0.03333333333333333 0.03333333333333333
0 0.7958333333333333 0.7342592592592593 0.03333333333333333 0.03333333333333333
0 0.696875 0.7333333333333333 0.03333333333333333 0.03333333333333333
0 0.5989583333333334 0.7333333333333333 0.03333333333333333 0.03333333333333333
0 0.5010416666666667 0.7324074074074074 0.03333333333333333 0.03333333333333333
0 0.4041666666666667 0.7324074074074074 0.03333333333333333 0.03333333333333333
0 0.3072916666666667 0.7324074074074074 0.03333333333333333 0.03333333333333333
0 0.21145833333333333 0.7314814814814815 0.03333333333333333 0.03333333333333333