0 0.7197916666666667 0.2657407407407407 0.03333333333333333 0.03333333333333333
0 0.6458333333333334 0.26666666666666666 0.03333333333333333 0.03333333333333333
0 0.571875 0.2675925925925926 0.03333333333333333 0.03333333333333333
0 0.49895833333333334 0.26851851851851855 0.03333333333333333 0.03333333333333333
0 0.42604166666666665 0.26990740740740743 0.03333333333333333 0.03333333333333333
0 0.3541666666666667 0.26990740740740743 0.03333333333333333 0.03333333333333333
0 0.28229166666666666 0.2708333333333333 0.03333333333333333 0.03333333333333333
0 0.728125 0.3282407407407407 0.03333333333333333 0.03333333333333333
0 0.6510416666666666 0.3282407407407407 0.03333333333333333 0.03333333333333333
0 0.5739583333333333 0.32916666666666666 0.03333333333333333 0.03333333333333333
0 0.4979166666666667 0.3300925925925926 0.03333333333333333 0.03333333333333333
0 0.42291666666666666 0.3300925925925926 0.03333333333333333 0.03333333333333333
0 0.34791666666666665 0.3314814814814815 0.03333333333333333 0.03333333333333333
0 0.27291666666666664 0.33240740740740743 0.03333333333333333 0.03333333333333333
0 0.7364583333333333 0.39490740740740743 0.03333333333333333 0.03333333333333333
0 0.65625 0.3958333333333333 0.03333333333333333 0.03333333333333333
0 0.5770833333333333 0.3958333333333333 0.03333333333333333 0.03333333333333333
0 0.496875 0.39675925925925926 0.03333333333333333 0.03333333333333333
0 0.41875 0.39675925925925926 0.03333333333333333 0.03333333333333333
0 0.340625 0.39814814814814814 0.03333333333333333 0.03333333333333333
0 0.2625 0.39814814814814814 0.03333333333333333 0.03333333333333333
0 0.7458333333333333 0.4675925925925926 0.03333333333333333 0.03333333333333333
0 0.6625 0.4675925925925926 0.03333333333333333 0.03333333333333333
0 0.5791666666666667 0.4685185185185185 0.03333333333333333 0.03333333333333333
0 0.496875 0.4685185185185185 0.03333333333333333 0.03333333333333333
0 0.41458333333333336 0.4685185185185185 0.03333333333333333 0.03333333333333333
0 0.3333333333333333 0.4685185185185185 0.03333333333333333 0.03333333333333333
0 0.2520833333333333 0.4699074074074074 0.03333333333333333 0.03333333333333333
0 0.75625 0.5467592592592593 0.03333333333333333 0.03333333333333333
0 0.66875 0.5467592592592593 0.03333333333333333 0.03333333333333333
0 0.5822916666666667 0.5467592592592593 0.03333333333333333 0.03333333333333333
0 0.49583333333333335 0.5467592592592593 0.03333333333333333 0.03333333333333333
0 0.409375 0.5467592592592593 0.03333333333333333 0.03333333333333333
0 0.325 0.5467592592592593 0.03333333333333333 0.03333333333333333
0 0.240625 0.5467592592592593 0.03333333333333333 0.03333333333333333
0 0.7677083333333333 0.6342592592592593 0.03333333333333333 0.03333333333333333
0 0.6760416666666667 0.6333333333333333 0.03333333333333333 0.03333333333333333
0 0.5854166666666667 0.6333333333333333 0.03333333333333333 0.03333333333333333
0 0.4947916666666667 0.6333333333333333 0.03333333333333333 0.03333333333333333
0 0.40520833333333334 0.6324074074074074 0.03333333333333333 0.03333333333333333
0 0.315625 0.6324074074074074 0.03333333333333333 0.03333333333333333
0 0.228125 0.6324074074074074 0.03333333333333333 0.03333333333333333
0 0.7802083333333333 0.7291666666666666 0.03333333333333333 0.03333333333333333
0 0.6833333333333333 0.7291666666666666 0.03333333333333333 0.03333333333333333
0 0.5885416666666666 0.7282407407407407 0.03333333333333333 0.03333333333333333
0 0.49375 0.7268518518518519 0.03333333333333333 0.03333333333333333
0 0.39895833333333336 0.725925925925926 0.03333333333333333 0.03333333333333333
0 0.30625 0.725925925925926 0.03333333333333333 0.03333333333333333
0 0.21354166666666666 0.725 0.03333333333333333 0.03333333333333333