0 0.7291666666666666 0.225 0.03333333333333333 0.03333333333333333
0 0.6427083333333333 0.22685185185185186 0.03333333333333333 0.03333333333333333
0 0.5583333333333333 0.22824074074074074 0.03333333333333333 0.03333333333333333
0 0.47604166666666664 0.22916666666666666 0.03333333333333333 0.03333333333333333
0 0.3958333333333333 0.2300925925925926 0.03333333333333333 0.03333333333333333
0 0.3177083333333333 0.23148148148148148 0.03333333333333333 0.03333333333333333
0 0.240625 0.2324074074074074 0.03333333333333333 0.03333333333333333
0 0.7291666666666666 0.29907407407407405 0.03333333333333333 0.03333333333333333
0 0.6416666666666667 0.29907407407407405 0.03333333333333333 0.03333333333333333
0 0.5552083333333333 0.3 0.03333333333333333 0.03333333333333333
0 0.4708333333333333 0.3 0.03333333333333333 0.03333333333333333
0 0.3875 0.30092592592592593 0.03333333333333333 0.03333333333333333
0 0.3072916666666667 0.30092592592592593 0.03333333333333333 0.03333333333333333
0 0.228125 0.30092592592592593 0.03333333333333333 0.03333333333333333
0 0.7302083333333333 0.3768518518518518 0.03333333333333333 0.03333333333333333
0 0.6395833333333333 0.37592592592592594 0.03333333333333333 0.03333333333333333
0 0.5510416666666667 0.37592592592592594 0.03333333333333333 0.03333333333333333
0 0.4635416666666667 0.375 0.03333333333333333 0.03333333333333333
0 0.37916666666666665 0.375 0.03333333333333333 0.03333333333333333
0 0.296875 0.37407407407407406 0.03333333333333333 0.03333333333333333
0 0.215625 0.37407407407407406 0.03333333333333333 0.03333333333333333
0 0.73125 0.45925925925925926 0.03333333333333333 0.03333333333333333
0 0.6375 0.45740740740740743 0.03333333333333333 0.03333333333333333
0 0.5458333333333333 0.4564814814814815 0.03333333333333333 0.03333333333333333
0 0.45729166666666665 0.4550925925925926 0.03333333333333333 0.03333333333333333
0 0.3697916666666667 0.4532407407407407 0.03333333333333333 0.03333333333333333
0 0.28541666666666665 0.45185185185185184 0.03333333333333333 0.03333333333333333
0 0.20208333333333334 0.45092592592592595 0.03333333333333333 0.03333333333333333
0 0.7322916666666667 0.5467592592592593 0.03333333333333333 0.03333333333333333
0 0.6364583333333333 0.5435185185185185 0.03333333333333333 0.03333333333333333
0 0.5416666666666666 0.5416666666666666 0.03333333333333333 0.03333333333333333
0 0.45 0.538425925925926 0.03333333333333333 0.03333333333333333
0 0.36041666666666666 0.5365740740740741 0.03333333333333333 0.03333333333333333
0 0.27291666666666664 0.5342592592592592 0.03333333333333333 0.03333333333333333
0 0.1875 0.5314814814814814 0.03333333333333333 0.03333333333333333
0 0.7333333333333333 0.6407407407407407 0.03333333333333333 0.03333333333333333
0 0.634375 0.6365740740740741 0.03333333333333333 0.03333333333333333
0 0.5364583333333334 0.6324074074074074 0.03333333333333333 0.03333333333333333
0 0.44166666666666665 0.6282407407407408 0.03333333333333333 0.03333333333333333
0 0.35 0.625 0.03333333333333333 0.03333333333333333
0 0.259375 0.6208333333333333 0.03333333333333333 0.03333333333333333
0 0.171875 0.6175925925925926 0.03333333333333333 0.03333333333333333
0 0.7354166666666667 0.7398148148148148 0.03333333333333333 0.03333333333333333
0 0.6322916666666667 0.7342592592592593 0.03333333333333333 0.03333333333333333
0 0.53125 0.7291666666666666 0.03333333333333333 0.03333333333333333
0 0.434375 0.7240740740740741 0.03333333333333333 0.03333333333333333
0 0.3385416666666667 0.7185185185185186 0.03333333333333333 0.03333333333333333
0 0.24583333333333332 0.7134259259259259 0.03333333333333333 0.03333333333333333
0 0.15625 0.7092592592592593 0.03333333333333333 0.03333333333333333