0 0.21458333333333332 0.7384259259259259 0.03125 0.03148148148148148
0 0.3020833333333333 0.7375 0.03125 0.03148148148148148
0 0.39166666666666666 0.7351851851851852 0.03125 0.03148148148148148
0 0.48020833333333335 0.7342592592592593 0.03125 0.03148148148148148
0 0.5697916666666667 0.7324074074074074 0.03125 0.03148148148148148
0 0.659375 0.7314814814814815 0.03125 0.03148148148148148
0 0.75 0.7291666666666666 0.03125 0.03148148148148148
0 0.225 0.649074074074074 0.03125 0.03148148148148148
0 0.3104166666666667 0.6467592592592593 0.03125 0.03148148148148148
0 0.39479166666666665 0.6458333333333334 0.03125 0.03148148148148148
0 0.48020833333333335 0.6435185185185185 0.03125 0.03148148148148148
0 0.565625 0.6416666666666667 0.03125 0.03148148148148148
0 0.6520833333333333 0.6407407407407407 0.03125 0.03148148148148148
0 0.7385416666666667 0.638425925925926 0.03125 0.03148148148148148
0 0.23541666666666666 0.5666666666666667 0.03125 0.03148148148148148
0 0.31666666666666665 0.5648148148148148 0.03125 0.03148148148148148
0 0.39895833333333336 0.5625 0.03125 0.03148148148148148
0 0.48020833333333335 0.5615740740740741 0.03125 0.03148148148148148
0 0.5625 0.5592592592592592 0.03125 0.03148148148148148
0 0.6458333333333334 0.5574074074074075 0.03125 0.03148148148148148
0 0.728125 0.5550925925925926 0.03125 0.03148148148148148
0 0.24479166666666666 0.4898148148148148 0.03125 0.03148148148148148
0 0.32395833333333335 0.48842592592592593 0.03125 0.03148148148148148
0 0.40208333333333335 0.48657407407407405 0.03125 0.03148148148148148
0 0.48125 0.4842592592592593 0.03125 0.03148148148148148
0 0.559375 0.4824074074074074 0.03125 0.03148148148148148
0 0.6395833333333333 0.48148148148148145 0.03125 0.03148148148148148
0 0.71875 0.4791666666666667 0.03125 0.03148148148148148
0 0.25416666666666665 0.4199074074074074 0.03125 0.03148148148148148
0 0.32916666666666666 0.41759259259259257 0.03125 0.03148148148148148
0 0.40520833333333334 0.41574074074074074 0.03125 0.03148148148148148
0 0.48125 0.4134259259259259 0.03125 0.03148148148148148
0 0.5572916666666666 0.4115740740740741 0.03125 0.03148148148148148
0 0.6333333333333333 0.40925925925925927 0.03125 0.03148148148148148
0 0.7104166666666667 0.4083333333333333 0.03125 0.03148148148148148
0 0.2625 0.3541666666666667 0.03125 0.03148148148148148
0 0.33541666666666664 0.35185185185185186 0.03125 0.03148148148148148
0 0.4083333333333333 0.35 0.03125 0.03148148148148148
0 0.48125 0.34814814814814815 0.03125 0.03148148148148148
0 0.5541666666666667 0.3458333333333333 0.03125 0.03148148148148148
0 0.628125 0.3435185185185185 0.03125 0.03148148148148148
0 0.7020833333333333 0.3416666666666667 0.03125 0.03148148148148148
0 0.26979166666666665 0.29259259259259257 0.03125 0.03148148148148148
0 0.340625 0.29074074074074074 0.03125 0.03148148148148148
0 0.41041666666666665 0.2884259259259259 0.03125 0.03148148148148148
0 0.48125 0.2865740740740741 0.03125 0.03148148148148148
0 0.5520833333333334 0.28425925925925927 0.03125 0.03148148148148148
0 0.6229166666666667 0.2824074074074074 0.03125 0.03148148148148148
0 0.6947916666666667 0.2814814814814815 0.03125 0.03148148148148148