0 0.6729166666666667 0.16111111111111112 0.025 0.03333333333333333
0 0.6052083333333333 0.1638888888888889 0.025 0.03333333333333333
0 0.5375 0.16666666666666666 0.025 0.03333333333333333
0 0.46979166666666666 0.16944444444444445 0.025 0.03333333333333333
0 0.40208333333333335 0.1736111111111111 0.025 0.03333333333333333
0 0.334375 0.1763888888888889 0.025 0.03333333333333333
0 0.265625 0.17916666666666667 0.025 0.03333333333333333
0 0.684375 0.2263888888888889 0.025 0.03333333333333333
0 0.6135416666666667 0.22916666666666666 0.025 0.03333333333333333
0 0.5427083333333333 0.23333333333333334 0.025 0.03333333333333333
0 0.471875 0.2361111111111111 0.025 0.03333333333333333
0 0.4 0.24027777777777778 0.025 0.03333333333333333
0 0.32916666666666666 0.24305555555555555 0.025 0.03333333333333333
0 0.25729166666666664 0.24583333333333332 0.025 0.03333333333333333
0 0.696875 0.2986111111111111 0.025 0.03333333333333333
0 0.6229166666666667 0.3013888888888889 0.025 0.03333333333333333
0 0.5479166666666667 0.3055555555555556 0.025 0.03333333333333333
0 0.47291666666666665 0.30833333333333335 0.025 0.03333333333333333
0 0.39895833333333336 0.3125 0.025 0.03333333333333333
0 0.32395833333333335 0.31666666666666665 0.025 0.03333333333333333
0 0.24895833333333334 0.3194444444444444 0.025 0.03333333333333333
0 0.7104166666666667 0.37777777777777777 0.025 0.03333333333333333
0 0.6322916666666667 0.3819444444444444 0.025 0.03333333333333333
0 0.5541666666666667 0.3861111111111111 0.025 0.03333333333333333
0 0.475 0.3888888888888889 0.025 0.03333333333333333
0 0.396875 0.39305555555555555 0.025 0.03333333333333333
0 0.3177083333333333 0.3972222222222222 0.025 0.03333333333333333
0 0.23854166666666668 0.4013888888888889 0.025 0.03333333333333333
0 0.7260416666666667 0.4666666666666667 0.025 0.03333333333333333
0 0.64375 0.4708333333333333 0.025 0.03333333333333333
0 0.5604166666666667 0.475 0.025 0.03333333333333333
0 0.47708333333333336 0.4791666666666667 0.025 0.03333333333333333
0 0.39375 0.48333333333333334 0.025 0.03333333333333333
0 0.3104166666666667 0.4875 0.025 0.03333333333333333
0 0.22708333333333333 0.49166666666666664 0.025 0.03333333333333333
0 0.7427083333333333 0.5652777777777778 0.025 0.03333333333333333
0 0.6552083333333333 0.5708333333333333 0.025 0.03333333333333333
0 0.5677083333333334 0.575 0.025 0.03333333333333333
0 0.48020833333333335 0.5791666666666667 0.025 0.03333333333333333
0 0.39166666666666666 0.5833333333333334 0.025 0.03333333333333333
0 0.303125 0.5888888888888889 0.025 0.03333333333333333
0 0.21458333333333332 0.5930555555555556 0.025 0.03333333333333333
0 0.7625 0.6777777777777778 0.025 0.03333333333333333
0 0.6697916666666667 0.6819444444444445 0.025 0.03333333333333333
0 0.5760416666666667 0.6875 0.025 0.03333333333333333
0 0.4822916666666667 0.6916666666666667 0.025 0.03333333333333333
0 0.3885416666666667 0.6972222222222222 0.025 0.03333333333333333
0 0.2947916666666667 0.7027777777777777 0.025 0.03333333333333333
0 0.20104166666666667 0.7069444444444445 0.025 0.03333333333333333