0 0.6697916666666667 0.1597222222222222 0.025 0.03333333333333333
0 0.6010416666666667 0.1638888888888889 0.025 0.03333333333333333
0 0.5333333333333333 0.16805555555555557 0.025 0.03333333333333333
0 0.46458333333333335 0.17222222222222222 0.025 0.03333333333333333
0 0.3958333333333333 0.1763888888888889 0.025 0.03333333333333333
0 0.32708333333333334 0.18055555555555555 0.025 0.03333333333333333
0 0.25833333333333336 0.18472222222222223 0.025 0.03333333333333333
0 0.68125 0.225 0.025 0.03333333333333333
0 0.609375 0.22916666666666666 0.025 0.03333333333333333
0 0.5375 0.23333333333333334 0.025 0.03333333333333333
0 0.465625 0.2388888888888889 0.025 0.03333333333333333
0 0.39375 0.24305555555555555 0.025 0.03333333333333333
0 0.321875 0.24722222222222223 0.025 0.03333333333333333
0 0.25 0.2513888888888889 0.025 0.03333333333333333
0 0.69375 0.2972222222222222 0.025 0.03333333333333333
0 0.6177083333333333 0.3013888888888889 0.025 0.03333333333333333
0 0.5427083333333333 0.30694444444444446 0.025 0.03333333333333333
0 0.4666666666666667 0.3111111111111111 0.025 0.03333333333333333
0 0.39166666666666666 0.31527777777777777 0.025 0.03333333333333333
0 0.315625 0.3194444444444444 0.025 0.03333333333333333
0 0.240625 0.325 0.025 0.03333333333333333
0 0.7072916666666667 0.3763888888888889 0.025 0.03333333333333333
0 0.6270833333333333 0.3819444444444444 0.025 0.03333333333333333
0 0.5479166666666667 0.3861111111111111 0.025 0.03333333333333333
0 0.46875 0.39166666666666666 0.025 0.03333333333333333
0 0.38958333333333334 0.3958333333333333 0.025 0.03333333333333333
0 0.309375 0.4 0.025 0.03333333333333333
0 0.23020833333333332 0.40555555555555556 0.025 0.03333333333333333
0 0.721875 0.4652777777777778 0.025 0.03333333333333333
0 0.6375 0.4708333333333333 0.025 0.03333333333333333
0 0.5541666666666667 0.475 0.025 0.03333333333333333
0 0.46979166666666666 0.48055555555555557 0.025 0.03333333333333333
0 0.38645833333333335 0.4847222222222222 0.025 0.03333333333333333
0 0.303125 0.49027777777777776 0.025 0.03333333333333333
0 0.21875 0.49444444444444446 0.025 0.03333333333333333
0 0.7385416666666667 0.5638888888888889 0.025 0.03333333333333333
0 0.65 0.5694444444444444 0.025 0.03333333333333333
0 0.5604166666666667 0.5736111111111111 0.025 0.03333333333333333
0 0.471875 0.5791666666666667 0.025 0.03333333333333333
0 0.38333333333333336 0.5847222222222223 0.025 0.03333333333333333
0 0.2947916666666667 0.5902777777777778 0.025 0.03333333333333333
0 0.20625 0.5944444444444444 0.025 0.03333333333333333
0 0.7572916666666667 0.675 0.025 0.03333333333333333
0 0.6625 0.6805555555555556 0.025 0.03333333333333333
0 0.56875 0.6861111111111111 0.025 0.03333333333333333
0 0.4739583333333333 0.6916666666666667 0.025 0.03333333333333333
0 0.3802083333333333 0.6958333333333333 0.025 0.03333333333333333
0 0.2864583333333333 0.7013888888888888 0.025 0.03333333333333333
0 0.19270833333333334 0.7069444444444445 0.025 0.03333333333333333