0 0.22604166666666667 0.23842592592592593 0.035416666666666666 0.03518518518518519
0 0.30520833333333336 0.24259259259259258 0.035416666666666666 0.03518518518518519
0 0.38333333333333336 0.24675925925925926 0.035416666666666666 0.03518518518518519
0 0.4625 0.25 0.035416666666666666 0.03518518518518519
0 0.5416666666666666 0.25416666666666665 0.035416666666666666 0.03518518518518519
0 0.6208333333333333 0.25833333333333336 0.035416666666666666 0.03518518518518519
0 0.6989583333333333 0.2625 0.035416666666666666 0.03518518518518519
0 0.21458333333333332 0.2949074074074074 0.035416666666666666 0.03518518518518519
0 0.296875 0.29907407407407405 0.035416666666666666 0.03518518518518519
0 0.37916666666666665 0.30324074074074076 0.035416666666666666 0.03518518518518519
0 0.46145833333333336 0.3074074074074074 0.035416666666666666 0.03518518518518519
0 0.54375 0.31157407407407406 0.035416666666666666 0.03518518518518519
0 0.625 0.31574074074074077 0.035416666666666666 0.03518518518518519
0 0.7072916666666667 0.31851851851851853 0.035416666666666666 0.03518518518518519
0 0.20208333333333334 0.35509259259259257 0.035416666666666666 0.03518518518518519
0 0.28854166666666664 0.3592592592592593 0.035416666666666666 0.03518518518518519
0 0.37395833333333334 0.3648148148148148 0.035416666666666666 0.03518518518518519
0 0.459375 0.3685185185185185 0.035416666666666666 0.03518518518518519
0 0.5458333333333333 0.3731481481481482 0.035416666666666666 0.03518518518518519
0 0.63125 0.3768518518518518 0.035416666666666666 0.03518518518518519
0 0.7166666666666667 0.3814814814814815 0.035416666666666666 0.03518518518518519
0 0.18958333333333333 0.4217592592592593 0.035416666666666666 0.03518518518518519
0 0.2791666666666667 0.42592592592592593 0.035416666666666666 0.03518518518518519
0 0.36875 0.43148148148148147 0.035416666666666666 0.03518518518518519
0 0.4583333333333333 0.4351851851851852 0.035416666666666666 0.03518518518518519
0 0.5479166666666667 0.4398148148148148 0.035416666666666666 0.03518518518518519
0 0.6364583333333333 0.44351851851851853 0.035416666666666666 0.03518518518518519
0 0.7260416666666667 0.44814814814814813 0.035416666666666666 0.03518518518518519
0 0.175 0.4949074074074074 0.035416666666666666 0.03518518518518519
0 0.26875 0.49907407407407406 0.035416666666666666 0.03518518518518519
0 0.3625 0.5032407407407408 0.035416666666666666 0.03518518518518519
0 0.45625 0.5083333333333333 0.035416666666666666 0.03518518518518519
0 0.55 0.5125 0.035416666666666666 0.03518518518518519
0 0.6427083333333333 0.5166666666666667 0.035416666666666666 0.03518518518518519
0 0.7364583333333333 0.5217592592592593 0.035416666666666666 0.03518518518518519
0 0.159375 0.5740740740740741 0.035416666666666666 0.03518518518518519
0 0.25729166666666664 0.5791666666666667 0.035416666666666666 0.03518518518518519
0 0.35625 0.5833333333333334 0.035416666666666666 0.03518518518518519
0 0.45416666666666666 0.5884259259259259 0.035416666666666666 0.03518518518518519
0 0.5520833333333334 0.5925925925925926 0.035416666666666666 0.03518518518518519
0 0.65 0.5981481481481481 0.035416666666666666 0.03518518518518519
0 0.7479166666666667 0.6018518518518519 0.035416666666666666 0.03518518518518519
0 0.14166666666666666 0.6615740740740741 0.035416666666666666 0.03518518518518519
0 0.24583333333333332 0.6666666666666666 0.035416666666666666 0.03518518518518519
0 0.3489583333333333 0.6717592592592593 0.035416666666666666 0.03518518518518519
0 0.45208333333333334 0.6759259259259259 0.035416666666666666 0.03518518518518519
0 0.5552083333333333 0.6814814814814815 0.035416666666666666 0.03518518518518519
0 0.6583333333333333 0.6865740740740741 0.035416666666666666 0.03518518518518519
0 0.7604166666666666 0.6907407407407408 0.035416666666666666 0.03518518518518519