0 0.7041666666666667 0.1875 0.025 0.03333333333333333
0 0.6375 0.18888888888888888 0.025 0.03333333333333333
0 0.5708333333333333 0.19027777777777777 0.025 0.03333333333333333
0 0.503125 0.19166666666666668 0.025 0.03333333333333333
0 0.43645833333333334 0.19305555555555556 0.025 0.03333333333333333
0 0.36875 0.19305555555555556 0.025 0.03333333333333333
0 0.30104166666666665 0.19444444444444445 0.025 0.03333333333333333
0 0.715625 0.2513888888888889 0.025 0.03333333333333333
0 0.6458333333333334 0.25277777777777777 0.025 0.03333333333333333
0 0.575 0.25277777777777777 0.025 0.03333333333333333
0 0.5052083333333334 0.25416666666666665 0.025 0.03333333333333333
0 0.4354166666666667 0.25555555555555554 0.025 0.03333333333333333
0 0.3645833333333333 0.2569444444444444 0.025 0.03333333333333333
0 0.29375 0.25833333333333336 0.025 0.03333333333333333
0 0.728125 0.3194444444444444 0.025 0.03333333333333333
0 0.6541666666666667 0.32083333333333336 0.025 0.03333333333333333
0 0.58125 0.32222222222222224 0.025 0.03333333333333333
0 0.5072916666666667 0.3236111111111111 0.025 0.03333333333333333
0 0.43333333333333335 0.325 0.025 0.03333333333333333
0 0.359375 0.3263888888888889 0.025 0.03333333333333333
0 0.28541666666666665 0.3277777777777778 0.025 0.03333333333333333
0 0.7416666666666667 0.3958333333333333 0.025 0.03333333333333333
0 0.6645833333333333 0.39861111111111114 0.025 0.03333333333333333
0 0.5864583333333333 0.4 0.025 0.03333333333333333
0 0.509375 0.4013888888888889 0.025 0.03333333333333333
0 0.43125 0.4027777777777778 0.025 0.03333333333333333
0 0.353125 0.4041666666666667 0.025 0.03333333333333333
0 0.275 0.40555555555555556 0.025 0.03333333333333333
0 0.75625 0.48055555555555557 0.025 0.03333333333333333
0 0.675 0.48333333333333334 0.025 0.03333333333333333
0 0.59375 0.4847222222222222 0.025 0.03333333333333333
0 0.5114583333333333 0.4861111111111111 0.025 0.03333333333333333
0 0.42916666666666664 0.4888888888888889 0.025 0.03333333333333333
0 0.346875 0.49027777777777776 0.025 0.03333333333333333
0 0.26458333333333334 0.49166666666666664 0.025 0.03333333333333333
0 0.7739583333333333 0.5763888888888888 0.025 0.03333333333333333
0 0.6875 0.5777777777777777 0.025 0.03333333333333333
0 0.6010416666666667 0.5805555555555556 0.025 0.03333333333333333
0 0.5145833333333333 0.5819444444444445 0.025 0.03333333333333333
0 0.4270833333333333 0.5847222222222223 0.025 0.03333333333333333
0 0.340625 0.5861111111111111 0.025 0.03333333333333333
0 0.253125 0.5888888888888889 0.025 0.03333333333333333
0 0.7927083333333333 0.6819444444444445 0.025 0.03333333333333333
0 0.7010416666666667 0.6847222222222222 0.025 0.03333333333333333
0 0.609375 0.6875 0.025 0.03333333333333333
0 0.5177083333333333 0.6888888888888889 0.025 0.03333333333333333
0 0.425 0.6916666666666667 0.025 0.03333333333333333
0 0.33229166666666665 0.6944444444444444 0.025 0.03333333333333333
0 0.23958333333333334 0.6972222222222222 0.025 0.03333333333333333