0 0.7114583333333333 0.16666666666666666 0.022916666666666665 0.03425925925925926
0 0.6354166666666666 0.16666666666666666 0.022916666666666665 0.03425925925925926
0 0.559375 0.16527777777777777 0.022916666666666665 0.03425925925925926
0 0.4822916666666667 0.16527777777777777 0.022916666666666665 0.03425925925925926
0 0.40520833333333334 0.16342592592592592 0.022916666666666665 0.03425925925925926
0 0.32708333333333334 0.16203703703703703 0.022916666666666665 0.03425925925925926
0 0.24895833333333334 0.16203703703703703 0.022916666666666665 0.03425925925925926
0 0.7229166666666667 0.24768518518518517 0.022916666666666665 0.03425925925925926
0 0.64375 0.24768518518518517 0.022916666666666665 0.03425925925925926
0 0.5645833333333333 0.2462962962962963 0.022916666666666665 0.03425925925925926
0 0.48541666666666666 0.2462962962962963 0.022916666666666665 0.03425925925925926
0 0.40520833333333334 0.24444444444444444 0.022916666666666665 0.03425925925925926
0 0.325 0.24444444444444444 0.022916666666666665 0.03425925925925926
0 0.24375 0.24305555555555555 0.022916666666666665 0.03425925925925926
0 0.734375 0.3347222222222222 0.022916666666666665 0.03425925925925926
0 0.653125 0.3333333333333333 0.022916666666666665 0.03425925925925926
0 0.5708333333333333 0.3333333333333333 0.022916666666666665 0.03425925925925926
0 0.48854166666666665 0.3333333333333333 0.022916666666666665 0.03425925925925926
0 0.40520833333333334 0.33194444444444443 0.022916666666666665 0.03425925925925926
0 0.321875 0.33194444444444443 0.022916666666666665 0.03425925925925926
0 0.2375 0.3300925925925926 0.022916666666666665 0.03425925925925926
0 0.7479166666666667 0.42685185185185187 0.022916666666666665 0.03425925925925926
0 0.6635416666666667 0.42685185185185187 0.022916666666666665 0.03425925925925926
0 0.578125 0.42685185185185187 0.022916666666666665 0.03425925925925926
0 0.49166666666666664 0.42685185185185187 0.022916666666666665 0.03425925925925926
0 0.40520833333333334 0.42685185185185187 0.022916666666666665 0.03425925925925926
0 0.31875 0.42685185185185187 0.022916666666666665 0.03425925925925926
0 0.23125 0.425462962962963 0.022916666666666665 0.03425925925925926
0 0.7625 0.5282407407407408 0.022916666666666665 0.03425925925925926
0 0.6739583333333333 0.5282407407407408 0.022916666666666665 0.03425925925925926
0 0.5854166666666667 0.5282407407407408 0.022916666666666665 0.03425925925925926
0 0.49583333333333335 0.5282407407407408 0.022916666666666665 0.03425925925925926
0 0.40625 0.5282407407407408 0.022916666666666665 0.03425925925925926
0 0.315625 0.5282407407407408 0.022916666666666665 0.03425925925925926
0 0.22395833333333334 0.5282407407407408 0.022916666666666665 0.03425925925925926
0 0.7770833333333333 0.6370370370370371 0.022916666666666665 0.03425925925925926
0 0.6854166666666667 0.638425925925926 0.022916666666666665 0.03425925925925926
0 0.5927083333333333 0.638425925925926 0.022916666666666665 0.03425925925925926
0 0.5 0.638425925925926 0.022916666666666665 0.03425925925925926
0 0.40625 0.638425925925926 0.022916666666666665 0.03425925925925926
0 0.31145833333333334 0.6402777777777777 0.022916666666666665 0.03425925925925926
0 0.21666666666666667 0.6402777777777777 0.022916666666666665 0.03425925925925926
0 0.79375 0.7569444444444444 0.022916666666666665 0.03425925925925926
0 0.6979166666666666 0.7569444444444444 0.022916666666666665 0.03425925925925926
0 0.6020833333333333 0.7587962962962963 0.022916666666666665 0.03425925925925926
0 0.5041666666666667 0.7587962962962963 0.022916666666666665 0.03425925925925926
0 0.40625 0.7601851851851852 0.022916666666666665 0.03425925925925926
0 0.30833333333333335 0.7615740740740741 0.022916666666666665 0.03425925925925926
0 0.20833333333333334 0.7615740740740741 0.022916666666666665 0.03425925925925926