0 0.665625 0.175 0.025 0.03333333333333333
0 0.5979166666666667 0.17916666666666667 0.025 0.03333333333333333
0 0.5302083333333333 0.18472222222222223 0.025 0.03333333333333333
0 0.4625 0.18888888888888888 0.025 0.03333333333333333
0 0.39479166666666665 0.19305555555555556 0.025 0.03333333333333333
0 0.328125 0.19722222222222222 0.025 0.03333333333333333
0 0.2604166666666667 0.2013888888888889 0.025 0.03333333333333333
0 0.6760416666666667 0.2388888888888889 0.025 0.03333333333333333
0 0.6052083333333333 0.24305555555555555 0.025 0.03333333333333333
0 0.5333333333333333 0.24722222222222223 0.025 0.03333333333333333
0 0.4625 0.2513888888888889 0.025 0.03333333333333333
0 0.39166666666666666 0.2569444444444444 0.025 0.03333333333333333
0 0.321875 0.2611111111111111 0.025 0.03333333333333333
0 0.25104166666666666 0.2652777777777778 0.025 0.03333333333333333
0 0.6875 0.30833333333333335 0.025 0.03333333333333333
0 0.6125 0.3125 0.025 0.03333333333333333
0 0.5385416666666667 0.31805555555555554 0.025 0.03333333333333333
0 0.4635416666666667 0.32222222222222224 0.025 0.03333333333333333
0 0.3885416666666667 0.3277777777777778 0.025 0.03333333333333333
0 0.3145833333333333 0.33194444444444443 0.025 0.03333333333333333
0 0.240625 0.33611111111111114 0.025 0.03333333333333333
0 0.7010416666666667 0.3861111111111111 0.025 0.03333333333333333
0 0.621875 0.3902777777777778 0.025 0.03333333333333333
0 0.5427083333333333 0.3958333333333333 0.025 0.03333333333333333
0 0.46458333333333335 0.4 0.025 0.03333333333333333
0 0.3854166666666667 0.40555555555555556 0.025 0.03333333333333333
0 0.30625 0.4111111111111111 0.025 0.03333333333333333
0 0.228125 0.4152777777777778 0.025 0.03333333333333333
0 0.715625 0.4722222222222222 0.025 0.03333333333333333
0 0.6322916666666667 0.4777777777777778 0.025 0.03333333333333333
0 0.5479166666666667 0.48333333333333334 0.025 0.03333333333333333
0 0.46458333333333335 0.4875 0.025 0.03333333333333333
0 0.38125 0.4930555555555556 0.025 0.03333333333333333
0 0.29791666666666666 0.4986111111111111 0.025 0.03333333333333333
0 0.21458333333333332 0.5041666666666667 0.025 0.03333333333333333
0 0.7322916666666667 0.5708333333333333 0.025 0.03333333333333333
0 0.64375 0.5763888888888888 0.025 0.03333333333333333
0 0.5541666666666667 0.5805555555555556 0.025 0.03333333333333333
0 0.465625 0.5861111111111111 0.025 0.03333333333333333
0 0.3770833333333333 0.5916666666666667 0.025 0.03333333333333333
0 0.28854166666666664 0.5972222222222222 0.025 0.03333333333333333
0 0.2 0.6027777777777777 0.025 0.03333333333333333
0 0.7520833333333333 0.6819444444444445 0.025 0.03333333333333333
0 0.65625 0.6875 0.025 0.03333333333333333
0 0.5614583333333333 0.6930555555555555 0.025 0.03333333333333333
0 0.4666666666666667 0.6986111111111111 0.025 0.03333333333333333
0 0.371875 0.7041666666666667 0.025 0.03333333333333333
0 0.27708333333333335 0.7097222222222223 0.025 0.03333333333333333
0 0.18333333333333332 0.7152777777777778 0.025 0.03333333333333333