0 0.7333333333333333 0.1824074074074074 0.03333333333333333 0.03333333333333333
0 0.659375 0.1824074074074074 0.03333333333333333 0.03333333333333333
0 0.5854166666666667 0.18333333333333332 0.03333333333333333 0.03333333333333333
0 0.5104166666666666 0.18333333333333332 0.03333333333333333 0.03333333333333333
0 0.4354166666666667 0.18333333333333332 0.03333333333333333 0.03333333333333333
0 0.3614583333333333 0.18333333333333332 0.03333333333333333 0.03333333333333333
0 0.28541666666666665 0.18425925925925926 0.03333333333333333 0.03333333333333333
0 0.74375 0.23333333333333334 0.03333333333333333 0.03333333333333333
0 0.6666666666666666 0.23333333333333334 0.03333333333333333 0.03333333333333333
0 0.5885416666666666 0.23425925925925925 0.03333333333333333 0.03333333333333333
0 0.5114583333333333 0.23425925925925925 0.03333333333333333 0.03333333333333333
0 0.43333333333333335 0.2351851851851852 0.03333333333333333 0.03333333333333333
0 0.35520833333333335 0.2351851851851852 0.03333333333333333 0.03333333333333333
0 0.27708333333333335 0.2351851851851852 0.03333333333333333 0.03333333333333333
0 0.7541666666666667 0.2884259259259259 0.03333333333333333 0.03333333333333333
0 0.6729166666666667 0.2898148148148148 0.03333333333333333 0.03333333333333333
0 0.5927083333333333 0.2898148148148148 0.03333333333333333 0.03333333333333333
0 0.5125 0.29074074074074074 0.03333333333333333 0.03333333333333333
0 0.43125 0.29074074074074074 0.03333333333333333 0.03333333333333333
0 0.35 0.2916666666666667 0.03333333333333333 0.03333333333333333
0 0.26875 0.2916666666666667 0.03333333333333333 0.03333333333333333
0 0.7645833333333333 0.3490740740740741 0.03333333333333333 0.03333333333333333
0 0.68125 0.35 0.03333333333333333 0.03333333333333333
0 0.596875 0.35 0.03333333333333333 0.03333333333333333
0 0.5125 0.3509259259259259 0.03333333333333333 0.03333333333333333
0 0.428125 0.3509259259259259 0.03333333333333333 0.03333333333333333
0 0.34375 0.35185185185185186 0.03333333333333333 0.03333333333333333
0 0.25833333333333336 0.35185185185185186 0.03333333333333333 0.03333333333333333
0 0.7770833333333333 0.4148148148148148 0.03333333333333333 0.03333333333333333
0 0.6895833333333333 0.41574074074074074 0.03333333333333333 0.03333333333333333
0 0.6020833333333333 0.41574074074074074 0.03333333333333333 0.03333333333333333
0 0.5135416666666667 0.4166666666666667 0.03333333333333333 0.03333333333333333
0 0.425 0.41759259259259257 0.03333333333333333 0.03333333333333333
0 0.33645833333333336 0.41759259259259257 0.03333333333333333 0.03333333333333333
0 0.24791666666666667 0.4185185185185185 0.03333333333333333 0.03333333333333333
0 0.790625 0.48657407407407405 0.03333333333333333 0.03333333333333333
0 0.6989583333333333 0.4875 0.03333333333333333 0.03333333333333333
0 0.6072916666666667 0.48842592592592593 0.03333333333333333 0.03333333333333333
0 0.5145833333333333 0.4898148148148148 0.03333333333333333 0.03333333333333333
0 0.421875 0.4898148148148148 0.03333333333333333 0.03333333333333333
0 0.32916666666666666 0.49074074074074076 0.03333333333333333 0.03333333333333333
0 0.23645833333333333 0.49166666666666664 0.03333333333333333 0.03333333333333333
0 0.8052083333333333 0.5657407407407408 0.03333333333333333 0.03333333333333333
0 0.709375 0.5666666666666667 0.03333333333333333 0.03333333333333333
0 0.6125 0.5675925925925925 0.03333333333333333 0.03333333333333333
0 0.515625 0.5685185185185185 0.03333333333333333 0.03333333333333333
0 0.41875 0.5699074074074074 0.03333333333333333 0.03333333333333333
0 0.32083333333333336 0.5708333333333333 0.03333333333333333 0.03333333333333333
0 0.22291666666666668 0.5717592592592593 0.03333333333333333 0.03333333333333333