0 0.33645833333333336 0.38472222222222224 0.01875 0.025
0 0.33125 0.44305555555555554 0.01875 0.025
0 0.3260416666666667 0.5041666666666667 0.01875 0.025
0 0.32083333333333336 0.5694444444444444 0.01875 0.025
0 0.3145833333333333 0.6388888888888888 0.01875 0.025
0 0.30833333333333335 0.7125 0.01875 0.025
0 0.3020833333333333 0.7916666666666666 0.01875 0.025
0 0.39895833333333336 0.3861111111111111 0.01875 0.025
0 0.3958333333333333 0.4444444444444444 0.01875 0.025
0 0.3927083333333333 0.5069444444444444 0.01875 0.025
0 0.3885416666666667 0.5722222222222222 0.01875 0.025
0 0.384375 0.6416666666666667 0.01875 0.025
0 0.38125 0.7152777777777778 0.01875 0.025
0 0.37604166666666666 0.7930555555555555 0.01875 0.025
0 0.46145833333333336 0.3875 0.01875 0.025
0 0.46041666666666664 0.44583333333333336 0.01875 0.025
0 0.4583333333333333 0.5083333333333333 0.01875 0.025
0 0.45625 0.5736111111111111 0.01875 0.025
0 0.4552083333333333 0.6430555555555556 0.01875 0.025
0 0.453125 0.7166666666666667 0.01875 0.025
0 0.4510416666666667 0.7944444444444444 0.01875 0.025
0 0.5239583333333333 0.3888888888888889 0.01875 0.025
0 0.5239583333333333 0.44722222222222224 0.01875 0.025
0 0.5239583333333333 0.5097222222222222 0.01875 0.025
0 0.525 0.575 0.01875 0.025
0 0.525 0.6444444444444445 0.01875 0.025
0 0.525 0.7180555555555556 0.01875 0.025
0 0.525 0.7958333333333333 0.01875 0.025
0 0.5864583333333333 0.3902777777777778 0.01875 0.025
0 0.5885416666666666 0.45 0.01875 0.025
0 0.590625 0.5111111111111111 0.01875 0.025
0 0.5927083333333333 0.5763888888888888 0.01875 0.025
0 0.5947916666666667 0.6458333333333334 0.01875 0.025
0 0.596875 0.7194444444444444 0.01875 0.025
0 0.5989583333333334 0.7986111111111112 0.01875 0.025
0 0.6489583333333333 0.39305555555555555 0.01875 0.025
0 0.6520833333333333 0.4513888888888889 0.01875 0.025
0 0.65625 0.5125 0.01875 0.025
0 0.6604166666666667 0.5791666666666667 0.01875 0.025
0 0.6645833333333333 0.6486111111111111 0.01875 0.025
0 0.66875 0.7222222222222222 0.01875 0.025
0 0.6739583333333333 0.8 0.01875 0.025
0 0.7104166666666667 0.39444444444444443 0.01875 0.025
0 0.715625 0.4527777777777778 0.01875 0.025
0 0.721875 0.5152777777777777 0.01875 0.025
0 0.7270833333333333 0.5805555555555556 0.01875 0.025
0 0.7333333333333333 0.65 0.01875 0.025
0 0.740625 0.7236111111111111 0.01875 0.025
0 0.7479166666666667 0.8013888888888889 0.01875 0.025