0 0.29583333333333334 0.19074074074074074 0.01875 0.03333333333333333
0 0.290625 0.2722222222222222 0.01875 0.03333333333333333
0 0.28541666666666665 0.3592592592592593 0.01875 0.03333333333333333
0 0.2791666666666667 0.4537037037037037 0.01875 0.03333333333333333
0 0.271875 0.5555555555555556 0.01875 0.03333333333333333
0 0.26458333333333334 0.6648148148148149 0.01875 0.03333333333333333
0 0.25729166666666664 0.7833333333333333 0.01875 0.03333333333333333
0 0.3572916666666667 0.1925925925925926 0.01875 0.03333333333333333
0 0.3541666666666667 0.2740740740740741 0.01875 0.03333333333333333
0 0.35 0.3611111111111111 0.01875 0.03333333333333333
0 0.3458333333333333 0.4537037037037037 0.01875 0.03333333333333333
0 0.34270833333333334 0.5555555555555556 0.01875 0.03333333333333333
0 0.3375 0.6648148148148149 0.01875 0.03333333333333333
0 0.3333333333333333 0.7833333333333333 0.01875 0.03333333333333333
0 0.41770833333333335 0.1925925925925926 0.01875 0.03333333333333333
0 0.4166666666666667 0.2740740740740741 0.01875 0.03333333333333333
0 0.41458333333333336 0.3611111111111111 0.01875 0.03333333333333333
0 0.41354166666666664 0.45555555555555555 0.01875 0.03333333333333333
0 0.4125 0.5555555555555556 0.01875 0.03333333333333333
0 0.41041666666666665 0.6648148148148149 0.01875 0.03333333333333333
0 0.4083333333333333 0.7833333333333333 0.01875 0.03333333333333333
0 0.478125 0.19444444444444445 0.01875 0.03333333333333333
0 0.478125 0.2759259259259259 0.01875 0.03333333333333333
0 0.4791666666666667 0.362962962962963 0.01875 0.03333333333333333
0 0.48020833333333335 0.45555555555555555 0.01875 0.03333333333333333
0 0.48125 0.5555555555555556 0.01875 0.03333333333333333
0 0.4822916666666667 0.6648148148148149 0.01875 0.03333333333333333
0 0.484375 0.7833333333333333 0.01875 0.03333333333333333
0 0.5375 0.19444444444444445 0.01875 0.03333333333333333
0 0.540625 0.2759259259259259 0.01875 0.03333333333333333
0 0.54375 0.362962962962963 0.01875 0.03333333333333333
0 0.546875 0.45555555555555555 0.01875 0.03333333333333333
0 0.5510416666666667 0.5574074074074075 0.01875 0.03333333333333333
0 0.5541666666666667 0.6648148148148149 0.01875 0.03333333333333333
0 0.5583333333333333 0.7833333333333333 0.01875 0.03333333333333333
0 0.5979166666666667 0.1962962962962963 0.01875 0.03333333333333333
0 0.6020833333333333 0.2759259259259259 0.01875 0.03333333333333333
0 0.6072916666666667 0.362962962962963 0.01875 0.03333333333333333
0 0.6135416666666667 0.45740740740740743 0.01875 0.03333333333333333
0 0.6197916666666666 0.5574074074074075 0.01875 0.03333333333333333
0 0.6260416666666667 0.6648148148148149 0.01875 0.03333333333333333
0 0.6333333333333333 0.7833333333333333 0.01875 0.03333333333333333
0 0.6572916666666667 0.1962962962962963 0.01875 0.03333333333333333
0 0.6645833333333333 0.2777777777777778 0.01875 0.03333333333333333
0 0.671875 0.3648148148148148 0.01875 0.03333333333333333
0 0.6791666666666667 0.45740740740740743 0.01875 0.03333333333333333
0 0.6885416666666667 0.5574074074074075 0.01875 0.03333333333333333
0 0.6979166666666666 0.6648148148148149 0.01875 0.03333333333333333
0 0.7072916666666667 0.7833333333333333 0.01875 0.03333333333333333