0 0.7625 0.2791666666666667 0.035416666666666666 0.03518518518518519
0 0.6864583333333333 0.275 0.035416666666666666 0.03518518518518519
0 0.6072916666666667 0.27175925925925926 0.035416666666666666 0.03518518518518519
0 0.5260416666666666 0.2675925925925926 0.035416666666666666 0.03518518518518519
0 0.4427083333333333 0.26342592592592595 0.035416666666666666 0.03518518518518519
0 0.35625 0.25925925925925924 0.035416666666666666 0.03518518518518519
0 0.26666666666666666 0.2550925925925926 0.035416666666666666 0.03518518518518519
0 0.778125 0.34814814814814815 0.035416666666666666 0.03518518518518519
0 0.6989583333333333 0.3449074074074074 0.035416666666666666 0.03518518518518519
0 0.6177083333333333 0.3416666666666667 0.035416666666666666 0.03518518518518519
0 0.5333333333333333 0.3384259259259259 0.035416666666666666 0.03518518518518519
0 0.446875 0.3365740740740741 0.035416666666666666 0.03518518518518519
0 0.35833333333333334 0.3333333333333333 0.035416666666666666 0.03518518518518519
0 0.265625 0.3300925925925926 0.035416666666666666 0.03518518518518519
0 0.79375 0.42083333333333334 0.035416666666666666 0.03518518518518519
0 0.7125 0.4185185185185185 0.035416666666666666 0.03518518518518519
0 0.6291666666666667 0.4166666666666667 0.035416666666666666 0.03518518518518519
0 0.5416666666666666 0.41574074074074074 0.035416666666666666 0.03518518518518519
0 0.45208333333333334 0.4134259259259259 0.035416666666666666 0.03518518518518519
0 0.36041666666666666 0.4115740740740741 0.035416666666666666 0.03518518518518519
0 0.26458333333333334 0.40925925925925927 0.035416666666666666 0.03518518518518519
0 0.8114583333333333 0.49907407407407406 0.035416666666666666 0.03518518518518519
0 0.7270833333333333 0.4981481481481482 0.035416666666666666 0.03518518518518519
0 0.640625 0.4981481481481482 0.035416666666666666 0.03518518518518519
0 0.5510416666666667 0.49675925925925923 0.035416666666666666 0.03518518518518519
0 0.4583333333333333 0.49675925925925923 0.035416666666666666 0.03518518518518519
0 0.3625 0.49583333333333335 0.035416666666666666 0.03518518518518519
0 0.2635416666666667 0.49583333333333335 0.035416666666666666 0.03518518518518519
0 0.8291666666666667 0.5824074074074074 0.035416666666666666 0.03518518518518519
0 0.7427083333333333 0.5833333333333334 0.035416666666666666 0.03518518518518519
0 0.653125 0.5842592592592593 0.035416666666666666 0.03518518518518519
0 0.5604166666666667 0.5851851851851851 0.035416666666666666 0.03518518518518519
0 0.46458333333333335 0.586574074074074 0.035416666666666666 0.03518518518518519
0 0.3645833333333333 0.5875 0.035416666666666666 0.03518518518518519
0 0.26145833333333335 0.5884259259259259 0.035416666666666666 0.03518518518518519
0 0.8489583333333334 0.6717592592592593 0.035416666666666666 0.03518518518518519
0 0.759375 0.675 0.035416666666666666 0.03518518518518519
0 0.6666666666666666 0.6768518518518518 0.035416666666666666 0.03518518518518519
0 0.5708333333333333 0.6800925925925926 0.035416666666666666 0.03518518518518519
0 0.4708333333333333 0.6824074074074075 0.035416666666666666 0.03518518518518519
0 0.36770833333333336 0.6851851851851852 0.035416666666666666 0.03518518518518519
0 0.2604166666666667 0.6884259259259259 0.035416666666666666 0.03518518518518519
0 0.8708333333333333 0.7685185185185185 0.035416666666666666 0.03518518518518519
0 0.778125 0.7731481481481481 0.035416666666666666 0.03518518518518519
0 0.68125 0.7782407407407408 0.035416666666666666 0.03518518518518519
0 0.5822916666666667 0.7824074074074074 0.035416666666666666 0.03518518518518519
0 0.478125 0.7875 0.035416666666666666 0.03518518518518519
0 0.37083333333333335 0.7925925925925926 0.035416666666666666 0.03518518518518519
0 0.25833333333333336 0.7981481481481482 0.035416666666666666 0.03518518518518519