0 0.6760416666666667 0.15694444444444444 0.025 0.03333333333333333
0 0.6072916666666667 0.1597222222222222 0.025 0.03333333333333333
0 0.5385416666666667 0.1625 0.025 0.03333333333333333
0 0.46979166666666666 0.1638888888888889 0.025 0.03333333333333333
0 0.4 0.16666666666666666 0.025 0.03333333333333333
0 0.33125 0.16944444444444445 0.025 0.03333333333333333
0 0.26145833333333335 0.17222222222222222 0.025 0.03333333333333333
0 0.6864583333333333 0.22361111111111112 0.025 0.03333333333333333
0 0.615625 0.2263888888888889 0.025 0.03333333333333333
0 0.54375 0.22916666666666666 0.025 0.03333333333333333
0 0.4708333333333333 0.23194444444444445 0.025 0.03333333333333333
0 0.39895833333333336 0.23472222222222222 0.025 0.03333333333333333
0 0.3260416666666667 0.2375 0.025 0.03333333333333333
0 0.253125 0.2388888888888889 0.025 0.03333333333333333
0 0.6989583333333333 0.2972222222222222 0.025 0.03333333333333333
0 0.6239583333333333 0.3 0.025 0.03333333333333333
0 0.5489583333333333 0.30277777777777776 0.025 0.03333333333333333
0 0.47291666666666665 0.3055555555555556 0.025 0.03333333333333333
0 0.39791666666666664 0.30833333333333335 0.025 0.03333333333333333
0 0.32083333333333336 0.3111111111111111 0.025 0.03333333333333333
0 0.24479166666666666 0.3138888888888889 0.025 0.03333333333333333
0 0.7135416666666666 0.37777777777777777 0.025 0.03333333333333333
0 0.634375 0.38055555555555554 0.025 0.03333333333333333
0 0.5552083333333333 0.38333333333333336 0.025 0.03333333333333333
0 0.475 0.3861111111111111 0.025 0.03333333333333333
0 0.3958333333333333 0.3902777777777778 0.025 0.03333333333333333
0 0.315625 0.39305555555555555 0.025 0.03333333333333333
0 0.23541666666666666 0.3958333333333333 0.025 0.03333333333333333
0 0.728125 0.4666666666666667 0.025 0.03333333333333333
0 0.6447916666666667 0.46944444444444444 0.025 0.03333333333333333
0 0.5614583333333333 0.4736111111111111 0.025 0.03333333333333333
0 0.478125 0.47638888888888886 0.025 0.03333333333333333
0 0.39375 0.48055555555555557 0.025 0.03333333333333333
0 0.309375 0.4847222222222222 0.025 0.03333333333333333
0 0.225 0.4875 0.025 0.03333333333333333
0 0.7458333333333333 0.5652777777777778 0.025 0.03333333333333333
0 0.6572916666666667 0.5694444444444444 0.025 0.03333333333333333
0 0.56875 0.5736111111111111 0.025 0.03333333333333333
0 0.48020833333333335 0.5777777777777777 0.025 0.03333333333333333
0 0.39166666666666666 0.5819444444444445 0.025 0.03333333333333333
0 0.3020833333333333 0.5861111111111111 0.025 0.03333333333333333
0 0.2125 0.5902777777777778 0.025 0.03333333333333333
0 0.7645833333333333 0.6777777777777778 0.025 0.03333333333333333
0 0.6708333333333333 0.6819444444444445 0.025 0.03333333333333333
0 0.578125 0.6861111111111111 0.025 0.03333333333333333
0 0.48333333333333334 0.6902777777777778 0.025 0.03333333333333333
0 0.38958333333333334 0.6944444444444444 0.025 0.03333333333333333
0 0.2947916666666667 0.7 0.025 0.03333333333333333
0 0.19895833333333332 0.7041666666666667 0.025 0.03333333333333333