0 0.225 0.7384259259259259 0.03125 0.03148148148148148
0 0.3125 0.7375 0.03125 0.03148148148148148
0 0.4010416666666667 0.736574074074074 0.03125 0.03148148148148148
0 0.4895833333333333 0.7351851851851852 0.03125 0.03148148148148148
0 0.578125 0.7342592592592593 0.03125 0.03148148148148148
0 0.6666666666666666 0.7342592592592593 0.03125 0.03148148148148148
0 0.7552083333333334 0.7333333333333333 0.03125 0.03148148148148148
0 0.234375 0.649074074074074 0.03125 0.03148148148148148
0 0.31875 0.6481481481481481 0.03125 0.03148148148148148
0 0.4041666666666667 0.6467592592592593 0.03125 0.03148148148148148
0 0.48854166666666665 0.6458333333333334 0.03125 0.03148148148148148
0 0.5739583333333333 0.6449074074074074 0.03125 0.03148148148148148
0 0.6583333333333333 0.6435185185185185 0.03125 0.03148148148148148
0 0.7447916666666666 0.6425925925925926 0.03125 0.03148148148148148
0 0.24375 0.5657407407407408 0.03125 0.03148148148148148
0 0.325 0.5648148148148148 0.03125 0.03148148148148148
0 0.40625 0.5634259259259259 0.03125 0.03148148148148148
0 0.4875 0.5625 0.03125 0.03148148148148148
0 0.5697916666666667 0.5615740740740741 0.03125 0.03148148148148148
0 0.6520833333333333 0.5601851851851852 0.03125 0.03148148148148148
0 0.734375 0.5592592592592592 0.03125 0.03148148148148148
0 0.2520833333333333 0.48842592592592593 0.03125 0.03148148148148148
0 0.3302083333333333 0.4875 0.03125 0.03148148148148148
0 0.4083333333333333 0.48657407407407405 0.03125 0.03148148148148148
0 0.4875 0.48518518518518516 0.03125 0.03148148148148148
0 0.5666666666666667 0.4842592592592593 0.03125 0.03148148148148148
0 0.6458333333333334 0.48333333333333334 0.03125 0.03148148148148148
0 0.725 0.4824074074074074 0.03125 0.03148148148148148
0 0.259375 0.4166666666666667 0.03125 0.03148148148148148
0 0.33541666666666664 0.41574074074074074 0.03125 0.03148148148148148
0 0.4114583333333333 0.4148148148148148 0.03125 0.03148148148148148
0 0.4875 0.4134259259259259 0.03125 0.03148148148148148
0 0.5635416666666667 0.4125 0.03125 0.03148148148148148
0 0.6395833333333333 0.4101851851851852 0.03125 0.03148148148148148
0 0.715625 0.40925925925925927 0.03125 0.03148148148148148
0 0.26666666666666666 0.35 0.03125 0.03148148148148148
0 0.33958333333333335 0.34814814814814815 0.03125 0.03148148148148148
0 0.41354166666666664 0.34675925925925927 0.03125 0.03148148148148148
0 0.4864583333333333 0.3458333333333333 0.03125 0.03148148148148148
0 0.5604166666666667 0.3449074074074074 0.03125 0.03148148148148148
0 0.634375 0.3435185185185185 0.03125 0.03148148148148148
0 0.7083333333333334 0.3425925925925926 0.03125 0.03148148148148148
0 0.27395833333333336 0.2875 0.03125 0.03148148148148148
0 0.34479166666666666 0.2851851851851852 0.03125 0.03148148148148148
0 0.415625 0.28425925925925927 0.03125 0.03148148148148148
0 0.4864583333333333 0.2833333333333333 0.03125 0.03148148148148148
0 0.5572916666666666 0.2824074074074074 0.03125 0.03148148148148148
0 0.6291666666666667 0.2814814814814815 0.03125 0.03148148148148148
0 0.7 0.2791666666666667 0.03125 0.03148148148148148