0 0.7677083333333333 0.17407407407407408 0.0375 0.0375
0 0.6875 0.17592592592592593 0.0375 0.0375
0 0.60625 0.17824074074074073 0.0375 0.0375
0 0.5260416666666666 0.18009259259259258 0.0375 0.0375
0 0.44583333333333336 0.1824074074074074 0.0375 0.0375
0 0.365625 0.18425925925925926 0.0375 0.0375
0 0.28541666666666665 0.1875 0.0375 0.0375
0 0.778125 0.2300925925925926 0.0375 0.0375
0 0.69375 0.23333333333333334 0.0375 0.0375
0 0.6104166666666667 0.2351851851851852 0.0375 0.0375
0 0.5260416666666666 0.2375 0.0375 0.0375
0 0.4427083333333333 0.23981481481481481 0.0375 0.0375
0 0.359375 0.24166666666666667 0.0375 0.0375
0 0.2760416666666667 0.24351851851851852 0.0375 0.0375
0 0.7895833333333333 0.29259259259259257 0.0375 0.0375
0 0.7010416666666667 0.2949074074074074 0.0375 0.0375
0 0.6135416666666667 0.2967592592592593 0.0375 0.0375
0 0.5260416666666666 0.29907407407407405 0.0375 0.0375
0 0.4395833333333333 0.30092592592592593 0.0375 0.0375
0 0.35208333333333336 0.30416666666666664 0.0375 0.0375
0 0.26458333333333334 0.30648148148148147 0.0375 0.0375
0 0.8010416666666667 0.3592592592592593 0.0375 0.0375
0 0.709375 0.36157407407407405 0.0375 0.0375
0 0.6177083333333333 0.3648148148148148 0.0375 0.0375
0 0.5270833333333333 0.36666666666666664 0.0375 0.0375
0 0.4354166666666667 0.3685185185185185 0.0375 0.0375
0 0.34479166666666666 0.37083333333333335 0.0375 0.0375
0 0.253125 0.37407407407407406 0.0375 0.0375
0 0.8145833333333333 0.43333333333333335 0.0375 0.0375
0 0.71875 0.4351851851851852 0.0375 0.0375
0 0.6229166666666667 0.4375 0.0375 0.0375
0 0.5270833333333333 0.44074074074074077 0.0375 0.0375
0 0.43125 0.4425925925925926 0.0375 0.0375
0 0.33645833333333336 0.4449074074074074 0.0375 0.0375
0 0.240625 0.44675925925925924 0.0375 0.0375
0 0.8291666666666667 0.513425925925926 0.0375 0.0375
0 0.728125 0.5166666666666667 0.0375 0.0375
0 0.6270833333333333 0.5185185185185185 0.0375 0.0375
0 0.5270833333333333 0.5208333333333334 0.0375 0.0375
0 0.4270833333333333 0.524074074074074 0.0375 0.0375
0 0.32708333333333334 0.5259259259259259 0.0375 0.0375
0 0.22708333333333333 0.5282407407407408 0.0375 0.0375
0 0.8447916666666667 0.6032407407407407 0.0375 0.0375
0 0.7385416666666667 0.6064814814814815 0.0375 0.0375
0 0.6333333333333333 0.6083333333333333 0.0375 0.0375
0 0.5270833333333333 0.6101851851851852 0.0375 0.0375
0 0.421875 0.6125 0.0375 0.0375
0 0.31666666666666665 0.6157407407407407 0.0375 0.0375
0 0.21145833333333333 0.6175925925925926 0.0375 0.0375