0 0.303125 0.6458333333333334 0.020833333333333332 0.027777777777777776
0 0.378125 0.6472222222222223 0.020833333333333332 0.027777777777777776
0 0.45416666666666666 0.6472222222222223 0.020833333333333332 0.027777777777777776
0 0.53125 0.6486111111111111 0.020833333333333332 0.027777777777777776
0 0.609375 0.6486111111111111 0.020833333333333332 0.027777777777777776
0 0.6875 0.65 0.020833333333333332 0.027777777777777776
0 0.7666666666666667 0.65 0.020833333333333332 0.027777777777777776
0 0.3145833333333333 0.5597222222222222 0.020833333333333332 0.027777777777777776
0 0.38645833333333335 0.5597222222222222 0.020833333333333332 0.027777777777777776
0 0.4583333333333333 0.5597222222222222 0.020833333333333332 0.027777777777777776
0 0.53125 0.5597222222222222 0.020833333333333332 0.027777777777777776
0 0.6052083333333333 0.5597222222222222 0.020833333333333332 0.027777777777777776
0 0.6791666666666667 0.5611111111111111 0.020833333333333332 0.027777777777777776
0 0.7552083333333334 0.5611111111111111 0.020833333333333332 0.027777777777777776
0 0.325 0.48055555555555557 0.020833333333333332 0.027777777777777776
0 0.3927083333333333 0.48055555555555557 0.020833333333333332 0.027777777777777776
0 0.46145833333333336 0.48055555555555557 0.020833333333333332 0.027777777777777776
0 0.53125 0.48055555555555557 0.020833333333333332 0.027777777777777776
0 0.6020833333333333 0.48055555555555557 0.020833333333333332 0.027777777777777776
0 0.6729166666666667 0.48055555555555557 0.020833333333333332 0.027777777777777776
0 0.7447916666666666 0.48055555555555557 0.020833333333333332 0.027777777777777776
0 0.3333333333333333 0.4097222222222222 0.020833333333333332 0.027777777777777776
0 0.39895833333333336 0.4083333333333333 0.020833333333333332 0.027777777777777776
0 0.46458333333333335 0.4083333333333333 0.020833333333333332 0.027777777777777776
0 0.53125 0.4083333333333333 0.020833333333333332 0.027777777777777776
0 0.5989583333333334 0.40694444444444444 0.020833333333333332 0.027777777777777776
0 0.6666666666666666 0.40694444444444444 0.020833333333333332 0.027777777777777776
0 0.734375 0.40694444444444444 0.020833333333333332 0.027777777777777776
0 0.3416666666666667 0.34305555555555556 0.020833333333333332 0.027777777777777776
0 0.40520833333333334 0.34305555555555556 0.020833333333333332 0.027777777777777776
0 0.46770833333333334 0.3416666666666667 0.020833333333333332 0.027777777777777776
0 0.53125 0.3416666666666667 0.020833333333333332 0.027777777777777776
0 0.5958333333333333 0.3402777777777778 0.020833333333333332 0.027777777777777776
0 0.6604166666666667 0.3402777777777778 0.020833333333333332 0.027777777777777776
0 0.7260416666666667 0.3388888888888889 0.020833333333333332 0.027777777777777776
0 0.35 0.2833333333333333 0.020833333333333332 0.027777777777777776
0 0.41041666666666665 0.28194444444444444 0.020833333333333332 0.027777777777777776
0 0.4708333333333333 0.28194444444444444 0.020833333333333332 0.027777777777777776
0 0.53125 0.28055555555555556 0.020833333333333332 0.027777777777777776
0 0.59375 0.2791666666666667 0.020833333333333332 0.027777777777777776
0 0.6552083333333333 0.2791666666666667 0.020833333333333332 0.027777777777777776
0 0.7177083333333333 0.2777777777777778 0.020833333333333332 0.027777777777777776
0 0.3572916666666667 0.22777777777777777 0.020833333333333332 0.027777777777777776
0 0.41458333333333336 0.2263888888888889 0.020833333333333332 0.027777777777777776
0 0.47291666666666665 0.225 0.020833333333333332 0.027777777777777776
0 0.5322916666666667 0.225 0.020833333333333332 0.027777777777777776
0 0.590625 0.22361111111111112 0.020833333333333332 0.027777777777777776
0 0.6510416666666666 0.2222222222222222 0.020833333333333332 0.027777777777777776
0 0.7104166666666667 0.22083333333333333 0.020833333333333332 0.027777777777777776