0 0.33541666666666664 0.6069444444444444 0.01875 0.025
0 0.41041666666666665 0.5972222222222222 0.01875 0.025
0 0.484375 0.5875 0.01875 0.025
0 0.5583333333333333 0.5777777777777777 0.01875 0.025
0 0.6322916666666667 0.5680555555555555 0.01875 0.025
0 0.7052083333333333 0.5583333333333333 0.01875 0.025
0 0.7791666666666667 0.5486111111111112 0.01875 0.025
0 0.33645833333333336 0.5236111111111111 0.01875 0.025
0 0.40729166666666666 0.5138888888888888 0.01875 0.025
0 0.478125 0.5041666666666667 0.01875 0.025
0 0.5489583333333333 0.49583333333333335 0.01875 0.025
0 0.61875 0.4861111111111111 0.01875 0.025
0 0.6885416666666667 0.4777777777777778 0.01875 0.025
0 0.7583333333333333 0.46805555555555556 0.01875 0.025
0 0.33645833333333336 0.44722222222222224 0.01875 0.025
0 0.4041666666666667 0.4375 0.01875 0.025
0 0.471875 0.42916666666666664 0.01875 0.025
0 0.5395833333333333 0.42083333333333334 0.01875 0.025
0 0.6072916666666667 0.4125 0.01875 0.025
0 0.6739583333333333 0.4041666666666667 0.01875 0.025
0 0.740625 0.3958333333333333 0.01875 0.025
0 0.3375 0.3763888888888889 0.01875 0.025
0 0.40208333333333335 0.36944444444444446 0.01875 0.025
0 0.4666666666666667 0.3611111111111111 0.01875 0.025
0 0.53125 0.3527777777777778 0.01875 0.025
0 0.5958333333333333 0.34444444444444444 0.01875 0.025
0 0.659375 0.33611111111111114 0.01875 0.025
0 0.7239583333333334 0.32916666666666666 0.01875 0.025
0 0.3375 0.3125 0.01875 0.025
0 0.4 0.3055555555555556 0.01875 0.025
0 0.4625 0.2972222222222222 0.01875 0.025
0 0.5239583333333333 0.2902777777777778 0.01875 0.025
0 0.5854166666666667 0.28194444444444444 0.01875 0.025
0 0.646875 0.275 0.01875 0.025
0 0.7083333333333334 0.26805555555555555 0.01875 0.025
0 0.3375 0.25416666666666665 0.01875 0.025
0 0.39791666666666664 0.24722222222222223 0.01875 0.025
0 0.45729166666666665 0.2388888888888889 0.01875 0.025
0 0.5166666666666667 0.23194444444444445 0.01875 0.025
0 0.5760416666666667 0.225 0.01875 0.025
0 0.6354166666666666 0.21805555555555556 0.01875 0.025
0 0.69375 0.2111111111111111 0.01875 0.025
0 0.3385416666666667 0.2 0.01875 0.025
0 0.3958333333333333 0.19305555555555556 0.01875 0.025
0 0.453125 0.18611111111111112 0.01875 0.025
0 0.5104166666666666 0.17916666666666667 0.01875 0.025
0 0.5677083333333334 0.17222222222222222 0.01875 0.025
0 0.6239583333333333 0.16527777777777777 0.01875 0.025
0 0.68125 0.15833333333333333 0.01875 0.025