0 0.6958333333333333 0.1574074074074074 0.022916666666666665 0.03425925925925926
0 0.6208333333333333 0.1574074074074074 0.022916666666666665 0.03425925925925926
0 0.5447916666666667 0.15555555555555556 0.022916666666666665 0.03425925925925926
0 0.46770833333333334 0.15555555555555556 0.022916666666666665 0.03425925925925926
0 0.38958333333333334 0.15555555555555556 0.022916666666666665 0.03425925925925926
0 0.31145833333333334 0.15416666666666667 0.022916666666666665 0.03425925925925926
0 0.23229166666666667 0.15416666666666667 0.022916666666666665 0.03425925925925926
0 0.7083333333333334 0.23842592592592593 0.022916666666666665 0.03425925925925926
0 0.6302083333333334 0.23657407407407408 0.022916666666666665 0.03425925925925926
0 0.5510416666666667 0.23657407407407408 0.022916666666666665 0.03425925925925926
0 0.4708333333333333 0.23657407407407408 0.022916666666666665 0.03425925925925926
0 0.390625 0.23657407407407408 0.022916666666666665 0.03425925925925926
0 0.309375 0.23657407407407408 0.022916666666666665 0.03425925925925926
0 0.228125 0.23657407407407408 0.022916666666666665 0.03425925925925926
0 0.7208333333333333 0.32407407407407407 0.022916666666666665 0.03425925925925926
0 0.6395833333333333 0.32407407407407407 0.022916666666666665 0.03425925925925926
0 0.5572916666666666 0.32407407407407407 0.022916666666666665 0.03425925925925926
0 0.475 0.32407407407407407 0.022916666666666665 0.03425925925925926
0 0.39166666666666666 0.32407407407407407 0.022916666666666665 0.03425925925925926
0 0.3072916666666667 0.32407407407407407 0.022916666666666665 0.03425925925925926
0 0.221875 0.32407407407407407 0.022916666666666665 0.03425925925925926
0 0.734375 0.41574074074074074 0.022916666666666665 0.03425925925925926
0 0.65 0.41759259259259257 0.022916666666666665 0.03425925925925926
0 0.5645833333333333 0.41759259259259257 0.022916666666666665 0.03425925925925926
0 0.4791666666666667 0.41759259259259257 0.022916666666666665 0.03425925925925926
0 0.3927083333333333 0.41898148148148145 0.022916666666666665 0.03425925925925926
0 0.30520833333333336 0.41898148148148145 0.022916666666666665 0.03425925925925926
0 0.21666666666666667 0.4203703703703704 0.022916666666666665 0.03425925925925926
0 0.7489583333333333 0.5157407407407407 0.022916666666666665 0.03425925925925926
0 0.6614583333333334 0.5171296296296296 0.022916666666666665 0.03425925925925926
0 0.5729166666666666 0.5185185185185185 0.022916666666666665 0.03425925925925926
0 0.48333333333333334 0.5203703703703704 0.022916666666666665 0.03425925925925926
0 0.39375 0.5217592592592593 0.022916666666666665 0.03425925925925926
0 0.3020833333333333 0.5217592592592593 0.022916666666666665 0.03425925925925926
0 0.209375 0.5231481481481481 0.022916666666666665 0.03425925925925926
0 0.7645833333333333 0.624537037037037 0.022916666666666665 0.03425925925925926
0 0.6739583333333333 0.6263888888888889 0.022916666666666665 0.03425925925925926
0 0.58125 0.6277777777777778 0.022916666666666665 0.03425925925925926
0 0.48854166666666665 0.6310185185185185 0.022916666666666665 0.03425925925925926
0 0.39479166666666665 0.6324074074074074 0.022916666666666665 0.03425925925925926
0 0.2989583333333333 0.6337962962962963 0.022916666666666665 0.03425925925925926
0 0.203125 0.6356481481481482 0.022916666666666665 0.03425925925925926
0 0.7822916666666667 0.7430555555555556 0.022916666666666665 0.03425925925925926
0 0.6864583333333333 0.7462962962962963 0.022916666666666665 0.03425925925925926
0 0.590625 0.7476851851851852 0.022916666666666665 0.03425925925925926
0 0.49375 0.7509259259259259 0.022916666666666665 0.03425925925925926
0 0.3958333333333333 0.7537037037037037 0.022916666666666665 0.03425925925925926
0 0.29583333333333334 0.7555555555555555 0.022916666666666665 0.03425925925925926
0 0.19479166666666667 0.7587962962962963 0.022916666666666665 0.03425925925925926