0 0.22083333333333333 0.7050925925925926 0.029166666666666667 0.029166666666666667
0 0.30520833333333336 0.7041666666666667 0.029166666666666667 0.029166666666666667
0 0.390625 0.7041666666666667 0.029166666666666667 0.029166666666666667
0 0.475 0.7032407407407407 0.029166666666666667 0.029166666666666667
0 0.559375 0.7018518518518518 0.029166666666666667 0.029166666666666667
0 0.64375 0.7018518518518518 0.029166666666666667 0.029166666666666667
0 0.728125 0.700925925925926 0.029166666666666667 0.029166666666666667
0 0.23125 0.6208333333333333 0.029166666666666667 0.029166666666666667
0 0.3125 0.6199074074074075 0.029166666666666667 0.029166666666666667
0 0.3927083333333333 0.6199074074074075 0.029166666666666667 0.029166666666666667
0 0.4739583333333333 0.6185185185185185 0.029166666666666667 0.029166666666666667
0 0.5552083333333333 0.6175925925925926 0.029166666666666667 0.029166666666666667
0 0.6364583333333333 0.6175925925925926 0.029166666666666667 0.029166666666666667
0 0.7177083333333333 0.6166666666666667 0.029166666666666667 0.029166666666666667
0 0.23958333333333334 0.5425925925925926 0.029166666666666667 0.029166666666666667
0 0.3177083333333333 0.5416666666666666 0.029166666666666667 0.029166666666666667
0 0.3958333333333333 0.5416666666666666 0.029166666666666667 0.029166666666666667
0 0.4739583333333333 0.5407407407407407 0.029166666666666667 0.029166666666666667
0 0.5520833333333334 0.5398148148148149 0.029166666666666667 0.029166666666666667
0 0.6291666666666667 0.5398148148148149 0.029166666666666667 0.029166666666666667
0 0.7072916666666667 0.538425925925926 0.029166666666666667 0.029166666666666667
0 0.24895833333333334 0.4708333333333333 0.029166666666666667 0.029166666666666667
0 0.32395833333333335 0.4699074074074074 0.029166666666666667 0.029166666666666667
0 0.39895833333333336 0.4685185185185185 0.029166666666666667 0.029166666666666667
0 0.4739583333333333 0.4685185185185185 0.029166666666666667 0.029166666666666667
0 0.5479166666666667 0.4675925925925926 0.029166666666666667 0.029166666666666667
0 0.6229166666666667 0.4675925925925926 0.029166666666666667 0.029166666666666667
0 0.6979166666666666 0.4666666666666667 0.029166666666666667 0.029166666666666667
0 0.25625 0.40324074074074073 0.029166666666666667 0.029166666666666667
0 0.328125 0.40324074074074073 0.029166666666666667 0.029166666666666667
0 0.4010416666666667 0.40185185185185185 0.029166666666666667 0.029166666666666667
0 0.47291666666666665 0.40185185185185185 0.029166666666666667 0.029166666666666667
0 0.5458333333333333 0.4009259259259259 0.029166666666666667 0.029166666666666667
0 0.6177083333333333 0.4009259259259259 0.029166666666666667 0.029166666666666667
0 0.6895833333333333 0.4 0.029166666666666667 0.029166666666666667
0 0.2635416666666667 0.3416666666666667 0.029166666666666667 0.029166666666666667
0 0.3333333333333333 0.34074074074074073 0.029166666666666667 0.029166666666666667
0 0.403125 0.34074074074074073 0.029166666666666667 0.029166666666666667
0 0.47291666666666665 0.3398148148148148 0.029166666666666667 0.029166666666666667
0 0.5427083333333333 0.3384259259259259 0.029166666666666667 0.029166666666666667
0 0.6125 0.3384259259259259 0.029166666666666667 0.029166666666666667
0 0.6822916666666666 0.3375 0.029166666666666667 0.029166666666666667
0 0.2708333333333333 0.2833333333333333 0.029166666666666667 0.029166666666666667
0 0.3375 0.2824074074074074 0.029166666666666667 0.029166666666666667
0 0.40520833333333334 0.2824074074074074 0.029166666666666667 0.029166666666666667
0 0.47291666666666665 0.2814814814814815 0.029166666666666667 0.029166666666666667
0 0.5395833333333333 0.2814814814814815 0.029166666666666667 0.029166666666666667
0 0.6072916666666667 0.2800925925925926 0.029166666666666667 0.029166666666666667
0 0.6739583333333333 0.2800925925925926 0.029166666666666667 0.029166666666666667