0 0.678125 0.16666666666666666 0.025 0.03333333333333333
0 0.6104166666666667 0.16944444444444445 0.025 0.03333333333333333
0 0.5427083333333333 0.17222222222222222 0.025 0.03333333333333333
0 0.4739583333333333 0.1763888888888889 0.025 0.03333333333333333
0 0.40625 0.17916666666666667 0.025 0.03333333333333333
0 0.3375 0.18194444444444444 0.025 0.03333333333333333
0 0.26979166666666665 0.18611111111111112 0.025 0.03333333333333333
0 0.6895833333333333 0.23194444444444445 0.025 0.03333333333333333
0 0.61875 0.23472222222222222 0.025 0.03333333333333333
0 0.546875 0.2388888888888889 0.025 0.03333333333333333
0 0.47604166666666664 0.24166666666666667 0.025 0.03333333333333333
0 0.40520833333333334 0.24583333333333332 0.025 0.03333333333333333
0 0.3333333333333333 0.24861111111111112 0.025 0.03333333333333333
0 0.26145833333333335 0.25277777777777777 0.025 0.03333333333333333
0 0.7020833333333333 0.30277777777777776 0.025 0.03333333333333333
0 0.6270833333333333 0.30694444444444446 0.025 0.03333333333333333
0 0.553125 0.3111111111111111 0.025 0.03333333333333333
0 0.478125 0.3138888888888889 0.025 0.03333333333333333
0 0.403125 0.31805555555555554 0.025 0.03333333333333333
0 0.328125 0.32222222222222224 0.025 0.03333333333333333
0 0.2520833333333333 0.325 0.025 0.03333333333333333
0 0.715625 0.3819444444444444 0.025 0.03333333333333333
0 0.6375 0.3861111111111111 0.025 0.03333333333333333
0 0.5583333333333333 0.3902777777777778 0.025 0.03333333333333333
0 0.48020833333333335 0.39444444444444443 0.025 0.03333333333333333
0 0.4010416666666667 0.39861111111111114 0.025 0.03333333333333333
0 0.321875 0.4027777777777778 0.025 0.03333333333333333
0 0.24270833333333333 0.40694444444444444 0.025 0.03333333333333333
0 0.73125 0.4708333333333333 0.025 0.03333333333333333
0 0.6479166666666667 0.475 0.025 0.03333333333333333
0 0.565625 0.4791666666666667 0.025 0.03333333333333333
0 0.4822916666666667 0.48333333333333334 0.025 0.03333333333333333
0 0.39895833333333336 0.4875 0.025 0.03333333333333333
0 0.315625 0.49166666666666664 0.025 0.03333333333333333
0 0.23125 0.49722222222222223 0.025 0.03333333333333333
0 0.7479166666666667 0.5680555555555555 0.025 0.03333333333333333
0 0.6604166666666667 0.5736111111111111 0.025 0.03333333333333333
0 0.5729166666666666 0.5777777777777777 0.025 0.03333333333333333
0 0.48541666666666666 0.5833333333333334 0.025 0.03333333333333333
0 0.396875 0.5875 0.025 0.03333333333333333
0 0.30833333333333335 0.5930555555555556 0.025 0.03333333333333333
0 0.21875 0.5972222222222222 0.025 0.03333333333333333
0 0.7677083333333333 0.6791666666666667 0.025 0.03333333333333333
0 0.675 0.6847222222222222 0.025 0.03333333333333333
0 0.58125 0.6902777777777778 0.025 0.03333333333333333
0 0.4875 0.6944444444444444 0.025 0.03333333333333333
0 0.39375 0.7 0.025 0.03333333333333333
0 0.3 0.7055555555555556 0.025 0.03333333333333333
0 0.20520833333333333 0.7111111111111111 0.025 0.03333333333333333