0 0.7083333333333334 0.18611111111111112 0.025 0.03333333333333333
0 0.640625 0.18611111111111112 0.025 0.03333333333333333
0 0.5739583333333333 0.1875 0.025 0.03333333333333333
0 0.50625 0.1875 0.025 0.03333333333333333
0 0.43854166666666666 0.18888888888888888 0.025 0.03333333333333333
0 0.37083333333333335 0.18888888888888888 0.025 0.03333333333333333
0 0.3020833333333333 0.19027777777777777 0.025 0.03333333333333333
0 0.71875 0.24861111111111112 0.025 0.03333333333333333
0 0.6489583333333333 0.25 0.025 0.03333333333333333
0 0.578125 0.25 0.025 0.03333333333333333
0 0.5083333333333333 0.2513888888888889 0.025 0.03333333333333333
0 0.43645833333333334 0.25277777777777777 0.025 0.03333333333333333
0 0.365625 0.25277777777777777 0.025 0.03333333333333333
0 0.29375 0.25416666666666665 0.025 0.03333333333333333
0 0.73125 0.31805555555555554 0.025 0.03333333333333333
0 0.6572916666666667 0.3194444444444444 0.025 0.03333333333333333
0 0.5833333333333334 0.32083333333333336 0.025 0.03333333333333333
0 0.509375 0.32083333333333336 0.025 0.03333333333333333
0 0.4354166666666667 0.32222222222222224 0.025 0.03333333333333333
0 0.36041666666666666 0.3236111111111111 0.025 0.03333333333333333
0 0.28541666666666665 0.3236111111111111 0.025 0.03333333333333333
0 0.7447916666666666 0.39444444444444443 0.025 0.03333333333333333
0 0.6666666666666666 0.3958333333333333 0.025 0.03333333333333333
0 0.5895833333333333 0.3972222222222222 0.025 0.03333333333333333
0 0.5114583333333333 0.39861111111111114 0.025 0.03333333333333333
0 0.43333333333333335 0.39861111111111114 0.025 0.03333333333333333
0 0.35520833333333335 0.4 0.025 0.03333333333333333
0 0.2760416666666667 0.4013888888888889 0.025 0.03333333333333333
0 0.759375 0.4791666666666667 0.025 0.03333333333333333
0 0.678125 0.48055555555555557 0.025 0.03333333333333333
0 0.5958333333333333 0.48194444444444445 0.025 0.03333333333333333
0 0.5135416666666667 0.48333333333333334 0.025 0.03333333333333333
0 0.43125 0.4847222222222222 0.025 0.03333333333333333
0 0.34791666666666665 0.4861111111111111 0.025 0.03333333333333333
0 0.26458333333333334 0.4875 0.025 0.03333333333333333
0 0.7760416666666666 0.5736111111111111 0.025 0.03333333333333333
0 0.6895833333333333 0.575 0.025 0.03333333333333333
0 0.603125 0.5763888888888888 0.025 0.03333333333333333
0 0.5166666666666667 0.5791666666666667 0.025 0.03333333333333333
0 0.42916666666666664 0.5805555555555556 0.025 0.03333333333333333
0 0.3416666666666667 0.5819444444444445 0.025 0.03333333333333333
0 0.253125 0.5833333333333334 0.025 0.03333333333333333
0 0.79375 0.6791666666666667 0.025 0.03333333333333333
0 0.703125 0.6819444444444445 0.025 0.03333333333333333
0 0.6114583333333333 0.6833333333333333 0.025 0.03333333333333333
0 0.51875 0.6861111111111111 0.025 0.03333333333333333
0 0.42604166666666665 0.6875 0.025 0.03333333333333333
0 0.3333333333333333 0.6902777777777778 0.025 0.03333333333333333
0 0.23958333333333334 0.6916666666666667 0.025 0.03333333333333333