0 0.25104166666666666 0.2 0.035416666666666666 0.03518518518518519
0 0.32916666666666666 0.2 0.035416666666666666 0.03518518518518519
0 0.40729166666666666 0.2 0.035416666666666666 0.03518518518518519
0 0.48541666666666666 0.19907407407407407 0.035416666666666666 0.03518518518518519
0 0.5635416666666667 0.19907407407407407 0.035416666666666666 0.03518518518518519
0 0.6427083333333333 0.19814814814814816 0.035416666666666666 0.03518518518518519
0 0.721875 0.19814814814814816 0.035416666666666666 0.03518518518518519
0 0.24166666666666667 0.2550925925925926 0.035416666666666666 0.03518518518518519
0 0.3229166666666667 0.2550925925925926 0.035416666666666666 0.03518518518518519
0 0.4041666666666667 0.2550925925925926 0.035416666666666666 0.03518518518518519
0 0.48541666666666666 0.25416666666666665 0.035416666666666666 0.03518518518518519
0 0.5677083333333334 0.25416666666666665 0.035416666666666666 0.03518518518518519
0 0.65 0.25416666666666665 0.035416666666666666 0.03518518518518519
0 0.7322916666666667 0.25324074074074077 0.035416666666666666 0.03518518518518519
0 0.23229166666666667 0.31574074074074077 0.035416666666666666 0.03518518518518519
0 0.31666666666666665 0.3148148148148148 0.035416666666666666 0.03518518518518519
0 0.4010416666666667 0.3148148148148148 0.035416666666666666 0.03518518518518519
0 0.4864583333333333 0.3148148148148148 0.035416666666666666 0.03518518518518519
0 0.571875 0.3148148148148148 0.035416666666666666 0.03518518518518519
0 0.6572916666666667 0.31342592592592594 0.035416666666666666 0.03518518518518519
0 0.74375 0.31342592592592594 0.035416666666666666 0.03518518518518519
0 0.22083333333333333 0.3800925925925926 0.035416666666666666 0.03518518518518519
0 0.309375 0.3800925925925926 0.035416666666666666 0.03518518518518519
0 0.39791666666666664 0.3800925925925926 0.035416666666666666 0.03518518518518519
0 0.4875 0.3800925925925926 0.035416666666666666 0.03518518518518519
0 0.5760416666666667 0.37916666666666665 0.035416666666666666 0.03518518518518519
0 0.665625 0.37916666666666665 0.035416666666666666 0.03518518518518519
0 0.75625 0.37916666666666665 0.035416666666666666 0.03518518518518519
0 0.209375 0.45185185185185184 0.035416666666666666 0.03518518518518519
0 0.3020833333333333 0.45185185185185184 0.035416666666666666 0.03518518518518519
0 0.39479166666666665 0.45092592592592595 0.035416666666666666 0.03518518518518519
0 0.4875 0.45092592592592595 0.035416666666666666 0.03518518518518519
0 0.58125 0.45092592592592595 0.035416666666666666 0.03518518518518519
0 0.675 0.45092592592592595 0.035416666666666666 0.03518518518518519
0 0.76875 0.45092592592592595 0.035416666666666666 0.03518518518518519
0 0.196875 0.5300925925925926 0.035416666666666666 0.03518518518518519
0 0.29375 0.5300925925925926 0.035416666666666666 0.03518518518518519
0 0.390625 0.5300925925925926 0.035416666666666666 0.03518518518518519
0 0.48854166666666665 0.5300925925925926 0.035416666666666666 0.03518518518518519
0 0.5864583333333333 0.5300925925925926 0.035416666666666666 0.03518518518518519
0 0.6854166666666667 0.5300925925925926 0.035416666666666666 0.03518518518518519
0 0.784375 0.5300925925925926 0.035416666666666666 0.03518518518518519
0 0.18229166666666666 0.6166666666666667 0.035416666666666666 0.03518518518518519
0 0.284375 0.6166666666666667 0.035416666666666666 0.03518518518518519
0 0.38645833333333335 0.6166666666666667 0.035416666666666666 0.03518518518518519
0 0.4895833333333333 0.6166666666666667 0.035416666666666666 0.03518518518518519
0 0.5927083333333333 0.6175925925925926 0.035416666666666666 0.03518518518518519
0 0.696875 0.6175925925925926 0.035416666666666666 0.03518518518518519
0 0.8 0.6175925925925926 0.035416666666666666 0.03518518518518519