0 0.721875 0.22592592592592592 0.03333333333333333 0.03333333333333333
0 0.646875 0.22592592592592592 0.03333333333333333 0.03333333333333333
0 0.571875 0.22592592592592592 0.03333333333333333 0.03333333333333333
0 0.49583333333333335 0.22592592592592592 0.03333333333333333 0.03333333333333333
0 0.42083333333333334 0.22592592592592592 0.03333333333333333 0.03333333333333333
0 0.3458333333333333 0.22592592592592592 0.03333333333333333 0.03333333333333333
0 0.2708333333333333 0.22592592592592592 0.03333333333333333 0.03333333333333333
0 0.73125 0.2884259259259259 0.03333333333333333 0.03333333333333333
0 0.653125 0.2884259259259259 0.03333333333333333 0.03333333333333333
0 0.575 0.2884259259259259 0.03333333333333333 0.03333333333333333
0 0.496875 0.2884259259259259 0.03333333333333333 0.03333333333333333
0 0.41875 0.2884259259259259 0.03333333333333333 0.03333333333333333
0 0.340625 0.2884259259259259 0.03333333333333333 0.03333333333333333
0 0.2625 0.2884259259259259 0.03333333333333333 0.03333333333333333
0 0.740625 0.35648148148148145 0.03333333333333333 0.03333333333333333
0 0.659375 0.35648148148148145 0.03333333333333333 0.03333333333333333
0 0.578125 0.35648148148148145 0.03333333333333333 0.03333333333333333
0 0.496875 0.35648148148148145 0.03333333333333333 0.03333333333333333
0 0.415625 0.35648148148148145 0.03333333333333333 0.03333333333333333
0 0.334375 0.35648148148148145 0.03333333333333333 0.03333333333333333
0 0.253125 0.35648148148148145 0.03333333333333333 0.03333333333333333
0 0.7510416666666667 0.42916666666666664 0.03333333333333333 0.03333333333333333
0 0.6666666666666666 0.42916666666666664 0.03333333333333333 0.03333333333333333
0 0.5822916666666667 0.42916666666666664 0.03333333333333333 0.03333333333333333
0 0.496875 0.42916666666666664 0.03333333333333333 0.03333333333333333
0 0.4125 0.42916666666666664 0.03333333333333333 0.03333333333333333
0 0.328125 0.42916666666666664 0.03333333333333333 0.03333333333333333
0 0.24375 0.42916666666666664 0.03333333333333333 0.03333333333333333
0 0.7625 0.5083333333333333 0.03333333333333333 0.03333333333333333
0 0.6739583333333333 0.5083333333333333 0.03333333333333333 0.03333333333333333
0 0.5854166666666667 0.5083333333333333 0.03333333333333333 0.03333333333333333
0 0.4979166666666667 0.5083333333333333 0.03333333333333333 0.03333333333333333
0 0.409375 0.5083333333333333 0.03333333333333333 0.03333333333333333
0 0.32083333333333336 0.5083333333333333 0.03333333333333333 0.03333333333333333
0 0.23333333333333334 0.5083333333333333 0.03333333333333333 0.03333333333333333
0 0.775 0.5958333333333333 0.03333333333333333 0.03333333333333333
0 0.6822916666666666 0.5958333333333333 0.03333333333333333 0.03333333333333333
0 0.590625 0.5958333333333333 0.03333333333333333 0.03333333333333333
0 0.4979166666666667 0.5958333333333333 0.03333333333333333 0.03333333333333333
0 0.40625 0.5958333333333333 0.03333333333333333 0.03333333333333333
0 0.31354166666666666 0.5958333333333333 0.03333333333333333 0.03333333333333333
0 0.221875 0.5958333333333333 0.03333333333333333 0.03333333333333333
0 0.7885416666666667 0.6907407407407408 0.03333333333333333 0.03333333333333333
0 0.6916666666666667 0.6907407407407408 0.03333333333333333 0.03333333333333333
0 0.5947916666666667 0.6907407407407408 0.03333333333333333 0.03333333333333333
0 0.49895833333333334 0.6907407407407408 0.03333333333333333 0.03333333333333333
0 0.40208333333333335 0.6907407407407408 0.03333333333333333 0.03333333333333333
0 0.30520833333333336 0.6907407407407408 0.03333333333333333 0.03333333333333333
0 0.209375 0.6907407407407408 0.03333333333333333 0.03333333333333333