0 0.7302083333333333 0.14675925925925926 0.020833333333333332 0.03518518518518519
0 0.6583333333333333 0.14675925925925926 0.020833333333333332 0.03518518518518519
0 0.5864583333333333 0.1486111111111111 0.020833333333333332 0.03518518518518519
0 0.5145833333333333 0.1486111111111111 0.020833333333333332 0.03518518518518519
0 0.4427083333333333 0.15046296296296297 0.020833333333333332 0.03518518518518519
0 0.371875 0.15046296296296297 0.020833333333333332 0.03518518518518519
0 0.30104166666666665 0.15231481481481482 0.020833333333333332 0.03518518518518519
0 0.7385416666666667 0.22546296296296298 0.020833333333333332 0.03518518518518519
0 0.6635416666666667 0.2273148148148148 0.020833333333333332 0.03518518518518519
0 0.5885416666666666 0.2273148148148148 0.020833333333333332 0.03518518518518519
0 0.5145833333333333 0.2273148148148148 0.020833333333333332 0.03518518518518519
0 0.4395833333333333 0.22916666666666666 0.020833333333333332 0.03518518518518519
0 0.36666666666666664 0.22916666666666666 0.020833333333333332 0.03518518518518519
0 0.29270833333333335 0.23055555555555557 0.020833333333333332 0.03518518518518519
0 0.7479166666666667 0.3111111111111111 0.020833333333333332 0.03518518518518519
0 0.6697916666666667 0.31296296296296294 0.020833333333333332 0.03518518518518519
0 0.5916666666666667 0.31296296296296294 0.020833333333333332 0.03518518518518519
0 0.5135416666666667 0.31296296296296294 0.020833333333333332 0.03518518518518519
0 0.43645833333333334 0.3148148148148148 0.020833333333333332 0.03518518518518519
0 0.359375 0.3148148148148148 0.020833333333333332 0.03518518518518519
0 0.2833333333333333 0.3148148148148148 0.020833333333333332 0.03518518518518519
0 0.7583333333333333 0.40555555555555556 0.020833333333333332 0.03518518518518519
0 0.6760416666666667 0.40555555555555556 0.020833333333333332 0.03518518518518519
0 0.5947916666666667 0.4074074074074074 0.020833333333333332 0.03518518518518519
0 0.5135416666666667 0.4074074074074074 0.020833333333333332 0.03518518518518519
0 0.43333333333333335 0.4074074074074074 0.020833333333333332 0.03518518518518519
0 0.353125 0.4074074074074074 0.020833333333333332 0.03518518518518519
0 0.27291666666666664 0.40925925925925927 0.020833333333333332 0.03518518518518519
0 0.7697916666666667 0.5087962962962963 0.020833333333333332 0.03518518518518519
0 0.6833333333333333 0.5087962962962963 0.020833333333333332 0.03518518518518519
0 0.5979166666666667 0.5087962962962963 0.020833333333333332 0.03518518518518519
0 0.5135416666666667 0.5087962962962963 0.020833333333333332 0.03518518518518519
0 0.42916666666666664 0.5087962962962963 0.020833333333333332 0.03518518518518519
0 0.34479166666666666 0.5087962962962963 0.020833333333333332 0.03518518518518519
0 0.26145833333333335 0.5087962962962963 0.020833333333333332 0.03518518518518519
0 0.78125 0.6222222222222222 0.020833333333333332 0.03518518518518519
0 0.6916666666666667 0.6208333333333333 0.020833333333333332 0.03518518518518519
0 0.6020833333333333 0.6208333333333333 0.020833333333333332 0.03518518518518519
0 0.5135416666666667 0.6208333333333333 0.020833333333333332 0.03518518518518519
0 0.425 0.6208333333333333 0.020833333333333332 0.03518518518518519
0 0.33645833333333336 0.6208333333333333 0.020833333333333332 0.03518518518518519
0 0.24895833333333334 0.6208333333333333 0.020833333333333332 0.03518518518518519
0 0.7947916666666667 0.7462962962962963 0.020833333333333332 0.03518518518518519
0 0.7 0.7449074074074075 0.020833333333333332 0.03518518518518519
0 0.60625 0.7449074074074075 0.020833333333333332 0.03518518518518519
0 0.5125 0.7449074074074075 0.020833333333333332 0.03518518518518519
0 0.4197916666666667 0.7430555555555556 0.020833333333333332 0.03518518518518519
0 0.32708333333333334 0.7430555555555556 0.020833333333333332 0.03518518518518519
0 0.23541666666666666 0.7430555555555556 0.020833333333333332 0.03518518518518519