0 0.70625 0.16527777777777777 0.022916666666666665 0.03425925925925926
0 0.63125 0.16342592592592592 0.022916666666666665 0.03425925925925926
0 0.5541666666666667 0.16342592592592592 0.022916666666666665 0.03425925925925926
0 0.478125 0.16203703703703703 0.022916666666666665 0.03425925925925926
0 0.4 0.16203703703703703 0.022916666666666665 0.03425925925925926
0 0.3229166666666667 0.16064814814814815 0.022916666666666665 0.03425925925925926
0 0.24375 0.16064814814814815 0.022916666666666665 0.03425925925925926
0 0.71875 0.24444444444444444 0.022916666666666665 0.03425925925925926
0 0.6395833333333333 0.24444444444444444 0.022916666666666665 0.03425925925925926
0 0.5604166666666667 0.24305555555555555 0.022916666666666665 0.03425925925925926
0 0.48125 0.24305555555555555 0.022916666666666665 0.03425925925925926
0 0.4010416666666667 0.24305555555555555 0.022916666666666665 0.03425925925925926
0 0.31979166666666664 0.24305555555555555 0.022916666666666665 0.03425925925925926
0 0.23854166666666668 0.2412037037037037 0.022916666666666665 0.03425925925925926
0 0.7302083333333333 0.3300925925925926 0.022916666666666665 0.03425925925925926
0 0.6489583333333333 0.3300925925925926 0.022916666666666665 0.03425925925925926
0 0.5666666666666667 0.3300925925925926 0.022916666666666665 0.03425925925925926
0 0.484375 0.3300925925925926 0.022916666666666665 0.03425925925925926
0 0.4010416666666667 0.3300925925925926 0.022916666666666665 0.03425925925925926
0 0.31666666666666665 0.3300925925925926 0.022916666666666665 0.03425925925925926
0 0.23229166666666667 0.3300925925925926 0.022916666666666665 0.03425925925925926
0 0.74375 0.4236111111111111 0.022916666666666665 0.03425925925925926
0 0.659375 0.4236111111111111 0.022916666666666665 0.03425925925925926
0 0.5739583333333333 0.4236111111111111 0.022916666666666665 0.03425925925925926
0 0.4875 0.4236111111111111 0.022916666666666665 0.03425925925925926
0 0.4010416666666667 0.4236111111111111 0.022916666666666665 0.03425925925925926
0 0.31354166666666666 0.4236111111111111 0.022916666666666665 0.03425925925925926
0 0.22604166666666667 0.4236111111111111 0.022916666666666665 0.03425925925925926
0 0.7583333333333333 0.5231481481481481 0.022916666666666665 0.03425925925925926
0 0.6708333333333333 0.525 0.022916666666666665 0.03425925925925926
0 0.58125 0.525 0.022916666666666665 0.03425925925925926
0 0.49166666666666664 0.525 0.022916666666666665 0.03425925925925926
0 0.40208333333333335 0.5263888888888889 0.022916666666666665 0.03425925925925926
0 0.3104166666666667 0.5263888888888889 0.022916666666666665 0.03425925925925926
0 0.21875 0.5263888888888889 0.022916666666666665 0.03425925925925926
0 0.7739583333333333 0.6324074074074074 0.022916666666666665 0.03425925925925926
0 0.6822916666666666 0.6337962962962963 0.022916666666666665 0.03425925925925926
0 0.5895833333333333 0.6356481481481482 0.022916666666666665 0.03425925925925926
0 0.49583333333333335 0.6356481481481482 0.022916666666666665 0.03425925925925926
0 0.40208333333333335 0.6370370370370371 0.022916666666666665 0.03425925925925926
0 0.3072916666666667 0.6370370370370371 0.022916666666666665 0.03425925925925926
0 0.21145833333333333 0.638425925925926 0.022916666666666665 0.03425925925925926
0 0.7916666666666666 0.7523148148148148 0.022916666666666665 0.03425925925925926
0 0.6958333333333333 0.7537037037037037 0.022916666666666665 0.03425925925925926
0 0.5989583333333334 0.7555555555555555 0.022916666666666665 0.03425925925925926
0 0.5010416666666667 0.7569444444444444 0.022916666666666665 0.03425925925925926
0 0.40208333333333335 0.7587962962962963 0.022916666666666665 0.03425925925925926
0 0.303125 0.7587962962962963 0.022916666666666665 0.03425925925925926
0 0.203125 0.7601851851851852 0.022916666666666665 0.03425925925925926