0 0.7239583333333334 0.1310185185185185 0.022916666666666665 0.03425925925925926
0 0.6489583333333333 0.12638888888888888 0.022916666666666665 0.03425925925925926
0 0.5739583333333333 0.12314814814814815 0.022916666666666665 0.03425925925925926
0 0.4979166666666667 0.11851851851851852 0.022916666666666665 0.03425925925925926
0 0.421875 0.11527777777777778 0.022916666666666665 0.03425925925925926
0 0.3458333333333333 0.11064814814814815 0.022916666666666665 0.03425925925925926
0 0.26875 0.10601851851851851 0.022916666666666665 0.03425925925925926
0 0.7333333333333333 0.20879629629629629 0.022916666666666665 0.03425925925925926
0 0.6552083333333333 0.20555555555555555 0.022916666666666665 0.03425925925925926
0 0.578125 0.20092592592592592 0.022916666666666665 0.03425925925925926
0 0.49895833333333334 0.1962962962962963 0.022916666666666665 0.03425925925925926
0 0.42083333333333334 0.19305555555555556 0.022916666666666665 0.03425925925925926
0 0.3416666666666667 0.1884259259259259 0.022916666666666665 0.03425925925925926
0 0.26145833333333335 0.18518518518518517 0.022916666666666665 0.03425925925925926
0 0.7427083333333333 0.29305555555555557 0.022916666666666665 0.03425925925925926
0 0.6625 0.287962962962963 0.022916666666666665 0.03425925925925926
0 0.5822916666666667 0.2851851851851852 0.022916666666666665 0.03425925925925926
0 0.5010416666666667 0.28055555555555556 0.022916666666666665 0.03425925925925926
0 0.41875 0.2773148148148148 0.022916666666666665 0.03425925925925926
0 0.33645833333333336 0.2726851851851852 0.022916666666666665 0.03425925925925926
0 0.25416666666666665 0.26944444444444443 0.022916666666666665 0.03425925925925926
0 0.7541666666666667 0.38333333333333336 0.022916666666666665 0.03425925925925926
0 0.6708333333333333 0.3787037037037037 0.022916666666666665 0.03425925925925926
0 0.5864583333333333 0.37546296296296294 0.022916666666666665 0.03425925925925926
0 0.5020833333333333 0.37222222222222223 0.022916666666666665 0.03425925925925926
0 0.41770833333333335 0.3675925925925926 0.022916666666666665 0.03425925925925926
0 0.33125 0.36435185185185187 0.022916666666666665 0.03425925925925926
0 0.24583333333333332 0.3597222222222222 0.022916666666666665 0.03425925925925926
0 0.765625 0.47962962962962963 0.022916666666666665 0.03425925925925926
0 0.6791666666666667 0.47685185185185186 0.022916666666666665 0.03425925925925926
0 0.5916666666666667 0.4736111111111111 0.022916666666666665 0.03425925925925926
0 0.5041666666666667 0.4703703703703704 0.022916666666666665 0.03425925925925926
0 0.415625 0.46574074074074073 0.022916666666666665 0.03425925925925926
0 0.3260416666666667 0.4625 0.022916666666666665 0.03425925925925926
0 0.23645833333333333 0.4597222222222222 0.022916666666666665 0.03425925925925926
0 0.778125 0.5856481481481481 0.022916666666666665 0.03425925925925926
0 0.6885416666666667 0.5824074074074074 0.022916666666666665 0.03425925925925926
0 0.596875 0.5796296296296296 0.022916666666666665 0.03425925925925926
0 0.5052083333333334 0.5763888888888888 0.022916666666666665 0.03425925925925926
0 0.41354166666666664 0.5731481481481482 0.022916666666666665 0.03425925925925926
0 0.32083333333333336 0.5699074074074074 0.022916666666666665 0.03425925925925926
0 0.22708333333333333 0.5652777777777778 0.022916666666666665 0.03425925925925926
0 0.7927083333333333 0.700925925925926 0.022916666666666665 0.03425925925925926
0 0.6979166666666666 0.6976851851851852 0.022916666666666665 0.03425925925925926
0 0.603125 0.6949074074074074 0.022916666666666665 0.03425925925925926
0 0.5072916666666667 0.6916666666666667 0.022916666666666665 0.03425925925925926
0 0.4114583333333333 0.6884259259259259 0.022916666666666665 0.03425925925925926
0 0.31354166666666666 0.6851851851851852 0.022916666666666665 0.03425925925925926
0 0.215625 0.6824074074074075 0.022916666666666665 0.03425925925925926