0 0.25833333333333336 0.20324074074074075 0.035416666666666666 0.03518518518518519
0 0.33541666666666664 0.20416666666666666 0.035416666666666666 0.03518518518518519
0 0.4114583333333333 0.2050925925925926 0.035416666666666666 0.03518518518518519
0 0.4875 0.2074074074074074 0.035416666666666666 0.03518518518518519
0 0.5645833333333333 0.20833333333333334 0.035416666666666666 0.03518518518518519
0 0.640625 0.20925925925925926 0.035416666666666666 0.03518518518518519
0 0.7166666666666667 0.2101851851851852 0.035416666666666666 0.03518518518518519
0 0.246875 0.2574074074074074 0.035416666666666666 0.03518518518518519
0 0.3260416666666667 0.25833333333333336 0.035416666666666666 0.03518518518518519
0 0.40520833333333334 0.25925925925925924 0.035416666666666666 0.03518518518518519
0 0.484375 0.2601851851851852 0.035416666666666666 0.03518518518518519
0 0.5645833333333333 0.2625 0.035416666666666666 0.03518518518518519
0 0.64375 0.26342592592592595 0.035416666666666666 0.03518518518518519
0 0.7229166666666667 0.26481481481481484 0.035416666666666666 0.03518518518518519
0 0.23333333333333334 0.31574074074074077 0.035416666666666666 0.03518518518518519
0 0.315625 0.31666666666666665 0.035416666666666666 0.03518518518518519
0 0.39895833333333336 0.3175925925925926 0.035416666666666666 0.03518518518518519
0 0.48125 0.3199074074074074 0.035416666666666666 0.03518518518518519
0 0.5645833333333333 0.32083333333333336 0.035416666666666666 0.03518518518518519
0 0.646875 0.32175925925925924 0.035416666666666666 0.03518518518518519
0 0.7302083333333333 0.32407407407407407 0.035416666666666666 0.03518518518518519
0 0.21875 0.37916666666666665 0.035416666666666666 0.03518518518518519
0 0.30520833333333336 0.3800925925925926 0.035416666666666666 0.03518518518518519
0 0.39166666666666666 0.3814814814814815 0.035416666666666666 0.03518518518518519
0 0.478125 0.38333333333333336 0.035416666666666666 0.03518518518518519
0 0.5645833333333333 0.38425925925925924 0.035416666666666666 0.03518518518518519
0 0.6510416666666666 0.3851851851851852 0.035416666666666666 0.03518518518518519
0 0.7375 0.3875 0.035416666666666666 0.03518518518518519
0 0.203125 0.44814814814814813 0.035416666666666666 0.03518518518518519
0 0.29375 0.45 0.035416666666666666 0.03518518518518519
0 0.384375 0.45092592592592595 0.035416666666666666 0.03518518518518519
0 0.4739583333333333 0.45185185185185184 0.035416666666666666 0.03518518518518519
0 0.5645833333333333 0.45416666666666666 0.035416666666666666 0.03518518518518519
0 0.6552083333333333 0.4550925925925926 0.035416666666666666 0.03518518518518519
0 0.7447916666666666 0.45740740740740743 0.035416666666666666 0.03518518518518519
0 0.18645833333333334 0.524074074074074 0.035416666666666666 0.03518518518518519
0 0.28125 0.5259259259259259 0.035416666666666666 0.03518518518518519
0 0.37604166666666666 0.5268518518518519 0.035416666666666666 0.03518518518518519
0 0.46979166666666666 0.5282407407407408 0.035416666666666666 0.03518518518518519
0 0.5645833333333333 0.5300925925925926 0.035416666666666666 0.03518518518518519
0 0.659375 0.5314814814814814 0.035416666666666666 0.03518518518518519
0 0.7541666666666667 0.5333333333333333 0.035416666666666666 0.03518518518518519
0 0.16770833333333332 0.6074074074074074 0.035416666666666666 0.03518518518518519
0 0.26666666666666666 0.6092592592592593 0.035416666666666666 0.03518518518518519
0 0.36666666666666664 0.6101851851851852 0.035416666666666666 0.03518518518518519
0 0.465625 0.6125 0.035416666666666666 0.03518518518518519
0 0.5645833333333333 0.6134259259259259 0.035416666666666666 0.03518518518518519
0 0.6645833333333333 0.6157407407407407 0.035416666666666666 0.03518518518518519
0 0.7635416666666667 0.6166666666666667 0.035416666666666666 0.03518518518518519