0 0.2791666666666667 0.6759259259259259 0.029166666666666667 0.029166666666666667
0 0.3645833333333333 0.6759259259259259 0.029166666666666667 0.029166666666666667
0 0.4479166666666667 0.6768518518518518 0.029166666666666667 0.029166666666666667
0 0.5302083333333333 0.6768518518518518 0.029166666666666667 0.029166666666666667
0 0.6114583333333333 0.6782407407407407 0.029166666666666667 0.029166666666666667
0 0.690625 0.6791666666666667 0.029166666666666667 0.029166666666666667
0 0.7697916666666667 0.6791666666666667 0.029166666666666667 0.029166666666666667
0 0.28541666666666665 0.5907407407407408 0.029166666666666667 0.029166666666666667
0 0.36770833333333336 0.5916666666666667 0.029166666666666667 0.029166666666666667
0 0.4479166666666667 0.5925925925925926 0.029166666666666667 0.029166666666666667
0 0.528125 0.5949074074074074 0.029166666666666667 0.029166666666666667
0 0.60625 0.5958333333333333 0.029166666666666667 0.029166666666666667
0 0.6833333333333333 0.5967592592592592 0.029166666666666667 0.029166666666666667
0 0.7604166666666666 0.5981481481481481 0.029166666666666667 0.029166666666666667
0 0.290625 0.5115740740740741 0.029166666666666667 0.029166666666666667
0 0.37083333333333335 0.5125 0.029166666666666667 0.029166666666666667
0 0.44895833333333335 0.5148148148148148 0.029166666666666667 0.029166666666666667
0 0.5260416666666666 0.5166666666666667 0.029166666666666667 0.029166666666666667
0 0.6020833333333333 0.5185185185185185 0.029166666666666667 0.029166666666666667
0 0.6770833333333334 0.5199074074074074 0.029166666666666667 0.029166666666666667
0 0.7510416666666667 0.5217592592592593 0.029166666666666667 0.029166666666666667
0 0.296875 0.43657407407407406 0.029166666666666667 0.029166666666666667
0 0.3729166666666667 0.43842592592592594 0.029166666666666667 0.029166666666666667
0 0.44895833333333335 0.44074074074074077 0.029166666666666667 0.029166666666666667
0 0.5239583333333333 0.44351851851851853 0.029166666666666667 0.029166666666666667
0 0.5979166666666667 0.44583333333333336 0.029166666666666667 0.029166666666666667
0 0.6708333333333333 0.44814814814814813 0.029166666666666667 0.029166666666666667
0 0.7427083333333333 0.45 0.029166666666666667 0.029166666666666667
0 0.30104166666666665 0.36666666666666664 0.029166666666666667 0.029166666666666667
0 0.37604166666666666 0.3685185185185185 0.029166666666666667 0.029166666666666667
0 0.45 0.37175925925925923 0.029166666666666667 0.029166666666666667
0 0.521875 0.37407407407407406 0.029166666666666667 0.029166666666666667
0 0.59375 0.3768518518518518 0.029166666666666667 0.029166666666666667
0 0.6645833333333333 0.37916666666666665 0.029166666666666667 0.029166666666666667
0 0.734375 0.3824074074074074 0.029166666666666667 0.029166666666666667
0 0.30625 0.3 0.029166666666666667 0.029166666666666667
0 0.378125 0.30324074074074076 0.029166666666666667 0.029166666666666667
0 0.45 0.30648148148148147 0.029166666666666667 0.029166666666666667
0 0.5208333333333334 0.30925925925925923 0.029166666666666667 0.029166666666666667
0 0.590625 0.3125 0.029166666666666667 0.029166666666666667
0 0.659375 0.31574074074074077 0.029166666666666667 0.029166666666666667
0 0.7270833333333333 0.3175925925925926 0.029166666666666667 0.029166666666666667
0 0.3104166666666667 0.23842592592592593 0.029166666666666667 0.029166666666666667
0 0.38125 0.24166666666666667 0.029166666666666667 0.029166666666666667
0 0.45 0.2449074074074074 0.029166666666666667 0.029166666666666667
0 0.51875 0.24814814814814815 0.029166666666666667 0.029166666666666667
0 0.5864583333333333 0.25092592592592594 0.029166666666666667 0.029166666666666667
0 0.653125 0.25416666666666665 0.029166666666666667 0.029166666666666667
0 0.7197916666666667 0.2574074074074074 0.029166666666666667 0.029166666666666667