0 0.3375 0.3861111111111111 0.01875 0.025
0 0.33229166666666665 0.4444444444444444 0.01875 0.025
0 0.3260416666666667 0.5055555555555555 0.01875 0.025
0 0.31979166666666664 0.5708333333333333 0.01875 0.025
0 0.31354166666666666 0.6402777777777777 0.01875 0.025
0 0.3072916666666667 0.7138888888888889 0.01875 0.025
0 0.3 0.7916666666666666 0.01875 0.025
0 0.4 0.3875 0.01875 0.025
0 0.3958333333333333 0.44583333333333336 0.01875 0.025
0 0.3927083333333333 0.5069444444444444 0.01875 0.025
0 0.3885416666666667 0.5722222222222222 0.01875 0.025
0 0.384375 0.6416666666666667 0.01875 0.025
0 0.3802083333333333 0.7152777777777778 0.01875 0.025
0 0.375 0.7944444444444444 0.01875 0.025
0 0.4625 0.3902777777777778 0.01875 0.025
0 0.46041666666666664 0.44722222222222224 0.01875 0.025
0 0.4583333333333333 0.5097222222222222 0.01875 0.025
0 0.45625 0.575 0.01875 0.025
0 0.45416666666666666 0.6444444444444445 0.01875 0.025
0 0.45208333333333334 0.7180555555555556 0.01875 0.025
0 0.45 0.7958333333333333 0.01875 0.025
0 0.525 0.39166666666666666 0.01875 0.025
0 0.525 0.45 0.01875 0.025
0 0.525 0.5111111111111111 0.01875 0.025
0 0.525 0.5763888888888888 0.01875 0.025
0 0.525 0.6458333333333334 0.01875 0.025
0 0.525 0.7194444444444444 0.01875 0.025
0 0.525 0.7986111111111112 0.01875 0.025
0 0.5875 0.39305555555555555 0.01875 0.025
0 0.5885416666666666 0.4513888888888889 0.01875 0.025
0 0.590625 0.5138888888888888 0.01875 0.025
0 0.5927083333333333 0.5791666666666667 0.01875 0.025
0 0.5947916666666667 0.6486111111111111 0.01875 0.025
0 0.596875 0.7222222222222222 0.01875 0.025
0 0.5989583333333334 0.8013888888888889 0.01875 0.025
0 0.65 0.3958333333333333 0.01875 0.025
0 0.653125 0.45416666666666666 0.01875 0.025
0 0.6572916666666667 0.5152777777777777 0.01875 0.025
0 0.6604166666666667 0.5805555555555556 0.01875 0.025
0 0.6645833333333333 0.65 0.01875 0.025
0 0.6697916666666667 0.725 0.01875 0.025
0 0.6739583333333333 0.8027777777777778 0.01875 0.025
0 0.7114583333333333 0.3972222222222222 0.01875 0.025
0 0.7177083333333333 0.45555555555555555 0.01875 0.025
0 0.7229166666666667 0.5180555555555556 0.01875 0.025
0 0.7291666666666666 0.5833333333333334 0.01875 0.025
0 0.7354166666666667 0.6527777777777778 0.01875 0.025
0 0.7416666666666667 0.7263888888888889 0.01875 0.025
0 0.7489583333333333 0.8055555555555556 0.01875 0.025