0 0.70625 0.27824074074074073 0.03333333333333333 0.03333333333333333
0 0.6354166666666666 0.27824074074074073 0.03333333333333333 0.03333333333333333
0 0.5645833333333333 0.2791666666666667 0.03333333333333333 0.03333333333333333
0 0.49375 0.2800925925925926 0.03333333333333333 0.03333333333333333
0 0.42291666666666666 0.2800925925925926 0.03333333333333333 0.03333333333333333
0 0.35104166666666664 0.2814814814814815 0.03333333333333333 0.03333333333333333
0 0.2791666666666667 0.2814814814814815 0.03333333333333333 0.03333333333333333
0 0.715625 0.3351851851851852 0.03333333333333333 0.03333333333333333
0 0.6427083333333333 0.3365740740740741 0.03333333333333333 0.03333333333333333
0 0.5697916666666667 0.3375 0.03333333333333333 0.03333333333333333
0 0.49583333333333335 0.3384259259259259 0.03333333333333333 0.03333333333333333
0 0.42083333333333334 0.3384259259259259 0.03333333333333333 0.03333333333333333
0 0.346875 0.3398148148148148 0.03333333333333333 0.03333333333333333
0 0.271875 0.34074074074074073 0.03333333333333333 0.03333333333333333
0 0.7270833333333333 0.3990740740740741 0.03333333333333333 0.03333333333333333
0 0.6510416666666666 0.3990740740740741 0.03333333333333333 0.03333333333333333
0 0.5739583333333333 0.4 0.03333333333333333 0.03333333333333333
0 0.496875 0.4009259259259259 0.03333333333333333 0.03333333333333333
0 0.4197916666666667 0.40185185185185185 0.03333333333333333 0.03333333333333333
0 0.34270833333333334 0.40324074074074073 0.03333333333333333 0.03333333333333333
0 0.26458333333333334 0.4041666666666667 0.03333333333333333 0.03333333333333333
0 0.7385416666666667 0.4666666666666667 0.03333333333333333 0.03333333333333333
0 0.659375 0.4675925925925926 0.03333333333333333 0.03333333333333333
0 0.5791666666666667 0.4685185185185185 0.03333333333333333 0.03333333333333333
0 0.49895833333333334 0.4699074074074074 0.03333333333333333 0.03333333333333333
0 0.41875 0.4708333333333333 0.03333333333333333 0.03333333333333333
0 0.3375 0.47314814814814815 0.03333333333333333 0.03333333333333333
0 0.25625 0.4740740740740741 0.03333333333333333 0.03333333333333333
0 0.7510416666666667 0.5407407407407407 0.03333333333333333 0.03333333333333333
0 0.66875 0.5416666666666666 0.03333333333333333 0.03333333333333333
0 0.5854166666666667 0.5435185185185185 0.03333333333333333 0.03333333333333333
0 0.5010416666666667 0.5449074074074074 0.03333333333333333 0.03333333333333333
0 0.4166666666666667 0.5467592592592593 0.03333333333333333 0.03333333333333333
0 0.33229166666666665 0.5481481481481482 0.03333333333333333 0.03333333333333333
0 0.246875 0.549074074074074 0.03333333333333333 0.03333333333333333
0 0.7645833333333333 0.6217592592592592 0.03333333333333333 0.03333333333333333
0 0.678125 0.6240740740740741 0.03333333333333333 0.03333333333333333
0 0.5916666666666667 0.625 0.03333333333333333 0.03333333333333333
0 0.503125 0.6268518518518519 0.03333333333333333 0.03333333333333333
0 0.415625 0.6291666666666667 0.03333333333333333 0.03333333333333333
0 0.32708333333333334 0.6300925925925925 0.03333333333333333 0.03333333333333333
0 0.2375 0.6324074074074074 0.03333333333333333 0.03333333333333333
0 0.7802083333333333 0.7101851851851851 0.03333333333333333 0.03333333333333333
0 0.6895833333333333 0.7125 0.03333333333333333 0.03333333333333333
0 0.5979166666666667 0.7148148148148148 0.03333333333333333 0.03333333333333333
0 0.50625 0.7166666666666667 0.03333333333333333 0.03333333333333333
0 0.41354166666666664 0.7185185185185186 0.03333333333333333 0.03333333333333333
0 0.32083333333333336 0.7208333333333333 0.03333333333333333 0.03333333333333333
0 0.22708333333333333 0.7231481481481481 0.03333333333333333 0.03333333333333333