0 0.30833333333333335 0.37777777777777777 0.01875 0.025
0 0.303125 0.44027777777777777 0.01875 0.025
0 0.296875 0.5069444444444444 0.01875 0.025
0 0.290625 0.5777777777777777 0.01875 0.025
0 0.284375 0.6527777777777778 0.01875 0.025
0 0.27708333333333335 0.7333333333333333 0.01875 0.025
0 0.26979166666666665 0.8194444444444444 0.01875 0.025
0 0.371875 0.37777777777777777 0.01875 0.025
0 0.36770833333333336 0.44166666666666665 0.01875 0.025
0 0.3645833333333333 0.5083333333333333 0.01875 0.025
0 0.36041666666666666 0.5791666666666667 0.01875 0.025
0 0.35520833333333335 0.6541666666666667 0.01875 0.025
0 0.35104166666666664 0.7333333333333333 0.01875 0.025
0 0.3458333333333333 0.8194444444444444 0.01875 0.025
0 0.4354166666666667 0.37916666666666665 0.01875 0.025
0 0.43333333333333335 0.44166666666666665 0.01875 0.025
0 0.43125 0.5083333333333333 0.01875 0.025
0 0.42916666666666664 0.5791666666666667 0.01875 0.025
0 0.4270833333333333 0.6541666666666667 0.01875 0.025
0 0.4239583333333333 0.7347222222222223 0.01875 0.025
0 0.421875 0.8208333333333333 0.01875 0.025
0 0.4979166666666667 0.37916666666666665 0.01875 0.025
0 0.4979166666666667 0.44305555555555554 0.01875 0.025
0 0.4979166666666667 0.5097222222222222 0.01875 0.025
0 0.4979166666666667 0.5805555555555556 0.01875 0.025
0 0.4979166666666667 0.6555555555555556 0.01875 0.025
0 0.4979166666666667 0.7361111111111112 0.01875 0.025
0 0.4979166666666667 0.8208333333333333 0.01875 0.025
0 0.5614583333333333 0.38055555555555554 0.01875 0.025
0 0.5625 0.44305555555555554 0.01875 0.025
0 0.5645833333333333 0.5097222222222222 0.01875 0.025
0 0.5666666666666667 0.5805555555555556 0.01875 0.025
0 0.56875 0.6555555555555556 0.01875 0.025
0 0.5708333333333333 0.7361111111111112 0.01875 0.025
0 0.5729166666666666 0.8222222222222222 0.01875 0.025
0 0.6239583333333333 0.38055555555555554 0.01875 0.025
0 0.628125 0.4444444444444444 0.01875 0.025
0 0.63125 0.5111111111111111 0.01875 0.025
0 0.6354166666666666 0.5819444444444445 0.01875 0.025
0 0.6395833333333333 0.6569444444444444 0.01875 0.025
0 0.6447916666666667 0.7375 0.01875 0.025
0 0.6489583333333333 0.8222222222222222 0.01875 0.025
0 0.6875 0.3819444444444444 0.01875 0.025
0 0.6927083333333334 0.4444444444444444 0.01875 0.025
0 0.6979166666666666 0.5111111111111111 0.01875 0.025
0 0.7041666666666667 0.5819444444444445 0.01875 0.025
0 0.7104166666666667 0.6569444444444444 0.01875 0.025
0 0.7177083333333333 0.7375 0.01875 0.025
0 0.725 0.8236111111111111 0.01875 0.025