0 0.7208333333333333 0.1310185185185185 0.022916666666666665 0.03425925925925926
0 0.6458333333333334 0.12777777777777777 0.022916666666666665 0.03425925925925926
0 0.5708333333333333 0.12314814814814815 0.022916666666666665 0.03425925925925926
0 0.4947916666666667 0.11990740740740741 0.022916666666666665 0.03425925925925926
0 0.4197916666666667 0.11666666666666667 0.022916666666666665 0.03425925925925926
0 0.34375 0.11203703703703703 0.022916666666666665 0.03425925925925926
0 0.2677083333333333 0.10925925925925926 0.022916666666666665 0.03425925925925926
0 0.7302083333333333 0.20694444444444443 0.022916666666666665 0.03425925925925926
0 0.653125 0.20416666666666666 0.022916666666666665 0.03425925925925926
0 0.575 0.20092592592592592 0.022916666666666665 0.03425925925925926
0 0.496875 0.19768518518518519 0.022916666666666665 0.03425925925925926
0 0.41875 0.19305555555555556 0.022916666666666665 0.03425925925925926
0 0.33958333333333335 0.18981481481481483 0.022916666666666665 0.03425925925925926
0 0.2604166666666667 0.18703703703703703 0.022916666666666665 0.03425925925925926
0 0.740625 0.2912037037037037 0.022916666666666665 0.03425925925925926
0 0.6604166666666667 0.287962962962963 0.022916666666666665 0.03425925925925926
0 0.5791666666666667 0.2833333333333333 0.022916666666666665 0.03425925925925926
0 0.4979166666666667 0.28055555555555556 0.022916666666666665 0.03425925925925926
0 0.4166666666666667 0.2773148148148148 0.022916666666666665 0.03425925925925926
0 0.33541666666666664 0.2726851851851852 0.022916666666666665 0.03425925925925926
0 0.253125 0.26944444444444443 0.022916666666666665 0.03425925925925926
0 0.7520833333333333 0.3814814814814815 0.022916666666666665 0.03425925925925926
0 0.66875 0.3768518518518518 0.022916666666666665 0.03425925925925926
0 0.584375 0.3736111111111111 0.022916666666666665 0.03425925925925926
0 0.5 0.37083333333333335 0.022916666666666665 0.03425925925925926
0 0.415625 0.3662037037037037 0.022916666666666665 0.03425925925925926
0 0.3302083333333333 0.362962962962963 0.022916666666666665 0.03425925925925926
0 0.24479166666666666 0.3597222222222222 0.022916666666666665 0.03425925925925926
0 0.7645833333333333 0.47824074074074074 0.022916666666666665 0.03425925925925926
0 0.6770833333333334 0.475 0.022916666666666665 0.03425925925925926
0 0.5895833333333333 0.47175925925925927 0.022916666666666665 0.03425925925925926
0 0.5020833333333333 0.4671296296296296 0.022916666666666665 0.03425925925925926
0 0.41354166666666664 0.46435185185185185 0.022916666666666665 0.03425925925925926
0 0.325 0.46111111111111114 0.022916666666666665 0.03425925925925926
0 0.23541666666666666 0.4564814814814815 0.022916666666666665 0.03425925925925926
0 0.778125 0.5842592592592593 0.022916666666666665 0.03425925925925926
0 0.6875 0.5810185185185185 0.022916666666666665 0.03425925925925926
0 0.5958333333333333 0.5777777777777777 0.022916666666666665 0.03425925925925926
0 0.5041666666666667 0.5731481481481482 0.022916666666666665 0.03425925925925926
0 0.4114583333333333 0.5699074074074074 0.022916666666666665 0.03425925925925926
0 0.31875 0.5671296296296297 0.022916666666666665 0.03425925925925926
0 0.22604166666666667 0.5638888888888889 0.022916666666666665 0.03425925925925926
0 0.7927083333333333 0.6995370370370371 0.022916666666666665 0.03425925925925926
0 0.6979166666666666 0.6962962962962963 0.022916666666666665 0.03425925925925926
0 0.6020833333333333 0.6930555555555555 0.022916666666666665 0.03425925925925926
0 0.50625 0.6898148148148148 0.022916666666666665 0.03425925925925926
0 0.409375 0.687037037037037 0.022916666666666665 0.03425925925925926
0 0.3125 0.6824074074074075 0.022916666666666665 0.03425925925925926
0 0.215625 0.6791666666666667 0.022916666666666665 0.03425925925925926