0 0.7291666666666666 0.18611111111111112 0.025 0.03333333333333333
0 0.6625 0.18333333333333332 0.025 0.03333333333333333
0 0.5958333333333333 0.18055555555555555 0.025 0.03333333333333333
0 0.528125 0.17777777777777778 0.025 0.03333333333333333
0 0.46041666666666664 0.175 0.025 0.03333333333333333
0 0.39166666666666666 0.17222222222222222 0.025 0.03333333333333333
0 0.3229166666666667 0.16805555555555557 0.025 0.03333333333333333
0 0.740625 0.25 0.025 0.03333333333333333
0 0.6708333333333333 0.24722222222222223 0.025 0.03333333333333333
0 0.6 0.24444444444444444 0.025 0.03333333333333333
0 0.5291666666666667 0.24027777777777778 0.025 0.03333333333333333
0 0.4583333333333333 0.2375 0.025 0.03333333333333333
0 0.38645833333333335 0.23472222222222222 0.025 0.03333333333333333
0 0.3145833333333333 0.23194444444444445 0.025 0.03333333333333333
0 0.753125 0.3194444444444444 0.025 0.03333333333333333
0 0.6802083333333333 0.31666666666666665 0.025 0.03333333333333333
0 0.60625 0.3138888888888889 0.025 0.03333333333333333
0 0.53125 0.3111111111111111 0.025 0.03333333333333333
0 0.45625 0.30833333333333335 0.025 0.03333333333333333
0 0.38125 0.3055555555555556 0.025 0.03333333333333333
0 0.30520833333333336 0.3013888888888889 0.025 0.03333333333333333
0 0.7666666666666667 0.3958333333333333 0.025 0.03333333333333333
0 0.6895833333333333 0.39305555555555555 0.025 0.03333333333333333
0 0.6114583333333333 0.3902777777777778 0.025 0.03333333333333333
0 0.5333333333333333 0.3875 0.025 0.03333333333333333
0 0.45416666666666666 0.38472222222222224 0.025 0.03333333333333333
0 0.37395833333333334 0.3819444444444444 0.025 0.03333333333333333
0 0.2947916666666667 0.37916666666666665 0.025 0.03333333333333333
0 0.7822916666666667 0.48194444444444445 0.025 0.03333333333333333
0 0.7 0.4791666666666667 0.025 0.03333333333333333
0 0.6177083333333333 0.4777777777777778 0.025 0.03333333333333333
0 0.5354166666666667 0.475 0.025 0.03333333333333333
0 0.4510416666666667 0.4722222222222222 0.025 0.03333333333333333
0 0.36770833333333336 0.46944444444444444 0.025 0.03333333333333333
0 0.28229166666666666 0.4666666666666667 0.025 0.03333333333333333
0 0.8 0.5791666666666667 0.025 0.03333333333333333
0 0.7125 0.5763888888888888 0.025 0.03333333333333333
0 0.625 0.5736111111111111 0.025 0.03333333333333333
0 0.5375 0.5708333333333333 0.025 0.03333333333333333
0 0.44895833333333335 0.5694444444444444 0.025 0.03333333333333333
0 0.359375 0.5666666666666667 0.025 0.03333333333333333
0 0.26875 0.5638888888888889 0.025 0.03333333333333333
0 0.81875 0.6875 0.025 0.03333333333333333
0 0.7270833333333333 0.6847222222222222 0.025 0.03333333333333333
0 0.6333333333333333 0.6833333333333333 0.025 0.03333333333333333
0 0.5395833333333333 0.6805555555555556 0.025 0.03333333333333333
0 0.44583333333333336 0.6791666666666667 0.025 0.03333333333333333
0 0.35 0.6763888888888889 0.025 0.03333333333333333
0 0.25416666666666665 0.675 0.025 0.03333333333333333