0 0.6833333333333333 0.29907407407407405 0.03333333333333333 0.03333333333333333
0 0.6145833333333334 0.3 0.03333333333333333 0.03333333333333333
0 0.546875 0.30185185185185187 0.03333333333333333 0.03333333333333333
0 0.478125 0.30324074074074076 0.03333333333333333 0.03333333333333333
0 0.409375 0.3050925925925926 0.03333333333333333 0.03333333333333333
0 0.340625 0.30648148148148147 0.03333333333333333 0.03333333333333333
0 0.271875 0.30833333333333335 0.03333333333333333 0.03333333333333333
0 0.69375 0.35 0.03333333333333333 0.03333333333333333
0 0.621875 0.35185185185185186 0.03333333333333333 0.03333333333333333
0 0.5510416666666667 0.3541666666666667 0.03333333333333333 0.03333333333333333
0 0.4791666666666667 0.35509259259259257 0.03333333333333333 0.03333333333333333
0 0.4083333333333333 0.3574074074074074 0.03333333333333333 0.03333333333333333
0 0.33645833333333336 0.3592592592592593 0.03333333333333333 0.03333333333333333
0 0.2635416666666667 0.36018518518518516 0.03333333333333333 0.03333333333333333
0 0.7052083333333333 0.4074074074074074 0.03333333333333333 0.03333333333333333
0 0.6302083333333334 0.4083333333333333 0.03333333333333333 0.03333333333333333
0 0.55625 0.4101851851851852 0.03333333333333333 0.03333333333333333
0 0.48125 0.4125 0.03333333333333333 0.03333333333333333
0 0.40625 0.4148148148148148 0.03333333333333333 0.03333333333333333
0 0.3302083333333333 0.4166666666666667 0.03333333333333333 0.03333333333333333
0 0.2552083333333333 0.4185185185185185 0.03333333333333333 0.03333333333333333
0 0.7177083333333333 0.4685185185185185 0.03333333333333333 0.03333333333333333
0 0.6395833333333333 0.4708333333333333 0.03333333333333333 0.03333333333333333
0 0.5604166666666667 0.47314814814814815 0.03333333333333333 0.03333333333333333
0 0.4822916666666667 0.4759259259259259 0.03333333333333333 0.03333333333333333
0 0.403125 0.47824074074074074 0.03333333333333333 0.03333333333333333
0 0.325 0.48009259259259257 0.03333333333333333 0.03333333333333333
0 0.24479166666666666 0.4824074074074074 0.03333333333333333 0.03333333333333333
0 0.73125 0.538425925925926 0.03333333333333333 0.03333333333333333
0 0.6489583333333333 0.5407407407407407 0.03333333333333333 0.03333333333333333
0 0.5666666666666667 0.5425925925925926 0.03333333333333333 0.03333333333333333
0 0.484375 0.5449074074074074 0.03333333333333333 0.03333333333333333
0 0.4010416666666667 0.5467592592592593 0.03333333333333333 0.03333333333333333
0 0.3177083333333333 0.55 0.03333333333333333 0.03333333333333333
0 0.234375 0.5518518518518518 0.03333333333333333 0.03333333333333333
0 0.746875 0.6148148148148148 0.03333333333333333 0.03333333333333333
0 0.6604166666666667 0.6166666666666667 0.03333333333333333 0.03333333333333333
0 0.5729166666666666 0.6199074074074075 0.03333333333333333 0.03333333333333333
0 0.48541666666666666 0.6217592592592592 0.03333333333333333 0.03333333333333333
0 0.39791666666666664 0.625 0.03333333333333333 0.03333333333333333
0 0.3104166666666667 0.6268518518518519 0.03333333333333333 0.03333333333333333
0 0.221875 0.6300925925925925 0.03333333333333333 0.03333333333333333
0 0.7635416666666667 0.7 0.03333333333333333 0.03333333333333333
0 0.671875 0.7018518518518518 0.03333333333333333 0.03333333333333333
0 0.5802083333333333 0.7050925925925926 0.03333333333333333 0.03333333333333333
0 0.4875 0.7083333333333334 0.03333333333333333 0.03333333333333333
0 0.39479166666666665 0.711574074074074 0.03333333333333333 0.03333333333333333
0 0.3020833333333333 0.7148148148148148 0.03333333333333333 0.03333333333333333
0 0.20833333333333334 0.7166666666666667 0.03333333333333333 0.03333333333333333