0 0.6927083333333334 0.1527777777777778 0.025 0.03333333333333333
0 0.6229166666666667 0.15694444444444444 0.025 0.03333333333333333
0 0.5541666666666667 0.16111111111111112 0.025 0.03333333333333333
0 0.484375 0.16527777777777777 0.025 0.03333333333333333
0 0.415625 0.16944444444444445 0.025 0.03333333333333333
0 0.346875 0.1736111111111111 0.025 0.03333333333333333
0 0.278125 0.17777777777777778 0.025 0.03333333333333333
0 0.7041666666666667 0.21944444444444444 0.025 0.03333333333333333
0 0.63125 0.22361111111111112 0.025 0.03333333333333333
0 0.559375 0.22777777777777777 0.025 0.03333333333333333
0 0.4864583333333333 0.23194444444444445 0.025 0.03333333333333333
0 0.41458333333333336 0.2361111111111111 0.025 0.03333333333333333
0 0.3416666666666667 0.24027777777777778 0.025 0.03333333333333333
0 0.26979166666666665 0.24444444444444444 0.025 0.03333333333333333
0 0.7166666666666667 0.2916666666666667 0.025 0.03333333333333333
0 0.640625 0.29583333333333334 0.025 0.03333333333333333
0 0.5645833333333333 0.3013888888888889 0.025 0.03333333333333333
0 0.48854166666666665 0.3055555555555556 0.025 0.03333333333333333
0 0.4125 0.30972222222222223 0.025 0.03333333333333333
0 0.33645833333333336 0.3138888888888889 0.025 0.03333333333333333
0 0.2604166666666667 0.31805555555555554 0.025 0.03333333333333333
0 0.73125 0.37222222222222223 0.025 0.03333333333333333
0 0.65 0.37777777777777777 0.025 0.03333333333333333
0 0.5697916666666667 0.3819444444444444 0.025 0.03333333333333333
0 0.4895833333333333 0.3861111111111111 0.025 0.03333333333333333
0 0.41041666666666665 0.39166666666666666 0.025 0.03333333333333333
0 0.3302083333333333 0.3958333333333333 0.025 0.03333333333333333
0 0.25104166666666666 0.4 0.025 0.03333333333333333
0 0.746875 0.4625 0.025 0.03333333333333333
0 0.6614583333333334 0.46805555555555556 0.025 0.03333333333333333
0 0.5770833333333333 0.4722222222222222 0.025 0.03333333333333333
0 0.49166666666666664 0.47638888888888886 0.025 0.03333333333333333
0 0.40729166666666666 0.48194444444444445 0.025 0.03333333333333333
0 0.3229166666666667 0.4861111111111111 0.025 0.03333333333333333
0 0.23958333333333334 0.49166666666666664 0.025 0.03333333333333333
0 0.7645833333333333 0.5638888888888889 0.025 0.03333333333333333
0 0.6739583333333333 0.5680555555555555 0.025 0.03333333333333333
0 0.584375 0.5736111111111111 0.025 0.03333333333333333
0 0.4947916666666667 0.5777777777777777 0.025 0.03333333333333333
0 0.40520833333333334 0.5833333333333334 0.025 0.03333333333333333
0 0.315625 0.5875 0.025 0.03333333333333333
0 0.22708333333333333 0.5930555555555556 0.025 0.03333333333333333
0 0.7833333333333333 0.6763888888888889 0.025 0.03333333333333333
0 0.6885416666666667 0.6819444444444445 0.025 0.03333333333333333
0 0.5927083333333333 0.6875 0.025 0.03333333333333333
0 0.496875 0.6916666666666667 0.025 0.03333333333333333
0 0.40208333333333335 0.6972222222222222 0.025 0.03333333333333333
0 0.3072916666666667 0.7027777777777777 0.025 0.03333333333333333
0 0.2125 0.7069444444444445 0.025 0.03333333333333333