0 0.29791666666666666 0.6388888888888888 0.020833333333333332 0.027777777777777776
0 0.37395833333333334 0.6388888888888888 0.020833333333333332 0.027777777777777776
0 0.45 0.6388888888888888 0.020833333333333332 0.027777777777777776
0 0.528125 0.6388888888888888 0.020833333333333332 0.027777777777777776
0 0.60625 0.6375 0.020833333333333332 0.027777777777777776
0 0.6854166666666667 0.6375 0.020833333333333332 0.027777777777777776
0 0.7666666666666667 0.6375 0.020833333333333332 0.027777777777777776
0 0.30833333333333335 0.5513888888888889 0.020833333333333332 0.027777777777777776
0 0.38125 0.55 0.020833333333333332 0.027777777777777776
0 0.45416666666666666 0.55 0.020833333333333332 0.027777777777777776
0 0.528125 0.5486111111111112 0.020833333333333332 0.027777777777777776
0 0.6020833333333333 0.5472222222222223 0.020833333333333332 0.027777777777777776
0 0.678125 0.5472222222222223 0.020833333333333332 0.027777777777777776
0 0.7541666666666667 0.5458333333333333 0.020833333333333332 0.027777777777777776
0 0.3177083333333333 0.4708333333333333 0.020833333333333332 0.027777777777777776
0 0.3875 0.46944444444444444 0.020833333333333332 0.027777777777777776
0 0.45729166666666665 0.46805555555555556 0.020833333333333332 0.027777777777777776
0 0.5270833333333333 0.4666666666666667 0.020833333333333332 0.027777777777777776
0 0.5989583333333334 0.4652777777777778 0.020833333333333332 0.027777777777777776
0 0.6708333333333333 0.4638888888888889 0.020833333333333332 0.027777777777777776
0 0.74375 0.4638888888888889 0.020833333333333332 0.027777777777777776
0 0.32708333333333334 0.3972222222222222 0.020833333333333332 0.027777777777777776
0 0.3927083333333333 0.3958333333333333 0.020833333333333332 0.027777777777777776
0 0.459375 0.39444444444444443 0.020833333333333332 0.027777777777777776
0 0.5270833333333333 0.39305555555555555 0.020833333333333332 0.027777777777777776
0 0.5958333333333333 0.39166666666666666 0.020833333333333332 0.027777777777777776
0 0.6645833333333333 0.3888888888888889 0.020833333333333332 0.027777777777777776
0 0.734375 0.3875 0.020833333333333332 0.027777777777777776
0 0.334375 0.33055555555555555 0.020833333333333332 0.027777777777777776
0 0.39791666666666664 0.3277777777777778 0.020833333333333332 0.027777777777777776
0 0.4625 0.3263888888888889 0.020833333333333332 0.027777777777777776
0 0.5270833333333333 0.325 0.020833333333333332 0.027777777777777776
0 0.5927083333333333 0.32222222222222224 0.020833333333333332 0.027777777777777776
0 0.6583333333333333 0.32083333333333336 0.020833333333333332 0.027777777777777776
0 0.725 0.31805555555555554 0.020833333333333332 0.027777777777777776
0 0.34270833333333334 0.26805555555555555 0.020833333333333332 0.027777777777777776
0 0.403125 0.2652777777777778 0.020833333333333332 0.027777777777777776
0 0.46458333333333335 0.2638888888888889 0.020833333333333332 0.027777777777777776
0 0.5270833333333333 0.2611111111111111 0.020833333333333332 0.027777777777777776
0 0.5895833333333333 0.25972222222222224 0.020833333333333332 0.027777777777777776
0 0.653125 0.2569444444444444 0.020833333333333332 0.027777777777777776
0 0.7166666666666667 0.25555555555555554 0.020833333333333332 0.027777777777777776
0 0.3489583333333333 0.2111111111111111 0.020833333333333332 0.027777777777777776
0 0.40729166666666666 0.20833333333333334 0.020833333333333332 0.027777777777777776
0 0.4666666666666667 0.20555555555555555 0.020833333333333332 0.027777777777777776
0 0.5270833333333333 0.20416666666666666 0.020833333333333332 0.027777777777777776
0 0.5864583333333333 0.2013888888888889 0.020833333333333332 0.027777777777777776
0 0.6479166666666667 0.1986111111111111 0.020833333333333332 0.027777777777777776
0 0.709375 0.19583333333333333 0.020833333333333332 0.027777777777777776