0 0.7489583333333333 0.22824074074074074 0.035416666666666666 0.03518518518518519
0 0.6697916666666667 0.22592592592592592 0.035416666666666666 0.03518518518518519
0 0.5916666666666667 0.22314814814814815 0.035416666666666666 0.03518518518518519
0 0.5125 0.22083333333333333 0.035416666666666666 0.03518518518518519
0 0.43333333333333335 0.21851851851851853 0.035416666666666666 0.03518518518518519
0 0.3541666666666667 0.21574074074074073 0.035416666666666666 0.03518518518518519
0 0.275 0.21342592592592594 0.035416666666666666 0.03518518518518519
0 0.7604166666666666 0.28425925925925927 0.035416666666666666 0.03518518518518519
0 0.678125 0.2814814814814815 0.035416666666666666 0.03518518518518519
0 0.596875 0.2791666666666667 0.035416666666666666 0.03518518518518519
0 0.5145833333333333 0.27685185185185185 0.035416666666666666 0.03518518518518519
0 0.4322916666666667 0.2740740740740741 0.035416666666666666 0.03518518518518519
0 0.35 0.27175925925925926 0.035416666666666666 0.03518518518518519
0 0.2677083333333333 0.26851851851851855 0.035416666666666666 0.03518518518518519
0 0.7729166666666667 0.3449074074074074 0.035416666666666666 0.03518518518518519
0 0.6875 0.3425925925925926 0.035416666666666666 0.03518518518518519
0 0.6020833333333333 0.3398148148148148 0.035416666666666666 0.03518518518518519
0 0.5166666666666667 0.3375 0.035416666666666666 0.03518518518518519
0 0.43125 0.33425925925925926 0.035416666666666666 0.03518518518518519
0 0.34479166666666666 0.33240740740740743 0.035416666666666666 0.03518518518518519
0 0.259375 0.32916666666666666 0.035416666666666666 0.03518518518518519
0 0.7864583333333334 0.4101851851851852 0.035416666666666666 0.03518518518518519
0 0.6979166666666666 0.4083333333333333 0.035416666666666666 0.03518518518518519
0 0.6083333333333333 0.4050925925925926 0.035416666666666666 0.03518518518518519
0 0.51875 0.40324074074074073 0.035416666666666666 0.03518518518518519
0 0.43020833333333336 0.4 0.035416666666666666 0.03518518518518519
0 0.33958333333333335 0.39814814814814814 0.035416666666666666 0.03518518518518519
0 0.25 0.3958333333333333 0.035416666666666666 0.03518518518518519
0 0.8010416666666667 0.4824074074074074 0.035416666666666666 0.03518518518518519
0 0.7083333333333334 0.48009259259259257 0.035416666666666666 0.03518518518518519
0 0.615625 0.47824074074074074 0.035416666666666666 0.03518518518518519
0 0.521875 0.475 0.035416666666666666 0.03518518518518519
0 0.428125 0.47314814814814815 0.035416666666666666 0.03518518518518519
0 0.334375 0.4699074074074074 0.035416666666666666 0.03518518518518519
0 0.240625 0.4675925925925926 0.035416666666666666 0.03518518518518519
0 0.8177083333333334 0.5615740740740741 0.035416666666666666 0.03518518518518519
0 0.7208333333333333 0.5592592592592592 0.035416666666666666 0.03518518518518519
0 0.6229166666666667 0.5564814814814815 0.035416666666666666 0.03518518518518519
0 0.525 0.5541666666666667 0.035416666666666666 0.03518518518518519
0 0.42604166666666665 0.5509259259259259 0.035416666666666666 0.03518518518518519
0 0.328125 0.549074074074074 0.035416666666666666 0.03518518518518519
0 0.22916666666666666 0.5458333333333333 0.035416666666666666 0.03518518518518519
0 0.8354166666666667 0.649074074074074 0.035416666666666666 0.03518518518518519
0 0.7333333333333333 0.6467592592592593 0.035416666666666666 0.03518518518518519
0 0.63125 0.6435185185185185 0.035416666666666666 0.03518518518518519
0 0.528125 0.6407407407407407 0.035416666666666666 0.03518518518518519
0 0.425 0.638425925925926 0.035416666666666666 0.03518518518518519
0 0.32083333333333336 0.6351851851851852 0.035416666666666666 0.03518518518518519
0 0.21770833333333334 0.6333333333333333 0.035416666666666666 0.03518518518518519