0 0.7229166666666667 0.20277777777777778 0.025 0.03333333333333333
0 0.6552083333333333 0.20416666666666666 0.025 0.03333333333333333
0 0.5864583333333333 0.20555555555555555 0.025 0.03333333333333333
0 0.5197916666666667 0.20694444444444443 0.025 0.03333333333333333
0 0.453125 0.20833333333333334 0.025 0.03333333333333333
0 0.38645833333333335 0.20972222222222223 0.025 0.03333333333333333
0 0.321875 0.2125 0.025 0.03333333333333333
0 0.7322916666666667 0.2652777777777778 0.025 0.03333333333333333
0 0.659375 0.26666666666666666 0.025 0.03333333333333333
0 0.5885416666666666 0.26805555555555555 0.025 0.03333333333333333
0 0.5177083333333333 0.26944444444444443 0.025 0.03333333333333333
0 0.446875 0.2708333333333333 0.025 0.03333333333333333
0 0.378125 0.2722222222222222 0.025 0.03333333333333333
0 0.309375 0.27361111111111114 0.025 0.03333333333333333
0 0.7416666666666667 0.33611111111111114 0.025 0.03333333333333333
0 0.665625 0.3375 0.025 0.03333333333333333
0 0.5895833333333333 0.3375 0.025 0.03333333333333333
0 0.515625 0.3388888888888889 0.025 0.03333333333333333
0 0.44166666666666665 0.3402777777777778 0.025 0.03333333333333333
0 0.36875 0.3402777777777778 0.025 0.03333333333333333
0 0.29583333333333334 0.3416666666666667 0.025 0.03333333333333333
0 0.7520833333333333 0.41388888888888886 0.025 0.03333333333333333
0 0.671875 0.4152777777777778 0.025 0.03333333333333333
0 0.5916666666666667 0.4152777777777778 0.025 0.03333333333333333
0 0.5125 0.4166666666666667 0.025 0.03333333333333333
0 0.434375 0.4166666666666667 0.025 0.03333333333333333
0 0.3572916666666667 0.4166666666666667 0.025 0.03333333333333333
0 0.28125 0.41805555555555557 0.025 0.03333333333333333
0 0.7645833333333333 0.5027777777777778 0.025 0.03333333333333333
0 0.6791666666666667 0.5027777777777778 0.025 0.03333333333333333
0 0.59375 0.5027777777777778 0.025 0.03333333333333333
0 0.509375 0.5027777777777778 0.025 0.03333333333333333
0 0.4270833333333333 0.5027777777777778 0.025 0.03333333333333333
0 0.34479166666666666 0.5027777777777778 0.025 0.03333333333333333
0 0.26458333333333334 0.5027777777777778 0.025 0.03333333333333333
0 0.778125 0.6027777777777777 0.025 0.03333333333333333
0 0.6864583333333333 0.6027777777777777 0.025 0.03333333333333333
0 0.5958333333333333 0.6013888888888889 0.025 0.03333333333333333
0 0.50625 0.6013888888888889 0.025 0.03333333333333333
0 0.41875 0.6 0.025 0.03333333333333333
0 0.33125 0.6 0.025 0.03333333333333333
0 0.24479166666666666 0.6 0.025 0.03333333333333333
0 0.7947916666666667 0.7166666666666667 0.025 0.03333333333333333
0 0.6958333333333333 0.7152777777777778 0.025 0.03333333333333333
0 0.5989583333333334 0.7138888888888889 0.025 0.03333333333333333
0 0.503125 0.7125 0.025 0.03333333333333333
0 0.4083333333333333 0.7111111111111111 0.025 0.03333333333333333
0 0.315625 0.7097222222222223 0.025 0.03333333333333333
0 0.22395833333333334 0.7083333333333334 0.025 0.03333333333333333