0 0.6947916666666667 0.1574074074074074 0.022916666666666665 0.03425925925925926
0 0.6177083333333333 0.1574074074074074 0.022916666666666665 0.03425925925925926
0 0.5416666666666666 0.1574074074074074 0.022916666666666665 0.03425925925925926
0 0.46458333333333335 0.1574074074074074 0.022916666666666665 0.03425925925925926
0 0.38645833333333335 0.1574074074074074 0.022916666666666665 0.03425925925925926
0 0.30833333333333335 0.1574074074074074 0.022916666666666665 0.03425925925925926
0 0.22916666666666666 0.1574074074074074 0.022916666666666665 0.03425925925925926
0 0.70625 0.23842592592592593 0.022916666666666665 0.03425925925925926
0 0.6270833333333333 0.23842592592592593 0.022916666666666665 0.03425925925925926
0 0.5479166666666667 0.23842592592592593 0.022916666666666665 0.03425925925925926
0 0.46770833333333334 0.23842592592592593 0.022916666666666665 0.03425925925925926
0 0.3875 0.23842592592592593 0.022916666666666665 0.03425925925925926
0 0.30625 0.23842592592592593 0.022916666666666665 0.03425925925925926
0 0.22395833333333334 0.23842592592592593 0.022916666666666665 0.03425925925925926
0 0.71875 0.32407407407407407 0.022916666666666665 0.03425925925925926
0 0.6364583333333333 0.32407407407407407 0.022916666666666665 0.03425925925925926
0 0.5541666666666667 0.32546296296296295 0.022916666666666665 0.03425925925925926
0 0.471875 0.32546296296296295 0.022916666666666665 0.03425925925925926
0 0.3875 0.32546296296296295 0.022916666666666665 0.03425925925925926
0 0.303125 0.32731481481481484 0.022916666666666665 0.03425925925925926
0 0.21875 0.32731481481481484 0.022916666666666665 0.03425925925925926
0 0.7322916666666667 0.41574074074074074 0.022916666666666665 0.03425925925925926
0 0.6479166666666667 0.41759259259259257 0.022916666666666665 0.03425925925925926
0 0.5614583333333333 0.41759259259259257 0.022916666666666665 0.03425925925925926
0 0.475 0.41898148148148145 0.022916666666666665 0.03425925925925926
0 0.3885416666666667 0.4203703703703704 0.022916666666666665 0.03425925925925926
0 0.30104166666666665 0.4203703703703704 0.022916666666666665 0.03425925925925926
0 0.2125 0.4222222222222222 0.022916666666666665 0.03425925925925926
0 0.746875 0.5171296296296296 0.022916666666666665 0.03425925925925926
0 0.6583333333333333 0.5171296296296296 0.022916666666666665 0.03425925925925926
0 0.5697916666666667 0.5185185185185185 0.022916666666666665 0.03425925925925926
0 0.48020833333333335 0.5203703703703704 0.022916666666666665 0.03425925925925926
0 0.38958333333333334 0.5217592592592593 0.022916666666666665 0.03425925925925926
0 0.29791666666666666 0.5231481481481481 0.022916666666666665 0.03425925925925926
0 0.20625 0.525 0.022916666666666665 0.03425925925925926
0 0.7625 0.624537037037037 0.022916666666666665 0.03425925925925926
0 0.6708333333333333 0.6263888888888889 0.022916666666666665 0.03425925925925926
0 0.578125 0.6291666666666667 0.022916666666666665 0.03425925925925926
0 0.484375 0.6310185185185185 0.022916666666666665 0.03425925925925926
0 0.390625 0.6324074074074074 0.022916666666666665 0.03425925925925926
0 0.2947916666666667 0.6337962962962963 0.022916666666666665 0.03425925925925926
0 0.19895833333333332 0.6356481481481482 0.022916666666666665 0.03425925925925926
0 0.7802083333333333 0.7430555555555556 0.022916666666666665 0.03425925925925926
0 0.684375 0.7462962962962963 0.022916666666666665 0.03425925925925926
0 0.5875 0.7476851851851852 0.022916666666666665 0.03425925925925926
0 0.4895833333333333 0.7509259259259259 0.022916666666666665 0.03425925925925926
0 0.39166666666666666 0.7523148148148148 0.022916666666666665 0.03425925925925926
0 0.2916666666666667 0.7555555555555555 0.022916666666666665 0.03425925925925926
0 0.19166666666666668 0.7569444444444444 0.022916666666666665 0.03425925925925926