0 0.7135416666666666 0.2300925925925926 0.03333333333333333 0.03333333333333333
0 0.6395833333333333 0.2300925925925926 0.03333333333333333 0.03333333333333333
0 0.565625 0.22916666666666666 0.03333333333333333 0.03333333333333333
0 0.49166666666666664 0.22916666666666666 0.03333333333333333 0.03333333333333333
0 0.41875 0.22824074074074074 0.03333333333333333 0.03333333333333333
0 0.34479166666666666 0.22824074074074074 0.03333333333333333 0.03333333333333333
0 0.2708333333333333 0.22685185185185186 0.03333333333333333 0.03333333333333333
0 0.725 0.2824074074074074 0.03333333333333333 0.03333333333333333
0 0.6479166666666667 0.2824074074074074 0.03333333333333333 0.03333333333333333
0 0.5708333333333333 0.2814814814814815 0.03333333333333333 0.03333333333333333
0 0.49375 0.2814814814814815 0.03333333333333333 0.03333333333333333
0 0.41770833333333335 0.2800925925925926 0.03333333333333333 0.03333333333333333
0 0.340625 0.2800925925925926 0.03333333333333333 0.03333333333333333
0 0.2635416666666667 0.2791666666666667 0.03333333333333333 0.03333333333333333
0 0.7364583333333333 0.3384259259259259 0.03333333333333333 0.03333333333333333
0 0.65625 0.3384259259259259 0.03333333333333333 0.03333333333333333
0 0.5760416666666667 0.3375 0.03333333333333333 0.03333333333333333
0 0.49583333333333335 0.3375 0.03333333333333333 0.03333333333333333
0 0.4166666666666667 0.3365740740740741 0.03333333333333333 0.03333333333333333
0 0.33645833333333336 0.3365740740740741 0.03333333333333333 0.03333333333333333
0 0.25625 0.3351851851851852 0.03333333333333333 0.03333333333333333
0 0.7489583333333333 0.4 0.03333333333333333 0.03333333333333333
0 0.665625 0.4 0.03333333333333333 0.03333333333333333
0 0.5822916666666667 0.3990740740740741 0.03333333333333333 0.03333333333333333
0 0.49895833333333334 0.3990740740740741 0.03333333333333333 0.03333333333333333
0 0.415625 0.39814814814814814 0.03333333333333333 0.03333333333333333
0 0.33229166666666665 0.39675925925925926 0.03333333333333333 0.03333333333333333
0 0.24895833333333334 0.39675925925925926 0.03333333333333333 0.03333333333333333
0 0.7625 0.4666666666666667 0.03333333333333333 0.03333333333333333
0 0.675 0.4666666666666667 0.03333333333333333 0.03333333333333333
0 0.5885416666666666 0.46574074074074073 0.03333333333333333 0.03333333333333333
0 0.5010416666666667 0.46574074074074073 0.03333333333333333 0.03333333333333333
0 0.41458333333333336 0.4648148148148148 0.03333333333333333 0.03333333333333333
0 0.32708333333333334 0.4634259259259259 0.03333333333333333 0.03333333333333333
0 0.23958333333333334 0.4634259259259259 0.03333333333333333 0.03333333333333333
0 0.778125 0.5398148148148149 0.03333333333333333 0.03333333333333333
0 0.6864583333333333 0.5398148148148149 0.03333333333333333 0.03333333333333333
0 0.5947916666666667 0.538425925925926 0.03333333333333333 0.03333333333333333
0 0.5041666666666667 0.538425925925926 0.03333333333333333 0.03333333333333333
0 0.4125 0.5375 0.03333333333333333 0.03333333333333333
0 0.321875 0.5365740740740741 0.03333333333333333 0.03333333333333333
0 0.23020833333333332 0.5365740740740741 0.03333333333333333 0.03333333333333333
0 0.7947916666666667 0.6199074074074075 0.03333333333333333 0.03333333333333333
0 0.6989583333333333 0.6199074074074075 0.03333333333333333 0.03333333333333333
0 0.603125 0.6185185185185185 0.03333333333333333 0.03333333333333333
0 0.5072916666666667 0.6185185185185185 0.03333333333333333 0.03333333333333333
0 0.4114583333333333 0.6175925925925926 0.03333333333333333 0.03333333333333333
0 0.315625 0.6166666666666667 0.03333333333333333 0.03333333333333333
0 0.21979166666666666 0.6166666666666667 0.03333333333333333 0.03333333333333333