0 0.7541666666666667 0.20925925925925926 0.035416666666666666 0.03518518518518519
0 0.6635416666666667 0.2101851851851852 0.035416666666666666 0.03518518518518519
0 0.575 0.2125 0.035416666666666666 0.03518518518518519
0 0.48854166666666665 0.21342592592592594 0.035416666666666666 0.03518518518518519
0 0.40520833333333334 0.21574074074074073 0.035416666666666666 0.03518518518518519
0 0.32395833333333335 0.21666666666666667 0.035416666666666666 0.03518518518518519
0 0.24479166666666666 0.2175925925925926 0.035416666666666666 0.03518518518518519
0 0.753125 0.2851851851851852 0.035416666666666666 0.03518518518518519
0 0.659375 0.2865740740740741 0.035416666666666666 0.03518518518518519
0 0.56875 0.2865740740740741 0.035416666666666666 0.03518518518518519
0 0.48020833333333335 0.2875 0.035416666666666666 0.03518518518518519
0 0.39375 0.2875 0.035416666666666666 0.03518518518518519
0 0.3104166666666667 0.2884259259259259 0.035416666666666666 0.03518518518518519
0 0.22916666666666666 0.2884259259259259 0.035416666666666666 0.03518518518518519
0 0.753125 0.3675925925925926 0.035416666666666666 0.03518518518518519
0 0.65625 0.36666666666666664 0.035416666666666666 0.03518518518518519
0 0.5614583333333333 0.36574074074074076 0.035416666666666666 0.03518518518518519
0 0.4708333333333333 0.36574074074074076 0.035416666666666666 0.03518518518518519
0 0.38229166666666664 0.3648148148148148 0.035416666666666666 0.03518518518518519
0 0.296875 0.36342592592592593 0.035416666666666666 0.03518518518518519
0 0.21354166666666666 0.36342592592592593 0.035416666666666666 0.03518518518518519
0 0.7520833333333333 0.45416666666666666 0.035416666666666666 0.03518518518518519
0 0.6520833333333333 0.45185185185185184 0.035416666666666666 0.03518518518518519
0 0.5552083333333333 0.45 0.035416666666666666 0.03518518518518519
0 0.46041666666666664 0.44814814814814813 0.035416666666666666 0.03518518518518519
0 0.3697916666666667 0.44583333333333336 0.035416666666666666 0.03518518518518519
0 0.28125 0.44351851851851853 0.035416666666666666 0.03518518518518519
0 0.19583333333333333 0.4425925925925926 0.035416666666666666 0.03518518518518519
0 0.7510416666666667 0.5481481481481482 0.035416666666666666 0.03518518518518519
0 0.646875 0.5435185185185185 0.035416666666666666 0.03518518518518519
0 0.546875 0.5398148148148149 0.035416666666666666 0.03518518518518519
0 0.45 0.5365740740740741 0.035416666666666666 0.03518518518518519
0 0.35625 0.5333333333333333 0.035416666666666666 0.03518518518518519
0 0.265625 0.5291666666666667 0.035416666666666666 0.03518518518518519
0 0.17708333333333334 0.5259259259259259 0.035416666666666666 0.03518518518518519
0 0.75 0.6467592592592593 0.035416666666666666 0.03518518518518519
0 0.6427083333333333 0.6416666666666667 0.035416666666666666 0.03518518518518519
0 0.5395833333333333 0.6365740740740741 0.035416666666666666 0.03518518518518519
0 0.43854166666666666 0.6314814814814815 0.035416666666666666 0.03518518518518519
0 0.34270833333333334 0.6259259259259259 0.035416666666666666 0.03518518518518519
0 0.24895833333333334 0.6208333333333333 0.035416666666666666 0.03518518518518519
0 0.15729166666666666 0.6157407407407407 0.035416666666666666 0.03518518518518519
0 0.7489583333333333 0.7541666666666667 0.035416666666666666 0.03518518518518519
0 0.6375 0.7467592592592592 0.035416666666666666 0.03518518518518519
0 0.5302083333333333 0.7398148148148148 0.035416666666666666 0.03518518518518519
0 0.4270833333333333 0.7324074074074074 0.035416666666666666 0.03518518518518519
0 0.32708333333333334 0.725 0.035416666666666666 0.03518518518518519
0 0.23020833333333332 0.7175925925925926 0.035416666666666666 0.03518518518518519
0 0.13645833333333332 0.711574074074074 0.035416666666666666 0.03518518518518519