0 0.25729166666666664 0.18981481481481483 0.0375 0.0375
0 0.33645833333333336 0.18981481481481483 0.0375 0.0375
0 0.415625 0.19074074074074074 0.0375 0.0375
0 0.4947916666666667 0.19074074074074074 0.0375 0.0375
0 0.5739583333333333 0.19166666666666668 0.0375 0.0375
0 0.6541666666666667 0.19166666666666668 0.0375 0.0375
0 0.734375 0.1925925925925926 0.0375 0.0375
0 0.24791666666666667 0.24351851851851852 0.0375 0.0375
0 0.3302083333333333 0.24351851851851852 0.0375 0.0375
0 0.4125 0.2449074074074074 0.0375 0.0375
0 0.4947916666666667 0.24583333333333332 0.0375 0.0375
0 0.578125 0.24583333333333332 0.0375 0.0375
0 0.6614583333333334 0.24675925925925926 0.0375 0.0375
0 0.7447916666666666 0.24814814814814815 0.0375 0.0375
0 0.2375 0.30185185185185187 0.0375 0.0375
0 0.3229166666666667 0.30324074074074076 0.0375 0.0375
0 0.409375 0.30416666666666664 0.0375 0.0375
0 0.49583333333333335 0.3050925925925926 0.0375 0.0375
0 0.5822916666666667 0.30648148148148147 0.0375 0.0375
0 0.66875 0.30648148148148147 0.0375 0.0375
0 0.75625 0.3074074074074074 0.0375 0.0375
0 0.22604166666666667 0.36666666666666664 0.0375 0.0375
0 0.315625 0.3675925925925926 0.0375 0.0375
0 0.40520833333333334 0.3685185185185185 0.0375 0.0375
0 0.49583333333333335 0.3699074074074074 0.0375 0.0375
0 0.5864583333333333 0.37083333333333335 0.0375 0.0375
0 0.6770833333333334 0.37175925925925923 0.0375 0.0375
0 0.76875 0.3731481481481482 0.0375 0.0375
0 0.21354166666666666 0.4375 0.0375 0.0375
0 0.3072916666666667 0.4398148148148148 0.0375 0.0375
0 0.40208333333333335 0.44074074074074077 0.0375 0.0375
0 0.49583333333333335 0.44166666666666665 0.0375 0.0375
0 0.5916666666666667 0.4425925925925926 0.0375 0.0375
0 0.6864583333333333 0.44351851851851853 0.0375 0.0375
0 0.7822916666666667 0.4449074074074074 0.0375 0.0375
0 0.19895833333333332 0.5157407407407407 0.0375 0.0375
0 0.29791666666666666 0.5175925925925926 0.0375 0.0375
0 0.396875 0.5185185185185185 0.0375 0.0375
0 0.496875 0.5199074074074074 0.0375 0.0375
0 0.596875 0.5208333333333334 0.0375 0.0375
0 0.696875 0.5231481481481481 0.0375 0.0375
0 0.7979166666666667 0.524074074074074 0.0375 0.0375
0 0.184375 0.6018518518518519 0.0375 0.0375
0 0.28854166666666664 0.6041666666666666 0.0375 0.0375
0 0.3927083333333333 0.6050925925925926 0.0375 0.0375
0 0.4979166666666667 0.6074074074074074 0.0375 0.0375
0 0.603125 0.6083333333333333 0.0375 0.0375
0 0.7083333333333334 0.6101851851851852 0.0375 0.0375
0 0.8145833333333333 0.611574074074074 0.0375 0.0375