0 0.6927083333333334 0.16527777777777777 0.025 0.03333333333333333
0 0.6239583333333333 0.16666666666666666 0.025 0.03333333333333333
0 0.5552083333333333 0.16944444444444445 0.025 0.03333333333333333
0 0.4864583333333333 0.17222222222222222 0.025 0.03333333333333333
0 0.4166666666666667 0.175 0.025 0.03333333333333333
0 0.34791666666666665 0.1763888888888889 0.025 0.03333333333333333
0 0.278125 0.17916666666666667 0.025 0.03333333333333333
0 0.703125 0.23055555555555557 0.025 0.03333333333333333
0 0.63125 0.23333333333333334 0.025 0.03333333333333333
0 0.559375 0.2361111111111111 0.025 0.03333333333333333
0 0.4875 0.2388888888888889 0.025 0.03333333333333333
0 0.41458333333333336 0.24166666666666667 0.025 0.03333333333333333
0 0.3416666666666667 0.24444444444444444 0.025 0.03333333333333333
0 0.26979166666666665 0.24722222222222223 0.025 0.03333333333333333
0 0.715625 0.30416666666666664 0.025 0.03333333333333333
0 0.6395833333333333 0.30694444444444446 0.025 0.03333333333333333
0 0.5645833333333333 0.30972222222222223 0.025 0.03333333333333333
0 0.48854166666666665 0.3125 0.025 0.03333333333333333
0 0.4125 0.31527777777777777 0.025 0.03333333333333333
0 0.33645833333333336 0.31805555555555554 0.025 0.03333333333333333
0 0.259375 0.32083333333333336 0.025 0.03333333333333333
0 0.728125 0.38472222222222224 0.025 0.03333333333333333
0 0.6489583333333333 0.3875 0.025 0.03333333333333333
0 0.56875 0.39166666666666666 0.025 0.03333333333333333
0 0.4895833333333333 0.39444444444444443 0.025 0.03333333333333333
0 0.409375 0.3972222222222222 0.025 0.03333333333333333
0 0.32916666666666666 0.4 0.025 0.03333333333333333
0 0.24895833333333334 0.4027777777777778 0.025 0.03333333333333333
0 0.7427083333333333 0.475 0.025 0.03333333333333333
0 0.659375 0.4777777777777778 0.025 0.03333333333333333
0 0.575 0.48055555555555557 0.025 0.03333333333333333
0 0.490625 0.4847222222222222 0.025 0.03333333333333333
0 0.40625 0.4875 0.025 0.03333333333333333
0 0.321875 0.49166666666666664 0.025 0.03333333333333333
0 0.23645833333333333 0.49444444444444446 0.025 0.03333333333333333
0 0.759375 0.575 0.025 0.03333333333333333
0 0.6708333333333333 0.5777777777777777 0.025 0.03333333333333333
0 0.58125 0.5819444444444445 0.025 0.03333333333333333
0 0.49166666666666664 0.5861111111111111 0.025 0.03333333333333333
0 0.403125 0.5888888888888889 0.025 0.03333333333333333
0 0.3125 0.5930555555555556 0.025 0.03333333333333333
0 0.22291666666666668 0.5972222222222222 0.025 0.03333333333333333
0 0.7770833333333333 0.6875 0.025 0.03333333333333333
0 0.6833333333333333 0.6916666666666667 0.025 0.03333333333333333
0 0.5885416666666666 0.6958333333333333 0.025 0.03333333333333333
0 0.49375 0.7 0.025 0.03333333333333333
0 0.39895833333333336 0.7027777777777777 0.025 0.03333333333333333
0 0.303125 0.7069444444444445 0.025 0.03333333333333333
0 0.20833333333333334 0.7111111111111111 0.025 0.03333333333333333