0 0.746875 0.29074074074074074 0.03333333333333333 0.03333333333333333
0 0.675 0.29074074074074074 0.03333333333333333 0.03333333333333333
0 0.6041666666666666 0.2898148148148148 0.03333333333333333 0.03333333333333333
0 0.534375 0.2898148148148148 0.03333333333333333 0.03333333333333333
0 0.4635416666666667 0.2884259259259259 0.03333333333333333 0.03333333333333333
0 0.3927083333333333 0.2884259259259259 0.03333333333333333 0.03333333333333333
0 0.3229166666666667 0.2875 0.03333333333333333 0.03333333333333333
0 0.7552083333333334 0.34814814814814815 0.03333333333333333 0.03333333333333333
0 0.68125 0.34675925925925927 0.03333333333333333 0.03333333333333333
0 0.6083333333333333 0.3458333333333333 0.03333333333333333 0.03333333333333333
0 0.534375 0.3458333333333333 0.03333333333333333 0.03333333333333333
0 0.46041666666666664 0.3449074074074074 0.03333333333333333 0.03333333333333333
0 0.3875 0.3435185185185185 0.03333333333333333 0.03333333333333333
0 0.3145833333333333 0.3435185185185185 0.03333333333333333 0.03333333333333333
0 0.765625 0.40925925925925927 0.03333333333333333 0.03333333333333333
0 0.6885416666666667 0.4083333333333333 0.03333333333333333 0.03333333333333333
0 0.6114583333333333 0.4074074074074074 0.03333333333333333 0.03333333333333333
0 0.534375 0.4064814814814815 0.03333333333333333 0.03333333333333333
0 0.4583333333333333 0.4050925925925926 0.03333333333333333 0.03333333333333333
0 0.38125 0.4050925925925926 0.03333333333333333 0.03333333333333333
0 0.30520833333333336 0.4041666666666667 0.03333333333333333 0.03333333333333333
0 0.7770833333333333 0.4759259259259259 0.03333333333333333 0.03333333333333333
0 0.6958333333333333 0.475 0.03333333333333333 0.03333333333333333
0 0.615625 0.4740740740740741 0.03333333333333333 0.03333333333333333
0 0.5354166666666667 0.47314814814814815 0.03333333333333333 0.03333333333333333
0 0.4552083333333333 0.47175925925925927 0.03333333333333333 0.03333333333333333
0 0.375 0.4708333333333333 0.03333333333333333 0.03333333333333333
0 0.29583333333333334 0.4699074074074074 0.03333333333333333 0.03333333333333333
0 0.7885416666666667 0.549074074074074 0.03333333333333333 0.03333333333333333
0 0.7041666666666667 0.5481481481481482 0.03333333333333333 0.03333333333333333
0 0.6197916666666666 0.5467592592592593 0.03333333333333333 0.03333333333333333
0 0.5354166666666667 0.5458333333333333 0.03333333333333333 0.03333333333333333
0 0.45208333333333334 0.5449074074074074 0.03333333333333333 0.03333333333333333
0 0.36770833333333336 0.5435185185185185 0.03333333333333333 0.03333333333333333
0 0.284375 0.5425925925925926 0.03333333333333333 0.03333333333333333
0 0.8020833333333334 0.6300925925925925 0.03333333333333333 0.03333333333333333
0 0.7125 0.6291666666666667 0.03333333333333333 0.03333333333333333
0 0.6239583333333333 0.6268518518518519 0.03333333333333333 0.03333333333333333
0 0.5364583333333334 0.6259259259259259 0.03333333333333333 0.03333333333333333
0 0.4479166666666667 0.625 0.03333333333333333 0.03333333333333333
0 0.36041666666666666 0.6240740740740741 0.03333333333333333 0.03333333333333333
0 0.27291666666666664 0.6217592592592592 0.03333333333333333 0.03333333333333333
0 0.8166666666666667 0.7199074074074074 0.03333333333333333 0.03333333333333333
0 0.7229166666666667 0.7175925925925926 0.03333333333333333 0.03333333333333333
0 0.6291666666666667 0.7166666666666667 0.03333333333333333 0.03333333333333333
0 0.5364583333333334 0.7148148148148148 0.03333333333333333 0.03333333333333333
0 0.44375 0.7134259259259259 0.03333333333333333 0.03333333333333333
0 0.35104166666666664 0.711574074074074 0.03333333333333333 0.03333333333333333
0 0.259375 0.7101851851851851 0.03333333333333333 0.03333333333333333