0 0.784375 0.19907407407407407 0.035416666666666666 0.03518518518518519
0 0.7041666666666667 0.19814814814814816 0.035416666666666666 0.03518518518518519
0 0.6229166666666667 0.19583333333333333 0.035416666666666666 0.03518518518518519
0 0.5385416666666667 0.1935185185185185 0.035416666666666666 0.03518518518518519
0 0.4510416666666667 0.19166666666666668 0.035416666666666666 0.03518518518518519
0 0.3614583333333333 0.1884259259259259 0.035416666666666666 0.03518518518518519
0 0.26875 0.1865740740740741 0.035416666666666666 0.03518518518518519
0 0.7989583333333333 0.27314814814814814 0.035416666666666666 0.03518518518518519
0 0.7177083333333333 0.27175925925925926 0.035416666666666666 0.03518518518518519
0 0.6333333333333333 0.2708333333333333 0.035416666666666666 0.03518518518518519
0 0.546875 0.26990740740740743 0.035416666666666666 0.03518518518518519
0 0.45729166666666665 0.26851851851851855 0.035416666666666666 0.03518518518518519
0 0.3645833333333333 0.2675925925925926 0.035416666666666666 0.03518518518518519
0 0.26979166666666665 0.26666666666666666 0.035416666666666666 0.03518518518518519
0 0.8145833333333333 0.35 0.035416666666666666 0.03518518518518519
0 0.7302083333333333 0.35 0.035416666666666666 0.03518518518518519
0 0.64375 0.35 0.035416666666666666 0.03518518518518519
0 0.5552083333333333 0.3509259259259259 0.035416666666666666 0.03518518518518519
0 0.4635416666666667 0.3509259259259259 0.035416666666666666 0.03518518518518519
0 0.36875 0.3509259259259259 0.035416666666666666 0.03518518518518519
0 0.26979166666666665 0.3509259259259259 0.035416666666666666 0.03518518518518519
0 0.8302083333333333 0.43148148148148147 0.035416666666666666 0.03518518518518519
0 0.7447916666666666 0.43333333333333335 0.035416666666666666 0.03518518518518519
0 0.65625 0.43425925925925923 0.035416666666666666 0.03518518518518519
0 0.5645833333333333 0.43657407407407406 0.035416666666666666 0.03518518518518519
0 0.46979166666666666 0.4375 0.035416666666666666 0.03518518518518519
0 0.371875 0.4398148148148148 0.035416666666666666 0.03518518518518519
0 0.2708333333333333 0.44166666666666665 0.035416666666666666 0.03518518518518519
0 0.8479166666666667 0.5175925925925926 0.035416666666666666 0.03518518518518519
0 0.759375 0.5208333333333334 0.035416666666666666 0.03518518518518519
0 0.66875 0.524074074074074 0.035416666666666666 0.03518518518518519
0 0.5739583333333333 0.5268518518518519 0.035416666666666666 0.03518518518518519
0 0.47708333333333336 0.5300925925925926 0.035416666666666666 0.03518518518518519
0 0.37604166666666666 0.5342592592592592 0.035416666666666666 0.03518518518518519
0 0.271875 0.5375 0.035416666666666666 0.03518518518518519
0 0.865625 0.6092592592592593 0.035416666666666666 0.03518518518518519
0 0.775 0.6148148148148148 0.035416666666666666 0.03518518518518519
0 0.6822916666666666 0.6185185185185185 0.035416666666666666 0.03518518518518519
0 0.5854166666666667 0.6240740740740741 0.035416666666666666 0.03518518518518519
0 0.484375 0.6291666666666667 0.035416666666666666 0.03518518518518519
0 0.38125 0.6342592592592593 0.035416666666666666 0.03518518518518519
0 0.27291666666666664 0.6398148148148148 0.035416666666666666 0.03518518518518519
0 0.8854166666666666 0.7064814814814815 0.035416666666666666 0.03518518518518519
0 0.7916666666666666 0.7134259259259259 0.035416666666666666 0.03518518518518519
0 0.6958333333333333 0.7199074074074074 0.035416666666666666 0.03518518518518519
0 0.5958333333333333 0.7268518518518519 0.035416666666666666 0.03518518518518519
0 0.49270833333333336 0.7342592592592593 0.035416666666666666 0.03518518518518519
0 0.3854166666666667 0.7416666666666667 0.035416666666666666 0.03518518518518519
0 0.27395833333333336 0.7490740740740741 0.035416666666666666 0.03518518518518519