0 0.7666666666666667 0.18518518518518517 0.035416666666666666 0.03518518518518519
0 0.6885416666666667 0.18425925925925926 0.035416666666666666 0.03518518518518519
0 0.6104166666666667 0.18333333333333332 0.035416666666666666 0.03518518518518519
0 0.5322916666666667 0.1824074074074074 0.035416666666666666 0.03518518518518519
0 0.45416666666666666 0.1814814814814815 0.035416666666666666 0.03518518518518519
0 0.3770833333333333 0.18009259259259258 0.035416666666666666 0.03518518518518519
0 0.2989583333333333 0.17916666666666667 0.035416666666666666 0.03518518518518519
0 0.778125 0.24074074074074073 0.035416666666666666 0.03518518518518519
0 0.696875 0.23981481481481481 0.035416666666666666 0.03518518518518519
0 0.615625 0.23842592592592593 0.035416666666666666 0.03518518518518519
0 0.5354166666666667 0.2375 0.035416666666666666 0.03518518518518519
0 0.45416666666666666 0.23657407407407408 0.035416666666666666 0.03518518518518519
0 0.37395833333333334 0.2351851851851852 0.035416666666666666 0.03518518518518519
0 0.29270833333333335 0.23425925925925925 0.035416666666666666 0.03518518518518519
0 0.7916666666666666 0.30092592592592593 0.035416666666666666 0.03518518518518519
0 0.70625 0.3 0.035416666666666666 0.03518518518518519
0 0.621875 0.29907407407407405 0.035416666666666666 0.03518518518518519
0 0.5375 0.29814814814814816 0.035416666666666666 0.03518518518518519
0 0.45416666666666666 0.29583333333333334 0.035416666666666666 0.03518518518518519
0 0.3697916666666667 0.2949074074074074 0.035416666666666666 0.03518518518518519
0 0.28541666666666665 0.2935185185185185 0.035416666666666666 0.03518518518518519
0 0.8052083333333333 0.36666666666666664 0.035416666666666666 0.03518518518518519
0 0.7166666666666667 0.36574074074074076 0.035416666666666666 0.03518518518518519
0 0.6291666666666667 0.36342592592592593 0.035416666666666666 0.03518518518518519
0 0.540625 0.3625 0.035416666666666666 0.03518518518518519
0 0.453125 0.36157407407407405 0.035416666666666666 0.03518518518518519
0 0.365625 0.36018518518518516 0.035416666666666666 0.03518518518518519
0 0.278125 0.35833333333333334 0.035416666666666666 0.03518518518518519
0 0.8208333333333333 0.4375 0.035416666666666666 0.03518518518518519
0 0.728125 0.43657407407407406 0.035416666666666666 0.03518518518518519
0 0.6364583333333333 0.4351851851851852 0.035416666666666666 0.03518518518518519
0 0.5447916666666667 0.43333333333333335 0.035416666666666666 0.03518518518518519
0 0.453125 0.4324074074074074 0.035416666666666666 0.03518518518518519
0 0.3614583333333333 0.4300925925925926 0.035416666666666666 0.03518518518518519
0 0.26979166666666665 0.42916666666666664 0.035416666666666666 0.03518518518518519
0 0.8375 0.5157407407407407 0.035416666666666666 0.03518518518518519
0 0.740625 0.5148148148148148 0.035416666666666666 0.03518518518518519
0 0.6447916666666667 0.5125 0.035416666666666666 0.03518518518518519
0 0.5479166666666667 0.5115740740740741 0.035416666666666666 0.03518518518518519
0 0.45208333333333334 0.5092592592592593 0.035416666666666666 0.03518518518518519
0 0.35625 0.5083333333333333 0.035416666666666666 0.03518518518518519
0 0.2604166666666667 0.5064814814814815 0.035416666666666666 0.03518518518518519
0 0.8552083333333333 0.6018518518518519 0.035416666666666666 0.03518518518518519
0 0.7541666666666667 0.6 0.035416666666666666 0.03518518518518519
0 0.653125 0.5981481481481481 0.035416666666666666 0.03518518518518519
0 0.5520833333333334 0.5967592592592592 0.035416666666666666 0.03518518518518519
0 0.45208333333333334 0.5949074074074074 0.035416666666666666 0.03518518518518519
0 0.35104166666666664 0.5925925925925926 0.035416666666666666 0.03518518518518519
0 0.25104166666666666 0.5916666666666667 0.035416666666666666 0.03518518518518519