0 0.228125 0.7092592592592593 0.029166666666666667 0.029166666666666667
0 0.31354166666666666 0.7083333333333334 0.029166666666666667 0.029166666666666667
0 0.4 0.7074074074074074 0.029166666666666667 0.029166666666666667
0 0.4864583333333333 0.7064814814814815 0.029166666666666667 0.029166666666666667
0 0.5729166666666666 0.7050925925925926 0.029166666666666667 0.029166666666666667
0 0.6604166666666667 0.7041666666666667 0.029166666666666667 0.029166666666666667
0 0.746875 0.7032407407407407 0.029166666666666667 0.029166666666666667
0 0.23958333333333334 0.6240740740740741 0.029166666666666667 0.029166666666666667
0 0.321875 0.6231481481481481 0.029166666666666667 0.029166666666666667
0 0.4041666666666667 0.6217592592592592 0.029166666666666667 0.029166666666666667
0 0.4875 0.6208333333333333 0.029166666666666667 0.029166666666666667
0 0.5697916666666667 0.6199074074074075 0.029166666666666667 0.029166666666666667
0 0.653125 0.6185185185185185 0.029166666666666667 0.029166666666666667
0 0.7364583333333333 0.6166666666666667 0.029166666666666667 0.029166666666666667
0 0.25 0.5449074074074074 0.029166666666666667 0.029166666666666667
0 0.32916666666666666 0.5435185185185185 0.029166666666666667 0.029166666666666667
0 0.4083333333333333 0.5425925925925926 0.029166666666666667 0.029166666666666667
0 0.4875 0.5416666666666666 0.029166666666666667 0.029166666666666667
0 0.5666666666666667 0.5407407407407407 0.029166666666666667 0.029166666666666667
0 0.646875 0.5398148148148149 0.029166666666666667 0.029166666666666667
0 0.7270833333333333 0.538425925925926 0.029166666666666667 0.029166666666666667
0 0.259375 0.47175925925925927 0.029166666666666667 0.029166666666666667
0 0.33541666666666664 0.4708333333333333 0.029166666666666667 0.029166666666666667
0 0.4114583333333333 0.4699074074074074 0.029166666666666667 0.029166666666666667
0 0.4875 0.4685185185185185 0.029166666666666667 0.029166666666666667
0 0.5645833333333333 0.4675925925925926 0.029166666666666667 0.029166666666666667
0 0.640625 0.4666666666666667 0.029166666666666667 0.029166666666666667
0 0.7177083333333333 0.46574074074074073 0.029166666666666667 0.029166666666666667
0 0.2677083333333333 0.4050925925925926 0.029166666666666667 0.029166666666666667
0 0.3416666666666667 0.4041666666666667 0.029166666666666667 0.029166666666666667
0 0.41458333333333336 0.40185185185185185 0.029166666666666667 0.029166666666666667
0 0.48854166666666665 0.4009259259259259 0.029166666666666667 0.029166666666666667
0 0.5614583333333333 0.4 0.029166666666666667 0.029166666666666667
0 0.6354166666666666 0.3990740740740741 0.029166666666666667 0.029166666666666667
0 0.709375 0.39814814814814814 0.029166666666666667 0.029166666666666667
0 0.2760416666666667 0.3425925925925926 0.029166666666666667 0.029166666666666667
0 0.346875 0.3416666666666667 0.029166666666666667 0.029166666666666667
0 0.41770833333333335 0.3398148148148148 0.029166666666666667 0.029166666666666667
0 0.48854166666666665 0.3384259259259259 0.029166666666666667 0.029166666666666667
0 0.559375 0.3375 0.029166666666666667 0.029166666666666667
0 0.6302083333333334 0.3365740740740741 0.029166666666666667 0.029166666666666667
0 0.7020833333333333 0.3351851851851852 0.029166666666666667 0.029166666666666667
0 0.284375 0.28425925925925927 0.029166666666666667 0.029166666666666667
0 0.35208333333333336 0.2833333333333333 0.029166666666666667 0.029166666666666667
0 0.42083333333333334 0.2824074074074074 0.029166666666666667 0.029166666666666667
0 0.48854166666666665 0.2814814814814815 0.029166666666666667 0.029166666666666667
0 0.5572916666666666 0.2791666666666667 0.029166666666666667 0.029166666666666667
0 0.6260416666666667 0.27824074074074073 0.029166666666666667 0.029166666666666667
0 0.6947916666666667 0.27685185185185185 0.029166666666666667 0.029166666666666667