0 0.6958333333333333 0.14027777777777778 0.027083333333333334 0.03611111111111111
0 0.6270833333333333 0.1388888888888889 0.027083333333333334 0.03611111111111111
0 0.5572916666666666 0.1388888888888889 0.027083333333333334 0.03611111111111111
0 0.4875 0.1375 0.027083333333333334 0.03611111111111111
0 0.4166666666666667 0.1375 0.027083333333333334 0.03611111111111111
0 0.3458333333333333 0.1361111111111111 0.027083333333333334 0.03611111111111111
0 0.27395833333333336 0.13472222222222222 0.027083333333333334 0.03611111111111111
0 0.7083333333333334 0.20277777777777778 0.027083333333333334 0.03611111111111111
0 0.6364583333333333 0.20277777777777778 0.027083333333333334 0.03611111111111111
0 0.5635416666666667 0.2013888888888889 0.027083333333333334 0.03611111111111111
0 0.4895833333333333 0.2013888888888889 0.027083333333333334 0.03611111111111111
0 0.415625 0.2013888888888889 0.027083333333333334 0.03611111111111111
0 0.340625 0.2 0.027083333333333334 0.03611111111111111
0 0.265625 0.2 0.027083333333333334 0.03611111111111111
0 0.721875 0.2722222222222222 0.027083333333333334 0.03611111111111111
0 0.6458333333333334 0.2722222222222222 0.027083333333333334 0.03611111111111111
0 0.5697916666666667 0.2722222222222222 0.027083333333333334 0.03611111111111111
0 0.49270833333333336 0.2722222222222222 0.027083333333333334 0.03611111111111111
0 0.41458333333333336 0.2708333333333333 0.027083333333333334 0.03611111111111111
0 0.33541666666666664 0.2708333333333333 0.027083333333333334 0.03611111111111111
0 0.25625 0.2708333333333333 0.027083333333333334 0.03611111111111111
0 0.7375 0.35 0.027083333333333334 0.03611111111111111
0 0.6572916666666667 0.35 0.027083333333333334 0.03611111111111111
0 0.5770833333333333 0.35 0.027083333333333334 0.03611111111111111
0 0.4947916666666667 0.35 0.027083333333333334 0.03611111111111111
0 0.4125 0.35 0.027083333333333334 0.03611111111111111
0 0.32916666666666666 0.35 0.027083333333333334 0.03611111111111111
0 0.24479166666666666 0.35 0.027083333333333334 0.03611111111111111
0 0.7541666666666667 0.43472222222222223 0.027083333333333334 0.03611111111111111
0 0.6697916666666667 0.4361111111111111 0.027083333333333334 0.03611111111111111
0 0.584375 0.4361111111111111 0.027083333333333334 0.03611111111111111
0 0.4979166666666667 0.4375 0.027083333333333334 0.03611111111111111
0 0.41041666666666665 0.4375 0.027083333333333334 0.03611111111111111
0 0.3229166666666667 0.4375 0.027083333333333334 0.03611111111111111
0 0.23333333333333334 0.4388888888888889 0.027083333333333334 0.03611111111111111
0 0.7739583333333333 0.5319444444444444 0.027083333333333334 0.03611111111111111
0 0.6833333333333333 0.5333333333333333 0.027083333333333334 0.03611111111111111
0 0.5927083333333333 0.5333333333333333 0.027083333333333334 0.03611111111111111
0 0.5010416666666667 0.5347222222222222 0.027083333333333334 0.03611111111111111
0 0.4083333333333333 0.5361111111111111 0.027083333333333334 0.03611111111111111
0 0.3145833333333333 0.5375 0.027083333333333334 0.03611111111111111
0 0.21979166666666666 0.5388888888888889 0.027083333333333334 0.03611111111111111
0 0.7947916666666667 0.6402777777777777 0.027083333333333334 0.03611111111111111
0 0.7 0.6430555555555556 0.027083333333333334 0.03611111111111111
0 0.603125 0.6444444444444445 0.027083333333333334 0.03611111111111111
0 0.5052083333333334 0.6458333333333334 0.027083333333333334 0.03611111111111111
0 0.40625 0.6486111111111111 0.027083333333333334 0.03611111111111111
0 0.30625 0.65 0.027083333333333334 0.03611111111111111
0 0.20520833333333333 0.6513888888888889 0.027083333333333334 0.03611111111111111