0 0.33229166666666665 0.6152777777777778 0.020833333333333332 0.027777777777777776
0 0.40729166666666666 0.6125 0.020833333333333332 0.027777777777777776
0 0.48333333333333334 0.6083333333333333 0.020833333333333332 0.027777777777777776
0 0.559375 0.6055555555555555 0.020833333333333332 0.027777777777777776
0 0.634375 0.6013888888888889 0.020833333333333332 0.027777777777777776
0 0.7104166666666667 0.5986111111111111 0.020833333333333332 0.027777777777777776
0 0.7854166666666667 0.5944444444444444 0.020833333333333332 0.027777777777777776
0 0.3375 0.5305555555555556 0.020833333333333332 0.027777777777777776
0 0.409375 0.5277777777777778 0.020833333333333332 0.027777777777777776
0 0.48125 0.525 0.020833333333333332 0.027777777777777776
0 0.553125 0.5208333333333334 0.020833333333333332 0.027777777777777776
0 0.625 0.5180555555555556 0.020833333333333332 0.027777777777777776
0 0.696875 0.5152777777777777 0.020833333333333332 0.027777777777777776
0 0.7677083333333333 0.5125 0.020833333333333332 0.027777777777777776
0 0.3416666666666667 0.45555555555555555 0.020833333333333332 0.027777777777777776
0 0.41041666666666665 0.4513888888888889 0.020833333333333332 0.027777777777777776
0 0.4791666666666667 0.4486111111111111 0.020833333333333332 0.027777777777777776
0 0.5479166666666667 0.44583333333333336 0.020833333333333332 0.027777777777777776
0 0.6166666666666667 0.44305555555555554 0.020833333333333332 0.027777777777777776
0 0.684375 0.44027777777777777 0.020833333333333332 0.027777777777777776
0 0.753125 0.4375 0.020833333333333332 0.027777777777777776
0 0.346875 0.3861111111111111 0.020833333333333332 0.027777777777777776
0 0.4125 0.38333333333333336 0.020833333333333332 0.027777777777777776
0 0.478125 0.38055555555555554 0.020833333333333332 0.027777777777777776
0 0.5427083333333333 0.37777777777777777 0.020833333333333332 0.027777777777777776
0 0.6083333333333333 0.375 0.020833333333333332 0.027777777777777776
0 0.6739583333333333 0.37222222222222223 0.020833333333333332 0.027777777777777776
0 0.7385416666666667 0.3680555555555556 0.020833333333333332 0.027777777777777776
0 0.35104166666666664 0.32222222222222224 0.020833333333333332 0.027777777777777776
0 0.41354166666666664 0.3194444444444444 0.020833333333333332 0.027777777777777776
0 0.47604166666666664 0.31666666666666665 0.020833333333333332 0.027777777777777776
0 0.5385416666666667 0.3138888888888889 0.020833333333333332 0.027777777777777776
0 0.6010416666666667 0.3111111111111111 0.020833333333333332 0.027777777777777776
0 0.6635416666666667 0.30972222222222223 0.020833333333333332 0.027777777777777776
0 0.7260416666666667 0.30694444444444446 0.020833333333333332 0.027777777777777776
0 0.3541666666666667 0.2638888888888889 0.020833333333333332 0.027777777777777776
0 0.41458333333333336 0.2611111111111111 0.020833333333333332 0.027777777777777776
0 0.475 0.25972222222222224 0.020833333333333332 0.027777777777777776
0 0.534375 0.2569444444444444 0.020833333333333332 0.027777777777777776
0 0.5947916666666667 0.25416666666666665 0.020833333333333332 0.027777777777777776
0 0.6541666666666667 0.2513888888888889 0.020833333333333332 0.027777777777777776
0 0.7145833333333333 0.24861111111111112 0.020833333333333332 0.027777777777777776
0 0.35833333333333334 0.2111111111111111 0.020833333333333332 0.027777777777777776
0 0.415625 0.20833333333333334 0.020833333333333332 0.027777777777777776
0 0.47291666666666665 0.20555555555555555 0.020833333333333332 0.027777777777777776
0 0.53125 0.20416666666666666 0.020833333333333332 0.027777777777777776
0 0.5885416666666666 0.2013888888888889 0.020833333333333332 0.027777777777777776
0 0.6458333333333334 0.1986111111111111 0.020833333333333332 0.027777777777777776
0 0.703125 0.19722222222222222 0.020833333333333332 0.027777777777777776