0 0.7 0.17777777777777778 0.025 0.03333333333333333
0 0.6333333333333333 0.17916666666666667 0.025 0.03333333333333333
0 0.5666666666666667 0.18055555555555555 0.025 0.03333333333333333
0 0.5010416666666667 0.18194444444444444 0.025 0.03333333333333333
0 0.434375 0.18194444444444444 0.025 0.03333333333333333
0 0.36770833333333336 0.18333333333333332 0.025 0.03333333333333333
0 0.3020833333333333 0.18472222222222223 0.025 0.03333333333333333
0 0.7104166666666667 0.24166666666666667 0.025 0.03333333333333333
0 0.6416666666666667 0.24305555555555555 0.025 0.03333333333333333
0 0.571875 0.24305555555555555 0.025 0.03333333333333333
0 0.5020833333333333 0.24444444444444444 0.025 0.03333333333333333
0 0.4322916666666667 0.24583333333333332 0.025 0.03333333333333333
0 0.36354166666666665 0.24722222222222223 0.025 0.03333333333333333
0 0.29375 0.24861111111111112 0.025 0.03333333333333333
0 0.7229166666666667 0.3111111111111111 0.025 0.03333333333333333
0 0.65 0.3125 0.025 0.03333333333333333
0 0.5770833333333333 0.3125 0.025 0.03333333333333333
0 0.5041666666666667 0.3138888888888889 0.025 0.03333333333333333
0 0.43125 0.31527777777777777 0.025 0.03333333333333333
0 0.3572916666666667 0.31666666666666665 0.025 0.03333333333333333
0 0.284375 0.31805555555555554 0.025 0.03333333333333333
0 0.7364583333333333 0.3875 0.025 0.03333333333333333
0 0.659375 0.3888888888888889 0.025 0.03333333333333333
0 0.5822916666666667 0.3902777777777778 0.025 0.03333333333333333
0 0.50625 0.39166666666666666 0.025 0.03333333333333333
0 0.42916666666666664 0.39305555555555555 0.025 0.03333333333333333
0 0.35208333333333336 0.39444444444444443 0.025 0.03333333333333333
0 0.27395833333333336 0.3958333333333333 0.025 0.03333333333333333
0 0.7520833333333333 0.4736111111111111 0.025 0.03333333333333333
0 0.6708333333333333 0.475 0.025 0.03333333333333333
0 0.5895833333333333 0.47638888888888886 0.025 0.03333333333333333
0 0.5072916666666667 0.4777777777777778 0.025 0.03333333333333333
0 0.42604166666666665 0.4791666666666667 0.025 0.03333333333333333
0 0.34479166666666666 0.48055555555555557 0.025 0.03333333333333333
0 0.2635416666666667 0.48194444444444445 0.025 0.03333333333333333
0 0.76875 0.5694444444444444 0.025 0.03333333333333333
0 0.6822916666666666 0.5708333333333333 0.025 0.03333333333333333
0 0.5958333333333333 0.5722222222222222 0.025 0.03333333333333333
0 0.5104166666666666 0.5736111111111111 0.025 0.03333333333333333
0 0.4239583333333333 0.575 0.025 0.03333333333333333
0 0.3375 0.5763888888888888 0.025 0.03333333333333333
0 0.25104166666666666 0.5777777777777777 0.025 0.03333333333333333
0 0.7875 0.6777777777777778 0.025 0.03333333333333333
0 0.6958333333333333 0.6791666666666667 0.025 0.03333333333333333
0 0.6041666666666666 0.6805555555555556 0.025 0.03333333333333333
0 0.5125 0.6819444444444445 0.025 0.03333333333333333
0 0.42083333333333334 0.6833333333333333 0.025 0.03333333333333333
0 0.32916666666666666 0.6847222222222222 0.025 0.03333333333333333
0 0.23645833333333333 0.6875 0.025 0.03333333333333333