0 0.30416666666666664 0.6458333333333334 0.020833333333333332 0.027777777777777776
0 0.37916666666666665 0.6472222222222223 0.020833333333333332 0.027777777777777776
0 0.4552083333333333 0.6472222222222223 0.020833333333333332 0.027777777777777776
0 0.53125 0.6486111111111111 0.020833333333333332 0.027777777777777776
0 0.609375 0.6486111111111111 0.020833333333333332 0.027777777777777776
0 0.6875 0.6486111111111111 0.020833333333333332 0.027777777777777776
0 0.7677083333333333 0.65 0.020833333333333332 0.027777777777777776
0 0.3145833333333333 0.5597222222222222 0.020833333333333332 0.027777777777777776
0 0.38645833333333335 0.5597222222222222 0.020833333333333332 0.027777777777777776
0 0.4583333333333333 0.5597222222222222 0.020833333333333332 0.027777777777777776
0 0.53125 0.5597222222222222 0.020833333333333332 0.027777777777777776
0 0.6052083333333333 0.5597222222222222 0.020833333333333332 0.027777777777777776
0 0.6802083333333333 0.5597222222222222 0.020833333333333332 0.027777777777777776
0 0.75625 0.5597222222222222 0.020833333333333332 0.027777777777777776
0 0.32395833333333335 0.48055555555555557 0.020833333333333332 0.027777777777777776
0 0.3927083333333333 0.48055555555555557 0.020833333333333332 0.027777777777777776
0 0.46145833333333336 0.4791666666666667 0.020833333333333332 0.027777777777777776
0 0.53125 0.4791666666666667 0.020833333333333332 0.027777777777777776
0 0.6020833333333333 0.4791666666666667 0.020833333333333332 0.027777777777777776
0 0.6729166666666667 0.4791666666666667 0.020833333333333332 0.027777777777777776
0 0.7447916666666666 0.4777777777777778 0.020833333333333332 0.027777777777777776
0 0.33229166666666665 0.4083333333333333 0.020833333333333332 0.027777777777777776
0 0.39791666666666664 0.4083333333333333 0.020833333333333332 0.027777777777777776
0 0.46458333333333335 0.40694444444444444 0.020833333333333332 0.027777777777777776
0 0.53125 0.40555555555555556 0.020833333333333332 0.027777777777777776
0 0.5989583333333334 0.40555555555555556 0.020833333333333332 0.027777777777777776
0 0.6666666666666666 0.4041666666666667 0.020833333333333332 0.027777777777777776
0 0.7354166666666667 0.4041666666666667 0.020833333333333332 0.027777777777777776
0 0.340625 0.3416666666666667 0.020833333333333332 0.027777777777777776
0 0.403125 0.3416666666666667 0.020833333333333332 0.027777777777777776
0 0.4666666666666667 0.3402777777777778 0.020833333333333332 0.027777777777777776
0 0.53125 0.3388888888888889 0.020833333333333332 0.027777777777777776
0 0.5958333333333333 0.3375 0.020833333333333332 0.027777777777777776
0 0.6604166666666667 0.33611111111111114 0.020833333333333332 0.027777777777777776
0 0.7270833333333333 0.33611111111111114 0.020833333333333332 0.027777777777777776
0 0.34791666666666665 0.28055555555555556 0.020833333333333332 0.027777777777777776
0 0.4083333333333333 0.2791666666666667 0.020833333333333332 0.027777777777777776
0 0.46875 0.2777777777777778 0.020833333333333332 0.027777777777777776
0 0.5302083333333333 0.2763888888888889 0.020833333333333332 0.027777777777777776
0 0.5927083333333333 0.275 0.020833333333333332 0.027777777777777776
0 0.6552083333333333 0.27361111111111114 0.020833333333333332 0.027777777777777776
0 0.71875 0.2722222222222222 0.020833333333333332 0.027777777777777776
0 0.3541666666666667 0.225 0.020833333333333332 0.027777777777777776
0 0.4125 0.2222222222222222 0.020833333333333332 0.027777777777777776
0 0.4708333333333333 0.22083333333333333 0.020833333333333332 0.027777777777777776
0 0.5302083333333333 0.21944444444444444 0.020833333333333332 0.027777777777777776
0 0.590625 0.21805555555555556 0.020833333333333332 0.027777777777777776
0 0.65 0.21666666666666667 0.020833333333333332 0.027777777777777776
0 0.7114583333333333 0.2152777777777778 0.020833333333333332 0.027777777777777776