0 0.3104166666666667 0.37916666666666665 0.01875 0.025
0 0.30520833333333336 0.44166666666666665 0.01875 0.025
0 0.2989583333333333 0.5083333333333333 0.01875 0.025
0 0.29375 0.5791666666666667 0.01875 0.025
0 0.2864583333333333 0.6541666666666667 0.01875 0.025
0 0.28020833333333334 0.7333333333333333 0.01875 0.025
0 0.27291666666666664 0.8180555555555555 0.01875 0.025
0 0.3729166666666667 0.38055555555555554 0.01875 0.025
0 0.3697916666666667 0.44305555555555554 0.01875 0.025
0 0.365625 0.5097222222222222 0.01875 0.025
0 0.3614583333333333 0.5791666666666667 0.01875 0.025
0 0.3572916666666667 0.6541666666666667 0.01875 0.025
0 0.353125 0.7347222222222223 0.01875 0.025
0 0.34791666666666665 0.8194444444444444 0.01875 0.025
0 0.4354166666666667 0.38055555555555554 0.01875 0.025
0 0.434375 0.44305555555555554 0.01875 0.025
0 0.4322916666666667 0.5097222222222222 0.01875 0.025
0 0.43020833333333336 0.5805555555555556 0.01875 0.025
0 0.428125 0.6555555555555556 0.01875 0.025
0 0.42604166666666665 0.7347222222222223 0.01875 0.025
0 0.4239583333333333 0.8194444444444444 0.01875 0.025
0 0.49895833333333334 0.3819444444444444 0.01875 0.025
0 0.49895833333333334 0.4444444444444444 0.01875 0.025
0 0.49895833333333334 0.5111111111111111 0.01875 0.025
0 0.49895833333333334 0.5819444444444445 0.01875 0.025
0 0.49895833333333334 0.6555555555555556 0.01875 0.025
0 0.49895833333333334 0.7361111111111112 0.01875 0.025
0 0.49895833333333334 0.8208333333333333 0.01875 0.025
0 0.5614583333333333 0.3819444444444444 0.01875 0.025
0 0.5635416666666667 0.4444444444444444 0.01875 0.025
0 0.565625 0.5111111111111111 0.01875 0.025
0 0.5677083333333334 0.5819444444444445 0.01875 0.025
0 0.5697916666666667 0.6569444444444444 0.01875 0.025
0 0.571875 0.7361111111111112 0.01875 0.025
0 0.5739583333333333 0.8222222222222222 0.01875 0.025
0 0.6239583333333333 0.38333333333333336 0.01875 0.025
0 0.628125 0.44583333333333336 0.01875 0.025
0 0.6322916666666667 0.5125 0.01875 0.025
0 0.6354166666666666 0.5833333333333334 0.01875 0.025
0 0.640625 0.6583333333333333 0.01875 0.025
0 0.6447916666666667 0.7375 0.01875 0.025
0 0.65 0.8222222222222222 0.01875 0.025
0 0.6875 0.38333333333333336 0.01875 0.025
0 0.6927083333333334 0.44722222222222224 0.01875 0.025
0 0.6979166666666666 0.5125 0.01875 0.025
0 0.7041666666666667 0.5833333333333334 0.01875 0.025
0 0.7104166666666667 0.6583333333333333 0.01875 0.025
0 0.7177083333333333 0.7388888888888889 0.01875 0.025
0 0.725 0.8236111111111111 0.01875 0.025