0 0.70625 0.16203703703703703 0.022916666666666665 0.03425925925925926
0 0.6302083333333334 0.16203703703703703 0.022916666666666665 0.03425925925925926
0 0.5541666666666667 0.16064814814814815 0.022916666666666665 0.03425925925925926
0 0.478125 0.16064814814814815 0.022916666666666665 0.03425925925925926
0 0.4010416666666667 0.1587962962962963 0.022916666666666665 0.03425925925925926
0 0.32395833333333335 0.1587962962962963 0.022916666666666665 0.03425925925925926
0 0.24583333333333332 0.1574074074074074 0.022916666666666665 0.03425925925925926
0 0.7177083333333333 0.2412037037037037 0.022916666666666665 0.03425925925925926
0 0.6395833333333333 0.2412037037037037 0.022916666666666665 0.03425925925925926
0 0.5604166666666667 0.2412037037037037 0.022916666666666665 0.03425925925925926
0 0.48125 0.23981481481481481 0.022916666666666665 0.03425925925925926
0 0.4010416666666667 0.23981481481481481 0.022916666666666665 0.03425925925925926
0 0.32083333333333336 0.23981481481481481 0.022916666666666665 0.03425925925925926
0 0.23958333333333334 0.23981481481481481 0.022916666666666665 0.03425925925925926
0 0.7302083333333333 0.32731481481481484 0.022916666666666665 0.03425925925925926
0 0.6489583333333333 0.32731481481481484 0.022916666666666665 0.03425925925925926
0 0.5666666666666667 0.32731481481481484 0.022916666666666665 0.03425925925925926
0 0.484375 0.32731481481481484 0.022916666666666665 0.03425925925925926
0 0.40208333333333335 0.32731481481481484 0.022916666666666665 0.03425925925925926
0 0.31875 0.32731481481481484 0.022916666666666665 0.03425925925925926
0 0.234375 0.32731481481481484 0.022916666666666665 0.03425925925925926
0 0.74375 0.4203703703703704 0.022916666666666665 0.03425925925925926
0 0.659375 0.4203703703703704 0.022916666666666665 0.03425925925925926
0 0.5739583333333333 0.4203703703703704 0.022916666666666665 0.03425925925925926
0 0.48854166666666665 0.4203703703703704 0.022916666666666665 0.03425925925925926
0 0.40208333333333335 0.4222222222222222 0.022916666666666665 0.03425925925925926
0 0.315625 0.4222222222222222 0.022916666666666665 0.03425925925925926
0 0.228125 0.4222222222222222 0.022916666666666665 0.03425925925925926
0 0.7583333333333333 0.5203703703703704 0.022916666666666665 0.03425925925925926
0 0.6708333333333333 0.5217592592592593 0.022916666666666665 0.03425925925925926
0 0.5822916666666667 0.5217592592592593 0.022916666666666665 0.03425925925925926
0 0.49270833333333336 0.5231481481481481 0.022916666666666665 0.03425925925925926
0 0.403125 0.5231481481481481 0.022916666666666665 0.03425925925925926
0 0.3125 0.525 0.022916666666666665 0.03425925925925926
0 0.22083333333333333 0.525 0.022916666666666665 0.03425925925925926
0 0.7739583333333333 0.6310185185185185 0.022916666666666665 0.03425925925925926
0 0.6822916666666666 0.6310185185185185 0.022916666666666665 0.03425925925925926
0 0.590625 0.6324074074074074 0.022916666666666665 0.03425925925925926
0 0.496875 0.6337962962962963 0.022916666666666665 0.03425925925925926
0 0.403125 0.6356481481481482 0.022916666666666665 0.03425925925925926
0 0.30833333333333335 0.6356481481481482 0.022916666666666665 0.03425925925925926
0 0.21354166666666666 0.6370370370370371 0.022916666666666665 0.03425925925925926
0 0.7916666666666666 0.7490740740740741 0.022916666666666665 0.03425925925925926
0 0.6958333333333333 0.7509259259259259 0.022916666666666665 0.03425925925925926
0 0.5989583333333334 0.7523148148148148 0.022916666666666665 0.03425925925925926
0 0.5020833333333333 0.7537037037037037 0.022916666666666665 0.03425925925925926
0 0.4041666666666667 0.7569444444444444 0.022916666666666665 0.03425925925925926
0 0.30520833333333336 0.7587962962962963 0.022916666666666665 0.03425925925925926
0 0.20520833333333333 0.7601851851851852 0.022916666666666665 0.03425925925925926