0 0.7197916666666667 0.2375 0.035416666666666666 0.03518518518518519
0 0.6447916666666667 0.23657407407407408 0.035416666666666666 0.03518518518518519
0 0.5697916666666667 0.23425925925925925 0.035416666666666666 0.03518518518518519
0 0.4947916666666667 0.23333333333333334 0.035416666666666666 0.03518518518518519
0 0.4197916666666667 0.2324074074074074 0.035416666666666666 0.03518518518518519
0 0.34479166666666666 0.23148148148148148 0.035416666666666666 0.03518518518518519
0 0.26979166666666665 0.2300925925925926 0.035416666666666666 0.03518518518518519
0 0.7291666666666666 0.2916666666666667 0.035416666666666666 0.03518518518518519
0 0.6510416666666666 0.29074074074074074 0.035416666666666666 0.03518518518518519
0 0.5739583333333333 0.2884259259259259 0.035416666666666666 0.03518518518518519
0 0.49583333333333335 0.2875 0.035416666666666666 0.03518518518518519
0 0.41770833333333335 0.2865740740740741 0.035416666666666666 0.03518518518518519
0 0.33958333333333335 0.2851851851851852 0.035416666666666666 0.03518518518518519
0 0.26145833333333335 0.2833333333333333 0.035416666666666666 0.03518518518518519
0 0.7395833333333334 0.35 0.035416666666666666 0.03518518518518519
0 0.6583333333333333 0.3490740740740741 0.035416666666666666 0.03518518518518519
0 0.5770833333333333 0.34814814814814815 0.035416666666666666 0.03518518518518519
0 0.49583333333333335 0.3458333333333333 0.035416666666666666 0.03518518518518519
0 0.41458333333333336 0.3449074074074074 0.035416666666666666 0.03518518518518519
0 0.3333333333333333 0.3435185185185185 0.035416666666666666 0.03518518518518519
0 0.2520833333333333 0.3416666666666667 0.035416666666666666 0.03518518518518519
0 0.7520833333333333 0.4148148148148148 0.035416666666666666 0.03518518518518519
0 0.6666666666666666 0.4125 0.035416666666666666 0.03518518518518519
0 0.5822916666666667 0.4115740740740741 0.035416666666666666 0.03518518518518519
0 0.496875 0.4101851851851852 0.035416666666666666 0.03518518518518519
0 0.4125 0.4083333333333333 0.035416666666666666 0.03518518518518519
0 0.32708333333333334 0.4074074074074074 0.035416666666666666 0.03518518518518519
0 0.24270833333333333 0.4064814814814815 0.035416666666666666 0.03518518518518519
0 0.7645833333333333 0.4842592592592593 0.035416666666666666 0.03518518518518519
0 0.6760416666666667 0.4824074074074074 0.035416666666666666 0.03518518518518519
0 0.5864583333333333 0.48148148148148145 0.035416666666666666 0.03518518518518519
0 0.4979166666666667 0.4791666666666667 0.035416666666666666 0.03518518518518519
0 0.409375 0.47824074074074074 0.035416666666666666 0.03518518518518519
0 0.31979166666666664 0.47685185185185186 0.035416666666666666 0.03518518518518519
0 0.23125 0.475 0.035416666666666666 0.03518518518518519
0 0.778125 0.5601851851851852 0.035416666666666666 0.03518518518518519
0 0.6854166666666667 0.5592592592592592 0.035416666666666666 0.03518518518518519
0 0.5916666666666667 0.5574074074074075 0.035416666666666666 0.03518518518518519
0 0.49895833333333334 0.5564814814814815 0.035416666666666666 0.03518518518518519
0 0.40625 0.5541666666666667 0.035416666666666666 0.03518518518518519
0 0.3125 0.5532407407407407 0.035416666666666666 0.03518518518518519
0 0.21979166666666666 0.5509259259259259 0.035416666666666666 0.03518518518518519
0 0.79375 0.6449074074074074 0.035416666666666666 0.03518518518518519
0 0.6958333333333333 0.6435185185185185 0.035416666666666666 0.03518518518518519
0 0.5979166666666667 0.6416666666666667 0.035416666666666666 0.03518518518518519
0 0.5 0.6407407407407407 0.035416666666666666 0.03518518518518519
0 0.40208333333333335 0.638425925925926 0.035416666666666666 0.03518518518518519
0 0.30416666666666664 0.6375 0.035416666666666666 0.03518518518518519
0 0.20625 0.6351851851851852 0.035416666666666666 0.03518518518518519