0 0.7802083333333333 0.6791666666666667 0.022916666666666665 0.030555555555555555
0 0.7677083333333333 0.5930555555555556 0.022916666666666665 0.030555555555555555
0 0.7552083333333334 0.5138888888888888 0.022916666666666665 0.030555555555555555
0 0.74375 0.44027777777777777 0.022916666666666665 0.030555555555555555
0 0.7333333333333333 0.37222222222222223 0.022916666666666665 0.030555555555555555
0 0.7239583333333334 0.30972222222222223 0.022916666666666665 0.030555555555555555
0 0.7145833333333333 0.2513888888888889 0.022916666666666665 0.030555555555555555
0 0.6947916666666667 0.6791666666666667 0.022916666666666665 0.030555555555555555
0 0.684375 0.5930555555555556 0.022916666666666665 0.030555555555555555
0 0.6760416666666667 0.5138888888888888 0.022916666666666665 0.030555555555555555
0 0.6677083333333333 0.44027777777777777 0.022916666666666665 0.030555555555555555
0 0.659375 0.37222222222222223 0.022916666666666665 0.030555555555555555
0 0.653125 0.30972222222222223 0.022916666666666665 0.030555555555555555
0 0.6458333333333334 0.25 0.022916666666666665 0.030555555555555555
0 0.6083333333333333 0.6805555555555556 0.022916666666666665 0.030555555555555555
0 0.6020833333333333 0.5944444444444444 0.022916666666666665 0.030555555555555555
0 0.5958333333333333 0.5138888888888888 0.022916666666666665 0.030555555555555555
0 0.590625 0.44027777777777777 0.022916666666666665 0.030555555555555555
0 0.5864583333333333 0.37222222222222223 0.022916666666666665 0.030555555555555555
0 0.58125 0.30972222222222223 0.022916666666666665 0.030555555555555555
0 0.5770833333333333 0.25 0.022916666666666665 0.030555555555555555
0 0.5208333333333334 0.6819444444444445 0.022916666666666665 0.030555555555555555
0 0.51875 0.5944444444444444 0.022916666666666665 0.030555555555555555
0 0.515625 0.5152777777777777 0.022916666666666665 0.030555555555555555
0 0.5135416666666667 0.44166666666666665 0.022916666666666665 0.030555555555555555
0 0.5114583333333333 0.37222222222222223 0.022916666666666665 0.030555555555555555
0 0.509375 0.30972222222222223 0.022916666666666665 0.030555555555555555
0 0.5083333333333333 0.25 0.022916666666666665 0.030555555555555555
0 0.43333333333333335 0.6819444444444445 0.022916666666666665 0.030555555555555555
0 0.434375 0.5958333333333333 0.022916666666666665 0.030555555555555555
0 0.4354166666666667 0.5152777777777777 0.022916666666666665 0.030555555555555555
0 0.43645833333333334 0.44166666666666665 0.022916666666666665 0.030555555555555555
0 0.4375 0.3736111111111111 0.022916666666666665 0.030555555555555555
0 0.43854166666666666 0.30972222222222223 0.022916666666666665 0.030555555555555555
0 0.43854166666666666 0.25 0.022916666666666665 0.030555555555555555
0 0.3458333333333333 0.6833333333333333 0.022916666666666665 0.030555555555555555
0 0.35104166666666664 0.5958333333333333 0.022916666666666665 0.030555555555555555
0 0.35520833333333335 0.5152777777777777 0.022916666666666665 0.030555555555555555
0 0.359375 0.44166666666666665 0.022916666666666665 0.030555555555555555
0 0.3625 0.3736111111111111 0.022916666666666665 0.030555555555555555
0 0.365625 0.30972222222222223 0.022916666666666665 0.030555555555555555
0 0.36875 0.25 0.022916666666666665 0.030555555555555555
0 0.25729166666666664 0.6847222222222222 0.022916666666666665 0.030555555555555555
0 0.265625 0.5972222222222222 0.022916666666666665 0.030555555555555555
0 0.27395833333333336 0.5166666666666667 0.022916666666666665 0.030555555555555555
0 0.28125 0.44166666666666665 0.022916666666666665 0.030555555555555555
0 0.2875 0.3736111111111111 0.022916666666666665 0.030555555555555555
0 0.29375 0.30972222222222223 0.022916666666666665 0.030555555555555555
0 0.2989583333333333 0.25 0.022916666666666665 0.030555555555555555