0 0.7291666666666666 0.18055555555555555 0.025 0.03333333333333333
0 0.6614583333333334 0.17777777777777778 0.025 0.03333333333333333
0 0.59375 0.175 0.025 0.03333333333333333
0 0.5260416666666666 0.17083333333333334 0.025 0.03333333333333333
0 0.45729166666666665 0.16805555555555557 0.025 0.03333333333333333
0 0.3885416666666667 0.16527777777777777 0.025 0.03333333333333333
0 0.31979166666666664 0.16111111111111112 0.025 0.03333333333333333
0 0.740625 0.24583333333333332 0.025 0.03333333333333333
0 0.6697916666666667 0.24166666666666667 0.025 0.03333333333333333
0 0.5989583333333334 0.2388888888888889 0.025 0.03333333333333333
0 0.5270833333333333 0.2361111111111111 0.025 0.03333333333333333
0 0.4552083333333333 0.23194444444444445 0.025 0.03333333333333333
0 0.38333333333333336 0.22916666666666666 0.025 0.03333333333333333
0 0.31145833333333334 0.2263888888888889 0.025 0.03333333333333333
0 0.7520833333333333 0.31666666666666665 0.025 0.03333333333333333
0 0.678125 0.3125 0.025 0.03333333333333333
0 0.6041666666666666 0.30972222222222223 0.025 0.03333333333333333
0 0.5291666666666667 0.30694444444444446 0.025 0.03333333333333333
0 0.453125 0.30277777777777776 0.025 0.03333333333333333
0 0.378125 0.3 0.025 0.03333333333333333
0 0.3020833333333333 0.29583333333333334 0.025 0.03333333333333333
0 0.7666666666666667 0.39444444444444443 0.025 0.03333333333333333
0 0.6885416666666667 0.39166666666666666 0.025 0.03333333333333333
0 0.609375 0.3888888888888889 0.025 0.03333333333333333
0 0.5302083333333333 0.38472222222222224 0.025 0.03333333333333333
0 0.4510416666666667 0.3819444444444444 0.025 0.03333333333333333
0 0.371875 0.37777777777777777 0.025 0.03333333333333333
0 0.2916666666666667 0.375 0.025 0.03333333333333333
0 0.78125 0.48194444444444445 0.025 0.03333333333333333
0 0.6989583333333333 0.4791666666666667 0.025 0.03333333333333333
0 0.615625 0.475 0.025 0.03333333333333333
0 0.5322916666666667 0.4722222222222222 0.025 0.03333333333333333
0 0.44895833333333335 0.46944444444444444 0.025 0.03333333333333333
0 0.3645833333333333 0.4652777777777778 0.025 0.03333333333333333
0 0.28020833333333334 0.4625 0.025 0.03333333333333333
0 0.7989583333333333 0.5805555555555556 0.025 0.03333333333333333
0 0.7114583333333333 0.5763888888888888 0.025 0.03333333333333333
0 0.6229166666666667 0.5736111111111111 0.025 0.03333333333333333
0 0.534375 0.5708333333333333 0.025 0.03333333333333333
0 0.44583333333333336 0.5666666666666667 0.025 0.03333333333333333
0 0.35625 0.5638888888888889 0.025 0.03333333333333333
0 0.26666666666666666 0.5611111111111111 0.025 0.03333333333333333
0 0.8177083333333334 0.6902777777777778 0.025 0.03333333333333333
0 0.725 0.6875 0.025 0.03333333333333333
0 0.63125 0.6833333333333333 0.025 0.03333333333333333
0 0.5375 0.6805555555555556 0.025 0.03333333333333333
0 0.4427083333333333 0.6777777777777778 0.025 0.03333333333333333
0 0.346875 0.675 0.025 0.03333333333333333
0 0.2520833333333333 0.6708333333333333 0.025 0.03333333333333333