0 0.30833333333333335 0.6458333333333334 0.020833333333333332 0.027777777777777776
0 0.38229166666666664 0.6458333333333334 0.020833333333333332 0.027777777777777776
0 0.4583333333333333 0.6458333333333334 0.020833333333333332 0.027777777777777776
0 0.534375 0.6458333333333334 0.020833333333333332 0.027777777777777776
0 0.6125 0.6458333333333334 0.020833333333333332 0.027777777777777776
0 0.6916666666666667 0.6458333333333334 0.020833333333333332 0.027777777777777776
0 0.7708333333333334 0.6444444444444445 0.020833333333333332 0.027777777777777776
0 0.31875 0.5597222222222222 0.020833333333333332 0.027777777777777776
0 0.38958333333333334 0.5597222222222222 0.020833333333333332 0.027777777777777776
0 0.46145833333333336 0.5583333333333333 0.020833333333333332 0.027777777777777776
0 0.534375 0.5583333333333333 0.020833333333333332 0.027777777777777776
0 0.6083333333333333 0.5569444444444445 0.020833333333333332 0.027777777777777776
0 0.6833333333333333 0.5569444444444445 0.020833333333333332 0.027777777777777776
0 0.759375 0.5555555555555556 0.020833333333333332 0.027777777777777776
0 0.328125 0.48194444444444445 0.020833333333333332 0.027777777777777776
0 0.3958333333333333 0.48194444444444445 0.020833333333333332 0.027777777777777776
0 0.46458333333333335 0.48055555555555557 0.020833333333333332 0.027777777777777776
0 0.534375 0.4791666666666667 0.020833333333333332 0.027777777777777776
0 0.6052083333333333 0.4777777777777778 0.020833333333333332 0.027777777777777776
0 0.6760416666666667 0.47638888888888886 0.020833333333333332 0.027777777777777776
0 0.7489583333333333 0.475 0.020833333333333332 0.027777777777777776
0 0.3375 0.4111111111111111 0.020833333333333332 0.027777777777777776
0 0.40208333333333335 0.4097222222222222 0.020833333333333332 0.027777777777777776
0 0.46770833333333334 0.4083333333333333 0.020833333333333332 0.027777777777777776
0 0.534375 0.40694444444444444 0.020833333333333332 0.027777777777777776
0 0.6020833333333333 0.40555555555555556 0.020833333333333332 0.027777777777777776
0 0.6697916666666667 0.4041666666666667 0.020833333333333332 0.027777777777777776
0 0.7385416666666667 0.4013888888888889 0.020833333333333332 0.027777777777777776
0 0.3458333333333333 0.3458333333333333 0.020833333333333332 0.027777777777777776
0 0.40729166666666666 0.34444444444444444 0.020833333333333332 0.027777777777777776
0 0.4708333333333333 0.3416666666666667 0.020833333333333332 0.027777777777777776
0 0.534375 0.3402777777777778 0.020833333333333332 0.027777777777777776
0 0.5989583333333334 0.3388888888888889 0.020833333333333332 0.027777777777777776
0 0.6645833333333333 0.33611111111111114 0.020833333333333332 0.027777777777777776
0 0.7302083333333333 0.3347222222222222 0.020833333333333332 0.027777777777777776
0 0.353125 0.2861111111111111 0.020833333333333332 0.027777777777777776
0 0.4125 0.2833333333333333 0.020833333333333332 0.027777777777777776
0 0.47291666666666665 0.28194444444444444 0.020833333333333332 0.027777777777777776
0 0.534375 0.2791666666666667 0.020833333333333332 0.027777777777777776
0 0.5958333333333333 0.2777777777777778 0.020833333333333332 0.027777777777777776
0 0.6583333333333333 0.275 0.020833333333333332 0.027777777777777776
0 0.721875 0.27361111111111114 0.020833333333333332 0.027777777777777776
0 0.359375 0.23055555555555557 0.020833333333333332 0.027777777777777776
0 0.41770833333333335 0.22777777777777777 0.020833333333333332 0.027777777777777776
0 0.47604166666666664 0.2263888888888889 0.020833333333333332 0.027777777777777776
0 0.534375 0.22361111111111112 0.020833333333333332 0.027777777777777776
0 0.59375 0.22083333333333333 0.020833333333333332 0.027777777777777776
0 0.6541666666666667 0.21944444444444444 0.020833333333333332 0.027777777777777776
0 0.7145833333333333 0.21666666666666667 0.020833333333333332 0.027777777777777776