0 0.678125 0.16111111111111112 0.025 0.03333333333333333
0 0.609375 0.1638888888888889 0.025 0.03333333333333333
0 0.5416666666666666 0.16666666666666666 0.025 0.03333333333333333
0 0.47291666666666665 0.16944444444444445 0.025 0.03333333333333333
0 0.4041666666666667 0.17222222222222222 0.025 0.03333333333333333
0 0.33541666666666664 0.175 0.025 0.03333333333333333
0 0.26666666666666666 0.17916666666666667 0.025 0.03333333333333333
0 0.6895833333333333 0.22777777777777777 0.025 0.03333333333333333
0 0.6177083333333333 0.23055555555555557 0.025 0.03333333333333333
0 0.5458333333333333 0.23333333333333334 0.025 0.03333333333333333
0 0.4739583333333333 0.2361111111111111 0.025 0.03333333333333333
0 0.40208333333333335 0.24027777777777778 0.025 0.03333333333333333
0 0.3302083333333333 0.24305555555555555 0.025 0.03333333333333333
0 0.25833333333333336 0.24583333333333332 0.025 0.03333333333333333
0 0.7010416666666667 0.3 0.025 0.03333333333333333
0 0.6260416666666667 0.30277777777777776 0.025 0.03333333333333333
0 0.5510416666666667 0.30694444444444446 0.025 0.03333333333333333
0 0.47604166666666664 0.30972222222222223 0.025 0.03333333333333333
0 0.4 0.3138888888888889 0.025 0.03333333333333333
0 0.325 0.31666666666666665 0.025 0.03333333333333333
0 0.24895833333333334 0.3194444444444444 0.025 0.03333333333333333
0 0.7145833333333333 0.38055555555555554 0.025 0.03333333333333333
0 0.6354166666666666 0.38333333333333336 0.025 0.03333333333333333
0 0.55625 0.3875 0.025 0.03333333333333333
0 0.47708333333333336 0.3902777777777778 0.025 0.03333333333333333
0 0.39791666666666664 0.39444444444444443 0.025 0.03333333333333333
0 0.31875 0.3972222222222222 0.025 0.03333333333333333
0 0.23958333333333334 0.4013888888888889 0.025 0.03333333333333333
0 0.7291666666666666 0.46944444444444444 0.025 0.03333333333333333
0 0.646875 0.4736111111111111 0.025 0.03333333333333333
0 0.5635416666666667 0.47638888888888886 0.025 0.03333333333333333
0 0.4791666666666667 0.48055555555555557 0.025 0.03333333333333333
0 0.3958333333333333 0.4847222222222222 0.025 0.03333333333333333
0 0.3125 0.4875 0.025 0.03333333333333333
0 0.228125 0.49166666666666664 0.025 0.03333333333333333
0 0.7458333333333333 0.5680555555555555 0.025 0.03333333333333333
0 0.6583333333333333 0.5722222222222222 0.025 0.03333333333333333
0 0.5697916666666667 0.5763888888888888 0.025 0.03333333333333333
0 0.4822916666666667 0.5805555555555556 0.025 0.03333333333333333
0 0.39375 0.5847222222222223 0.025 0.03333333333333333
0 0.30520833333333336 0.5888888888888889 0.025 0.03333333333333333
0 0.21666666666666667 0.5930555555555556 0.025 0.03333333333333333
0 0.7645833333333333 0.6791666666666667 0.025 0.03333333333333333
0 0.6708333333333333 0.6833333333333333 0.025 0.03333333333333333
0 0.578125 0.6888888888888889 0.025 0.03333333333333333
0 0.484375 0.6930555555555555 0.025 0.03333333333333333
0 0.390625 0.6972222222222222 0.025 0.03333333333333333
0 0.296875 0.7013888888888888 0.025 0.03333333333333333
0 0.203125 0.7055555555555556 0.025 0.03333333333333333