0 0.7541666666666667 0.21342592592592594 0.03333333333333333 0.03333333333333333
0 0.6791666666666667 0.20925925925925926 0.03333333333333333 0.03333333333333333
0 0.603125 0.2050925925925926 0.03333333333333333 0.03333333333333333
0 0.525 0.20185185185185187 0.03333333333333333 0.03333333333333333
0 0.44479166666666664 0.19814814814814816 0.03333333333333333 0.03333333333333333
0 0.3614583333333333 0.1935185185185185 0.03333333333333333 0.03333333333333333
0 0.27708333333333335 0.1884259259259259 0.03333333333333333 0.03333333333333333
0 0.765625 0.2800925925925926 0.03333333333333333 0.03333333333333333
0 0.6895833333333333 0.27685185185185185 0.03333333333333333 0.03333333333333333
0 0.6114583333333333 0.2740740740740741 0.03333333333333333 0.03333333333333333
0 0.53125 0.2708333333333333 0.03333333333333333 0.03333333333333333
0 0.4479166666666667 0.2675925925925926 0.03333333333333333 0.03333333333333333
0 0.36354166666666665 0.26481481481481484 0.03333333333333333 0.03333333333333333
0 0.2760416666666667 0.26157407407407407 0.03333333333333333 0.03333333333333333
0 0.778125 0.3509259259259259 0.03333333333333333 0.03333333333333333
0 0.7 0.3490740740740741 0.03333333333333333 0.03333333333333333
0 0.6197916666666666 0.34675925925925927 0.03333333333333333 0.03333333333333333
0 0.5375 0.3449074074074074 0.03333333333333333 0.03333333333333333
0 0.45208333333333334 0.3425925925925926 0.03333333333333333 0.03333333333333333
0 0.3645833333333333 0.3398148148148148 0.03333333333333333 0.03333333333333333
0 0.275 0.3375 0.03333333333333333 0.03333333333333333
0 0.790625 0.425 0.03333333333333333 0.03333333333333333
0 0.7104166666666667 0.42407407407407405 0.03333333333333333 0.03333333333333333
0 0.628125 0.42314814814814816 0.03333333333333333 0.03333333333333333
0 0.54375 0.4217592592592593 0.03333333333333333 0.03333333333333333
0 0.45625 0.42083333333333334 0.03333333333333333 0.03333333333333333
0 0.36666666666666664 0.4199074074074074 0.03333333333333333 0.03333333333333333
0 0.27395833333333336 0.4185185185185185 0.03333333333333333 0.03333333333333333
0 0.8041666666666667 0.5041666666666667 0.03333333333333333 0.03333333333333333
0 0.721875 0.5041666666666667 0.03333333333333333 0.03333333333333333
0 0.6375 0.5041666666666667 0.03333333333333333 0.03333333333333333
0 0.55 0.5041666666666667 0.03333333333333333 0.03333333333333333
0 0.46041666666666664 0.5041666666666667 0.03333333333333333 0.03333333333333333
0 0.36770833333333336 0.5041666666666667 0.03333333333333333 0.03333333333333333
0 0.27291666666666664 0.5050925925925925 0.03333333333333333 0.03333333333333333
0 0.81875 0.5875 0.03333333333333333 0.03333333333333333
0 0.734375 0.5884259259259259 0.03333333333333333 0.03333333333333333
0 0.6479166666666667 0.5907407407407408 0.03333333333333333 0.03333333333333333
0 0.5583333333333333 0.5916666666666667 0.03333333333333333 0.03333333333333333
0 0.465625 0.5925925925925926 0.03333333333333333 0.03333333333333333
0 0.3697916666666667 0.5949074074074074 0.03333333333333333 0.03333333333333333
0 0.2708333333333333 0.5967592592592592 0.03333333333333333 0.03333333333333333
0 0.834375 0.6759259259259259 0.03333333333333333 0.03333333333333333
0 0.746875 0.6782407407407407 0.03333333333333333 0.03333333333333333
0 0.6583333333333333 0.6814814814814815 0.03333333333333333 0.03333333333333333
0 0.565625 0.6842592592592592 0.03333333333333333 0.03333333333333333
0 0.4708333333333333 0.6875 0.03333333333333333 0.03333333333333333
0 0.371875 0.6907407407407408 0.03333333333333333 0.03333333333333333
0 0.26979166666666665 0.6935185185185185 0.03333333333333333 0.03333333333333333