0 0.2916666666666667 0.6472222222222223 0.020833333333333332 0.027777777777777776
0 0.3697916666666667 0.6458333333333334 0.020833333333333332 0.027777777777777776
0 0.4479166666666667 0.6444444444444445 0.020833333333333332 0.027777777777777776
0 0.5260416666666666 0.6430555555555556 0.020833333333333332 0.027777777777777776
0 0.60625 0.6416666666666667 0.020833333333333332 0.027777777777777776
0 0.6864583333333333 0.6402777777777777 0.020833333333333332 0.027777777777777776
0 0.76875 0.6388888888888888 0.020833333333333332 0.027777777777777776
0 0.3020833333333333 0.5583333333333333 0.020833333333333332 0.027777777777777776
0 0.37604166666666666 0.5569444444444445 0.020833333333333332 0.027777777777777776
0 0.4510416666666667 0.5541666666666667 0.020833333333333332 0.027777777777777776
0 0.5260416666666666 0.5527777777777778 0.020833333333333332 0.027777777777777776
0 0.6020833333333333 0.5513888888888889 0.020833333333333332 0.027777777777777776
0 0.6791666666666667 0.55 0.020833333333333332 0.027777777777777776
0 0.75625 0.5472222222222223 0.020833333333333332 0.027777777777777776
0 0.31145833333333334 0.4777777777777778 0.020833333333333332 0.027777777777777776
0 0.38229166666666664 0.475 0.020833333333333332 0.027777777777777776
0 0.453125 0.4736111111111111 0.020833333333333332 0.027777777777777776
0 0.525 0.4708333333333333 0.020833333333333332 0.027777777777777776
0 0.5979166666666667 0.46805555555555556 0.020833333333333332 0.027777777777777776
0 0.6708333333333333 0.4666666666666667 0.020833333333333332 0.027777777777777776
0 0.7458333333333333 0.4638888888888889 0.020833333333333332 0.027777777777777776
0 0.31979166666666664 0.4027777777777778 0.020833333333333332 0.027777777777777776
0 0.3875 0.4 0.020833333333333332 0.027777777777777776
0 0.45625 0.39861111111111114 0.020833333333333332 0.027777777777777776
0 0.525 0.3958333333333333 0.020833333333333332 0.027777777777777776
0 0.5947916666666667 0.39305555555555555 0.020833333333333332 0.027777777777777776
0 0.6645833333333333 0.3902777777777778 0.020833333333333332 0.027777777777777776
0 0.7354166666666667 0.3888888888888889 0.020833333333333332 0.027777777777777776
0 0.328125 0.3347222222222222 0.020833333333333332 0.027777777777777776
0 0.3927083333333333 0.33194444444444443 0.020833333333333332 0.027777777777777776
0 0.4583333333333333 0.32916666666666666 0.020833333333333332 0.027777777777777776
0 0.5239583333333333 0.3263888888888889 0.020833333333333332 0.027777777777777776
0 0.590625 0.3236111111111111 0.020833333333333332 0.027777777777777776
0 0.6583333333333333 0.32083333333333336 0.020833333333333332 0.027777777777777776
0 0.7260416666666667 0.3194444444444444 0.020833333333333332 0.027777777777777776
0 0.33541666666666664 0.2708333333333333 0.020833333333333332 0.027777777777777776
0 0.39791666666666664 0.26805555555555555 0.020833333333333332 0.027777777777777776
0 0.46041666666666664 0.2652777777777778 0.020833333333333332 0.027777777777777776
0 0.5239583333333333 0.2625 0.020833333333333332 0.027777777777777776
0 0.5885416666666666 0.25972222222222224 0.020833333333333332 0.027777777777777776
0 0.653125 0.2569444444444444 0.020833333333333332 0.027777777777777776
0 0.7177083333333333 0.25416666666666665 0.020833333333333332 0.027777777777777776
0 0.3416666666666667 0.2125 0.020833333333333332 0.027777777777777776
0 0.40208333333333335 0.20972222222222223 0.020833333333333332 0.027777777777777776
0 0.4625 0.20694444444444443 0.020833333333333332 0.027777777777777776
0 0.5239583333333333 0.20416666666666666 0.020833333333333332 0.027777777777777776
0 0.5854166666666667 0.2013888888888889 0.020833333333333332 0.027777777777777776
0 0.646875 0.1986111111111111 0.020833333333333332 0.027777777777777776
0 0.7104166666666667 0.19583333333333333 0.020833333333333332 0.027777777777777776