0 0.33229166666666665 0.39305555555555555 0.01875 0.025
0 0.32708333333333334 0.4486111111111111 0.01875 0.025
0 0.321875 0.5083333333333333 0.01875 0.025
0 0.315625 0.5722222222222222 0.01875 0.025
0 0.309375 0.6402777777777777 0.01875 0.025
0 0.303125 0.7125 0.01875 0.025
0 0.29583333333333334 0.7902777777777777 0.01875 0.025
0 0.39375 0.39305555555555555 0.01875 0.025
0 0.38958333333333334 0.45 0.01875 0.025
0 0.38645833333333335 0.5097222222222222 0.01875 0.025
0 0.38229166666666664 0.5736111111111111 0.01875 0.025
0 0.378125 0.6416666666666667 0.01875 0.025
0 0.37395833333333334 0.7138888888888889 0.01875 0.025
0 0.3697916666666667 0.7916666666666666 0.01875 0.025
0 0.45416666666666666 0.39444444444444443 0.01875 0.025
0 0.453125 0.4513888888888889 0.01875 0.025
0 0.4510416666666667 0.5111111111111111 0.01875 0.025
0 0.44895833333333335 0.575 0.01875 0.025
0 0.446875 0.6430555555555556 0.01875 0.025
0 0.44479166666666664 0.7152777777777778 0.01875 0.025
0 0.4427083333333333 0.7930555555555555 0.01875 0.025
0 0.515625 0.3958333333333333 0.01875 0.025
0 0.515625 0.4527777777777778 0.01875 0.025
0 0.515625 0.5125 0.01875 0.025
0 0.515625 0.5763888888888888 0.01875 0.025
0 0.5166666666666667 0.6444444444444445 0.01875 0.025
0 0.5166666666666667 0.7166666666666667 0.01875 0.025
0 0.5166666666666667 0.7944444444444444 0.01875 0.025
0 0.5760416666666667 0.3972222222222222 0.01875 0.025
0 0.578125 0.4527777777777778 0.01875 0.025
0 0.5802083333333333 0.5138888888888888 0.01875 0.025
0 0.5833333333333334 0.5777777777777777 0.01875 0.025
0 0.5854166666666667 0.6458333333333334 0.01875 0.025
0 0.5875 0.7180555555555556 0.01875 0.025
0 0.590625 0.7958333333333333 0.01875 0.025
0 0.6375 0.3972222222222222 0.01875 0.025
0 0.6416666666666667 0.45416666666666666 0.01875 0.025
0 0.6458333333333334 0.5152777777777777 0.01875 0.025
0 0.65 0.5791666666666667 0.01875 0.025
0 0.6541666666666667 0.6472222222222223 0.01875 0.025
0 0.659375 0.7194444444444444 0.01875 0.025
0 0.6645833333333333 0.7972222222222223 0.01875 0.025
0 0.6989583333333333 0.39861111111111114 0.01875 0.025
0 0.7041666666666667 0.45555555555555555 0.01875 0.025
0 0.7104166666666667 0.5152777777777777 0.01875 0.025
0 0.7166666666666667 0.5805555555555556 0.01875 0.025
0 0.7239583333333334 0.6486111111111111 0.01875 0.025
0 0.73125 0.7208333333333333 0.01875 0.025
0 0.7385416666666667 0.7986111111111112 0.01875 0.025