0 0.2989583333333333 0.6472222222222223 0.020833333333333332 0.027777777777777776
0 0.375 0.6458333333333334 0.020833333333333332 0.027777777777777776
0 0.4510416666666667 0.6444444444444445 0.020833333333333332 0.027777777777777776
0 0.528125 0.6430555555555556 0.020833333333333332 0.027777777777777776
0 0.6072916666666667 0.6430555555555556 0.020833333333333332 0.027777777777777776
0 0.6864583333333333 0.6416666666666667 0.020833333333333332 0.027777777777777776
0 0.7666666666666667 0.6402777777777777 0.020833333333333332 0.027777777777777776
0 0.309375 0.5583333333333333 0.020833333333333332 0.027777777777777776
0 0.38229166666666664 0.5569444444444445 0.020833333333333332 0.027777777777777776
0 0.4552083333333333 0.5555555555555556 0.020833333333333332 0.027777777777777776
0 0.528125 0.5541666666666667 0.020833333333333332 0.027777777777777776
0 0.603125 0.5513888888888889 0.020833333333333332 0.027777777777777776
0 0.678125 0.55 0.020833333333333332 0.027777777777777776
0 0.7541666666666667 0.5486111111111112 0.020833333333333332 0.027777777777777776
0 0.31979166666666664 0.4777777777777778 0.020833333333333332 0.027777777777777776
0 0.3885416666666667 0.47638888888888886 0.020833333333333332 0.027777777777777776
0 0.4583333333333333 0.4736111111111111 0.020833333333333332 0.027777777777777776
0 0.528125 0.4722222222222222 0.020833333333333332 0.027777777777777776
0 0.5989583333333334 0.46944444444444444 0.020833333333333332 0.027777777777777776
0 0.6708333333333333 0.46805555555555556 0.020833333333333332 0.027777777777777776
0 0.74375 0.4652777777777778 0.020833333333333332 0.027777777777777776
0 0.32916666666666666 0.4041666666666667 0.020833333333333332 0.027777777777777776
0 0.39479166666666665 0.4013888888888889 0.020833333333333332 0.027777777777777776
0 0.46145833333333336 0.4 0.020833333333333332 0.027777777777777776
0 0.528125 0.3972222222222222 0.020833333333333332 0.027777777777777776
0 0.5958333333333333 0.39444444444444443 0.020833333333333332 0.027777777777777776
0 0.6645833333333333 0.39305555555555555 0.020833333333333332 0.027777777777777776
0 0.7333333333333333 0.3902777777777778 0.020833333333333332 0.027777777777777776
0 0.33645833333333336 0.33611111111111114 0.020833333333333332 0.027777777777777776
0 0.4 0.3347222222222222 0.020833333333333332 0.027777777777777776
0 0.4635416666666667 0.33194444444444443 0.020833333333333332 0.027777777777777776
0 0.528125 0.32916666666666666 0.020833333333333332 0.027777777777777776
0 0.5927083333333333 0.3263888888888889 0.020833333333333332 0.027777777777777776
0 0.6583333333333333 0.3236111111111111 0.020833333333333332 0.027777777777777776
0 0.7239583333333334 0.32083333333333336 0.020833333333333332 0.027777777777777776
0 0.34479166666666666 0.275 0.020833333333333332 0.027777777777777776
0 0.40520833333333334 0.2722222222222222 0.020833333333333332 0.027777777777777776
0 0.4666666666666667 0.26944444444444443 0.020833333333333332 0.027777777777777776
0 0.528125 0.26666666666666666 0.020833333333333332 0.027777777777777776
0 0.5895833333333333 0.2638888888888889 0.020833333333333332 0.027777777777777776
0 0.653125 0.2611111111111111 0.020833333333333332 0.027777777777777776
0 0.7166666666666667 0.25833333333333336 0.020833333333333332 0.027777777777777776
0 0.35104166666666664 0.21805555555555556 0.020833333333333332 0.027777777777777776
0 0.409375 0.2152777777777778 0.020833333333333332 0.027777777777777776
0 0.46875 0.2125 0.020833333333333332 0.027777777777777776
0 0.528125 0.20972222222222223 0.020833333333333332 0.027777777777777776
0 0.5875 0.20555555555555555 0.020833333333333332 0.027777777777777776
0 0.6479166666666667 0.20277777777777778 0.020833333333333332 0.027777777777777776
0 0.7083333333333334 0.2 0.020833333333333332 0.027777777777777776