0 0.7291666666666666 0.24074074074074073 0.03333333333333333 0.03333333333333333
0 0.6510416666666666 0.24166666666666667 0.03333333333333333 0.03333333333333333
0 0.5739583333333333 0.24259259259259258 0.03333333333333333 0.03333333333333333
0 0.496875 0.2449074074074074 0.03333333333333333 0.03333333333333333
0 0.41875 0.24583333333333332 0.03333333333333333 0.03333333333333333
0 0.3416666666666667 0.24675925925925926 0.03333333333333333 0.03333333333333333
0 0.26458333333333334 0.24814814814814815 0.03333333333333333 0.03333333333333333
0 0.7375 0.30833333333333335 0.03333333333333333 0.03333333333333333
0 0.6572916666666667 0.30925925925925923 0.03333333333333333 0.03333333333333333
0 0.5770833333333333 0.31157407407407406 0.03333333333333333 0.03333333333333333
0 0.496875 0.3125 0.03333333333333333 0.03333333333333333
0 0.4166666666666667 0.31342592592592594 0.03333333333333333 0.03333333333333333
0 0.3375 0.3148148148148148 0.03333333333333333 0.03333333333333333
0 0.25729166666666664 0.31574074074074077 0.03333333333333333 0.03333333333333333
0 0.7458333333333333 0.3814814814814815 0.03333333333333333 0.03333333333333333
0 0.6635416666666667 0.3824074074074074 0.03333333333333333 0.03333333333333333
0 0.5802083333333333 0.38425925925925924 0.03333333333333333 0.03333333333333333
0 0.496875 0.3851851851851852 0.03333333333333333 0.03333333333333333
0 0.41458333333333336 0.38657407407407407 0.03333333333333333 0.03333333333333333
0 0.33125 0.3875 0.03333333333333333 0.03333333333333333
0 0.24895833333333334 0.38842592592592595 0.03333333333333333 0.03333333333333333
0 0.75625 0.4601851851851852 0.03333333333333333 0.03333333333333333
0 0.6697916666666667 0.4615740740740741 0.03333333333333333 0.03333333333333333
0 0.5833333333333334 0.4625 0.03333333333333333 0.03333333333333333
0 0.4979166666666667 0.4634259259259259 0.03333333333333333 0.03333333333333333
0 0.4114583333333333 0.4648148148148148 0.03333333333333333 0.03333333333333333
0 0.3260416666666667 0.46574074074074073 0.03333333333333333 0.03333333333333333
0 0.240625 0.4666666666666667 0.03333333333333333 0.03333333333333333
0 0.7666666666666667 0.5435185185185185 0.03333333333333333 0.03333333333333333
0 0.6770833333333334 0.5458333333333333 0.03333333333333333 0.03333333333333333
0 0.5875 0.5467592592592593 0.03333333333333333 0.03333333333333333
0 0.4979166666666667 0.5481481481481482 0.03333333333333333 0.03333333333333333
0 0.4083333333333333 0.549074074074074 0.03333333333333333 0.03333333333333333
0 0.31979166666666664 0.55 0.03333333333333333 0.03333333333333333
0 0.23125 0.5509259259259259 0.03333333333333333 0.03333333333333333
0 0.7770833333333333 0.6351851851851852 0.03333333333333333 0.03333333333333333
0 0.684375 0.6365740740740741 0.03333333333333333 0.03333333333333333
0 0.5916666666666667 0.6375 0.03333333333333333 0.03333333333333333
0 0.4979166666666667 0.638425925925926 0.03333333333333333 0.03333333333333333
0 0.40520833333333334 0.6398148148148148 0.03333333333333333 0.03333333333333333
0 0.31354166666666666 0.6407407407407407 0.03333333333333333 0.03333333333333333
0 0.22083333333333333 0.6416666666666667 0.03333333333333333 0.03333333333333333
0 0.7895833333333333 0.7342592592592593 0.03333333333333333 0.03333333333333333
0 0.6927083333333334 0.7351851851851852 0.03333333333333333 0.03333333333333333
0 0.5958333333333333 0.736574074074074 0.03333333333333333 0.03333333333333333
0 0.49895833333333334 0.7375 0.03333333333333333 0.03333333333333333
0 0.40208333333333335 0.7384259259259259 0.03333333333333333 0.03333333333333333
0 0.30625 0.7398148148148148 0.03333333333333333 0.03333333333333333
0 0.209375 0.7407407407407407 0.03333333333333333 0.03333333333333333