0 0.2833333333333333 0.6694444444444444 0.020833333333333332 0.027777777777777776
0 0.3614583333333333 0.6666666666666666 0.020833333333333332 0.027777777777777776
0 0.440625 0.6638888888888889 0.020833333333333332 0.027777777777777776
0 0.521875 0.6597222222222222 0.020833333333333332 0.027777777777777776
0 0.6041666666666666 0.6569444444444444 0.020833333333333332 0.027777777777777776
0 0.6875 0.6541666666666667 0.020833333333333332 0.027777777777777776
0 0.771875 0.65 0.020833333333333332 0.027777777777777776
0 0.2947916666666667 0.5763888888888888 0.020833333333333332 0.027777777777777776
0 0.3697916666666667 0.5736111111111111 0.020833333333333332 0.027777777777777776
0 0.44479166666666664 0.5694444444444444 0.020833333333333332 0.027777777777777776
0 0.521875 0.5652777777777778 0.020833333333333332 0.027777777777777776
0 0.6 0.5625 0.020833333333333332 0.027777777777777776
0 0.6791666666666667 0.5583333333333333 0.020833333333333332 0.027777777777777776
0 0.759375 0.5541666666666667 0.020833333333333332 0.027777777777777776
0 0.30625 0.4930555555555556 0.020833333333333332 0.027777777777777776
0 0.3770833333333333 0.4888888888888889 0.020833333333333332 0.027777777777777776
0 0.44895833333333335 0.4847222222222222 0.020833333333333332 0.027777777777777776
0 0.521875 0.48055555555555557 0.020833333333333332 0.027777777777777776
0 0.596875 0.47638888888888886 0.020833333333333332 0.027777777777777776
0 0.671875 0.4722222222222222 0.020833333333333332 0.027777777777777776
0 0.7479166666666667 0.46805555555555556 0.020833333333333332 0.027777777777777776
0 0.315625 0.4166666666666667 0.020833333333333332 0.027777777777777776
0 0.38333333333333336 0.4125 0.020833333333333332 0.027777777777777776
0 0.45208333333333334 0.4083333333333333 0.020833333333333332 0.027777777777777776
0 0.521875 0.4027777777777778 0.020833333333333332 0.027777777777777776
0 0.5927083333333333 0.39861111111111114 0.020833333333333332 0.027777777777777776
0 0.6645833333333333 0.39444444444444443 0.020833333333333332 0.027777777777777776
0 0.7375 0.3888888888888889 0.020833333333333332 0.027777777777777776
0 0.325 0.3472222222222222 0.020833333333333332 0.027777777777777776
0 0.38958333333333334 0.3416666666666667 0.020833333333333332 0.027777777777777776
0 0.4552083333333333 0.3375 0.020833333333333332 0.027777777777777776
0 0.5229166666666667 0.33194444444444443 0.020833333333333332 0.027777777777777776
0 0.590625 0.3277777777777778 0.020833333333333332 0.027777777777777776
0 0.6583333333333333 0.32222222222222224 0.020833333333333332 0.027777777777777776
0 0.728125 0.31805555555555554 0.020833333333333332 0.027777777777777776
0 0.3333333333333333 0.28194444444444444 0.020833333333333332 0.027777777777777776
0 0.3958333333333333 0.2777777777777778 0.020833333333333332 0.027777777777777776
0 0.4583333333333333 0.2722222222222222 0.020833333333333332 0.027777777777777776
0 0.5229166666666667 0.26805555555555555 0.020833333333333332 0.027777777777777776
0 0.5875 0.2625 0.020833333333333332 0.027777777777777776
0 0.653125 0.25833333333333336 0.020833333333333332 0.027777777777777776
0 0.7197916666666667 0.25277777777777777 0.020833333333333332 0.027777777777777776
0 0.340625 0.22361111111111112 0.020833333333333332 0.027777777777777776
0 0.4010416666666667 0.21805555555555556 0.020833333333333332 0.027777777777777776
0 0.46145833333333336 0.21388888888888888 0.020833333333333332 0.027777777777777776
0 0.5229166666666667 0.20833333333333334 0.020833333333333332 0.027777777777777776
0 0.5854166666666667 0.20277777777777778 0.020833333333333332 0.027777777777777776
0 0.6479166666666667 0.19722222222222222 0.020833333333333332 0.027777777777777776
0 0.7114583333333333 0.19305555555555556 0.020833333333333332 0.027777777777777776