0 0.7104166666666667 0.16527777777777777 0.022916666666666665 0.03425925925925926
0 0.634375 0.16527777777777777 0.022916666666666665 0.03425925925925926
0 0.5572916666666666 0.16342592592592592 0.022916666666666665 0.03425925925925926
0 0.48125 0.16342592592592592 0.022916666666666665 0.03425925925925926
0 0.403125 0.16203703703703703 0.022916666666666665 0.03425925925925926
0 0.3260416666666667 0.16203703703703703 0.022916666666666665 0.03425925925925926
0 0.24791666666666667 0.16064814814814815 0.022916666666666665 0.03425925925925926
0 0.721875 0.2462962962962963 0.022916666666666665 0.03425925925925926
0 0.6427083333333333 0.2462962962962963 0.022916666666666665 0.03425925925925926
0 0.5635416666666667 0.24444444444444444 0.022916666666666665 0.03425925925925926
0 0.484375 0.24444444444444444 0.022916666666666665 0.03425925925925926
0 0.4041666666666667 0.24444444444444444 0.022916666666666665 0.03425925925925926
0 0.32395833333333335 0.24305555555555555 0.022916666666666665 0.03425925925925926
0 0.24270833333333333 0.24305555555555555 0.022916666666666665 0.03425925925925926
0 0.734375 0.3333333333333333 0.022916666666666665 0.03425925925925926
0 0.6520833333333333 0.3333333333333333 0.022916666666666665 0.03425925925925926
0 0.5708333333333333 0.33194444444444443 0.022916666666666665 0.03425925925925926
0 0.4875 0.33194444444444443 0.022916666666666665 0.03425925925925926
0 0.4041666666666667 0.33194444444444443 0.022916666666666665 0.03425925925925926
0 0.32083333333333336 0.33194444444444443 0.022916666666666665 0.03425925925925926
0 0.23645833333333333 0.33194444444444443 0.022916666666666665 0.03425925925925926
0 0.7479166666666667 0.42685185185185187 0.022916666666666665 0.03425925925925926
0 0.6625 0.42685185185185187 0.022916666666666665 0.03425925925925926
0 0.5770833333333333 0.42685185185185187 0.022916666666666665 0.03425925925925926
0 0.49166666666666664 0.42685185185185187 0.022916666666666665 0.03425925925925926
0 0.40520833333333334 0.42685185185185187 0.022916666666666665 0.03425925925925926
0 0.31875 0.42685185185185187 0.022916666666666665 0.03425925925925926
0 0.23125 0.42685185185185187 0.022916666666666665 0.03425925925925926
0 0.7625 0.5282407407407408 0.022916666666666665 0.03425925925925926
0 0.6739583333333333 0.5282407407407408 0.022916666666666665 0.03425925925925926
0 0.5854166666666667 0.5282407407407408 0.022916666666666665 0.03425925925925926
0 0.49583333333333335 0.5282407407407408 0.022916666666666665 0.03425925925925926
0 0.40625 0.5296296296296297 0.022916666666666665 0.03425925925925926
0 0.315625 0.5296296296296297 0.022916666666666665 0.03425925925925926
0 0.22395833333333334 0.5296296296296297 0.022916666666666665 0.03425925925925926
0 0.778125 0.6370370370370371 0.022916666666666665 0.03425925925925926
0 0.6864583333333333 0.6370370370370371 0.022916666666666665 0.03425925925925926
0 0.59375 0.638425925925926 0.022916666666666665 0.03425925925925926
0 0.5 0.638425925925926 0.022916666666666665 0.03425925925925926
0 0.40625 0.6402777777777777 0.022916666666666665 0.03425925925925926
0 0.3125 0.6402777777777777 0.022916666666666665 0.03425925925925926
0 0.21770833333333334 0.6416666666666667 0.022916666666666665 0.03425925925925926
0 0.7947916666666667 0.7569444444444444 0.022916666666666665 0.03425925925925926
0 0.6989583333333333 0.7569444444444444 0.022916666666666665 0.03425925925925926
0 0.603125 0.7587962962962963 0.022916666666666665 0.03425925925925926
0 0.5052083333333334 0.7601851851851852 0.022916666666666665 0.03425925925925926
0 0.40729166666666666 0.7615740740740741 0.022916666666666665 0.03425925925925926
0 0.309375 0.763425925925926 0.022916666666666665 0.03425925925925926
0 0.209375 0.763425925925926 0.022916666666666665 0.03425925925925926