0 0.703125 0.18472222222222223 0.025 0.03333333333333333
0 0.6375 0.18611111111111112 0.025 0.03333333333333333
0 0.571875 0.1875 0.025 0.03333333333333333
0 0.50625 0.18888888888888888 0.025 0.03333333333333333
0 0.4395833333333333 0.19027777777777777 0.025 0.03333333333333333
0 0.37395833333333334 0.19166666666666668 0.025 0.03333333333333333
0 0.3072916666666667 0.19305555555555556 0.025 0.03333333333333333
0 0.7145833333333333 0.24722222222222223 0.025 0.03333333333333333
0 0.6458333333333334 0.24861111111111112 0.025 0.03333333333333333
0 0.5770833333333333 0.25 0.025 0.03333333333333333
0 0.5072916666666667 0.2513888888888889 0.025 0.03333333333333333
0 0.43854166666666666 0.25277777777777777 0.025 0.03333333333333333
0 0.36875 0.25416666666666665 0.025 0.03333333333333333
0 0.2989583333333333 0.2569444444444444 0.025 0.03333333333333333
0 0.7270833333333333 0.31527777777777777 0.025 0.03333333333333333
0 0.6541666666666667 0.31666666666666665 0.025 0.03333333333333333
0 0.5822916666666667 0.3194444444444444 0.025 0.03333333333333333
0 0.509375 0.32083333333333336 0.025 0.03333333333333333
0 0.43645833333333334 0.32222222222222224 0.025 0.03333333333333333
0 0.3625 0.3236111111111111 0.025 0.03333333333333333
0 0.28958333333333336 0.325 0.025 0.03333333333333333
0 0.740625 0.39166666666666666 0.025 0.03333333333333333
0 0.6635416666666667 0.39305555555555555 0.025 0.03333333333333333
0 0.5875 0.39444444444444443 0.025 0.03333333333333333
0 0.5104166666666666 0.3972222222222222 0.025 0.03333333333333333
0 0.43333333333333335 0.39861111111111114 0.025 0.03333333333333333
0 0.35625 0.4013888888888889 0.025 0.03333333333333333
0 0.2791666666666667 0.4027777777777778 0.025 0.03333333333333333
0 0.7552083333333334 0.475 0.025 0.03333333333333333
0 0.675 0.4777777777777778 0.025 0.03333333333333333
0 0.59375 0.48055555555555557 0.025 0.03333333333333333
0 0.5125 0.48194444444444445 0.025 0.03333333333333333
0 0.43125 0.4847222222222222 0.025 0.03333333333333333
0 0.3489583333333333 0.4861111111111111 0.025 0.03333333333333333
0 0.2677083333333333 0.4888888888888889 0.025 0.03333333333333333
0 0.771875 0.5708333333333333 0.025 0.03333333333333333
0 0.6864583333333333 0.5722222222222222 0.025 0.03333333333333333
0 0.6010416666666667 0.575 0.025 0.03333333333333333
0 0.5145833333333333 0.5777777777777777 0.025 0.03333333333333333
0 0.428125 0.5805555555555556 0.025 0.03333333333333333
0 0.3416666666666667 0.5819444444444445 0.025 0.03333333333333333
0 0.25416666666666665 0.5847222222222223 0.025 0.03333333333333333
0 0.7916666666666666 0.6777777777777778 0.025 0.03333333333333333
0 0.7 0.6805555555555556 0.025 0.03333333333333333
0 0.6083333333333333 0.6833333333333333 0.025 0.03333333333333333
0 0.5166666666666667 0.6861111111111111 0.025 0.03333333333333333
0 0.425 0.6888888888888889 0.025 0.03333333333333333
0 0.33229166666666665 0.6916666666666667 0.025 0.03333333333333333
0 0.23958333333333334 0.6944444444444444 0.025 0.03333333333333333