0 0.30833333333333335 0.375 0.01875 0.025
0 0.303125 0.4388888888888889 0.01875 0.025
0 0.29791666666666666 0.5055555555555555 0.01875 0.025
0 0.2916666666666667 0.5777777777777777 0.01875 0.025
0 0.28541666666666665 0.6527777777777778 0.01875 0.025
0 0.2791666666666667 0.7333333333333333 0.01875 0.025
0 0.271875 0.8194444444444444 0.01875 0.025
0 0.3729166666666667 0.3763888888888889 0.01875 0.025
0 0.36875 0.44027777777777777 0.01875 0.025
0 0.365625 0.5069444444444444 0.01875 0.025
0 0.3614583333333333 0.5777777777777777 0.01875 0.025
0 0.3572916666666667 0.6541666666666667 0.01875 0.025
0 0.353125 0.7347222222222223 0.01875 0.025
0 0.3489583333333333 0.8208333333333333 0.01875 0.025
0 0.43645833333333334 0.37777777777777777 0.01875 0.025
0 0.434375 0.44166666666666665 0.01875 0.025
0 0.4322916666666667 0.5083333333333333 0.01875 0.025
0 0.43125 0.5791666666666667 0.01875 0.025
0 0.42916666666666664 0.6541666666666667 0.01875 0.025
0 0.4270833333333333 0.7347222222222223 0.01875 0.025
0 0.425 0.8208333333333333 0.01875 0.025
0 0.49895833333333334 0.37916666666666665 0.01875 0.025
0 0.5 0.44305555555555554 0.01875 0.025
0 0.5 0.5097222222222222 0.01875 0.025
0 0.5 0.5805555555555556 0.01875 0.025
0 0.5 0.6555555555555556 0.01875 0.025
0 0.5010416666666667 0.7361111111111112 0.01875 0.025
0 0.5010416666666667 0.8208333333333333 0.01875 0.025
0 0.5625 0.38055555555555554 0.01875 0.025
0 0.5645833333333333 0.44305555555555554 0.01875 0.025
0 0.5666666666666667 0.5111111111111111 0.01875 0.025
0 0.56875 0.5819444444444445 0.01875 0.025
0 0.5708333333333333 0.6569444444444444 0.01875 0.025
0 0.5739583333333333 0.7361111111111112 0.01875 0.025
0 0.5760416666666667 0.8222222222222222 0.01875 0.025
0 0.625 0.3819444444444444 0.01875 0.025
0 0.6291666666666667 0.4444444444444444 0.01875 0.025
0 0.6333333333333333 0.5111111111111111 0.01875 0.025
0 0.6375 0.5819444444444445 0.01875 0.025
0 0.6416666666666667 0.6569444444444444 0.01875 0.025
0 0.646875 0.7375 0.01875 0.025
0 0.6510416666666666 0.8222222222222222 0.01875 0.025
0 0.6875 0.38333333333333336 0.01875 0.025
0 0.69375 0.44583333333333336 0.01875 0.025
0 0.6989583333333333 0.5125 0.01875 0.025
0 0.7052083333333333 0.5833333333333334 0.01875 0.025
0 0.7114583333333333 0.6583333333333333 0.01875 0.025
0 0.71875 0.7375 0.01875 0.025
0 0.7260416666666667 0.8222222222222222 0.01875 0.025