0 0.603125 0.26296296296296295 0.014583333333333334 0.025925925925925925
0 0.5552083333333333 0.26296296296296295 0.014583333333333334 0.025925925925925925
0 0.5083333333333333 0.26296296296296295 0.014583333333333334 0.025925925925925925
0 0.46041666666666664 0.26296296296296295 0.014583333333333334 0.025925925925925925
0 0.4125 0.26296296296296295 0.014583333333333334 0.025925925925925925
0 0.36354166666666665 0.26481481481481484 0.014583333333333334 0.025925925925925925
0 0.315625 0.26481481481481484 0.014583333333333334 0.025925925925925925
0 0.6072916666666667 0.32592592592592595 0.014583333333333334 0.025925925925925925
0 0.5583333333333333 0.32592592592592595 0.014583333333333334 0.025925925925925925
0 0.509375 0.32592592592592595 0.014583333333333334 0.025925925925925925
0 0.459375 0.3277777777777778 0.014583333333333334 0.025925925925925925
0 0.41041666666666665 0.3277777777777778 0.014583333333333334 0.025925925925925925
0 0.36041666666666666 0.3277777777777778 0.014583333333333334 0.025925925925925925
0 0.309375 0.3277777777777778 0.014583333333333334 0.025925925925925925
0 0.6114583333333333 0.3925925925925926 0.014583333333333334 0.025925925925925925
0 0.5614583333333333 0.39444444444444443 0.014583333333333334 0.025925925925925925
0 0.5104166666666666 0.39444444444444443 0.014583333333333334 0.025925925925925925
0 0.459375 0.39444444444444443 0.014583333333333334 0.025925925925925925
0 0.4083333333333333 0.3962962962962963 0.014583333333333334 0.025925925925925925
0 0.35625 0.3962962962962963 0.014583333333333334 0.025925925925925925
0 0.30416666666666664 0.3962962962962963 0.014583333333333334 0.025925925925925925
0 0.6166666666666667 0.4648148148148148 0.014583333333333334 0.025925925925925925
0 0.5645833333333333 0.4666666666666667 0.014583333333333334 0.025925925925925925
0 0.5114583333333333 0.4666666666666667 0.014583333333333334 0.025925925925925925
0 0.4583333333333333 0.4685185185185185 0.014583333333333334 0.025925925925925925
0 0.40520833333333334 0.4685185185185185 0.014583333333333334 0.025925925925925925
0 0.35208333333333336 0.4703703703703704 0.014583333333333334 0.025925925925925925
0 0.29791666666666666 0.4703703703703704 0.014583333333333334 0.025925925925925925
0 0.621875 0.5425925925925926 0.014583333333333334 0.025925925925925925
0 0.5677083333333334 0.5444444444444444 0.014583333333333334 0.025925925925925925
0 0.5135416666666667 0.5444444444444444 0.014583333333333334 0.025925925925925925
0 0.4583333333333333 0.5462962962962963 0.014583333333333334 0.025925925925925925
0 0.403125 0.5481481481481482 0.014583333333333334 0.025925925925925925
0 0.346875 0.5481481481481482 0.014583333333333334 0.025925925925925925
0 0.2916666666666667 0.55 0.014583333333333334 0.025925925925925925
0 0.6270833333333333 0.6259259259259259 0.014583333333333334 0.025925925925925925
0 0.5708333333333333 0.6277777777777778 0.014583333333333334 0.025925925925925925
0 0.5145833333333333 0.6296296296296297 0.014583333333333334 0.025925925925925925
0 0.45729166666666665 0.6296296296296297 0.014583333333333334 0.025925925925925925
0 0.4 0.6314814814814815 0.014583333333333334 0.025925925925925925
0 0.34270833333333334 0.6333333333333333 0.014583333333333334 0.025925925925925925
0 0.284375 0.6351851851851852 0.014583333333333334 0.025925925925925925
0 0.6333333333333333 0.7148148148148148 0.014583333333333334 0.025925925925925925
0 0.575 0.7166666666666667 0.014583333333333334 0.025925925925925925
0 0.5166666666666667 0.7185185185185186 0.014583333333333334 0.025925925925925925
0 0.45729166666666665 0.7222222222222222 0.014583333333333334 0.025925925925925925
0 0.396875 0.7240740740740741 0.014583333333333334 0.025925925925925925
0 0.33645833333333336 0.725925925925926 0.014583333333333334 0.025925925925925925
0 0.2760416666666667 0.7277777777777777 0.014583333333333334 0.025925925925925925