0 0.75 0.22314814814814815 0.035416666666666666 0.03518518518518519
0 0.671875 0.22407407407407406 0.035416666666666666 0.03518518518518519
0 0.59375 0.225 0.035416666666666666 0.03518518518518519
0 0.5166666666666667 0.22592592592592592 0.035416666666666666 0.03518518518518519
0 0.43854166666666666 0.22685185185185186 0.035416666666666666 0.03518518518518519
0 0.3614583333333333 0.22824074074074074 0.035416666666666666 0.03518518518518519
0 0.2833333333333333 0.22916666666666666 0.035416666666666666 0.03518518518518519
0 0.7604166666666666 0.2875 0.035416666666666666 0.03518518518518519
0 0.6791666666666667 0.2884259259259259 0.035416666666666666 0.03518518518518519
0 0.5989583333333334 0.2898148148148148 0.035416666666666666 0.03518518518518519
0 0.5177083333333333 0.29074074074074074 0.035416666666666666 0.03518518518518519
0 0.4375 0.2916666666666667 0.035416666666666666 0.03518518518518519
0 0.3572916666666667 0.29259259259259257 0.035416666666666666 0.03518518518518519
0 0.27708333333333335 0.2935185185185185 0.035416666666666666 0.03518518518518519
0 0.771875 0.3574074074074074 0.035416666666666666 0.03518518518518519
0 0.6875 0.35833333333333334 0.035416666666666666 0.03518518518518519
0 0.603125 0.3592592592592593 0.035416666666666666 0.03518518518518519
0 0.5197916666666667 0.36018518518518516 0.035416666666666666 0.03518518518518519
0 0.43645833333333334 0.36157407407407405 0.035416666666666666 0.03518518518518519
0 0.353125 0.3625 0.035416666666666666 0.03518518518518519
0 0.26979166666666665 0.3625 0.035416666666666666 0.03518518518518519
0 0.7833333333333333 0.43333333333333335 0.035416666666666666 0.03518518518518519
0 0.6958333333333333 0.43333333333333335 0.035416666666666666 0.03518518518518519
0 0.6083333333333333 0.43425925925925923 0.035416666666666666 0.03518518518518519
0 0.521875 0.4351851851851852 0.035416666666666666 0.03518518518518519
0 0.434375 0.43657407407407406 0.035416666666666666 0.03518518518518519
0 0.34791666666666665 0.4375 0.035416666666666666 0.03518518518518519
0 0.26145833333333335 0.4375 0.035416666666666666 0.03518518518518519
0 0.7958333333333333 0.5148148148148148 0.035416666666666666 0.03518518518518519
0 0.7052083333333333 0.5157407407407407 0.035416666666666666 0.03518518518518519
0 0.6145833333333334 0.5157407407407407 0.035416666666666666 0.03518518518518519
0 0.5239583333333333 0.5166666666666667 0.035416666666666666 0.03518518518518519
0 0.43333333333333335 0.5175925925925926 0.035416666666666666 0.03518518518518519
0 0.34270833333333334 0.5185185185185185 0.035416666666666666 0.03518518518518519
0 0.253125 0.5185185185185185 0.035416666666666666 0.03518518518518519
0 0.8104166666666667 0.6032407407407407 0.035416666666666666 0.03518518518518519
0 0.7145833333333333 0.6032407407407407 0.035416666666666666 0.03518518518518519
0 0.6197916666666666 0.6041666666666666 0.035416666666666666 0.03518518518518519
0 0.5260416666666666 0.6050925925925926 0.035416666666666666 0.03518518518518519
0 0.43125 0.6050925925925926 0.035416666666666666 0.03518518518518519
0 0.3375 0.6064814814814815 0.035416666666666666 0.03518518518518519
0 0.24375 0.6074074074074074 0.035416666666666666 0.03518518518518519
0 0.825 0.6990740740740741 0.035416666666666666 0.03518518518518519
0 0.7260416666666667 0.7 0.035416666666666666 0.03518518518518519
0 0.6270833333333333 0.700925925925926 0.035416666666666666 0.03518518518518519
0 0.528125 0.700925925925926 0.035416666666666666 0.03518518518518519
0 0.42916666666666664 0.7018518518518518 0.035416666666666666 0.03518518518518519
0 0.33125 0.7018518518518518 0.035416666666666666 0.03518518518518519
0 0.23333333333333334 0.7032407407407407 0.035416666666666666 0.03518518518518519