0 0.29375 0.6513888888888889 0.020833333333333332 0.027777777777777776
0 0.37083333333333335 0.65 0.020833333333333332 0.027777777777777776
0 0.44895833333333335 0.6486111111111111 0.020833333333333332 0.027777777777777776
0 0.5270833333333333 0.6472222222222223 0.020833333333333332 0.027777777777777776
0 0.60625 0.6458333333333334 0.020833333333333332 0.027777777777777776
0 0.6864583333333333 0.6430555555555556 0.020833333333333332 0.027777777777777776
0 0.7666666666666667 0.6416666666666667 0.020833333333333332 0.027777777777777776
0 0.30416666666666664 0.5611111111111111 0.020833333333333332 0.027777777777777776
0 0.378125 0.5597222222222222 0.020833333333333332 0.027777777777777776
0 0.45208333333333334 0.5569444444444445 0.020833333333333332 0.027777777777777776
0 0.5270833333333333 0.5555555555555556 0.020833333333333332 0.027777777777777776
0 0.6020833333333333 0.5541666666666667 0.020833333333333332 0.027777777777777776
0 0.678125 0.5527777777777778 0.020833333333333332 0.027777777777777776
0 0.7541666666666667 0.55 0.020833333333333332 0.027777777777777776
0 0.31354166666666666 0.4791666666666667 0.020833333333333332 0.027777777777777776
0 0.384375 0.4777777777777778 0.020833333333333332 0.027777777777777776
0 0.4552083333333333 0.475 0.020833333333333332 0.027777777777777776
0 0.5260416666666666 0.4736111111111111 0.020833333333333332 0.027777777777777776
0 0.5979166666666667 0.4708333333333333 0.020833333333333332 0.027777777777777776
0 0.6697916666666667 0.46944444444444444 0.020833333333333332 0.027777777777777776
0 0.7427083333333333 0.4666666666666667 0.020833333333333332 0.027777777777777776
0 0.3229166666666667 0.4041666666666667 0.020833333333333332 0.027777777777777776
0 0.38958333333333334 0.4027777777777778 0.020833333333333332 0.027777777777777776
0 0.45729166666666665 0.4 0.020833333333333332 0.027777777777777776
0 0.5260416666666666 0.39861111111111114 0.020833333333333332 0.027777777777777776
0 0.5947916666666667 0.3958333333333333 0.020833333333333332 0.027777777777777776
0 0.6635416666666667 0.39305555555555555 0.020833333333333332 0.027777777777777776
0 0.7322916666666667 0.39166666666666666 0.020833333333333332 0.027777777777777776
0 0.33125 0.33611111111111114 0.020833333333333332 0.027777777777777776
0 0.3958333333333333 0.3333333333333333 0.020833333333333332 0.027777777777777776
0 0.46041666666666664 0.33194444444444443 0.020833333333333332 0.027777777777777776
0 0.525 0.32916666666666666 0.020833333333333332 0.027777777777777776
0 0.590625 0.3263888888888889 0.020833333333333332 0.027777777777777776
0 0.6572916666666667 0.325 0.020833333333333332 0.027777777777777776
0 0.7229166666666667 0.32222222222222224 0.020833333333333332 0.027777777777777776
0 0.3385416666666667 0.27361111111111114 0.020833333333333332 0.027777777777777776
0 0.4 0.2708333333333333 0.020833333333333332 0.027777777777777776
0 0.4625 0.26805555555555555 0.020833333333333332 0.027777777777777776
0 0.525 0.2652777777777778 0.020833333333333332 0.027777777777777776
0 0.5875 0.2638888888888889 0.020833333333333332 0.027777777777777776
0 0.6510416666666666 0.2611111111111111 0.020833333333333332 0.027777777777777776
0 0.7145833333333333 0.25833333333333336 0.020833333333333332 0.027777777777777776
0 0.3458333333333333 0.2152777777777778 0.020833333333333332 0.027777777777777776
0 0.40520833333333334 0.2125 0.020833333333333332 0.027777777777777776
0 0.46458333333333335 0.20972222222222223 0.020833333333333332 0.027777777777777776
0 0.525 0.20833333333333334 0.020833333333333332 0.027777777777777776
0 0.5854166666666667 0.20555555555555555 0.020833333333333332 0.027777777777777776
0 0.6458333333333334 0.20277777777777778 0.020833333333333332 0.027777777777777776
0 0.7072916666666667 0.2 0.020833333333333332 0.027777777777777776