0 0.6958333333333333 0.18611111111111112 0.025 0.03333333333333333
0 0.6270833333333333 0.18888888888888888 0.025 0.03333333333333333
0 0.5583333333333333 0.19027777777777777 0.025 0.03333333333333333
0 0.490625 0.19305555555555556 0.025 0.03333333333333333
0 0.421875 0.19444444444444445 0.025 0.03333333333333333
0 0.3541666666666667 0.19722222222222222 0.025 0.03333333333333333
0 0.2875 0.2 0.025 0.03333333333333333
0 0.70625 0.25277777777777777 0.025 0.03333333333333333
0 0.634375 0.25416666666666665 0.025 0.03333333333333333
0 0.5625 0.2569444444444444 0.025 0.03333333333333333
0 0.490625 0.25833333333333336 0.025 0.03333333333333333
0 0.41875 0.2611111111111111 0.025 0.03333333333333333
0 0.34791666666666665 0.2625 0.025 0.03333333333333333
0 0.27708333333333335 0.2652777777777778 0.025 0.03333333333333333
0 0.7177083333333333 0.325 0.025 0.03333333333333333
0 0.6416666666666667 0.3263888888888889 0.025 0.03333333333333333
0 0.565625 0.32916666666666666 0.025 0.03333333333333333
0 0.490625 0.33194444444444443 0.025 0.03333333333333333
0 0.415625 0.3333333333333333 0.025 0.03333333333333333
0 0.340625 0.3347222222222222 0.025 0.03333333333333333
0 0.26666666666666666 0.3375 0.025 0.03333333333333333
0 0.7302083333333333 0.40555555555555556 0.025 0.03333333333333333
0 0.65 0.4083333333333333 0.025 0.03333333333333333
0 0.5697916666666667 0.4097222222222222 0.025 0.03333333333333333
0 0.490625 0.4111111111111111 0.025 0.03333333333333333
0 0.4114583333333333 0.41388888888888886 0.025 0.03333333333333333
0 0.3333333333333333 0.4152777777777778 0.025 0.03333333333333333
0 0.2552083333333333 0.41805555555555557 0.025 0.03333333333333333
0 0.74375 0.49583333333333335 0.025 0.03333333333333333
0 0.659375 0.49722222222222223 0.025 0.03333333333333333
0 0.575 0.5 0.025 0.03333333333333333
0 0.490625 0.5013888888888889 0.025 0.03333333333333333
0 0.40729166666666666 0.5027777777777778 0.025 0.03333333333333333
0 0.32395833333333335 0.5055555555555555 0.025 0.03333333333333333
0 0.24166666666666667 0.5069444444444444 0.025 0.03333333333333333
0 0.759375 0.5972222222222222 0.025 0.03333333333333333
0 0.6697916666666667 0.5986111111111111 0.025 0.03333333333333333
0 0.5802083333333333 0.6 0.025 0.03333333333333333
0 0.490625 0.6013888888888889 0.025 0.03333333333333333
0 0.40208333333333335 0.6027777777777777 0.025 0.03333333333333333
0 0.3145833333333333 0.6055555555555555 0.025 0.03333333333333333
0 0.22708333333333333 0.6069444444444444 0.025 0.03333333333333333
0 0.7770833333333333 0.7111111111111111 0.025 0.03333333333333333
0 0.68125 0.7125 0.025 0.03333333333333333
0 0.5864583333333333 0.7138888888888889 0.025 0.03333333333333333
0 0.490625 0.7152777777777778 0.025 0.03333333333333333
0 0.396875 0.7166666666666667 0.025 0.03333333333333333
0 0.303125 0.7180555555555556 0.025 0.03333333333333333
0 0.21041666666666667 0.7194444444444444 0.025 0.03333333333333333