0 0.740625 0.2740740740740741 0.03125 0.03148148148148148
0 0.6614583333333334 0.275 0.03125 0.03148148148148148
0 0.584375 0.275 0.03125 0.03148148148148148
0 0.5083333333333333 0.2759259259259259 0.03125 0.03148148148148148
0 0.434375 0.2759259259259259 0.03125 0.03148148148148148
0 0.3625 0.27685185185185185 0.03125 0.03148148148148148
0 0.2916666666666667 0.27685185185185185 0.03125 0.03148148148148148
0 0.740625 0.3435185185185185 0.03125 0.03148148148148148
0 0.6583333333333333 0.3425925925925926 0.03125 0.03148148148148148
0 0.5791666666666667 0.3425925925925926 0.03125 0.03148148148148148
0 0.5010416666666667 0.3425925925925926 0.03125 0.03148148148148148
0 0.42604166666666665 0.3416666666666667 0.03125 0.03148148148148148
0 0.35208333333333336 0.3416666666666667 0.03125 0.03148148148148148
0 0.28020833333333334 0.3416666666666667 0.03125 0.03148148148148148
0 0.7395833333333334 0.4166666666666667 0.03125 0.03148148148148148
0 0.6552083333333333 0.4148148148148148 0.03125 0.03148148148148148
0 0.5739583333333333 0.4134259259259259 0.03125 0.03148148148148148
0 0.49375 0.4125 0.03125 0.03148148148148148
0 0.4166666666666667 0.4115740740740741 0.03125 0.03148148148148148
0 0.340625 0.4101851851851852 0.03125 0.03148148148148148
0 0.26666666666666666 0.4083333333333333 0.03125 0.03148148148148148
0 0.7385416666666667 0.4935185185185185 0.03125 0.03148148148148148
0 0.6520833333333333 0.49074074074074076 0.03125 0.03148148148148148
0 0.5677083333333334 0.48842592592592593 0.03125 0.03148148148148148
0 0.4864583333333333 0.48657407407407405 0.03125 0.03148148148148148
0 0.40625 0.4842592592592593 0.03125 0.03148148148148148
0 0.32916666666666666 0.4824074074074074 0.03125 0.03148148148148148
0 0.253125 0.48009259259259257 0.03125 0.03148148148148148
0 0.7375 0.575 0.03125 0.03148148148148148
0 0.6489583333333333 0.5717592592592593 0.03125 0.03148148148148148
0 0.5625 0.5675925925925925 0.03125 0.03148148148148148
0 0.478125 0.5648148148148148 0.03125 0.03148148148148148
0 0.396875 0.5615740740740741 0.03125 0.03148148148148148
0 0.31666666666666665 0.5583333333333333 0.03125 0.03148148148148148
0 0.23958333333333334 0.5550925925925926 0.03125 0.03148148148148148
0 0.7364583333333333 0.6625 0.03125 0.03148148148148148
0 0.6447916666666667 0.6574074074074074 0.03125 0.03148148148148148
0 0.55625 0.6518518518518519 0.03125 0.03148148148148148
0 0.46979166666666666 0.6481481481481481 0.03125 0.03148148148148148
0 0.3854166666666667 0.6425925925925926 0.03125 0.03148148148148148
0 0.30416666666666664 0.638425925925926 0.03125 0.03148148148148148
0 0.22395833333333334 0.6342592592592593 0.03125 0.03148148148148148
0 0.7354166666666667 0.7541666666666667 0.03125 0.03148148148148148
0 0.640625 0.7481481481481481 0.03125 0.03148148148148148
0 0.5489583333333333 0.7416666666666667 0.03125 0.03148148148148148
0 0.46041666666666664 0.7351851851851852 0.03125 0.03148148148148148
0 0.37395833333333334 0.7291666666666666 0.03125 0.03148148148148148
0 0.28958333333333336 0.7240740740740741 0.03125 0.03148148148148148
0 0.20833333333333334 0.7175925925925926 0.03125 0.03148148148148148