0 0.3375 0.39305555555555555 0.01875 0.025
0 0.33125 0.45 0.01875 0.025
0 0.3260416666666667 0.5111111111111111 0.01875 0.025
0 0.31979166666666664 0.575 0.01875 0.025
0 0.3125 0.6430555555555556 0.01875 0.025
0 0.30520833333333336 0.7166666666666667 0.01875 0.025
0 0.29791666666666666 0.7944444444444444 0.01875 0.025
0 0.39895833333333336 0.39444444444444443 0.01875 0.025
0 0.39479166666666665 0.4513888888888889 0.01875 0.025
0 0.390625 0.5111111111111111 0.01875 0.025
0 0.38645833333333335 0.5763888888888888 0.01875 0.025
0 0.38229166666666664 0.6444444444444445 0.01875 0.025
0 0.3770833333333333 0.7166666666666667 0.01875 0.025
0 0.371875 0.7958333333333333 0.01875 0.025
0 0.46041666666666664 0.3958333333333333 0.01875 0.025
0 0.4583333333333333 0.4527777777777778 0.01875 0.025
0 0.45625 0.5125 0.01875 0.025
0 0.45416666666666666 0.5763888888888888 0.01875 0.025
0 0.4510416666666667 0.6458333333333334 0.01875 0.025
0 0.44895833333333335 0.7180555555555556 0.01875 0.025
0 0.44583333333333336 0.7958333333333333 0.01875 0.025
0 0.521875 0.3958333333333333 0.01875 0.025
0 0.521875 0.4527777777777778 0.01875 0.025
0 0.521875 0.5138888888888888 0.01875 0.025
0 0.5208333333333334 0.5777777777777777 0.01875 0.025
0 0.5208333333333334 0.6458333333333334 0.01875 0.025
0 0.5208333333333334 0.7194444444444444 0.01875 0.025
0 0.5208333333333334 0.7972222222222223 0.01875 0.025
0 0.5833333333333334 0.3972222222222222 0.01875 0.025
0 0.584375 0.45416666666666666 0.01875 0.025
0 0.5864583333333333 0.5138888888888888 0.01875 0.025
0 0.5885416666666666 0.5791666666666667 0.01875 0.025
0 0.590625 0.6472222222222223 0.01875 0.025
0 0.5927083333333333 0.7194444444444444 0.01875 0.025
0 0.5947916666666667 0.7986111111111112 0.01875 0.025
0 0.6447916666666667 0.39861111111111114 0.01875 0.025
0 0.6479166666666667 0.45555555555555555 0.01875 0.025
0 0.6520833333333333 0.5152777777777777 0.01875 0.025
0 0.6552083333333333 0.5791666666666667 0.01875 0.025
0 0.659375 0.6486111111111111 0.01875 0.025
0 0.6635416666666667 0.7208333333333333 0.01875 0.025
0 0.66875 0.7986111111111112 0.01875 0.025
0 0.70625 0.39861111111111114 0.01875 0.025
0 0.7114583333333333 0.45555555555555555 0.01875 0.025
0 0.7166666666666667 0.5166666666666667 0.01875 0.025
0 0.7229166666666667 0.5805555555555556 0.01875 0.025
0 0.7291666666666666 0.6486111111111111 0.01875 0.025
0 0.7354166666666667 0.7222222222222222 0.01875 0.025
0 0.7427083333333333 0.8 0.01875 0.025