0 0.2989583333333333 0.19444444444444445 0.01875 0.03333333333333333
0 0.29270833333333335 0.2740740740740741 0.01875 0.03333333333333333
0 0.2864583333333333 0.3611111111111111 0.01875 0.03333333333333333
0 0.28020833333333334 0.4537037037037037 0.01875 0.03333333333333333
0 0.27291666666666664 0.5537037037037037 0.01875 0.03333333333333333
0 0.26458333333333334 0.662962962962963 0.01875 0.03333333333333333
0 0.2552083333333333 0.7814814814814814 0.01875 0.03333333333333333
0 0.35833333333333334 0.19444444444444445 0.01875 0.03333333333333333
0 0.3541666666666667 0.2740740740740741 0.01875 0.03333333333333333
0 0.35104166666666664 0.3611111111111111 0.01875 0.03333333333333333
0 0.3458333333333333 0.4537037037037037 0.01875 0.03333333333333333
0 0.3416666666666667 0.5555555555555556 0.01875 0.03333333333333333
0 0.33645833333333336 0.662962962962963 0.01875 0.03333333333333333
0 0.33125 0.7833333333333333 0.01875 0.03333333333333333
0 0.41770833333333335 0.19444444444444445 0.01875 0.03333333333333333
0 0.415625 0.2759259259259259 0.01875 0.03333333333333333
0 0.41458333333333336 0.3611111111111111 0.01875 0.03333333333333333
0 0.4125 0.4537037037037037 0.01875 0.03333333333333333
0 0.41041666666666665 0.5555555555555556 0.01875 0.03333333333333333
0 0.4083333333333333 0.6648148148148149 0.01875 0.03333333333333333
0 0.40625 0.7833333333333333 0.01875 0.03333333333333333
0 0.47708333333333336 0.19444444444444445 0.01875 0.03333333333333333
0 0.47708333333333336 0.2759259259259259 0.01875 0.03333333333333333
0 0.478125 0.3611111111111111 0.01875 0.03333333333333333
0 0.4791666666666667 0.4537037037037037 0.01875 0.03333333333333333
0 0.4791666666666667 0.5555555555555556 0.01875 0.03333333333333333
0 0.48020833333333335 0.6648148148148149 0.01875 0.03333333333333333
0 0.48125 0.7833333333333333 0.01875 0.03333333333333333
0 0.5364583333333334 0.1962962962962963 0.01875 0.03333333333333333
0 0.5385416666666667 0.2759259259259259 0.01875 0.03333333333333333
0 0.5416666666666666 0.3611111111111111 0.01875 0.03333333333333333
0 0.5447916666666667 0.45555555555555555 0.01875 0.03333333333333333
0 0.5479166666666667 0.5555555555555556 0.01875 0.03333333333333333
0 0.5520833333333334 0.6648148148148149 0.01875 0.03333333333333333
0 0.5552083333333333 0.7833333333333333 0.01875 0.03333333333333333
0 0.5947916666666667 0.1962962962962963 0.01875 0.03333333333333333
0 0.6 0.2759259259259259 0.01875 0.03333333333333333
0 0.6052083333333333 0.362962962962963 0.01875 0.03333333333333333
0 0.6104166666666667 0.45555555555555555 0.01875 0.03333333333333333
0 0.6166666666666667 0.5555555555555556 0.01875 0.03333333333333333
0 0.6229166666666667 0.6648148148148149 0.01875 0.03333333333333333
0 0.6302083333333334 0.7833333333333333 0.01875 0.03333333333333333
0 0.6541666666666667 0.1962962962962963 0.01875 0.03333333333333333
0 0.6614583333333334 0.2759259259259259 0.01875 0.03333333333333333
0 0.66875 0.362962962962963 0.01875 0.03333333333333333
0 0.6770833333333334 0.45555555555555555 0.01875 0.03333333333333333
0 0.6854166666666667 0.5555555555555556 0.01875 0.03333333333333333
0 0.6947916666666667 0.6648148148148149 0.01875 0.03333333333333333
0 0.7052083333333333 0.7833333333333333 0.01875 0.03333333333333333