0 0.68125 0.17222222222222222 0.025 0.03333333333333333
0 0.6145833333333334 0.17222222222222222 0.025 0.03333333333333333
0 0.5479166666666667 0.1736111111111111 0.025 0.03333333333333333
0 0.48020833333333335 0.1736111111111111 0.025 0.03333333333333333
0 0.4125 0.175 0.025 0.03333333333333333
0 0.34375 0.1763888888888889 0.025 0.03333333333333333
0 0.27395833333333336 0.1763888888888889 0.025 0.03333333333333333
0 0.69375 0.23472222222222222 0.025 0.03333333333333333
0 0.6239583333333333 0.2361111111111111 0.025 0.03333333333333333
0 0.5541666666666667 0.2375 0.025 0.03333333333333333
0 0.48333333333333334 0.2388888888888889 0.025 0.03333333333333333
0 0.4125 0.2388888888888889 0.025 0.03333333333333333
0 0.33958333333333335 0.24027777777777778 0.025 0.03333333333333333
0 0.26666666666666666 0.24166666666666667 0.025 0.03333333333333333
0 0.7072916666666667 0.30416666666666664 0.025 0.03333333333333333
0 0.6354166666666666 0.3055555555555556 0.025 0.03333333333333333
0 0.5614583333333333 0.30833333333333335 0.025 0.03333333333333333
0 0.4875 0.30972222222222223 0.025 0.03333333333333333
0 0.4114583333333333 0.3111111111111111 0.025 0.03333333333333333
0 0.33541666666666664 0.3125 0.025 0.03333333333333333
0 0.259375 0.3138888888888889 0.025 0.03333333333333333
0 0.7229166666666667 0.3819444444444444 0.025 0.03333333333333333
0 0.646875 0.38333333333333336 0.025 0.03333333333333333
0 0.56875 0.3861111111111111 0.025 0.03333333333333333
0 0.490625 0.3875 0.025 0.03333333333333333
0 0.4114583333333333 0.3902777777777778 0.025 0.03333333333333333
0 0.33125 0.39305555555555555 0.025 0.03333333333333333
0 0.25 0.39444444444444443 0.025 0.03333333333333333
0 0.740625 0.46805555555555556 0.025 0.03333333333333333
0 0.659375 0.4708333333333333 0.025 0.03333333333333333
0 0.578125 0.4736111111111111 0.025 0.03333333333333333
0 0.4947916666666667 0.47638888888888886 0.025 0.03333333333333333
0 0.41041666666666665 0.4791666666666667 0.025 0.03333333333333333
0 0.3260416666666667 0.48194444444444445 0.025 0.03333333333333333
0 0.23958333333333334 0.4847222222222222 0.025 0.03333333333333333
0 0.7604166666666666 0.5638888888888889 0.025 0.03333333333333333
0 0.6739583333333333 0.5666666666666667 0.025 0.03333333333333333
0 0.5875 0.5708333333333333 0.025 0.03333333333333333
0 0.49895833333333334 0.575 0.025 0.03333333333333333
0 0.41041666666666665 0.5777777777777777 0.025 0.03333333333333333
0 0.31979166666666664 0.5819444444444445 0.025 0.03333333333333333
0 0.228125 0.5861111111111111 0.025 0.03333333333333333
0 0.7822916666666667 0.6722222222222223 0.025 0.03333333333333333
0 0.690625 0.6763888888888889 0.025 0.03333333333333333
0 0.5979166666666667 0.6819444444444445 0.025 0.03333333333333333
0 0.5041666666666667 0.6861111111111111 0.025 0.03333333333333333
0 0.409375 0.6902777777777778 0.025 0.03333333333333333
0 0.31354166666666666 0.6958333333333333 0.025 0.03333333333333333
0 0.215625 0.7 0.025 0.03333333333333333