0 0.734375 0.1574074074074074 0.020833333333333332 0.03518518518518519
0 0.6625 0.1574074074074074 0.020833333333333332 0.03518518518518519
0 0.5895833333333333 0.15555555555555556 0.020833333333333332 0.03518518518518519
0 0.5166666666666667 0.15555555555555556 0.020833333333333332 0.03518518518518519
0 0.44479166666666664 0.15555555555555556 0.020833333333333332 0.03518518518518519
0 0.371875 0.15555555555555556 0.020833333333333332 0.03518518518518519
0 0.3 0.15555555555555556 0.020833333333333332 0.03518518518518519
0 0.7427083333333333 0.2361111111111111 0.020833333333333332 0.03518518518518519
0 0.6677083333333333 0.2361111111111111 0.020833333333333332 0.03518518518518519
0 0.5916666666666667 0.2361111111111111 0.020833333333333332 0.03518518518518519
0 0.5166666666666667 0.2361111111111111 0.020833333333333332 0.03518518518518519
0 0.44166666666666665 0.2361111111111111 0.020833333333333332 0.03518518518518519
0 0.36666666666666664 0.2361111111111111 0.020833333333333332 0.03518518518518519
0 0.2916666666666667 0.2361111111111111 0.020833333333333332 0.03518518518518519
0 0.7520833333333333 0.3236111111111111 0.020833333333333332 0.03518518518518519
0 0.6729166666666667 0.32175925925925924 0.020833333333333332 0.03518518518518519
0 0.5947916666666667 0.32175925925925924 0.020833333333333332 0.03518518518518519
0 0.5166666666666667 0.32175925925925924 0.020833333333333332 0.03518518518518519
0 0.43854166666666666 0.32175925925925924 0.020833333333333332 0.03518518518518519
0 0.36041666666666666 0.32175925925925924 0.020833333333333332 0.03518518518518519
0 0.28229166666666666 0.32175925925925924 0.020833333333333332 0.03518518518518519
0 0.7614583333333333 0.4162037037037037 0.020833333333333332 0.03518518518518519
0 0.6791666666666667 0.4162037037037037 0.020833333333333332 0.03518518518518519
0 0.5979166666666667 0.4162037037037037 0.020833333333333332 0.03518518518518519
0 0.515625 0.4162037037037037 0.020833333333333332 0.03518518518518519
0 0.434375 0.41435185185185186 0.020833333333333332 0.03518518518518519
0 0.353125 0.41435185185185186 0.020833333333333332 0.03518518518518519
0 0.271875 0.41435185185185186 0.020833333333333332 0.03518518518518519
0 0.7708333333333334 0.5175925925925926 0.020833333333333332 0.03518518518518519
0 0.6864583333333333 0.5175925925925926 0.020833333333333332 0.03518518518518519
0 0.6010416666666667 0.5175925925925926 0.020833333333333332 0.03518518518518519
0 0.515625 0.5175925925925926 0.020833333333333332 0.03518518518518519
0 0.43020833333333336 0.5157407407407407 0.020833333333333332 0.03518518518518519
0 0.3458333333333333 0.5157407407407407 0.020833333333333332 0.03518518518518519
0 0.26145833333333335 0.5157407407407407 0.020833333333333332 0.03518518518518519
0 0.7822916666666667 0.6291666666666667 0.020833333333333332 0.03518518518518519
0 0.69375 0.6277777777777778 0.020833333333333332 0.03518518518518519
0 0.6041666666666666 0.6277777777777778 0.020833333333333332 0.03518518518518519
0 0.515625 0.6277777777777778 0.020833333333333332 0.03518518518518519
0 0.42604166666666665 0.6277777777777778 0.020833333333333332 0.03518518518518519
0 0.3375 0.6259259259259259 0.020833333333333332 0.03518518518518519
0 0.24895833333333334 0.6259259259259259 0.020833333333333332 0.03518518518518519
0 0.7947916666666667 0.75 0.020833333333333332 0.03518518518518519
0 0.7010416666666667 0.75 0.020833333333333332 0.03518518518518519
0 0.6083333333333333 0.7481481481481481 0.020833333333333332 0.03518518518518519
0 0.5145833333333333 0.7481481481481481 0.020833333333333332 0.03518518518518519
0 0.421875 0.7481481481481481 0.020833333333333332 0.03518518518518519
0 0.32916666666666666 0.7481481481481481 0.020833333333333332 0.03518518518518519
0 0.23541666666666666 0.7462962962962963 0.020833333333333332 0.03518518518518519