0 0.33125 0.6125 0.020833333333333332 0.027777777777777776
0 0.40729166666666666 0.6097222222222223 0.020833333333333332 0.027777777777777776
0 0.48333333333333334 0.6069444444444444 0.020833333333333332 0.027777777777777776
0 0.559375 0.6027777777777777 0.020833333333333332 0.027777777777777776
0 0.634375 0.6 0.020833333333333332 0.027777777777777776
0 0.7104166666666667 0.5972222222222222 0.020833333333333332 0.027777777777777776
0 0.7854166666666667 0.5944444444444444 0.020833333333333332 0.027777777777777776
0 0.3375 0.5277777777777778 0.020833333333333332 0.027777777777777776
0 0.409375 0.525 0.020833333333333332 0.027777777777777776
0 0.48125 0.5222222222222223 0.020833333333333332 0.027777777777777776
0 0.553125 0.5194444444444445 0.020833333333333332 0.027777777777777776
0 0.625 0.5166666666666667 0.020833333333333332 0.027777777777777776
0 0.696875 0.5138888888888888 0.020833333333333332 0.027777777777777776
0 0.7677083333333333 0.5111111111111111 0.020833333333333332 0.027777777777777776
0 0.34270833333333334 0.4513888888888889 0.020833333333333332 0.027777777777777776
0 0.4114583333333333 0.45 0.020833333333333332 0.027777777777777776
0 0.48020833333333335 0.44722222222222224 0.020833333333333332 0.027777777777777776
0 0.5479166666666667 0.4444444444444444 0.020833333333333332 0.027777777777777776
0 0.6166666666666667 0.44166666666666665 0.020833333333333332 0.027777777777777776
0 0.684375 0.4388888888888889 0.020833333333333332 0.027777777777777776
0 0.7520833333333333 0.4361111111111111 0.020833333333333332 0.027777777777777776
0 0.346875 0.38333333333333336 0.020833333333333332 0.027777777777777776
0 0.4125 0.38055555555555554 0.020833333333333332 0.027777777777777776
0 0.478125 0.37777777777777777 0.020833333333333332 0.027777777777777776
0 0.54375 0.375 0.020833333333333332 0.027777777777777776
0 0.6083333333333333 0.3736111111111111 0.020833333333333332 0.027777777777777776
0 0.6729166666666667 0.37083333333333335 0.020833333333333332 0.027777777777777776
0 0.7385416666666667 0.3680555555555556 0.020833333333333332 0.027777777777777776
0 0.35104166666666664 0.3194444444444444 0.020833333333333332 0.027777777777777776
0 0.41458333333333336 0.31805555555555554 0.020833333333333332 0.027777777777777776
0 0.47708333333333336 0.31527777777777777 0.020833333333333332 0.027777777777777776
0 0.5395833333333333 0.3125 0.020833333333333332 0.027777777777777776
0 0.6010416666666667 0.3111111111111111 0.020833333333333332 0.027777777777777776
0 0.6635416666666667 0.30833333333333335 0.020833333333333332 0.027777777777777776
0 0.725 0.30694444444444446 0.020833333333333332 0.027777777777777776
0 0.35520833333333335 0.2625 0.020833333333333332 0.027777777777777776
0 0.415625 0.25972222222222224 0.020833333333333332 0.027777777777777776
0 0.475 0.25833333333333336 0.020833333333333332 0.027777777777777776
0 0.5354166666666667 0.25555555555555554 0.020833333333333332 0.027777777777777776
0 0.5947916666666667 0.25416666666666665 0.020833333333333332 0.027777777777777776
0 0.6541666666666667 0.2513888888888889 0.020833333333333332 0.027777777777777776
0 0.7135416666666666 0.25 0.020833333333333332 0.027777777777777776
0 0.359375 0.20833333333333334 0.020833333333333332 0.027777777777777776
0 0.4166666666666667 0.20694444444444443 0.020833333333333332 0.027777777777777776
0 0.4739583333333333 0.20555555555555555 0.020833333333333332 0.027777777777777776
0 0.53125 0.20277777777777778 0.020833333333333332 0.027777777777777776
0 0.5885416666666666 0.2013888888888889 0.020833333333333332 0.027777777777777776
0 0.6458333333333334 0.2 0.020833333333333332 0.027777777777777776
0 0.7020833333333333 0.19722222222222222 0.020833333333333332 0.027777777777777776