0 0.7166666666666667 0.3333333333333333 0.03125 0.03148148148148148
0 0.646875 0.33240740740740743 0.03125 0.03148148148148148
0 0.5770833333333333 0.3314814814814815 0.03125 0.03148148148148148
0 0.5072916666666667 0.32916666666666666 0.03125 0.03148148148148148
0 0.4375 0.3282407407407407 0.03125 0.03148148148148148
0 0.36770833333333336 0.32685185185185184 0.03125 0.03148148148148148
0 0.29791666666666666 0.32592592592592595 0.03125 0.03148148148148148
0 0.7239583333333334 0.3907407407407407 0.03125 0.03148148148148148
0 0.6510416666666666 0.38981481481481484 0.03125 0.03148148148148148
0 0.5791666666666667 0.3875 0.03125 0.03148148148148148
0 0.50625 0.38657407407407407 0.03125 0.03148148148148148
0 0.43333333333333335 0.3851851851851852 0.03125 0.03148148148148148
0 0.3614583333333333 0.38333333333333336 0.03125 0.03148148148148148
0 0.28958333333333336 0.3824074074074074 0.03125 0.03148148148148148
0 0.73125 0.45185185185185184 0.03125 0.03148148148148148
0 0.6552083333333333 0.45092592592592595 0.03125 0.03148148148148148
0 0.5802083333333333 0.45 0.03125 0.03148148148148148
0 0.5052083333333334 0.44814814814814813 0.03125 0.03148148148148148
0 0.42916666666666664 0.44675925925925924 0.03125 0.03148148148148148
0 0.3541666666666667 0.4449074074074074 0.03125 0.03148148148148148
0 0.2791666666666667 0.44351851851851853 0.03125 0.03148148148148148
0 0.7385416666666667 0.5185185185185185 0.03125 0.03148148148148148
0 0.6604166666666667 0.5175925925925926 0.03125 0.03148148148148148
0 0.5822916666666667 0.5166666666666667 0.03125 0.03148148148148148
0 0.503125 0.5148148148148148 0.03125 0.03148148148148148
0 0.425 0.513425925925926 0.03125 0.03148148148148148
0 0.346875 0.5115740740740741 0.03125 0.03148148148148148
0 0.26875 0.5101851851851852 0.03125 0.03148148148148148
0 0.7479166666666667 0.5916666666666667 0.03125 0.03148148148148148
0 0.665625 0.5907407407407408 0.03125 0.03148148148148148
0 0.5833333333333334 0.5884259259259259 0.03125 0.03148148148148148
0 0.5020833333333333 0.586574074074074 0.03125 0.03148148148148148
0 0.4197916666666667 0.5851851851851851 0.03125 0.03148148148148148
0 0.3385416666666667 0.5833333333333334 0.03125 0.03148148148148148
0 0.25729166666666664 0.5824074074074074 0.03125 0.03148148148148148
0 0.7572916666666667 0.6708333333333333 0.03125 0.03148148148148148
0 0.6708333333333333 0.6685185185185185 0.03125 0.03148148148148148
0 0.5854166666666667 0.6675925925925926 0.03125 0.03148148148148148
0 0.5 0.6657407407407407 0.03125 0.03148148148148148
0 0.41458333333333336 0.663425925925926 0.03125 0.03148148148148148
0 0.32916666666666666 0.6625 0.03125 0.03148148148148148
0 0.24375 0.6601851851851852 0.03125 0.03148148148148148
0 0.7666666666666667 0.7574074074074074 0.03125 0.03148148148148148
0 0.6770833333333334 0.7550925925925925 0.03125 0.03148148148148148
0 0.5875 0.7532407407407408 0.03125 0.03148148148148148
0 0.4979166666666667 0.7518518518518519 0.03125 0.03148148148148148
0 0.409375 0.75 0.03125 0.03148148148148148
0 0.31979166666666664 0.7481481481481481 0.03125 0.03148148148148148
0 0.23020833333333332 0.7458333333333333 0.03125 0.03148148148148148