0 0.6916666666666667 0.1597222222222222 0.025 0.03333333333333333
0 0.6229166666666667 0.1625 0.025 0.03333333333333333
0 0.5541666666666667 0.16527777777777777 0.025 0.03333333333333333
0 0.48541666666666666 0.16805555555555557 0.025 0.03333333333333333
0 0.4166666666666667 0.17222222222222222 0.025 0.03333333333333333
0 0.3489583333333333 0.175 0.025 0.03333333333333333
0 0.28020833333333334 0.17777777777777778 0.025 0.03333333333333333
0 0.7020833333333333 0.2263888888888889 0.025 0.03333333333333333
0 0.6302083333333334 0.22916666666666666 0.025 0.03333333333333333
0 0.5583333333333333 0.23194444444444445 0.025 0.03333333333333333
0 0.4864583333333333 0.2361111111111111 0.025 0.03333333333333333
0 0.41458333333333336 0.2388888888888889 0.025 0.03333333333333333
0 0.34270833333333334 0.24166666666666667 0.025 0.03333333333333333
0 0.2708333333333333 0.24583333333333332 0.025 0.03333333333333333
0 0.7145833333333333 0.2986111111111111 0.025 0.03333333333333333
0 0.6385416666666667 0.30277777777777776 0.025 0.03333333333333333
0 0.5625 0.3055555555555556 0.025 0.03333333333333333
0 0.4875 0.30972222222222223 0.025 0.03333333333333333
0 0.4114583333333333 0.3125 0.025 0.03333333333333333
0 0.33645833333333336 0.31666666666666665 0.025 0.03333333333333333
0 0.26145833333333335 0.3194444444444444 0.025 0.03333333333333333
0 0.728125 0.38055555555555554 0.025 0.03333333333333333
0 0.6479166666666667 0.38333333333333336 0.025 0.03333333333333333
0 0.5677083333333334 0.3875 0.025 0.03333333333333333
0 0.48854166666666665 0.3902777777777778 0.025 0.03333333333333333
0 0.409375 0.39444444444444443 0.025 0.03333333333333333
0 0.32916666666666666 0.39861111111111114 0.025 0.03333333333333333
0 0.25 0.4013888888888889 0.025 0.03333333333333333
0 0.7427083333333333 0.4708333333333333 0.025 0.03333333333333333
0 0.6583333333333333 0.475 0.025 0.03333333333333333
0 0.5739583333333333 0.4777777777777778 0.025 0.03333333333333333
0 0.4895833333333333 0.48194444444444445 0.025 0.03333333333333333
0 0.40625 0.4861111111111111 0.025 0.03333333333333333
0 0.321875 0.4888888888888889 0.025 0.03333333333333333
0 0.2375 0.4930555555555556 0.025 0.03333333333333333
0 0.759375 0.5722222222222222 0.025 0.03333333333333333
0 0.6697916666666667 0.5763888888888888 0.025 0.03333333333333333
0 0.5802083333333333 0.5805555555555556 0.025 0.03333333333333333
0 0.49166666666666664 0.5833333333333334 0.025 0.03333333333333333
0 0.40208333333333335 0.5875 0.025 0.03333333333333333
0 0.31354166666666666 0.5916666666666667 0.025 0.03333333333333333
0 0.22395833333333334 0.5958333333333333 0.025 0.03333333333333333
0 0.778125 0.6861111111111111 0.025 0.03333333333333333
0 0.6833333333333333 0.6902777777777778 0.025 0.03333333333333333
0 0.5875 0.6944444444444444 0.025 0.03333333333333333
0 0.49270833333333336 0.6986111111111111 0.025 0.03333333333333333
0 0.39791666666666664 0.7027777777777777 0.025 0.03333333333333333
0 0.303125 0.7069444444444445 0.025 0.03333333333333333
0 0.20833333333333334 0.7111111111111111 0.025 0.03333333333333333