0 0.7635416666666667 0.20925925925925926 0.0375 0.0375
0 0.6833333333333333 0.2074074074074074 0.0375 0.0375
0 0.6041666666666666 0.2064814814814815 0.0375 0.0375
0 0.5239583333333333 0.20416666666666666 0.0375 0.0375
0 0.44479166666666664 0.20324074074074075 0.0375 0.0375
0 0.3645833333333333 0.20092592592592592 0.0375 0.0375
0 0.28541666666666665 0.2 0.0375 0.0375
0 0.775 0.26666666666666666 0.0375 0.0375
0 0.6916666666666667 0.26481481481481484 0.0375 0.0375
0 0.6083333333333333 0.26342592592592595 0.0375 0.0375
0 0.525 0.26157407407407407 0.0375 0.0375
0 0.4427083333333333 0.25925925925925924 0.0375 0.0375
0 0.359375 0.25833333333333336 0.0375 0.0375
0 0.27708333333333335 0.2564814814814815 0.0375 0.0375
0 0.7864583333333334 0.3282407407407407 0.0375 0.0375
0 0.7 0.32685185185185184 0.0375 0.0375
0 0.6135416666666667 0.325 0.0375 0.0375
0 0.5270833333333333 0.32314814814814813 0.0375 0.0375
0 0.440625 0.32083333333333336 0.0375 0.0375
0 0.3541666666666667 0.3199074074074074 0.0375 0.0375
0 0.26875 0.3175925925925926 0.0375 0.0375
0 0.8 0.3958333333333333 0.0375 0.0375
0 0.709375 0.39351851851851855 0.0375 0.0375
0 0.61875 0.39166666666666666 0.0375 0.0375
0 0.528125 0.3907407407407407 0.0375 0.0375
0 0.43854166666666666 0.38842592592592595 0.0375 0.0375
0 0.34791666666666665 0.38657407407407407 0.0375 0.0375
0 0.25833333333333336 0.38425925925925924 0.0375 0.0375
0 0.8145833333333333 0.4699074074074074 0.0375 0.0375
0 0.71875 0.4675925925925926 0.0375 0.0375
0 0.6239583333333333 0.46574074074074073 0.0375 0.0375
0 0.5302083333333333 0.4634259259259259 0.0375 0.0375
0 0.4354166666666667 0.4615740740740741 0.0375 0.0375
0 0.3416666666666667 0.45925925925925926 0.0375 0.0375
0 0.24791666666666667 0.45740740740740743 0.0375 0.0375
0 0.8302083333333333 0.5509259259259259 0.0375 0.0375
0 0.7302083333333333 0.549074074074074 0.0375 0.0375
0 0.63125 0.5458333333333333 0.0375 0.0375
0 0.53125 0.5435185185185185 0.0375 0.0375
0 0.43333333333333335 0.5416666666666666 0.0375 0.0375
0 0.334375 0.5398148148148149 0.0375 0.0375
0 0.23541666666666666 0.5365740740740741 0.0375 0.0375
0 0.846875 0.6407407407407407 0.0375 0.0375
0 0.7427083333333333 0.6375 0.0375 0.0375
0 0.6375 0.6351851851851852 0.0375 0.0375
0 0.5333333333333333 0.6324074074074074 0.0375 0.0375
0 0.43020833333333336 0.6300925925925925 0.0375 0.0375
0 0.3260416666666667 0.6268518518518519 0.0375 0.0375
0 0.22291666666666668 0.625 0.0375 0.0375