0 0.6927083333333334 0.15555555555555556 0.022916666666666665 0.03425925925925926
0 0.6177083333333333 0.1574074074074074 0.022916666666666665 0.03425925925925926
0 0.540625 0.1574074074074074 0.022916666666666665 0.03425925925925926
0 0.46458333333333335 0.1574074074074074 0.022916666666666665 0.03425925925925926
0 0.3875 0.1587962962962963 0.022916666666666665 0.03425925925925926
0 0.309375 0.1587962962962963 0.022916666666666665 0.03425925925925926
0 0.23229166666666667 0.1587962962962963 0.022916666666666665 0.03425925925925926
0 0.7052083333333333 0.23657407407407408 0.022916666666666665 0.03425925925925926
0 0.6270833333333333 0.23657407407407408 0.022916666666666665 0.03425925925925926
0 0.5479166666666667 0.23842592592592593 0.022916666666666665 0.03425925925925926
0 0.46770833333333334 0.23842592592592593 0.022916666666666665 0.03425925925925926
0 0.3885416666666667 0.23981481481481481 0.022916666666666665 0.03425925925925926
0 0.30833333333333335 0.23981481481481481 0.022916666666666665 0.03425925925925926
0 0.22708333333333333 0.2412037037037037 0.022916666666666665 0.03425925925925926
0 0.7177083333333333 0.32222222222222224 0.022916666666666665 0.03425925925925926
0 0.6364583333333333 0.32222222222222224 0.022916666666666665 0.03425925925925926
0 0.5552083333333333 0.32407407407407407 0.022916666666666665 0.03425925925925926
0 0.471875 0.32546296296296295 0.022916666666666665 0.03425925925925926
0 0.38958333333333334 0.32731481481481484 0.022916666666666665 0.03425925925925926
0 0.30625 0.32731481481481484 0.022916666666666665 0.03425925925925926
0 0.221875 0.3287037037037037 0.022916666666666665 0.03425925925925926
0 0.7322916666666667 0.41435185185185186 0.022916666666666665 0.03425925925925926
0 0.6479166666666667 0.41574074074074074 0.022916666666666665 0.03425925925925926
0 0.5625 0.41759259259259257 0.022916666666666665 0.03425925925925926
0 0.47708333333333336 0.41898148148148145 0.022916666666666665 0.03425925925925926
0 0.390625 0.4203703703703704 0.022916666666666665 0.03425925925925926
0 0.303125 0.4222222222222222 0.022916666666666665 0.03425925925925926
0 0.21666666666666667 0.4236111111111111 0.022916666666666665 0.03425925925925926
0 0.746875 0.5157407407407407 0.022916666666666665 0.03425925925925926
0 0.659375 0.5171296296296296 0.022916666666666665 0.03425925925925926
0 0.5708333333333333 0.5185185185185185 0.022916666666666665 0.03425925925925926
0 0.48125 0.5203703703703704 0.022916666666666665 0.03425925925925926
0 0.39166666666666666 0.5217592592592593 0.022916666666666665 0.03425925925925926
0 0.30104166666666665 0.525 0.022916666666666665 0.03425925925925926
0 0.21041666666666667 0.5263888888888889 0.022916666666666665 0.03425925925925926
0 0.7635416666666667 0.6231481481481481 0.022916666666666665 0.03425925925925926
0 0.671875 0.6263888888888889 0.022916666666666665 0.03425925925925926
0 0.5791666666666667 0.6277777777777778 0.022916666666666665 0.03425925925925926
0 0.4864583333333333 0.6310185185185185 0.022916666666666665 0.03425925925925926
0 0.3927083333333333 0.6324074074074074 0.022916666666666665 0.03425925925925926
0 0.2989583333333333 0.6356481481481482 0.022916666666666665 0.03425925925925926
0 0.203125 0.638425925925926 0.022916666666666665 0.03425925925925926
0 0.78125 0.7412037037037037 0.022916666666666665 0.03425925925925926
0 0.6854166666666667 0.7444444444444445 0.022916666666666665 0.03425925925925926
0 0.5895833333333333 0.7476851851851852 0.022916666666666665 0.03425925925925926
0 0.49270833333333336 0.7509259259259259 0.022916666666666665 0.03425925925925926
0 0.39479166666666665 0.7537037037037037 0.022916666666666665 0.03425925925925926
0 0.29583333333333334 0.7569444444444444 0.022916666666666665 0.03425925925925926
0 0.196875 0.7601851851851852 0.022916666666666665 0.03425925925925926