0 0.7197916666666667 0.26481481481481484 0.03333333333333333 0.03333333333333333
0 0.6447916666666667 0.2657407407407407 0.03333333333333333 0.03333333333333333
0 0.56875 0.26666666666666666 0.03333333333333333 0.03333333333333333
0 0.49375 0.2675925925925926 0.03333333333333333 0.03333333333333333
0 0.41875 0.26990740740740743 0.03333333333333333 0.03333333333333333
0 0.34479166666666666 0.2708333333333333 0.03333333333333333 0.03333333333333333
0 0.2708333333333333 0.27175925925925926 0.03333333333333333 0.03333333333333333
0 0.7302083333333333 0.32685185185185184 0.03333333333333333 0.03333333333333333
0 0.6510416666666666 0.3282407407407407 0.03333333333333333 0.03333333333333333
0 0.5729166666666666 0.32916666666666666 0.03333333333333333 0.03333333333333333
0 0.4947916666666667 0.3300925925925926 0.03333333333333333 0.03333333333333333
0 0.4166666666666667 0.3314814814814815 0.03333333333333333 0.03333333333333333
0 0.33958333333333335 0.33240740740740743 0.03333333333333333 0.03333333333333333
0 0.2625 0.3333333333333333 0.03333333333333333 0.03333333333333333
0 0.740625 0.39490740740740743 0.03333333333333333 0.03333333333333333
0 0.6583333333333333 0.3958333333333333 0.03333333333333333 0.03333333333333333
0 0.5760416666666667 0.39675925925925926 0.03333333333333333 0.03333333333333333
0 0.4947916666666667 0.39814814814814814 0.03333333333333333 0.03333333333333333
0 0.41354166666666664 0.3990740740740741 0.03333333333333333 0.03333333333333333
0 0.3333333333333333 0.4 0.03333333333333333 0.03333333333333333
0 0.253125 0.4009259259259259 0.03333333333333333 0.03333333333333333
0 0.7520833333333333 0.4685185185185185 0.03333333333333333 0.03333333333333333
0 0.665625 0.4699074074074074 0.03333333333333333 0.03333333333333333
0 0.5802083333333333 0.4699074074074074 0.03333333333333333 0.03333333333333333
0 0.49583333333333335 0.4708333333333333 0.03333333333333333 0.03333333333333333
0 0.4114583333333333 0.47175925925925927 0.03333333333333333 0.03333333333333333
0 0.32708333333333334 0.47314814814814815 0.03333333333333333 0.03333333333333333
0 0.24375 0.47314814814814815 0.03333333333333333 0.03333333333333333
0 0.7635416666666667 0.549074074074074 0.03333333333333333 0.03333333333333333
0 0.6739583333333333 0.55 0.03333333333333333 0.03333333333333333
0 0.5854166666666667 0.55 0.03333333333333333 0.03333333333333333
0 0.49583333333333335 0.5509259259259259 0.03333333333333333 0.03333333333333333
0 0.4083333333333333 0.5509259259259259 0.03333333333333333 0.03333333333333333
0 0.31979166666666664 0.5518518518518518 0.03333333333333333 0.03333333333333333
0 0.23333333333333334 0.5532407407407407 0.03333333333333333 0.03333333333333333
0 0.778125 0.6375 0.03333333333333333 0.03333333333333333
0 0.6833333333333333 0.6375 0.03333333333333333 0.03333333333333333
0 0.5895833333333333 0.638425925925926 0.03333333333333333 0.03333333333333333
0 0.496875 0.638425925925926 0.03333333333333333 0.03333333333333333
0 0.4041666666666667 0.638425925925926 0.03333333333333333 0.03333333333333333
0 0.3125 0.6398148148148148 0.03333333333333333 0.03333333333333333
0 0.22083333333333333 0.6398148148148148 0.03333333333333333 0.03333333333333333
0 0.7927083333333333 0.7342592592592593 0.03333333333333333 0.03333333333333333
0 0.69375 0.7342592592592593 0.03333333333333333 0.03333333333333333
0 0.5958333333333333 0.7342592592592593 0.03333333333333333 0.03333333333333333
0 0.4979166666666667 0.7342592592592593 0.03333333333333333 0.03333333333333333
0 0.4010416666666667 0.7351851851851852 0.03333333333333333 0.03333333333333333
0 0.30416666666666664 0.7351851851851852 0.03333333333333333 0.03333333333333333
0 0.20833333333333334 0.7351851851851852 0.03333333333333333 0.03333333333333333