0 0.6666666666666666 0.28425925925925927 0.029166666666666667 0.029166666666666667
0 0.5947916666666667 0.2814814814814815 0.029166666666666667 0.029166666666666667
0 0.5229166666666667 0.2791666666666667 0.029166666666666667 0.029166666666666667
0 0.45208333333333334 0.2759259259259259 0.029166666666666667 0.029166666666666667
0 0.38229166666666664 0.2740740740740741 0.029166666666666667 0.029166666666666667
0 0.3125 0.27175925925925926 0.029166666666666667 0.029166666666666667
0 0.24375 0.26990740740740743 0.029166666666666667 0.029166666666666667
0 0.6666666666666666 0.3425925925925926 0.029166666666666667 0.029166666666666667
0 0.5916666666666667 0.3398148148148148 0.029166666666666667 0.029166666666666667
0 0.51875 0.3375 0.029166666666666667 0.029166666666666667
0 0.44583333333333336 0.33425925925925926 0.029166666666666667 0.029166666666666667
0 0.37395833333333334 0.3314814814814815 0.029166666666666667 0.029166666666666667
0 0.3020833333333333 0.32916666666666666 0.029166666666666667 0.029166666666666667
0 0.23125 0.32592592592592595 0.029166666666666667 0.029166666666666667
0 0.6666666666666666 0.4050925925925926 0.029166666666666667 0.029166666666666667
0 0.5895833333333333 0.40185185185185185 0.029166666666666667 0.029166666666666667
0 0.5145833333333333 0.3990740740740741 0.029166666666666667 0.029166666666666667
0 0.4395833333333333 0.3958333333333333 0.029166666666666667 0.029166666666666667
0 0.3645833333333333 0.3925925925925926 0.029166666666666667 0.029166666666666667
0 0.290625 0.38981481481481484 0.029166666666666667 0.029166666666666667
0 0.21770833333333334 0.38657407407407407 0.029166666666666667 0.029166666666666667
0 0.6666666666666666 0.47175925925925927 0.029166666666666667 0.029166666666666667
0 0.5875 0.4675925925925926 0.029166666666666667 0.029166666666666667
0 0.509375 0.4648148148148148 0.029166666666666667 0.029166666666666667
0 0.4322916666666667 0.4615740740740741 0.029166666666666667 0.029166666666666667
0 0.35520833333333335 0.45740740740740743 0.029166666666666667 0.029166666666666667
0 0.2791666666666667 0.45416666666666666 0.029166666666666667 0.029166666666666667
0 0.203125 0.45092592592592595 0.029166666666666667 0.029166666666666667
0 0.6666666666666666 0.5425925925925926 0.029166666666666667 0.029166666666666667
0 0.584375 0.538425925925926 0.029166666666666667 0.029166666666666667
0 0.5041666666666667 0.5342592592592592 0.029166666666666667 0.029166666666666667
0 0.4239583333333333 0.5300925925925926 0.029166666666666667 0.029166666666666667
0 0.34479166666666666 0.5268518518518519 0.029166666666666667 0.029166666666666667
0 0.26666666666666666 0.5231481481481481 0.029166666666666667 0.029166666666666667
0 0.18854166666666666 0.5185185185185185 0.029166666666666667 0.029166666666666667
0 0.6666666666666666 0.6175925925925926 0.029166666666666667 0.029166666666666667
0 0.5822916666666667 0.6134259259259259 0.029166666666666667 0.029166666666666667
0 0.49895833333333334 0.6092592592592593 0.029166666666666667 0.029166666666666667
0 0.415625 0.6050925925925926 0.029166666666666667 0.029166666666666667
0 0.334375 0.6 0.029166666666666667 0.029166666666666667
0 0.253125 0.5958333333333333 0.029166666666666667 0.029166666666666667
0 0.17291666666666666 0.5916666666666667 0.029166666666666667 0.029166666666666667
0 0.6666666666666666 0.6990740740740741 0.029166666666666667 0.029166666666666667
0 0.5791666666666667 0.6949074074074074 0.029166666666666667 0.029166666666666667
0 0.49270833333333336 0.6898148148148148 0.029166666666666667 0.029166666666666667
0 0.40729166666666666 0.6842592592592592 0.029166666666666667 0.029166666666666667
0 0.3229166666666667 0.6791666666666667 0.029166666666666667 0.029166666666666667
0 0.23854166666666668 0.675 0.029166666666666667 0.029166666666666667
0 0.15520833333333334 0.6699074074074074 0.029166666666666667 0.029166666666666667