0 0.340625 0.38472222222222224 0.01875 0.025
0 0.334375 0.44305555555555554 0.01875 0.025
0 0.328125 0.5041666666666667 0.01875 0.025
0 0.321875 0.5680555555555555 0.01875 0.025
0 0.315625 0.6375 0.01875 0.025
0 0.30833333333333335 0.7111111111111111 0.01875 0.025
0 0.3 0.7902777777777777 0.01875 0.025
0 0.40208333333333335 0.3875 0.01875 0.025
0 0.39895833333333336 0.4444444444444444 0.01875 0.025
0 0.39479166666666665 0.5055555555555555 0.01875 0.025
0 0.38958333333333334 0.5708333333333333 0.01875 0.025
0 0.3854166666666667 0.6402777777777777 0.01875 0.025
0 0.3802083333333333 0.7138888888888889 0.01875 0.025
0 0.375 0.7930555555555555 0.01875 0.025
0 0.46458333333333335 0.3888888888888889 0.01875 0.025
0 0.4625 0.44722222222222224 0.01875 0.025
0 0.46041666666666664 0.5083333333333333 0.01875 0.025
0 0.4583333333333333 0.5736111111111111 0.01875 0.025
0 0.4552083333333333 0.6430555555555556 0.01875 0.025
0 0.453125 0.7166666666666667 0.01875 0.025
0 0.45 0.7958333333333333 0.01875 0.025
0 0.5260416666666666 0.39166666666666666 0.01875 0.025
0 0.5260416666666666 0.45 0.01875 0.025
0 0.5260416666666666 0.5111111111111111 0.01875 0.025
0 0.5260416666666666 0.575 0.01875 0.025
0 0.525 0.6444444444444445 0.01875 0.025
0 0.525 0.7194444444444444 0.01875 0.025
0 0.525 0.7986111111111112 0.01875 0.025
0 0.5875 0.39444444444444443 0.01875 0.025
0 0.5895833333333333 0.4513888888888889 0.01875 0.025
0 0.5916666666666667 0.5125 0.01875 0.025
0 0.59375 0.5777777777777777 0.01875 0.025
0 0.5958333333333333 0.6472222222222223 0.01875 0.025
0 0.5979166666666667 0.7222222222222222 0.01875 0.025
0 0.6 0.8013888888888889 0.01875 0.025
0 0.65 0.3958333333333333 0.01875 0.025
0 0.653125 0.45416666666666666 0.01875 0.025
0 0.6572916666666667 0.5152777777777777 0.01875 0.025
0 0.6614583333333334 0.5805555555555556 0.01875 0.025
0 0.665625 0.65 0.01875 0.025
0 0.6697916666666667 0.7236111111111111 0.01875 0.025
0 0.675 0.8041666666666667 0.01875 0.025
0 0.7114583333333333 0.39861111111111114 0.01875 0.025
0 0.7166666666666667 0.45555555555555555 0.01875 0.025
0 0.7229166666666667 0.5180555555555556 0.01875 0.025
0 0.7291666666666666 0.5833333333333334 0.01875 0.025
0 0.7354166666666667 0.6527777777777778 0.01875 0.025
0 0.7427083333333333 0.7263888888888889 0.01875 0.025
0 0.75 0.8055555555555556 0.01875 0.025