0 0.7166666666666667 0.22083333333333333 0.035416666666666666 0.03518518518518519
0 0.640625 0.2199074074074074 0.035416666666666666 0.03518518518518519
0 0.565625 0.2175925925925926 0.035416666666666666 0.03518518518518519
0 0.4895833333333333 0.21666666666666667 0.035416666666666666 0.03518518518518519
0 0.41354166666666664 0.21481481481481482 0.035416666666666666 0.03518518518518519
0 0.3385416666666667 0.21342592592592594 0.035416666666666666 0.03518518518518519
0 0.2625 0.21157407407407408 0.035416666666666666 0.03518518518518519
0 0.7239583333333334 0.2740740740740741 0.035416666666666666 0.03518518518518519
0 0.6447916666666667 0.27314814814814814 0.035416666666666666 0.03518518518518519
0 0.5666666666666667 0.2708333333333333 0.035416666666666666 0.03518518518518519
0 0.4875 0.26990740740740743 0.035416666666666666 0.03518518518518519
0 0.409375 0.2675925925925926 0.035416666666666666 0.03518518518518519
0 0.3302083333333333 0.26666666666666666 0.035416666666666666 0.03518518518518519
0 0.2520833333333333 0.26481481481481484 0.035416666666666666 0.03518518518518519
0 0.7322916666666667 0.3314814814814815 0.035416666666666666 0.03518518518518519
0 0.65 0.3300925925925926 0.035416666666666666 0.03518518518518519
0 0.5677083333333334 0.3282407407407407 0.035416666666666666 0.03518518518518519
0 0.4864583333333333 0.32685185185185184 0.035416666666666666 0.03518518518518519
0 0.4041666666666667 0.325 0.035416666666666666 0.03518518518518519
0 0.321875 0.32407407407407407 0.035416666666666666 0.03518518518518519
0 0.240625 0.32175925925925924 0.035416666666666666 0.03518518518518519
0 0.740625 0.39490740740740743 0.035416666666666666 0.03518518518518519
0 0.6552083333333333 0.3925925925925926 0.035416666666666666 0.03518518518518519
0 0.5697916666666667 0.3907407407407407 0.035416666666666666 0.03518518518518519
0 0.484375 0.38981481481481484 0.035416666666666666 0.03518518518518519
0 0.39791666666666664 0.3875 0.035416666666666666 0.03518518518518519
0 0.3125 0.3851851851851852 0.035416666666666666 0.03518518518518519
0 0.22708333333333333 0.38425925925925924 0.035416666666666666 0.03518518518518519
0 0.75 0.4625 0.035416666666666666 0.03518518518518519
0 0.6604166666666667 0.4615740740740741 0.035416666666666666 0.03518518518518519
0 0.5708333333333333 0.45925925925925926 0.035416666666666666 0.03518518518518519
0 0.48125 0.45740740740740743 0.035416666666666666 0.03518518518518519
0 0.3927083333333333 0.4550925925925926 0.035416666666666666 0.03518518518518519
0 0.303125 0.45416666666666666 0.035416666666666666 0.03518518518518519
0 0.21354166666666666 0.45185185185185184 0.035416666666666666 0.03518518518518519
0 0.7604166666666666 0.5375 0.035416666666666666 0.03518518518518519
0 0.6666666666666666 0.5351851851851852 0.035416666666666666 0.03518518518518519
0 0.5729166666666666 0.5333333333333333 0.035416666666666666 0.03518518518518519
0 0.4791666666666667 0.5324074074074074 0.035416666666666666 0.03518518518518519
0 0.3854166666666667 0.5300925925925926 0.035416666666666666 0.03518518518518519
0 0.2916666666666667 0.5282407407407408 0.035416666666666666 0.03518518518518519
0 0.19791666666666666 0.5259259259259259 0.035416666666666666 0.03518518518518519
0 0.771875 0.6199074074074075 0.035416666666666666 0.03518518518518519
0 0.6739583333333333 0.6175925925925926 0.035416666666666666 0.03518518518518519
0 0.575 0.6157407407407407 0.035416666666666666 0.03518518518518519
0 0.47708333333333336 0.6134259259259259 0.035416666666666666 0.03518518518518519
0 0.378125 0.6125 0.035416666666666666 0.03518518518518519
0 0.28020833333333334 0.6101851851851852 0.035416666666666666 0.03518518518518519
0 0.18125 0.6083333333333333 0.035416666666666666 0.03518518518518519