0 0.7052083333333333 0.16527777777777777 0.022916666666666665 0.03425925925925926
0 0.6302083333333334 0.16342592592592592 0.022916666666666665 0.03425925925925926
0 0.553125 0.16342592592592592 0.022916666666666665 0.03425925925925926
0 0.47708333333333336 0.16203703703703703 0.022916666666666665 0.03425925925925926
0 0.39895833333333336 0.16203703703703703 0.022916666666666665 0.03425925925925926
0 0.321875 0.16203703703703703 0.022916666666666665 0.03425925925925926
0 0.24270833333333333 0.16064814814814815 0.022916666666666665 0.03425925925925926
0 0.7177083333333333 0.24444444444444444 0.022916666666666665 0.03425925925925926
0 0.6385416666666667 0.24444444444444444 0.022916666666666665 0.03425925925925926
0 0.559375 0.24444444444444444 0.022916666666666665 0.03425925925925926
0 0.48020833333333335 0.24305555555555555 0.022916666666666665 0.03425925925925926
0 0.4 0.24305555555555555 0.022916666666666665 0.03425925925925926
0 0.31979166666666664 0.24305555555555555 0.022916666666666665 0.03425925925925926
0 0.23854166666666668 0.2412037037037037 0.022916666666666665 0.03425925925925926
0 0.7302083333333333 0.3300925925925926 0.022916666666666665 0.03425925925925926
0 0.6489583333333333 0.3300925925925926 0.022916666666666665 0.03425925925925926
0 0.5666666666666667 0.3300925925925926 0.022916666666666665 0.03425925925925926
0 0.484375 0.3300925925925926 0.022916666666666665 0.03425925925925926
0 0.4010416666666667 0.3300925925925926 0.022916666666666665 0.03425925925925926
0 0.31666666666666665 0.3300925925925926 0.022916666666666665 0.03425925925925926
0 0.23229166666666667 0.3300925925925926 0.022916666666666665 0.03425925925925926
0 0.74375 0.4236111111111111 0.022916666666666665 0.03425925925925926
0 0.659375 0.4236111111111111 0.022916666666666665 0.03425925925925926
0 0.5739583333333333 0.4236111111111111 0.022916666666666665 0.03425925925925926
0 0.48854166666666665 0.4236111111111111 0.022916666666666665 0.03425925925925926
0 0.40208333333333335 0.4236111111111111 0.022916666666666665 0.03425925925925926
0 0.3145833333333333 0.425462962962963 0.022916666666666665 0.03425925925925926
0 0.22708333333333333 0.425462962962963 0.022916666666666665 0.03425925925925926
0 0.7583333333333333 0.5231481481481481 0.022916666666666665 0.03425925925925926
0 0.6708333333333333 0.525 0.022916666666666665 0.03425925925925926
0 0.5822916666666667 0.525 0.022916666666666665 0.03425925925925926
0 0.49270833333333336 0.525 0.022916666666666665 0.03425925925925926
0 0.40208333333333335 0.5263888888888889 0.022916666666666665 0.03425925925925926
0 0.31145833333333334 0.5263888888888889 0.022916666666666665 0.03425925925925926
0 0.21979166666666666 0.5282407407407408 0.022916666666666665 0.03425925925925926
0 0.7739583333333333 0.6324074074074074 0.022916666666666665 0.03425925925925926
0 0.6833333333333333 0.6337962962962963 0.022916666666666665 0.03425925925925926
0 0.590625 0.6337962962962963 0.022916666666666665 0.03425925925925926
0 0.496875 0.6356481481481482 0.022916666666666665 0.03425925925925926
0 0.403125 0.6370370370370371 0.022916666666666665 0.03425925925925926
0 0.30833333333333335 0.638425925925926 0.022916666666666665 0.03425925925925926
0 0.21354166666666666 0.638425925925926 0.022916666666666665 0.03425925925925926
0 0.7916666666666666 0.7509259259259259 0.022916666666666665 0.03425925925925926
0 0.6958333333333333 0.7523148148148148 0.022916666666666665 0.03425925925925926
0 0.6 0.7537037037037037 0.022916666666666665 0.03425925925925926
0 0.5020833333333333 0.7555555555555555 0.022916666666666665 0.03425925925925926
0 0.4041666666666667 0.7569444444444444 0.022916666666666665 0.03425925925925926
0 0.30520833333333336 0.7587962962962963 0.022916666666666665 0.03425925925925926
0 0.20520833333333333 0.7615740740740741 0.022916666666666665 0.03425925925925926