0 0.734375 0.1574074074074074 0.020833333333333332 0.03518518518518519
0 0.6604166666666667 0.1574074074074074 0.020833333333333332 0.03518518518518519
0 0.5875 0.1574074074074074 0.020833333333333332 0.03518518518518519
0 0.5145833333333333 0.1574074074074074 0.020833333333333332 0.03518518518518519
0 0.44166666666666665 0.1574074074074074 0.020833333333333332 0.03518518518518519
0 0.3697916666666667 0.1574074074074074 0.020833333333333332 0.03518518518518519
0 0.29791666666666666 0.1574074074074074 0.020833333333333332 0.03518518518518519
0 0.7427083333333333 0.23796296296296296 0.020833333333333332 0.03518518518518519
0 0.665625 0.23796296296296296 0.020833333333333332 0.03518518518518519
0 0.5895833333333333 0.23796296296296296 0.020833333333333332 0.03518518518518519
0 0.5145833333333333 0.23796296296296296 0.020833333333333332 0.03518518518518519
0 0.43854166666666666 0.23796296296296296 0.020833333333333332 0.03518518518518519
0 0.36354166666666665 0.23796296296296296 0.020833333333333332 0.03518518518518519
0 0.28958333333333336 0.23796296296296296 0.020833333333333332 0.03518518518518519
0 0.7510416666666667 0.3236111111111111 0.020833333333333332 0.03518518518518519
0 0.671875 0.3236111111111111 0.020833333333333332 0.03518518518518519
0 0.5927083333333333 0.3236111111111111 0.020833333333333332 0.03518518518518519
0 0.5135416666666667 0.3236111111111111 0.020833333333333332 0.03518518518518519
0 0.4354166666666667 0.3236111111111111 0.020833333333333332 0.03518518518518519
0 0.3572916666666667 0.32175925925925924 0.020833333333333332 0.03518518518518519
0 0.28020833333333334 0.32175925925925924 0.020833333333333332 0.03518518518518519
0 0.7604166666666666 0.41805555555555557 0.020833333333333332 0.03518518518518519
0 0.678125 0.4162037037037037 0.020833333333333332 0.03518518518518519
0 0.5958333333333333 0.4162037037037037 0.020833333333333332 0.03518518518518519
0 0.5135416666666667 0.4162037037037037 0.020833333333333332 0.03518518518518519
0 0.4322916666666667 0.4162037037037037 0.020833333333333332 0.03518518518518519
0 0.35104166666666664 0.41435185185185186 0.020833333333333332 0.03518518518518519
0 0.26979166666666665 0.41435185185185186 0.020833333333333332 0.03518518518518519
0 0.771875 0.5194444444444445 0.020833333333333332 0.03518518518518519
0 0.6854166666666667 0.5194444444444445 0.020833333333333332 0.03518518518518519
0 0.5989583333333334 0.5175925925925926 0.020833333333333332 0.03518518518518519
0 0.5135416666666667 0.5175925925925926 0.020833333333333332 0.03518518518518519
0 0.428125 0.5157407407407407 0.020833333333333332 0.03518518518518519
0 0.34375 0.5157407407407407 0.020833333333333332 0.03518518518518519
0 0.259375 0.5138888888888888 0.020833333333333332 0.03518518518518519
0 0.7833333333333333 0.6310185185185185 0.020833333333333332 0.03518518518518519
0 0.6927083333333334 0.6291666666666667 0.020833333333333332 0.03518518518518519
0 0.6020833333333333 0.6291666666666667 0.020833333333333332 0.03518518518518519
0 0.5125 0.6277777777777778 0.020833333333333332 0.03518518518518519
0 0.4239583333333333 0.6259259259259259 0.020833333333333332 0.03518518518518519
0 0.33541666666666664 0.6259259259259259 0.020833333333333332 0.03518518518518519
0 0.24791666666666667 0.6240740740740741 0.020833333333333332 0.03518518518518519
0 0.7958333333333333 0.7537037037037037 0.020833333333333332 0.03518518518518519
0 0.7010416666666667 0.7518518518518519 0.020833333333333332 0.03518518518518519
0 0.60625 0.75 0.020833333333333332 0.03518518518518519
0 0.5125 0.7481481481481481 0.020833333333333332 0.03518518518518519
0 0.4197916666666667 0.7462962962962963 0.020833333333333332 0.03518518518518519
0 0.32708333333333334 0.7449074074074075 0.020833333333333332 0.03518518518518519
0 0.234375 0.7449074074074075 0.020833333333333332 0.03518518518518519