0 0.7135416666666666 0.30648148148148147 0.03333333333333333 0.03333333333333333
0 0.640625 0.3074074074074074 0.03333333333333333 0.03333333333333333
0 0.5677083333333334 0.3074074074074074 0.03333333333333333 0.03333333333333333
0 0.4947916666666667 0.30833333333333335 0.03333333333333333 0.03333333333333333
0 0.421875 0.30925925925925923 0.03333333333333333 0.03333333333333333
0 0.3489583333333333 0.30925925925925923 0.03333333333333333 0.03333333333333333
0 0.27708333333333335 0.3101851851851852 0.03333333333333333 0.03333333333333333
0 0.7229166666666667 0.36666666666666664 0.03333333333333333 0.03333333333333333
0 0.6458333333333334 0.36666666666666664 0.03333333333333333 0.03333333333333333
0 0.5697916666666667 0.3675925925925926 0.03333333333333333 0.03333333333333333
0 0.4947916666666667 0.3685185185185185 0.03333333333333333 0.03333333333333333
0 0.41875 0.3685185185185185 0.03333333333333333 0.03333333333333333
0 0.34270833333333334 0.3699074074074074 0.03333333333333333 0.03333333333333333
0 0.2677083333333333 0.37083333333333335 0.03333333333333333 0.03333333333333333
0 0.73125 0.4324074074074074 0.03333333333333333 0.03333333333333333
0 0.6520833333333333 0.4324074074074074 0.03333333333333333 0.03333333333333333
0 0.5729166666666666 0.43333333333333335 0.03333333333333333 0.03333333333333333
0 0.49375 0.43425925925925923 0.03333333333333333 0.03333333333333333
0 0.415625 0.43425925925925923 0.03333333333333333 0.03333333333333333
0 0.33645833333333336 0.4351851851851852 0.03333333333333333 0.03333333333333333
0 0.25833333333333336 0.4351851851851852 0.03333333333333333 0.03333333333333333
0 0.7416666666666667 0.5032407407407408 0.03333333333333333 0.03333333333333333
0 0.659375 0.5041666666666667 0.03333333333333333 0.03333333333333333
0 0.5760416666666667 0.5041666666666667 0.03333333333333333 0.03333333333333333
0 0.49375 0.5050925925925925 0.03333333333333333 0.03333333333333333
0 0.4114583333333333 0.5050925925925925 0.03333333333333333 0.03333333333333333
0 0.32916666666666666 0.5064814814814815 0.03333333333333333 0.03333333333333333
0 0.246875 0.5074074074074074 0.03333333333333333 0.03333333333333333
0 0.753125 0.5814814814814815 0.03333333333333333 0.03333333333333333
0 0.6666666666666666 0.5814814814814815 0.03333333333333333 0.03333333333333333
0 0.5791666666666667 0.5824074074074074 0.03333333333333333 0.03333333333333333
0 0.49375 0.5824074074074074 0.03333333333333333 0.03333333333333333
0 0.40729166666666666 0.5833333333333334 0.03333333333333333 0.03333333333333333
0 0.32083333333333336 0.5833333333333334 0.03333333333333333 0.03333333333333333
0 0.23541666666666666 0.5842592592592593 0.03333333333333333 0.03333333333333333
0 0.7645833333333333 0.6666666666666666 0.03333333333333333 0.03333333333333333
0 0.6739583333333333 0.6666666666666666 0.03333333333333333 0.03333333333333333
0 0.5833333333333334 0.6675925925925926 0.03333333333333333 0.03333333333333333
0 0.49270833333333336 0.6675925925925926 0.03333333333333333 0.03333333333333333
0 0.40208333333333335 0.6675925925925926 0.03333333333333333 0.03333333333333333
0 0.3125 0.6685185185185185 0.03333333333333333 0.03333333333333333
0 0.22291666666666668 0.6685185185185185 0.03333333333333333 0.03333333333333333
0 0.778125 0.7601851851851852 0.03333333333333333 0.03333333333333333
0 0.6833333333333333 0.7601851851851852 0.03333333333333333 0.03333333333333333
0 0.5875 0.7615740740740741 0.03333333333333333 0.03333333333333333
0 0.49270833333333336 0.7615740740740741 0.03333333333333333 0.03333333333333333
0 0.39791666666666664 0.7615740740740741 0.03333333333333333 0.03333333333333333
0 0.303125 0.7625 0.03333333333333333 0.03333333333333333
0 0.20833333333333334 0.7625 0.03333333333333333 0.03333333333333333