0 0.6770833333333334 0.16111111111111112 0.025 0.03333333333333333
0 0.609375 0.1638888888888889 0.025 0.03333333333333333
0 0.5416666666666666 0.16805555555555557 0.025 0.03333333333333333
0 0.4739583333333333 0.17083333333333334 0.025 0.03333333333333333
0 0.40625 0.1736111111111111 0.025 0.03333333333333333
0 0.3385416666666667 0.17777777777777778 0.025 0.03333333333333333
0 0.26979166666666665 0.18055555555555555 0.025 0.03333333333333333
0 0.6885416666666667 0.2263888888888889 0.025 0.03333333333333333
0 0.6177083333333333 0.22916666666666666 0.025 0.03333333333333333
0 0.546875 0.23333333333333334 0.025 0.03333333333333333
0 0.47604166666666664 0.2361111111111111 0.025 0.03333333333333333
0 0.4041666666666667 0.24027777777777778 0.025 0.03333333333333333
0 0.3333333333333333 0.24444444444444444 0.025 0.03333333333333333
0 0.2625 0.24722222222222223 0.025 0.03333333333333333
0 0.7 0.2972222222222222 0.025 0.03333333333333333
0 0.6260416666666667 0.3013888888888889 0.025 0.03333333333333333
0 0.5520833333333334 0.3055555555555556 0.025 0.03333333333333333
0 0.47708333333333336 0.30833333333333335 0.025 0.03333333333333333
0 0.403125 0.3125 0.025 0.03333333333333333
0 0.328125 0.31666666666666665 0.025 0.03333333333333333
0 0.253125 0.32083333333333336 0.025 0.03333333333333333
0 0.7135416666666666 0.3763888888888889 0.025 0.03333333333333333
0 0.6354166666666666 0.38055555555555554 0.025 0.03333333333333333
0 0.5572916666666666 0.38472222222222224 0.025 0.03333333333333333
0 0.4791666666666667 0.3888888888888889 0.025 0.03333333333333333
0 0.4010416666666667 0.39305555555555555 0.025 0.03333333333333333
0 0.321875 0.3972222222222222 0.025 0.03333333333333333
0 0.24375 0.4013888888888889 0.025 0.03333333333333333
0 0.7291666666666666 0.4638888888888889 0.025 0.03333333333333333
0 0.6458333333333334 0.46805555555555556 0.025 0.03333333333333333
0 0.5635416666666667 0.4722222222222222 0.025 0.03333333333333333
0 0.48125 0.4777777777777778 0.025 0.03333333333333333
0 0.39791666666666664 0.48194444444444445 0.025 0.03333333333333333
0 0.315625 0.4861111111111111 0.025 0.03333333333333333
0 0.23229166666666667 0.49027777777777776 0.025 0.03333333333333333
0 0.7447916666666666 0.5625 0.025 0.03333333333333333
0 0.6583333333333333 0.5666666666666667 0.025 0.03333333333333333
0 0.5708333333333333 0.5708333333333333 0.025 0.03333333333333333
0 0.48333333333333334 0.5763888888888888 0.025 0.03333333333333333
0 0.3958333333333333 0.5805555555555556 0.025 0.03333333333333333
0 0.30833333333333335 0.5847222222222223 0.025 0.03333333333333333
0 0.21979166666666666 0.5902777777777778 0.025 0.03333333333333333
0 0.7635416666666667 0.6722222222222223 0.025 0.03333333333333333
0 0.6708333333333333 0.6763888888888889 0.025 0.03333333333333333
0 0.578125 0.6819444444444445 0.025 0.03333333333333333
0 0.48541666666666666 0.6875 0.025 0.03333333333333333
0 0.3927083333333333 0.6916666666666667 0.025 0.03333333333333333
0 0.3 0.6972222222222222 0.025 0.03333333333333333
0 0.20625 0.7013888888888888 0.025 0.03333333333333333