0 0.70625 0.16342592592592592 0.022916666666666665 0.03425925925925926
0 0.63125 0.16203703703703703 0.022916666666666665 0.03425925925925926
0 0.5552083333333333 0.16203703703703703 0.022916666666666665 0.03425925925925926
0 0.478125 0.16064814814814815 0.022916666666666665 0.03425925925925926
0 0.4010416666666667 0.1587962962962963 0.022916666666666665 0.03425925925925926
0 0.3229166666666667 0.1574074074074074 0.022916666666666665 0.03425925925925926
0 0.24479166666666666 0.15555555555555556 0.022916666666666665 0.03425925925925926
0 0.7177083333333333 0.24305555555555555 0.022916666666666665 0.03425925925925926
0 0.6395833333333333 0.2412037037037037 0.022916666666666665 0.03425925925925926
0 0.5614583333333333 0.2412037037037037 0.022916666666666665 0.03425925925925926
0 0.4822916666666667 0.23981481481481481 0.022916666666666665 0.03425925925925926
0 0.40208333333333335 0.23981481481481481 0.022916666666666665 0.03425925925925926
0 0.32083333333333336 0.23842592592592593 0.022916666666666665 0.03425925925925926
0 0.23958333333333334 0.23842592592592593 0.022916666666666665 0.03425925925925926
0 0.7302083333333333 0.3287037037037037 0.022916666666666665 0.03425925925925926
0 0.65 0.3287037037037037 0.022916666666666665 0.03425925925925926
0 0.5677083333333334 0.32731481481481484 0.022916666666666665 0.03425925925925926
0 0.48541666666666666 0.32731481481481484 0.022916666666666665 0.03425925925925926
0 0.40208333333333335 0.32731481481481484 0.022916666666666665 0.03425925925925926
0 0.31875 0.32546296296296295 0.022916666666666665 0.03425925925925926
0 0.23333333333333334 0.32546296296296295 0.022916666666666665 0.03425925925925926
0 0.74375 0.4203703703703704 0.022916666666666665 0.03425925925925926
0 0.6604166666666667 0.4203703703703704 0.022916666666666665 0.03425925925925926
0 0.575 0.4203703703703704 0.022916666666666665 0.03425925925925926
0 0.4895833333333333 0.4203703703703704 0.022916666666666665 0.03425925925925926
0 0.403125 0.4203703703703704 0.022916666666666665 0.03425925925925926
0 0.315625 0.4203703703703704 0.022916666666666665 0.03425925925925926
0 0.22708333333333333 0.4203703703703704 0.022916666666666665 0.03425925925925926
0 0.759375 0.5203703703703704 0.022916666666666665 0.03425925925925926
0 0.671875 0.5217592592592593 0.022916666666666665 0.03425925925925926
0 0.5833333333333334 0.5217592592592593 0.022916666666666665 0.03425925925925926
0 0.49375 0.5217592592592593 0.022916666666666665 0.03425925925925926
0 0.403125 0.5231481481481481 0.022916666666666665 0.03425925925925926
0 0.3125 0.5231481481481481 0.022916666666666665 0.03425925925925926
0 0.21979166666666666 0.5231481481481481 0.022916666666666665 0.03425925925925926
0 0.775 0.6291666666666667 0.022916666666666665 0.03425925925925926
0 0.6833333333333333 0.6310185185185185 0.022916666666666665 0.03425925925925926
0 0.5916666666666667 0.6324074074074074 0.022916666666666665 0.03425925925925926
0 0.4979166666666667 0.6324074074074074 0.022916666666666665 0.03425925925925926
0 0.4041666666666667 0.6337962962962963 0.022916666666666665 0.03425925925925926
0 0.309375 0.6356481481481482 0.022916666666666665 0.03425925925925926
0 0.2125 0.6356481481481482 0.022916666666666665 0.03425925925925926
0 0.7927083333333333 0.7476851851851852 0.022916666666666665 0.03425925925925926
0 0.696875 0.7490740740740741 0.022916666666666665 0.03425925925925926
0 0.6010416666666667 0.7523148148148148 0.022916666666666665 0.03425925925925926
0 0.503125 0.7537037037037037 0.022916666666666665 0.03425925925925926
0 0.40520833333333334 0.7555555555555555 0.022916666666666665 0.03425925925925926
0 0.30520833333333336 0.7569444444444444 0.022916666666666665 0.03425925925925926
0 0.20416666666666666 0.7587962962962963 0.022916666666666665 0.03425925925925926