0 0.6947916666666667 0.15416666666666667 0.022916666666666665 0.03425925925925926
0 0.61875 0.15416666666666667 0.022916666666666665 0.03425925925925926
0 0.5427083333333333 0.15416666666666667 0.022916666666666665 0.03425925925925926
0 0.465625 0.1527777777777778 0.022916666666666665 0.03425925925925926
0 0.3885416666666667 0.1527777777777778 0.022916666666666665 0.03425925925925926
0 0.3104166666666667 0.1527777777777778 0.022916666666666665 0.03425925925925926
0 0.23125 0.1527777777777778 0.022916666666666665 0.03425925925925926
0 0.70625 0.2337962962962963 0.022916666666666665 0.03425925925925926
0 0.628125 0.2337962962962963 0.022916666666666665 0.03425925925925926
0 0.5489583333333333 0.2337962962962963 0.022916666666666665 0.03425925925925926
0 0.46875 0.2337962962962963 0.022916666666666665 0.03425925925925926
0 0.3885416666666667 0.2337962962962963 0.022916666666666665 0.03425925925925926
0 0.3072916666666667 0.2337962962962963 0.022916666666666665 0.03425925925925926
0 0.22604166666666667 0.2337962962962963 0.022916666666666665 0.03425925925925926
0 0.7197916666666667 0.3194444444444444 0.022916666666666665 0.03425925925925926
0 0.6375 0.32083333333333336 0.022916666666666665 0.03425925925925926
0 0.5552083333333333 0.32083333333333336 0.022916666666666665 0.03425925925925926
0 0.47291666666666665 0.32083333333333336 0.022916666666666665 0.03425925925925926
0 0.38958333333333334 0.32083333333333336 0.022916666666666665 0.03425925925925926
0 0.30520833333333336 0.32083333333333336 0.022916666666666665 0.03425925925925926
0 0.22083333333333333 0.32083333333333336 0.022916666666666665 0.03425925925925926
0 0.7333333333333333 0.412962962962963 0.022916666666666665 0.03425925925925926
0 0.6479166666666667 0.412962962962963 0.022916666666666665 0.03425925925925926
0 0.5625 0.41435185185185186 0.022916666666666665 0.03425925925925926
0 0.47604166666666664 0.41435185185185186 0.022916666666666665 0.03425925925925926
0 0.38958333333333334 0.41435185185185186 0.022916666666666665 0.03425925925925926
0 0.3020833333333333 0.41574074074074074 0.022916666666666665 0.03425925925925926
0 0.21354166666666666 0.41574074074074074 0.022916666666666665 0.03425925925925926
0 0.7479166666666667 0.5125 0.022916666666666665 0.03425925925925926
0 0.659375 0.5138888888888888 0.022916666666666665 0.03425925925925926
0 0.5708333333333333 0.5157407407407407 0.022916666666666665 0.03425925925925926
0 0.48125 0.5157407407407407 0.022916666666666665 0.03425925925925926
0 0.390625 0.5171296296296296 0.022916666666666665 0.03425925925925926
0 0.2989583333333333 0.5185185185185185 0.022916666666666665 0.03425925925925926
0 0.20729166666666668 0.5185185185185185 0.022916666666666665 0.03425925925925926
0 0.7635416666666667 0.6212962962962963 0.022916666666666665 0.03425925925925926
0 0.671875 0.6231481481481481 0.022916666666666665 0.03425925925925926
0 0.5791666666666667 0.624537037037037 0.022916666666666665 0.03425925925925926
0 0.48541666666666666 0.6263888888888889 0.022916666666666665 0.03425925925925926
0 0.390625 0.6277777777777778 0.022916666666666665 0.03425925925925926
0 0.29583333333333334 0.6291666666666667 0.022916666666666665 0.03425925925925926
0 0.2 0.6310185185185185 0.022916666666666665 0.03425925925925926
0 0.78125 0.7412037037037037 0.022916666666666665 0.03425925925925926
0 0.6854166666666667 0.7430555555555556 0.022916666666666665 0.03425925925925926
0 0.5885416666666666 0.7462962962962963 0.022916666666666665 0.03425925925925926
0 0.490625 0.7476851851851852 0.022916666666666665 0.03425925925925926
0 0.39166666666666666 0.7490740740740741 0.022916666666666665 0.03425925925925926
0 0.2916666666666667 0.7523148148148148 0.022916666666666665 0.03425925925925926
0 0.19166666666666668 0.7537037037037037 0.022916666666666665 0.03425925925925926