0 0.7041666666666667 0.19444444444444445 0.025 0.03333333333333333
0 0.6364583333333333 0.19444444444444445 0.025 0.03333333333333333
0 0.56875 0.19444444444444445 0.025 0.03333333333333333
0 0.5010416666666667 0.19444444444444445 0.025 0.03333333333333333
0 0.43333333333333335 0.19444444444444445 0.025 0.03333333333333333
0 0.365625 0.19444444444444445 0.025 0.03333333333333333
0 0.29791666666666666 0.19444444444444445 0.025 0.03333333333333333
0 0.7145833333333333 0.25972222222222224 0.025 0.03333333333333333
0 0.6427083333333333 0.25972222222222224 0.025 0.03333333333333333
0 0.571875 0.25972222222222224 0.025 0.03333333333333333
0 0.5010416666666667 0.25972222222222224 0.025 0.03333333333333333
0 0.43020833333333336 0.25972222222222224 0.025 0.03333333333333333
0 0.359375 0.25972222222222224 0.025 0.03333333333333333
0 0.28854166666666664 0.25972222222222224 0.025 0.03333333333333333
0 0.725 0.33055555555555555 0.025 0.03333333333333333
0 0.65 0.33055555555555555 0.025 0.03333333333333333
0 0.5760416666666667 0.33055555555555555 0.025 0.03333333333333333
0 0.5010416666666667 0.33055555555555555 0.025 0.03333333333333333
0 0.42604166666666665 0.33055555555555555 0.025 0.03333333333333333
0 0.35208333333333336 0.33055555555555555 0.025 0.03333333333333333
0 0.27708333333333335 0.33055555555555555 0.025 0.03333333333333333
0 0.7375 0.4097222222222222 0.025 0.03333333333333333
0 0.6583333333333333 0.4097222222222222 0.025 0.03333333333333333
0 0.5791666666666667 0.4097222222222222 0.025 0.03333333333333333
0 0.5010416666666667 0.4097222222222222 0.025 0.03333333333333333
0 0.421875 0.4097222222222222 0.025 0.03333333333333333
0 0.34375 0.4097222222222222 0.025 0.03333333333333333
0 0.26458333333333334 0.4097222222222222 0.025 0.03333333333333333
0 0.7510416666666667 0.4986111111111111 0.025 0.03333333333333333
0 0.6677083333333333 0.4986111111111111 0.025 0.03333333333333333
0 0.584375 0.4986111111111111 0.025 0.03333333333333333
0 0.5010416666666667 0.49722222222222223 0.025 0.03333333333333333
0 0.41770833333333335 0.49722222222222223 0.025 0.03333333333333333
0 0.334375 0.49722222222222223 0.025 0.03333333333333333
0 0.2520833333333333 0.49722222222222223 0.025 0.03333333333333333
0 0.765625 0.5972222222222222 0.025 0.03333333333333333
0 0.6770833333333334 0.5972222222222222 0.025 0.03333333333333333
0 0.5885416666666666 0.5972222222222222 0.025 0.03333333333333333
0 0.5010416666666667 0.5958333333333333 0.025 0.03333333333333333
0 0.4125 0.5958333333333333 0.025 0.03333333333333333
0 0.32395833333333335 0.5958333333333333 0.025 0.03333333333333333
0 0.23645833333333333 0.5958333333333333 0.025 0.03333333333333333
0 0.7822916666666667 0.7083333333333334 0.025 0.03333333333333333
0 0.6885416666666667 0.7083333333333334 0.025 0.03333333333333333
0 0.5947916666666667 0.7083333333333334 0.025 0.03333333333333333
0 0.5 0.7083333333333334 0.025 0.03333333333333333
0 0.40625 0.7069444444444445 0.025 0.03333333333333333
0 0.3125 0.7069444444444445 0.025 0.03333333333333333
0 0.21979166666666666 0.7069444444444445 0.025 0.03333333333333333