0 0.6947916666666667 0.15555555555555556 0.025 0.03333333333333333
0 0.6270833333333333 0.15694444444444444 0.025 0.03333333333333333
0 0.5583333333333333 0.15833333333333333 0.025 0.03333333333333333
0 0.4895833333333333 0.1597222222222222 0.025 0.03333333333333333
0 0.42083333333333334 0.16111111111111112 0.025 0.03333333333333333
0 0.35208333333333336 0.1625 0.025 0.03333333333333333
0 0.28229166666666666 0.1638888888888889 0.025 0.03333333333333333
0 0.7052083333333333 0.22083333333333333 0.025 0.03333333333333333
0 0.6333333333333333 0.22361111111111112 0.025 0.03333333333333333
0 0.5614583333333333 0.225 0.025 0.03333333333333333
0 0.4895833333333333 0.2263888888888889 0.025 0.03333333333333333
0 0.41770833333333335 0.22777777777777777 0.025 0.03333333333333333
0 0.3458333333333333 0.22916666666666666 0.025 0.03333333333333333
0 0.27395833333333336 0.23055555555555557 0.025 0.03333333333333333
0 0.7166666666666667 0.29444444444444445 0.025 0.03333333333333333
0 0.6416666666666667 0.29583333333333334 0.025 0.03333333333333333
0 0.565625 0.2972222222222222 0.025 0.03333333333333333
0 0.490625 0.2986111111111111 0.025 0.03333333333333333
0 0.415625 0.3 0.025 0.03333333333333333
0 0.33958333333333335 0.3013888888888889 0.025 0.03333333333333333
0 0.2635416666666667 0.30416666666666664 0.025 0.03333333333333333
0 0.728125 0.3736111111111111 0.025 0.03333333333333333
0 0.65 0.375 0.025 0.03333333333333333
0 0.5708333333333333 0.3763888888888889 0.025 0.03333333333333333
0 0.49166666666666664 0.37916666666666665 0.025 0.03333333333333333
0 0.4125 0.38055555555555554 0.025 0.03333333333333333
0 0.33229166666666665 0.3819444444444444 0.025 0.03333333333333333
0 0.253125 0.38472222222222224 0.025 0.03333333333333333
0 0.7416666666666667 0.46111111111111114 0.025 0.03333333333333333
0 0.6583333333333333 0.4638888888888889 0.025 0.03333333333333333
0 0.5760416666666667 0.4652777777777778 0.025 0.03333333333333333
0 0.49270833333333336 0.46805555555555556 0.025 0.03333333333333333
0 0.4083333333333333 0.46944444444444444 0.025 0.03333333333333333
0 0.325 0.4708333333333333 0.025 0.03333333333333333
0 0.240625 0.4736111111111111 0.025 0.03333333333333333
0 0.75625 0.5597222222222222 0.025 0.03333333333333333
0 0.66875 0.5625 0.025 0.03333333333333333
0 0.58125 0.5638888888888889 0.025 0.03333333333333333
0 0.49270833333333336 0.5666666666666667 0.025 0.03333333333333333
0 0.40520833333333334 0.5680555555555555 0.025 0.03333333333333333
0 0.31666666666666665 0.5708333333333333 0.025 0.03333333333333333
0 0.228125 0.5722222222222222 0.025 0.03333333333333333
0 0.7729166666666667 0.6694444444444444 0.025 0.03333333333333333
0 0.6802083333333333 0.6722222222222223 0.025 0.03333333333333333
0 0.5875 0.675 0.025 0.03333333333333333
0 0.49375 0.6763888888888889 0.025 0.03333333333333333
0 0.4010416666666667 0.6791666666666667 0.025 0.03333333333333333
0 0.3072916666666667 0.6819444444444445 0.025 0.03333333333333333
0 0.2125 0.6847222222222222 0.025 0.03333333333333333