0 0.21354166666666666 0.6314814814814815 0.029166666666666667 0.029166666666666667
0 0.29270833333333335 0.638425925925926 0.029166666666666667 0.029166666666666667
0 0.375 0.6449074074074074 0.029166666666666667 0.029166666666666667
0 0.459375 0.6518518518518519 0.029166666666666667 0.029166666666666667
0 0.5458333333333333 0.6592592592592592 0.029166666666666667 0.029166666666666667
0 0.6354166666666666 0.6666666666666666 0.029166666666666667 0.029166666666666667
0 0.728125 0.674074074074074 0.029166666666666667 0.029166666666666667
0 0.23020833333333332 0.5518518518518518 0.029166666666666667 0.029166666666666667
0 0.30833333333333335 0.5574074074074075 0.029166666666666667 0.029166666666666667
0 0.3885416666666667 0.5625 0.029166666666666667 0.029166666666666667
0 0.4708333333333333 0.5685185185185185 0.029166666666666667 0.029166666666666667
0 0.55625 0.5740740740740741 0.029166666666666667 0.029166666666666667
0 0.6427083333333333 0.5800925925925926 0.029166666666666667 0.029166666666666667
0 0.7333333333333333 0.586574074074074 0.029166666666666667 0.029166666666666667
0 0.246875 0.4759259259259259 0.029166666666666667 0.029166666666666667
0 0.3229166666666667 0.48009259259259257 0.029166666666666667 0.029166666666666667
0 0.40208333333333335 0.4842592592592593 0.029166666666666667 0.029166666666666667
0 0.4822916666666667 0.4898148148148148 0.029166666666666667 0.029166666666666667
0 0.5645833333333333 0.4935185185185185 0.029166666666666667 0.029166666666666667
0 0.65 0.49907407407407406 0.029166666666666667 0.029166666666666667
0 0.7375 0.5032407407407408 0.029166666666666667 0.029166666666666667
0 0.2625 0.4041666666666667 0.029166666666666667 0.029166666666666667
0 0.3375 0.4074074074074074 0.029166666666666667 0.029166666666666667
0 0.41354166666666664 0.4101851851851852 0.029166666666666667 0.029166666666666667
0 0.49270833333333336 0.4134259259259259 0.029166666666666667 0.029166666666666667
0 0.5729166666666666 0.41759259259259257 0.029166666666666667 0.029166666666666667
0 0.65625 0.42083333333333334 0.029166666666666667 0.029166666666666667
0 0.7416666666666667 0.42407407407407405 0.029166666666666667 0.029166666666666667
0 0.278125 0.3351851851851852 0.029166666666666667 0.029166666666666667
0 0.35104166666666664 0.3375 0.029166666666666667 0.029166666666666667
0 0.42604166666666665 0.3398148148148148 0.029166666666666667 0.029166666666666667
0 0.5020833333333333 0.3425925925925926 0.029166666666666667 0.029166666666666667
0 0.58125 0.3449074074074074 0.029166666666666667 0.029166666666666667
0 0.6625 0.34675925925925927 0.029166666666666667 0.029166666666666667
0 0.7458333333333333 0.35 0.029166666666666667 0.029166666666666667
0 0.2916666666666667 0.26990740740740743 0.029166666666666667 0.029166666666666667
0 0.36354166666666665 0.27175925925925926 0.029166666666666667 0.029166666666666667
0 0.43645833333333334 0.27314814814814814 0.029166666666666667 0.029166666666666667
0 0.5125 0.2740740740740741 0.029166666666666667 0.029166666666666667
0 0.5895833333333333 0.2759259259259259 0.029166666666666667 0.029166666666666667
0 0.66875 0.27685185185185185 0.029166666666666667 0.029166666666666667
0 0.75 0.27824074074074073 0.029166666666666667 0.029166666666666667
0 0.30625 0.2074074074074074 0.029166666666666667 0.029166666666666667
0 0.37604166666666666 0.20833333333333334 0.029166666666666667 0.029166666666666667
0 0.4479166666666667 0.20833333333333334 0.029166666666666667 0.029166666666666667
0 0.5208333333333334 0.20925925925925926 0.029166666666666667 0.029166666666666667
0 0.596875 0.20925925925925926 0.029166666666666667 0.029166666666666667
0 0.6739583333333333 0.2101851851851852 0.029166666666666667 0.029166666666666667
0 0.753125 0.2101851851851852 0.029166666666666667 0.029166666666666667