0 0.7020833333333333 0.31342592592592594 0.03333333333333333 0.03333333333333333
0 0.6291666666666667 0.3148148148148148 0.03333333333333333 0.03333333333333333
0 0.55625 0.31574074074074077 0.03333333333333333 0.03333333333333333
0 0.48333333333333334 0.31574074074074077 0.03333333333333333 0.03333333333333333
0 0.4114583333333333 0.31666666666666665 0.03333333333333333 0.03333333333333333
0 0.3385416666666667 0.3175925925925926 0.03333333333333333 0.03333333333333333
0 0.265625 0.3175925925925926 0.03333333333333333 0.03333333333333333
0 0.7104166666666667 0.375 0.03333333333333333 0.03333333333333333
0 0.6354166666666666 0.37592592592592594 0.03333333333333333 0.03333333333333333
0 0.559375 0.3768518518518518 0.03333333333333333 0.03333333333333333
0 0.48333333333333334 0.37824074074074077 0.03333333333333333 0.03333333333333333
0 0.4083333333333333 0.37824074074074077 0.03333333333333333 0.03333333333333333
0 0.3333333333333333 0.37916666666666665 0.03333333333333333 0.03333333333333333
0 0.25729166666666664 0.3800925925925926 0.03333333333333333 0.03333333333333333
0 0.7197916666666667 0.4425925925925926 0.03333333333333333 0.03333333333333333
0 0.640625 0.4425925925925926 0.03333333333333333 0.03333333333333333
0 0.5625 0.44351851851851853 0.03333333333333333 0.03333333333333333
0 0.48333333333333334 0.4449074074074074 0.03333333333333333 0.03333333333333333
0 0.40520833333333334 0.4449074074074074 0.03333333333333333 0.03333333333333333
0 0.32708333333333334 0.44583333333333336 0.03333333333333333 0.03333333333333333
0 0.24791666666666667 0.44675925925925924 0.03333333333333333 0.03333333333333333
0 0.7302083333333333 0.5148148148148148 0.03333333333333333 0.03333333333333333
0 0.6479166666666667 0.5157407407407407 0.03333333333333333 0.03333333333333333
0 0.565625 0.5157407407407407 0.03333333333333333 0.03333333333333333
0 0.484375 0.5166666666666667 0.03333333333333333 0.03333333333333333
0 0.40208333333333335 0.5175925925925926 0.03333333333333333 0.03333333333333333
0 0.32083333333333336 0.5185185185185185 0.03333333333333333 0.03333333333333333
0 0.23854166666666668 0.5185185185185185 0.03333333333333333 0.03333333333333333
0 0.740625 0.5935185185185186 0.03333333333333333 0.03333333333333333
0 0.6552083333333333 0.5935185185185186 0.03333333333333333 0.03333333333333333
0 0.5697916666666667 0.5949074074074074 0.03333333333333333 0.03333333333333333
0 0.484375 0.5958333333333333 0.03333333333333333 0.03333333333333333
0 0.39895833333333336 0.5967592592592592 0.03333333333333333 0.03333333333333333
0 0.31354166666666666 0.5967592592592592 0.03333333333333333 0.03333333333333333
0 0.228125 0.5981481481481481 0.03333333333333333 0.03333333333333333
0 0.7520833333333333 0.6791666666666667 0.03333333333333333 0.03333333333333333
0 0.6625 0.6800925925925926 0.03333333333333333 0.03333333333333333
0 0.5729166666666666 0.6814814814814815 0.03333333333333333 0.03333333333333333
0 0.484375 0.6814814814814815 0.03333333333333333 0.03333333333333333
0 0.39479166666666665 0.6824074074074075 0.03333333333333333 0.03333333333333333
0 0.30520833333333336 0.6833333333333333 0.03333333333333333 0.03333333333333333
0 0.21666666666666667 0.6833333333333333 0.03333333333333333 0.03333333333333333
0 0.765625 0.7731481481481481 0.03333333333333333 0.03333333333333333
0 0.671875 0.774074074074074 0.03333333333333333 0.03333333333333333
0 0.578125 0.775 0.03333333333333333 0.03333333333333333
0 0.484375 0.7759259259259259 0.03333333333333333 0.03333333333333333
0 0.390625 0.7759259259259259 0.03333333333333333 0.03333333333333333
0 0.296875 0.7768518518518519 0.03333333333333333 0.03333333333333333
0 0.20416666666666666 0.7782407407407408 0.03333333333333333 0.03333333333333333