0 0.671875 0.1527777777777778 0.025 0.03333333333333333
0 0.6041666666666666 0.15694444444444444 0.025 0.03333333333333333
0 0.5354166666666667 0.16111111111111112 0.025 0.03333333333333333
0 0.4666666666666667 0.1638888888888889 0.025 0.03333333333333333
0 0.39791666666666664 0.16805555555555557 0.025 0.03333333333333333
0 0.32916666666666666 0.17222222222222222 0.025 0.03333333333333333
0 0.2604166666666667 0.175 0.025 0.03333333333333333
0 0.6833333333333333 0.21944444444444444 0.025 0.03333333333333333
0 0.6125 0.2222222222222222 0.025 0.03333333333333333
0 0.540625 0.2263888888888889 0.025 0.03333333333333333
0 0.46770833333333334 0.23055555555555557 0.025 0.03333333333333333
0 0.3958333333333333 0.23472222222222222 0.025 0.03333333333333333
0 0.32395833333333335 0.2388888888888889 0.025 0.03333333333333333
0 0.2520833333333333 0.24166666666666667 0.025 0.03333333333333333
0 0.696875 0.2916666666666667 0.025 0.03333333333333333
0 0.6208333333333333 0.29583333333333334 0.025 0.03333333333333333
0 0.5458333333333333 0.3 0.025 0.03333333333333333
0 0.46979166666666666 0.30277777777777776 0.025 0.03333333333333333
0 0.39479166666666665 0.30694444444444446 0.025 0.03333333333333333
0 0.31875 0.3111111111111111 0.025 0.03333333333333333
0 0.24375 0.31527777777777777 0.025 0.03333333333333333
0 0.7104166666666667 0.37083333333333335 0.025 0.03333333333333333
0 0.63125 0.375 0.025 0.03333333333333333
0 0.5510416666666667 0.37916666666666665 0.025 0.03333333333333333
0 0.471875 0.38333333333333336 0.025 0.03333333333333333
0 0.3927083333333333 0.3875 0.025 0.03333333333333333
0 0.31354166666666666 0.39305555555555555 0.025 0.03333333333333333
0 0.23333333333333334 0.3972222222222222 0.025 0.03333333333333333
0 0.7260416666666667 0.4597222222222222 0.025 0.03333333333333333
0 0.6416666666666667 0.4638888888888889 0.025 0.03333333333333333
0 0.5583333333333333 0.46805555555555556 0.025 0.03333333333333333
0 0.4739583333333333 0.4736111111111111 0.025 0.03333333333333333
0 0.390625 0.4777777777777778 0.025 0.03333333333333333
0 0.30625 0.48194444444444445 0.025 0.03333333333333333
0 0.22291666666666668 0.4861111111111111 0.025 0.03333333333333333
0 0.7427083333333333 0.5583333333333333 0.025 0.03333333333333333
0 0.6541666666666667 0.5638888888888889 0.025 0.03333333333333333
0 0.565625 0.5680555555555555 0.025 0.03333333333333333
0 0.47708333333333336 0.5736111111111111 0.025 0.03333333333333333
0 0.3885416666666667 0.5777777777777777 0.025 0.03333333333333333
0 0.2989583333333333 0.5833333333333334 0.025 0.03333333333333333
0 0.21041666666666667 0.5875 0.025 0.03333333333333333
0 0.7625 0.6694444444444444 0.025 0.03333333333333333
0 0.66875 0.675 0.025 0.03333333333333333
0 0.5739583333333333 0.6805555555555556 0.025 0.03333333333333333
0 0.48020833333333335 0.6847222222222222 0.025 0.03333333333333333
0 0.3854166666666667 0.6902777777777778 0.025 0.03333333333333333
0 0.2916666666666667 0.6958333333333333 0.025 0.03333333333333333
0 0.196875 0.7 0.025 0.03333333333333333