0 0.29375 0.6472222222222223 0.020833333333333332 0.027777777777777776
0 0.37083333333333335 0.6458333333333334 0.020833333333333332 0.027777777777777776
0 0.4479166666666667 0.6444444444444445 0.020833333333333332 0.027777777777777776
0 0.5270833333333333 0.6430555555555556 0.020833333333333332 0.027777777777777776
0 0.60625 0.6416666666666667 0.020833333333333332 0.027777777777777776
0 0.6864583333333333 0.6402777777777777 0.020833333333333332 0.027777777777777776
0 0.7677083333333333 0.6388888888888888 0.020833333333333332 0.027777777777777776
0 0.30520833333333336 0.5569444444444445 0.020833333333333332 0.027777777777777776
0 0.378125 0.5555555555555556 0.020833333333333332 0.027777777777777776
0 0.45208333333333334 0.5541666666666667 0.020833333333333332 0.027777777777777776
0 0.5270833333333333 0.5513888888888889 0.020833333333333332 0.027777777777777776
0 0.6020833333333333 0.55 0.020833333333333332 0.027777777777777776
0 0.678125 0.5486111111111112 0.020833333333333332 0.027777777777777776
0 0.75625 0.5472222222222223 0.020833333333333332 0.027777777777777776
0 0.3145833333333333 0.475 0.020833333333333332 0.027777777777777776
0 0.384375 0.4736111111111111 0.020833333333333332 0.027777777777777776
0 0.4552083333333333 0.4708333333333333 0.020833333333333332 0.027777777777777776
0 0.5260416666666666 0.46944444444444444 0.020833333333333332 0.027777777777777776
0 0.5979166666666667 0.4666666666666667 0.020833333333333332 0.027777777777777776
0 0.6708333333333333 0.4652777777777778 0.020833333333333332 0.027777777777777776
0 0.7447916666666666 0.4625 0.020833333333333332 0.027777777777777776
0 0.32395833333333335 0.4013888888888889 0.020833333333333332 0.027777777777777776
0 0.390625 0.39861111111111114 0.020833333333333332 0.027777777777777776
0 0.4583333333333333 0.3958333333333333 0.020833333333333332 0.027777777777777776
0 0.5260416666666666 0.39444444444444443 0.020833333333333332 0.027777777777777776
0 0.5947916666666667 0.39166666666666666 0.020833333333333332 0.027777777777777776
0 0.6645833333333333 0.3888888888888889 0.020833333333333332 0.027777777777777776
0 0.734375 0.3875 0.020833333333333332 0.027777777777777776
0 0.33229166666666665 0.3333333333333333 0.020833333333333332 0.027777777777777776
0 0.3958333333333333 0.33055555555555555 0.020833333333333332 0.027777777777777776
0 0.46041666666666664 0.3277777777777778 0.020833333333333332 0.027777777777777776
0 0.5260416666666666 0.325 0.020833333333333332 0.027777777777777776
0 0.5916666666666667 0.32222222222222224 0.020833333333333332 0.027777777777777776
0 0.6583333333333333 0.32083333333333336 0.020833333333333332 0.027777777777777776
0 0.725 0.31805555555555554 0.020833333333333332 0.027777777777777776
0 0.33958333333333335 0.2708333333333333 0.020833333333333332 0.027777777777777776
0 0.4010416666666667 0.26805555555555555 0.020833333333333332 0.027777777777777776
0 0.4635416666666667 0.2652777777777778 0.020833333333333332 0.027777777777777776
0 0.5260416666666666 0.2625 0.020833333333333332 0.027777777777777776
0 0.5885416666666666 0.25972222222222224 0.020833333333333332 0.027777777777777776
0 0.653125 0.2569444444444444 0.020833333333333332 0.027777777777777776
0 0.7166666666666667 0.25416666666666665 0.020833333333333332 0.027777777777777776
0 0.346875 0.2125 0.020833333333333332 0.027777777777777776
0 0.40520833333333334 0.20972222222222223 0.020833333333333332 0.027777777777777776
0 0.465625 0.20694444444444443 0.020833333333333332 0.027777777777777776
0 0.525 0.20416666666666666 0.020833333333333332 0.027777777777777776
0 0.5864583333333333 0.2013888888888889 0.020833333333333332 0.027777777777777776
0 0.6479166666666667 0.1986111111111111 0.020833333333333332 0.027777777777777776
0 0.709375 0.19444444444444445 0.020833333333333332 0.027777777777777776