0 0.2989583333333333 0.18703703703703703 0.01875 0.03333333333333333
0 0.29270833333333335 0.26851851851851855 0.01875 0.03333333333333333
0 0.2864583333333333 0.35555555555555557 0.01875 0.03333333333333333
0 0.28020833333333334 0.44814814814814813 0.01875 0.03333333333333333
0 0.27291666666666664 0.55 0.01875 0.03333333333333333
0 0.265625 0.6611111111111111 0.01875 0.03333333333333333
0 0.25729166666666664 0.7796296296296297 0.01875 0.03333333333333333
0 0.359375 0.18888888888888888 0.01875 0.03333333333333333
0 0.35520833333333335 0.26851851851851855 0.01875 0.03333333333333333
0 0.35208333333333336 0.35555555555555557 0.01875 0.03333333333333333
0 0.34791666666666665 0.45 0.01875 0.03333333333333333
0 0.34375 0.55 0.01875 0.03333333333333333
0 0.3385416666666667 0.6611111111111111 0.01875 0.03333333333333333
0 0.3333333333333333 0.7796296296296297 0.01875 0.03333333333333333
0 0.41875 0.19074074074074074 0.01875 0.03333333333333333
0 0.41770833333333335 0.27037037037037037 0.01875 0.03333333333333333
0 0.415625 0.3574074074074074 0.01875 0.03333333333333333
0 0.41458333333333336 0.45 0.01875 0.03333333333333333
0 0.4125 0.5518518518518518 0.01875 0.03333333333333333
0 0.4114583333333333 0.6611111111111111 0.01875 0.03333333333333333
0 0.409375 0.7796296296296297 0.01875 0.03333333333333333
0 0.478125 0.19074074074074074 0.01875 0.03333333333333333
0 0.4791666666666667 0.2722222222222222 0.01875 0.03333333333333333
0 0.48020833333333335 0.3574074074074074 0.01875 0.03333333333333333
0 0.48125 0.45185185185185184 0.01875 0.03333333333333333
0 0.4822916666666667 0.5518518518518518 0.01875 0.03333333333333333
0 0.48333333333333334 0.6611111111111111 0.01875 0.03333333333333333
0 0.484375 0.7796296296296297 0.01875 0.03333333333333333
0 0.5375 0.1925925925925926 0.01875 0.03333333333333333
0 0.540625 0.2722222222222222 0.01875 0.03333333333333333
0 0.54375 0.3592592592592593 0.01875 0.03333333333333333
0 0.546875 0.45185185185185184 0.01875 0.03333333333333333
0 0.5510416666666667 0.5518518518518518 0.01875 0.03333333333333333
0 0.5552083333333333 0.6611111111111111 0.01875 0.03333333333333333
0 0.559375 0.7796296296296297 0.01875 0.03333333333333333
0 0.596875 0.19444444444444445 0.01875 0.03333333333333333
0 0.6020833333333333 0.2740740740740741 0.01875 0.03333333333333333
0 0.6072916666666667 0.3592592592592593 0.01875 0.03333333333333333
0 0.6125 0.45185185185185184 0.01875 0.03333333333333333
0 0.6197916666666666 0.5518518518518518 0.01875 0.03333333333333333
0 0.6260416666666667 0.6611111111111111 0.01875 0.03333333333333333
0 0.6333333333333333 0.7796296296296297 0.01875 0.03333333333333333
0 0.6552083333333333 0.19444444444444445 0.01875 0.03333333333333333
0 0.6625 0.2740740740740741 0.01875 0.03333333333333333
0 0.6697916666666667 0.3611111111111111 0.01875 0.03333333333333333
0 0.678125 0.4537037037037037 0.01875 0.03333333333333333
0 0.6875 0.5537037037037037 0.01875 0.03333333333333333
0 0.696875 0.6611111111111111 0.01875 0.03333333333333333
0 0.7072916666666667 0.7796296296296297 0.01875 0.03333333333333333