0 0.6802083333333333 0.175 0.025 0.03333333333333333
0 0.6145833333333334 0.175 0.025 0.03333333333333333
0 0.5479166666666667 0.175 0.025 0.03333333333333333
0 0.48020833333333335 0.175 0.025 0.03333333333333333
0 0.4125 0.175 0.025 0.03333333333333333
0 0.34375 0.175 0.025 0.03333333333333333
0 0.27395833333333336 0.175 0.025 0.03333333333333333
0 0.6927083333333334 0.2375 0.025 0.03333333333333333
0 0.6239583333333333 0.2375 0.025 0.03333333333333333
0 0.5541666666666667 0.2375 0.025 0.03333333333333333
0 0.48333333333333334 0.2388888888888889 0.025 0.03333333333333333
0 0.4114583333333333 0.2388888888888889 0.025 0.03333333333333333
0 0.33958333333333335 0.2388888888888889 0.025 0.03333333333333333
0 0.26666666666666666 0.24027777777777778 0.025 0.03333333333333333
0 0.70625 0.30694444444444446 0.025 0.03333333333333333
0 0.634375 0.30694444444444446 0.025 0.03333333333333333
0 0.5604166666666667 0.30833333333333335 0.025 0.03333333333333333
0 0.4864583333333333 0.30972222222222223 0.025 0.03333333333333333
0 0.4114583333333333 0.30972222222222223 0.025 0.03333333333333333
0 0.33541666666666664 0.3111111111111111 0.025 0.03333333333333333
0 0.25833333333333336 0.3125 0.025 0.03333333333333333
0 0.721875 0.38333333333333336 0.025 0.03333333333333333
0 0.6458333333333334 0.38472222222222224 0.025 0.03333333333333333
0 0.56875 0.3861111111111111 0.025 0.03333333333333333
0 0.4895833333333333 0.3875 0.025 0.03333333333333333
0 0.41041666666666665 0.3888888888888889 0.025 0.03333333333333333
0 0.3302083333333333 0.3902777777777778 0.025 0.03333333333333333
0 0.24791666666666667 0.39166666666666666 0.025 0.03333333333333333
0 0.7395833333333334 0.46944444444444444 0.025 0.03333333333333333
0 0.659375 0.4708333333333333 0.025 0.03333333333333333
0 0.5770833333333333 0.4736111111111111 0.025 0.03333333333333333
0 0.49375 0.475 0.025 0.03333333333333333
0 0.409375 0.4777777777777778 0.025 0.03333333333333333
0 0.32395833333333335 0.48055555555555557 0.025 0.03333333333333333
0 0.2375 0.48194444444444445 0.025 0.03333333333333333
0 0.759375 0.5652777777777778 0.025 0.03333333333333333
0 0.6739583333333333 0.5680555555555555 0.025 0.03333333333333333
0 0.5864583333333333 0.5722222222222222 0.025 0.03333333333333333
0 0.4979166666666667 0.575 0.025 0.03333333333333333
0 0.4083333333333333 0.5777777777777777 0.025 0.03333333333333333
0 0.3177083333333333 0.5805555555555556 0.025 0.03333333333333333
0 0.22604166666666667 0.5833333333333334 0.025 0.03333333333333333
0 0.78125 0.675 0.025 0.03333333333333333
0 0.690625 0.6791666666666667 0.025 0.03333333333333333
0 0.5979166666666667 0.6833333333333333 0.025 0.03333333333333333
0 0.503125 0.6875 0.025 0.03333333333333333
0 0.4083333333333333 0.6916666666666667 0.025 0.03333333333333333
0 0.3104166666666667 0.6958333333333333 0.025 0.03333333333333333
0 0.2125 0.7 0.025 0.03333333333333333