0 0.2520833333333333 0.30416666666666664 0.03333333333333333 0.03333333333333333
0 0.24583333333333332 0.36018518518518516 0.03333333333333333 0.03333333333333333
0 0.2375 0.42083333333333334 0.03333333333333333 0.03333333333333333
0 0.23020833333333332 0.48657407407407405 0.03333333333333333 0.03333333333333333
0 0.22083333333333333 0.5574074074074075 0.03333333333333333 0.03333333333333333
0 0.21145833333333333 0.6333333333333333 0.03333333333333333 0.03333333333333333
0 0.20104166666666667 0.7166666666666667 0.03333333333333333 0.03333333333333333
0 0.3260416666666667 0.30324074074074076 0.03333333333333333 0.03333333333333333
0 0.321875 0.3592592592592593 0.03333333333333333 0.03333333333333333
0 0.31666666666666665 0.4199074074074074 0.03333333333333333 0.03333333333333333
0 0.3125 0.4842592592592593 0.03333333333333333 0.03333333333333333
0 0.30625 0.5550925925925926 0.03333333333333333 0.03333333333333333
0 0.30104166666666665 0.6314814814814815 0.03333333333333333 0.03333333333333333
0 0.2947916666666667 0.7148148148148148 0.03333333333333333 0.03333333333333333
0 0.39895833333333336 0.30185185185185187 0.03333333333333333 0.03333333333333333
0 0.39791666666666664 0.35833333333333334 0.03333333333333333 0.03333333333333333
0 0.3958333333333333 0.41759259259259257 0.03333333333333333 0.03333333333333333
0 0.39479166666666665 0.48333333333333334 0.03333333333333333 0.03333333333333333
0 0.3927083333333333 0.5532407407407407 0.03333333333333333 0.03333333333333333
0 0.38958333333333334 0.6291666666666667 0.03333333333333333 0.03333333333333333
0 0.3875 0.7125 0.03333333333333333 0.03333333333333333
0 0.47291666666666665 0.30092592592592593 0.03333333333333333 0.03333333333333333
0 0.4739583333333333 0.35648148148148145 0.03333333333333333 0.03333333333333333
0 0.475 0.4166666666666667 0.03333333333333333 0.03333333333333333
0 0.47604166666666664 0.48148148148148145 0.03333333333333333 0.03333333333333333
0 0.478125 0.5518518518518518 0.03333333333333333 0.03333333333333333
0 0.4791666666666667 0.6282407407407408 0.03333333333333333 0.03333333333333333
0 0.48125 0.7101851851851851 0.03333333333333333 0.03333333333333333
0 0.5458333333333333 0.29907407407407405 0.03333333333333333 0.03333333333333333
0 0.55 0.35509259259259257 0.03333333333333333 0.03333333333333333
0 0.5541666666666667 0.4148148148148148 0.03333333333333333 0.03333333333333333
0 0.5583333333333333 0.48009259259259257 0.03333333333333333 0.03333333333333333
0 0.5625 0.55 0.03333333333333333 0.03333333333333333
0 0.5677083333333334 0.6259259259259259 0.03333333333333333 0.03333333333333333
0 0.5739583333333333 0.7083333333333334 0.03333333333333333 0.03333333333333333
0 0.6197916666666666 0.29814814814814816 0.03333333333333333 0.03333333333333333
0 0.6260416666666667 0.35324074074074074 0.03333333333333333 0.03333333333333333
0 0.6322916666666667 0.4134259259259259 0.03333333333333333 0.03333333333333333
0 0.6395833333333333 0.47824074074074074 0.03333333333333333 0.03333333333333333
0 0.6479166666666667 0.5481481481481482 0.03333333333333333 0.03333333333333333
0 0.6572916666666667 0.6240740740740741 0.03333333333333333 0.03333333333333333
0 0.6666666666666666 0.7064814814814815 0.03333333333333333 0.03333333333333333
0 0.6927083333333334 0.2967592592592593 0.03333333333333333 0.03333333333333333
0 0.7010416666666667 0.35185185185185186 0.03333333333333333 0.03333333333333333
0 0.7114583333333333 0.4125 0.03333333333333333 0.03333333333333333
0 0.721875 0.4759259259259259 0.03333333333333333 0.03333333333333333
0 0.7333333333333333 0.5458333333333333 0.03333333333333333 0.03333333333333333
0 0.7458333333333333 0.6217592592592592 0.03333333333333333 0.03333333333333333
0 0.759375 0.7041666666666667 0.03333333333333333 0.03333333333333333