0 0.6760416666666667 0.15833333333333333 0.025 0.03333333333333333
0 0.6083333333333333 0.1625 0.025 0.03333333333333333
0 0.5395833333333333 0.16527777777777777 0.025 0.03333333333333333
0 0.471875 0.16805555555555557 0.025 0.03333333333333333
0 0.403125 0.17222222222222222 0.025 0.03333333333333333
0 0.334375 0.175 0.025 0.03333333333333333
0 0.265625 0.17777777777777778 0.025 0.03333333333333333
0 0.6875 0.225 0.025 0.03333333333333333
0 0.615625 0.22777777777777777 0.025 0.03333333333333333
0 0.5447916666666667 0.23194444444444445 0.025 0.03333333333333333
0 0.47291666666666665 0.23472222222222222 0.025 0.03333333333333333
0 0.4010416666666667 0.2388888888888889 0.025 0.03333333333333333
0 0.32916666666666666 0.24166666666666667 0.025 0.03333333333333333
0 0.25729166666666664 0.24583333333333332 0.025 0.03333333333333333
0 0.7 0.2972222222222222 0.025 0.03333333333333333
0 0.625 0.3013888888888889 0.025 0.03333333333333333
0 0.55 0.30416666666666664 0.025 0.03333333333333333
0 0.475 0.30833333333333335 0.025 0.03333333333333333
0 0.4 0.3125 0.025 0.03333333333333333
0 0.32395833333333335 0.31666666666666665 0.025 0.03333333333333333
0 0.24791666666666667 0.3194444444444444 0.025 0.03333333333333333
0 0.7135416666666666 0.37777777777777777 0.025 0.03333333333333333
0 0.634375 0.3819444444444444 0.025 0.03333333333333333
0 0.55625 0.38472222222222224 0.025 0.03333333333333333
0 0.47708333333333336 0.3888888888888889 0.025 0.03333333333333333
0 0.39791666666666664 0.39305555555555555 0.025 0.03333333333333333
0 0.3177083333333333 0.3972222222222222 0.025 0.03333333333333333
0 0.23854166666666668 0.4013888888888889 0.025 0.03333333333333333
0 0.728125 0.4666666666666667 0.025 0.03333333333333333
0 0.6458333333333334 0.4708333333333333 0.025 0.03333333333333333
0 0.5625 0.475 0.025 0.03333333333333333
0 0.4791666666666667 0.4791666666666667 0.025 0.03333333333333333
0 0.3958333333333333 0.48333333333333334 0.025 0.03333333333333333
0 0.31145833333333334 0.4875 0.025 0.03333333333333333
0 0.22708333333333333 0.4930555555555556 0.025 0.03333333333333333
0 0.7458333333333333 0.5652777777777778 0.025 0.03333333333333333
0 0.6572916666666667 0.5694444444444444 0.025 0.03333333333333333
0 0.5697916666666667 0.575 0.025 0.03333333333333333
0 0.48125 0.5791666666666667 0.025 0.03333333333333333
0 0.3927083333333333 0.5847222222222223 0.025 0.03333333333333333
0 0.30416666666666664 0.5888888888888889 0.025 0.03333333333333333
0 0.21458333333333332 0.5944444444444444 0.025 0.03333333333333333
0 0.7645833333333333 0.6763888888888889 0.025 0.03333333333333333
0 0.671875 0.6819444444444445 0.025 0.03333333333333333
0 0.578125 0.6875 0.025 0.03333333333333333
0 0.484375 0.6930555555555555 0.025 0.03333333333333333
0 0.390625 0.6972222222222222 0.025 0.03333333333333333
0 0.29583333333333334 0.7027777777777777 0.025 0.03333333333333333
0 0.20104166666666667 0.7083333333333334 0.025 0.03333333333333333