0 0.30625 0.6472222222222223 0.020833333333333332 0.027777777777777776
0 0.38229166666666664 0.6472222222222223 0.020833333333333332 0.027777777777777776
0 0.4583333333333333 0.6472222222222223 0.020833333333333332 0.027777777777777776
0 0.5354166666666667 0.6472222222222223 0.020833333333333332 0.027777777777777776
0 0.6125 0.6486111111111111 0.020833333333333332 0.027777777777777776
0 0.690625 0.6486111111111111 0.020833333333333332 0.027777777777777776
0 0.7697916666666667 0.6486111111111111 0.020833333333333332 0.027777777777777776
0 0.3177083333333333 0.5597222222222222 0.020833333333333332 0.027777777777777776
0 0.38958333333333334 0.5597222222222222 0.020833333333333332 0.027777777777777776
0 0.46145833333333336 0.5597222222222222 0.020833333333333332 0.027777777777777776
0 0.5354166666666667 0.5597222222222222 0.020833333333333332 0.027777777777777776
0 0.6083333333333333 0.5597222222222222 0.020833333333333332 0.027777777777777776
0 0.6833333333333333 0.5597222222222222 0.020833333333333332 0.027777777777777776
0 0.7572916666666667 0.5597222222222222 0.020833333333333332 0.027777777777777776
0 0.32708333333333334 0.48055555555555557 0.020833333333333332 0.027777777777777776
0 0.3958333333333333 0.48055555555555557 0.020833333333333332 0.027777777777777776
0 0.46458333333333335 0.48055555555555557 0.020833333333333332 0.027777777777777776
0 0.534375 0.4791666666666667 0.020833333333333332 0.027777777777777776
0 0.6052083333333333 0.4791666666666667 0.020833333333333332 0.027777777777777776
0 0.6760416666666667 0.4791666666666667 0.020833333333333332 0.027777777777777776
0 0.746875 0.4777777777777778 0.020833333333333332 0.027777777777777776
0 0.33645833333333336 0.4083333333333333 0.020833333333333332 0.027777777777777776
0 0.40208333333333335 0.4083333333333333 0.020833333333333332 0.027777777777777776
0 0.46770833333333334 0.40694444444444444 0.020833333333333332 0.027777777777777776
0 0.534375 0.40694444444444444 0.020833333333333332 0.027777777777777776
0 0.6020833333333333 0.40555555555555556 0.020833333333333332 0.027777777777777776
0 0.66875 0.40555555555555556 0.020833333333333332 0.027777777777777776
0 0.7375 0.4041666666666667 0.020833333333333332 0.027777777777777776
0 0.34479166666666666 0.34305555555555556 0.020833333333333332 0.027777777777777776
0 0.40729166666666666 0.3416666666666667 0.020833333333333332 0.027777777777777776
0 0.4708333333333333 0.3402777777777778 0.020833333333333332 0.027777777777777776
0 0.534375 0.3402777777777778 0.020833333333333332 0.027777777777777776
0 0.5989583333333334 0.3388888888888889 0.020833333333333332 0.027777777777777776
0 0.6635416666666667 0.3388888888888889 0.020833333333333332 0.027777777777777776
0 0.728125 0.3375 0.020833333333333332 0.027777777777777776
0 0.35208333333333336 0.28194444444444444 0.020833333333333332 0.027777777777777776
0 0.4125 0.28055555555555556 0.020833333333333332 0.027777777777777776
0 0.47291666666666665 0.28055555555555556 0.020833333333333332 0.027777777777777776
0 0.534375 0.2791666666666667 0.020833333333333332 0.027777777777777776
0 0.5958333333333333 0.2777777777777778 0.020833333333333332 0.027777777777777776
0 0.6572916666666667 0.2763888888888889 0.020833333333333332 0.027777777777777776
0 0.7197916666666667 0.2763888888888889 0.020833333333333332 0.027777777777777776
0 0.359375 0.2263888888888889 0.020833333333333332 0.027777777777777776
0 0.4166666666666667 0.225 0.020833333333333332 0.027777777777777776
0 0.475 0.22361111111111112 0.020833333333333332 0.027777777777777776
0 0.534375 0.2222222222222222 0.020833333333333332 0.027777777777777776
0 0.5927083333333333 0.2222222222222222 0.020833333333333332 0.027777777777777776
0 0.653125 0.22083333333333333 0.020833333333333332 0.027777777777777776
0 0.7125 0.21944444444444444 0.020833333333333332 0.027777777777777776