0 0.2375 0.6509259259259259 0.03333333333333333 0.03333333333333333
0 0.33541666666666664 0.6518518518518519 0.03333333333333333 0.03333333333333333
0 0.4322916666666667 0.6532407407407408 0.03333333333333333 0.03333333333333333
0 0.5302083333333333 0.6532407407407408 0.03333333333333333 0.03333333333333333
0 0.6260416666666667 0.6541666666666667 0.03333333333333333 0.03333333333333333
0 0.7229166666666667 0.6550925925925926 0.03333333333333333 0.03333333333333333
0 0.81875 0.6550925925925926 0.03333333333333333 0.03333333333333333
0 0.246875 0.5592592592592592 0.03333333333333333 0.03333333333333333
0 0.3416666666666667 0.5601851851851852 0.03333333333333333 0.03333333333333333
0 0.4354166666666667 0.5615740740740741 0.03333333333333333 0.03333333333333333
0 0.5291666666666667 0.5615740740740741 0.03333333333333333 0.03333333333333333
0 0.6229166666666667 0.5625 0.03333333333333333 0.03333333333333333
0 0.715625 0.5634259259259259 0.03333333333333333 0.03333333333333333
0 0.8083333333333333 0.5648148148148148 0.03333333333333333 0.03333333333333333
0 0.2552083333333333 0.47314814814814815 0.03333333333333333 0.03333333333333333
0 0.346875 0.4740740740740741 0.03333333333333333 0.03333333333333333
0 0.4375 0.475 0.03333333333333333 0.03333333333333333
0 0.528125 0.4759259259259259 0.03333333333333333 0.03333333333333333
0 0.61875 0.47685185185185186 0.03333333333333333 0.03333333333333333
0 0.7083333333333334 0.47824074074074074 0.03333333333333333 0.03333333333333333
0 0.7989583333333333 0.4791666666666667 0.03333333333333333 0.03333333333333333
0 0.2635416666666667 0.3925925925925926 0.03333333333333333 0.03333333333333333
0 0.35208333333333336 0.39351851851851855 0.03333333333333333 0.03333333333333333
0 0.440625 0.39490740740740743 0.03333333333333333 0.03333333333333333
0 0.528125 0.3958333333333333 0.03333333333333333 0.03333333333333333
0 0.615625 0.39675925925925926 0.03333333333333333 0.03333333333333333
0 0.7020833333333333 0.39814814814814814 0.03333333333333333 0.03333333333333333
0 0.7895833333333333 0.3990740740740741 0.03333333333333333 0.03333333333333333
0 0.271875 0.3175925925925926 0.03333333333333333 0.03333333333333333
0 0.3572916666666667 0.31851851851851853 0.03333333333333333 0.03333333333333333
0 0.4427083333333333 0.3199074074074074 0.03333333333333333 0.03333333333333333
0 0.5270833333333333 0.32083333333333336 0.03333333333333333 0.03333333333333333
0 0.6125 0.32175925925925924 0.03333333333333333 0.03333333333333333
0 0.696875 0.32314814814814813 0.03333333333333333 0.03333333333333333
0 0.7802083333333333 0.325 0.03333333333333333 0.03333333333333333
0 0.2791666666666667 0.24675925925925926 0.03333333333333333 0.03333333333333333
0 0.3614583333333333 0.24814814814814815 0.03333333333333333 0.03333333333333333
0 0.44479166666666664 0.2490740740740741 0.03333333333333333 0.03333333333333333
0 0.5270833333333333 0.25 0.03333333333333333 0.03333333333333333
0 0.609375 0.2518518518518518 0.03333333333333333 0.03333333333333333
0 0.690625 0.25324074074074077 0.03333333333333333 0.03333333333333333
0 0.7729166666666667 0.25416666666666665 0.03333333333333333 0.03333333333333333
0 0.28541666666666665 0.18009259259259258 0.03333333333333333 0.03333333333333333
0 0.36666666666666664 0.1814814814814815 0.03333333333333333 0.03333333333333333
0 0.446875 0.1824074074074074 0.03333333333333333 0.03333333333333333
0 0.5270833333333333 0.18425925925925926 0.03333333333333333 0.03333333333333333
0 0.60625 0.18518518518518517 0.03333333333333333 0.03333333333333333
0 0.6854166666666667 0.1865740740740741 0.03333333333333333 0.03333333333333333
0 0.7645833333333333 0.1875 0.03333333333333333 0.03333333333333333