0 0.3333333333333333 0.6138888888888889 0.020833333333333332 0.027777777777777776
0 0.4083333333333333 0.6111111111111112 0.020833333333333332 0.027777777777777776
0 0.48333333333333334 0.6083333333333333 0.020833333333333332 0.027777777777777776
0 0.5583333333333333 0.6055555555555555 0.020833333333333332 0.027777777777777776
0 0.6333333333333333 0.6027777777777777 0.020833333333333332 0.027777777777777776
0 0.7083333333333334 0.6 0.020833333333333332 0.027777777777777776
0 0.7833333333333333 0.5972222222222222 0.020833333333333332 0.027777777777777776
0 0.3385416666666667 0.5305555555555556 0.020833333333333332 0.027777777777777776
0 0.41041666666666665 0.5277777777777778 0.020833333333333332 0.027777777777777776
0 0.48125 0.525 0.020833333333333332 0.027777777777777776
0 0.553125 0.5222222222222223 0.020833333333333332 0.027777777777777776
0 0.6239583333333333 0.5194444444444445 0.020833333333333332 0.027777777777777776
0 0.6958333333333333 0.5166666666666667 0.020833333333333332 0.027777777777777776
0 0.7666666666666667 0.5138888888888888 0.020833333333333332 0.027777777777777776
0 0.34375 0.45416666666666666 0.020833333333333332 0.027777777777777776
0 0.4114583333333333 0.4513888888888889 0.020833333333333332 0.027777777777777776
0 0.48020833333333335 0.45 0.020833333333333332 0.027777777777777776
0 0.5479166666666667 0.44722222222222224 0.020833333333333332 0.027777777777777776
0 0.615625 0.4444444444444444 0.020833333333333332 0.027777777777777776
0 0.6833333333333333 0.44166666666666665 0.020833333333333332 0.027777777777777776
0 0.7520833333333333 0.4388888888888889 0.020833333333333332 0.027777777777777776
0 0.3489583333333333 0.3861111111111111 0.020833333333333332 0.027777777777777776
0 0.41354166666666664 0.38333333333333336 0.020833333333333332 0.027777777777777776
0 0.478125 0.38055555555555554 0.020833333333333332 0.027777777777777776
0 0.5427083333333333 0.37777777777777777 0.020833333333333332 0.027777777777777776
0 0.6083333333333333 0.375 0.020833333333333332 0.027777777777777776
0 0.6729166666666667 0.37222222222222223 0.020833333333333332 0.027777777777777776
0 0.7385416666666667 0.36944444444444446 0.020833333333333332 0.027777777777777776
0 0.353125 0.32222222222222224 0.020833333333333332 0.027777777777777776
0 0.41458333333333336 0.3194444444444444 0.020833333333333332 0.027777777777777776
0 0.47708333333333336 0.31666666666666665 0.020833333333333332 0.027777777777777776
0 0.5385416666666667 0.31527777777777777 0.020833333333333332 0.027777777777777776
0 0.6010416666666667 0.3125 0.020833333333333332 0.027777777777777776
0 0.6635416666666667 0.30972222222222223 0.020833333333333332 0.027777777777777776
0 0.725 0.30694444444444446 0.020833333333333332 0.027777777777777776
0 0.35625 0.2638888888888889 0.020833333333333332 0.027777777777777776
0 0.415625 0.2625 0.020833333333333332 0.027777777777777776
0 0.475 0.25972222222222224 0.020833333333333332 0.027777777777777776
0 0.5354166666666667 0.2569444444444444 0.020833333333333332 0.027777777777777776
0 0.5947916666666667 0.25416666666666665 0.020833333333333332 0.027777777777777776
0 0.6541666666666667 0.25277777777777777 0.020833333333333332 0.027777777777777776
0 0.7135416666666666 0.25 0.020833333333333332 0.027777777777777776
0 0.36041666666666666 0.2111111111111111 0.020833333333333332 0.027777777777777776
0 0.4166666666666667 0.20833333333333334 0.020833333333333332 0.027777777777777776
0 0.4739583333333333 0.20555555555555555 0.020833333333333332 0.027777777777777776
0 0.53125 0.20416666666666666 0.020833333333333332 0.027777777777777776
0 0.5885416666666666 0.2013888888888889 0.020833333333333332 0.027777777777777776
0 0.6458333333333334 0.1986111111111111 0.020833333333333332 0.027777777777777776
0 0.703125 0.19722222222222222 0.020833333333333332 0.027777777777777776