0 0.7625 0.17685185185185184 0.0375 0.0375
0 0.684375 0.17685185185185184 0.0375 0.0375
0 0.60625 0.17592592592592593 0.0375 0.0375
0 0.5270833333333333 0.17592592592592593 0.0375 0.0375
0 0.44895833333333335 0.17592592592592593 0.0375 0.0375
0 0.37083333333333335 0.17592592592592593 0.0375 0.0375
0 0.29270833333333335 0.175 0.0375 0.0375
0 0.7729166666666667 0.23148148148148148 0.0375 0.0375
0 0.690625 0.23148148148148148 0.0375 0.0375
0 0.609375 0.23148148148148148 0.0375 0.0375
0 0.5270833333333333 0.2300925925925926 0.0375 0.0375
0 0.44583333333333336 0.2300925925925926 0.0375 0.0375
0 0.3645833333333333 0.2300925925925926 0.0375 0.0375
0 0.2833333333333333 0.2300925925925926 0.0375 0.0375
0 0.7833333333333333 0.29074074074074074 0.0375 0.0375
0 0.6979166666666666 0.29074074074074074 0.0375 0.0375
0 0.6125 0.29074074074074074 0.0375 0.0375
0 0.528125 0.2898148148148148 0.0375 0.0375
0 0.4427083333333333 0.2898148148148148 0.0375 0.0375
0 0.3572916666666667 0.2898148148148148 0.0375 0.0375
0 0.27291666666666664 0.2884259259259259 0.0375 0.0375
0 0.7958333333333333 0.35648148148148145 0.0375 0.0375
0 0.70625 0.35509259259259257 0.0375 0.0375
0 0.6166666666666667 0.35509259259259257 0.0375 0.0375
0 0.528125 0.35509259259259257 0.0375 0.0375
0 0.43854166666666666 0.3541666666666667 0.0375 0.0375
0 0.35 0.3541666666666667 0.0375 0.0375
0 0.2604166666666667 0.35324074074074074 0.0375 0.0375
0 0.809375 0.42685185185185187 0.0375 0.0375
0 0.715625 0.42685185185185187 0.0375 0.0375
0 0.621875 0.42592592592592593 0.0375 0.0375
0 0.528125 0.42592592592592593 0.0375 0.0375
0 0.434375 0.425 0.0375 0.0375
0 0.3416666666666667 0.425 0.0375 0.0375
0 0.24791666666666667 0.425 0.0375 0.0375
0 0.8239583333333333 0.5064814814814815 0.0375 0.0375
0 0.725 0.5050925925925925 0.0375 0.0375
0 0.6260416666666667 0.5050925925925925 0.0375 0.0375
0 0.528125 0.5041666666666667 0.0375 0.0375
0 0.43020833333333336 0.5041666666666667 0.0375 0.0375
0 0.33229166666666665 0.5032407407407408 0.0375 0.0375
0 0.234375 0.5018518518518519 0.0375 0.0375
0 0.8395833333333333 0.5925925925925926 0.0375 0.0375
0 0.7354166666666667 0.5916666666666667 0.0375 0.0375
0 0.6322916666666667 0.5916666666666667 0.0375 0.0375
0 0.528125 0.5907407407407408 0.0375 0.0375
0 0.425 0.5907407407407408 0.0375 0.0375
0 0.321875 0.5898148148148148 0.0375 0.0375
0 0.21875 0.5898148148148148 0.0375 0.0375