0 0.303125 0.6486111111111111 0.020833333333333332 0.027777777777777776
0 0.378125 0.6486111111111111 0.020833333333333332 0.027777777777777776
0 0.45416666666666666 0.6486111111111111 0.020833333333333332 0.027777777777777776
0 0.5302083333333333 0.65 0.020833333333333332 0.027777777777777776
0 0.6072916666666667 0.65 0.020833333333333332 0.027777777777777776
0 0.6854166666666667 0.65 0.020833333333333332 0.027777777777777776
0 0.765625 0.65 0.020833333333333332 0.027777777777777776
0 0.31354166666666666 0.5625 0.020833333333333332 0.027777777777777776
0 0.3854166666666667 0.5611111111111111 0.020833333333333332 0.027777777777777776
0 0.45729166666666665 0.5611111111111111 0.020833333333333332 0.027777777777777776
0 0.5302083333333333 0.5611111111111111 0.020833333333333332 0.027777777777777776
0 0.6041666666666666 0.5611111111111111 0.020833333333333332 0.027777777777777776
0 0.678125 0.5611111111111111 0.020833333333333332 0.027777777777777776
0 0.7541666666666667 0.5611111111111111 0.020833333333333332 0.027777777777777776
0 0.3229166666666667 0.48333333333333334 0.020833333333333332 0.027777777777777776
0 0.39166666666666666 0.48333333333333334 0.020833333333333332 0.027777777777777776
0 0.46041666666666664 0.48194444444444445 0.020833333333333332 0.027777777777777776
0 0.5302083333333333 0.48194444444444445 0.020833333333333332 0.027777777777777776
0 0.6 0.48055555555555557 0.020833333333333332 0.027777777777777776
0 0.671875 0.48055555555555557 0.020833333333333332 0.027777777777777776
0 0.74375 0.48055555555555557 0.020833333333333332 0.027777777777777776
0 0.33229166666666665 0.4111111111111111 0.020833333333333332 0.027777777777777776
0 0.39791666666666664 0.4111111111111111 0.020833333333333332 0.027777777777777776
0 0.4635416666666667 0.4097222222222222 0.020833333333333332 0.027777777777777776
0 0.5302083333333333 0.4083333333333333 0.020833333333333332 0.027777777777777776
0 0.596875 0.4083333333333333 0.020833333333333332 0.027777777777777776
0 0.665625 0.40694444444444444 0.020833333333333332 0.027777777777777776
0 0.734375 0.40555555555555556 0.020833333333333332 0.027777777777777776
0 0.340625 0.3458333333333333 0.020833333333333332 0.027777777777777776
0 0.403125 0.34444444444444444 0.020833333333333332 0.027777777777777776
0 0.465625 0.34305555555555556 0.020833333333333332 0.027777777777777776
0 0.5302083333333333 0.3416666666666667 0.020833333333333332 0.027777777777777776
0 0.5947916666666667 0.3402777777777778 0.020833333333333332 0.027777777777777776
0 0.659375 0.3388888888888889 0.020833333333333332 0.027777777777777776
0 0.725 0.3388888888888889 0.020833333333333332 0.027777777777777776
0 0.34791666666666665 0.2847222222222222 0.020833333333333332 0.027777777777777776
0 0.40729166666666666 0.2833333333333333 0.020833333333333332 0.027777777777777776
0 0.46875 0.28194444444444444 0.020833333333333332 0.027777777777777776
0 0.5302083333333333 0.28055555555555556 0.020833333333333332 0.027777777777777776
0 0.5916666666666667 0.2791666666666667 0.020833333333333332 0.027777777777777776
0 0.6541666666666667 0.2777777777777778 0.020833333333333332 0.027777777777777776
0 0.7177083333333333 0.2763888888888889 0.020833333333333332 0.027777777777777776
0 0.3541666666666667 0.22777777777777777 0.020833333333333332 0.027777777777777776
0 0.4125 0.2263888888888889 0.020833333333333332 0.027777777777777776
0 0.4708333333333333 0.225 0.020833333333333332 0.027777777777777776
0 0.5302083333333333 0.22361111111111112 0.020833333333333332 0.027777777777777776
0 0.5895833333333333 0.2222222222222222 0.020833333333333332 0.027777777777777776
0 0.6489583333333333 0.22083333333333333 0.020833333333333332 0.027777777777777776
0 0.7104166666666667 0.21805555555555556 0.020833333333333332 0.027777777777777776