0 0.7041666666666667 0.18611111111111112 0.025 0.03333333333333333
0 0.6375 0.1875 0.025 0.03333333333333333
0 0.5697916666666667 0.18888888888888888 0.025 0.03333333333333333
0 0.503125 0.19027777777777777 0.025 0.03333333333333333
0 0.43645833333333334 0.19166666666666668 0.025 0.03333333333333333
0 0.3697916666666667 0.19305555555555556 0.025 0.03333333333333333
0 0.303125 0.19305555555555556 0.025 0.03333333333333333
0 0.7145833333333333 0.24861111111111112 0.025 0.03333333333333333
0 0.6447916666666667 0.25 0.025 0.03333333333333333
0 0.575 0.2513888888888889 0.025 0.03333333333333333
0 0.5052083333333334 0.25277777777777777 0.025 0.03333333333333333
0 0.434375 0.25416666666666665 0.025 0.03333333333333333
0 0.3645833333333333 0.25555555555555554 0.025 0.03333333333333333
0 0.2947916666666667 0.2569444444444444 0.025 0.03333333333333333
0 0.7270833333333333 0.31805555555555554 0.025 0.03333333333333333
0 0.6541666666666667 0.3194444444444444 0.025 0.03333333333333333
0 0.5802083333333333 0.32083333333333336 0.025 0.03333333333333333
0 0.50625 0.32222222222222224 0.025 0.03333333333333333
0 0.4322916666666667 0.3236111111111111 0.025 0.03333333333333333
0 0.359375 0.325 0.025 0.03333333333333333
0 0.28541666666666665 0.3263888888888889 0.025 0.03333333333333333
0 0.7416666666666667 0.39444444444444443 0.025 0.03333333333333333
0 0.6635416666666667 0.3958333333333333 0.025 0.03333333333333333
0 0.5854166666666667 0.3972222222222222 0.025 0.03333333333333333
0 0.5083333333333333 0.39861111111111114 0.025 0.03333333333333333
0 0.43020833333333336 0.4 0.025 0.03333333333333333
0 0.353125 0.4013888888888889 0.025 0.03333333333333333
0 0.275 0.4027777777777778 0.025 0.03333333333333333
0 0.75625 0.4791666666666667 0.025 0.03333333333333333
0 0.6739583333333333 0.48055555555555557 0.025 0.03333333333333333
0 0.5916666666666667 0.48194444444444445 0.025 0.03333333333333333
0 0.5104166666666666 0.48333333333333334 0.025 0.03333333333333333
0 0.428125 0.4861111111111111 0.025 0.03333333333333333
0 0.3458333333333333 0.4875 0.025 0.03333333333333333
0 0.2635416666666667 0.4888888888888889 0.025 0.03333333333333333
0 0.7739583333333333 0.575 0.025 0.03333333333333333
0 0.6864583333333333 0.5763888888888888 0.025 0.03333333333333333
0 0.5989583333333334 0.5777777777777777 0.025 0.03333333333333333
0 0.5125 0.5791666666666667 0.025 0.03333333333333333
0 0.425 0.5819444444444445 0.025 0.03333333333333333
0 0.3385416666666667 0.5833333333333334 0.025 0.03333333333333333
0 0.25104166666666666 0.5847222222222223 0.025 0.03333333333333333
0 0.7927083333333333 0.6833333333333333 0.025 0.03333333333333333
0 0.7 0.6847222222222222 0.025 0.03333333333333333
0 0.6072916666666667 0.6861111111111111 0.025 0.03333333333333333
0 0.5145833333333333 0.6875 0.025 0.03333333333333333
0 0.421875 0.6902777777777778 0.025 0.03333333333333333
0 0.32916666666666666 0.6916666666666667 0.025 0.03333333333333333
0 0.23645833333333333 0.6930555555555555 0.025 0.03333333333333333