0 0.6989583333333333 0.12777777777777777 0.022916666666666665 0.03425925925925926
0 0.6239583333333333 0.12777777777777777 0.022916666666666665 0.03425925925925926
0 0.5489583333333333 0.12638888888888888 0.022916666666666665 0.03425925925925926
0 0.47291666666666665 0.12453703703703704 0.022916666666666665 0.03425925925925926
0 0.396875 0.12314814814814815 0.022916666666666665 0.03425925925925926
0 0.32083333333333336 0.12129629629629629 0.022916666666666665 0.03425925925925926
0 0.24375 0.11990740740740741 0.022916666666666665 0.03425925925925926
0 0.709375 0.20555555555555555 0.022916666666666665 0.03425925925925926
0 0.6322916666666667 0.20416666666666666 0.022916666666666665 0.03425925925925926
0 0.5541666666666667 0.20416666666666666 0.022916666666666665 0.03425925925925926
0 0.47604166666666664 0.2023148148148148 0.022916666666666665 0.03425925925925926
0 0.396875 0.20092592592592592 0.022916666666666665 0.03425925925925926
0 0.3177083333333333 0.19953703703703704 0.022916666666666665 0.03425925925925926
0 0.23854166666666668 0.19953703703703704 0.022916666666666665 0.03425925925925926
0 0.7208333333333333 0.2898148148148148 0.022916666666666665 0.03425925925925926
0 0.640625 0.287962962962963 0.022916666666666665 0.03425925925925926
0 0.559375 0.2865740740740741 0.022916666666666665 0.03425925925925926
0 0.478125 0.2865740740740741 0.022916666666666665 0.03425925925925926
0 0.396875 0.2851851851851852 0.022916666666666665 0.03425925925925926
0 0.3145833333333333 0.2833333333333333 0.022916666666666665 0.03425925925925926
0 0.23125 0.2833333333333333 0.022916666666666665 0.03425925925925926
0 0.7333333333333333 0.3787037037037037 0.022916666666666665 0.03425925925925926
0 0.6489583333333333 0.3787037037037037 0.022916666666666665 0.03425925925925926
0 0.565625 0.3768518518518518 0.022916666666666665 0.03425925925925926
0 0.48125 0.3768518518518518 0.022916666666666665 0.03425925925925926
0 0.3958333333333333 0.37546296296296294 0.022916666666666665 0.03425925925925926
0 0.3104166666666667 0.37546296296296294 0.022916666666666665 0.03425925925925926
0 0.225 0.3736111111111111 0.022916666666666665 0.03425925925925926
0 0.7458333333333333 0.47685185185185186 0.022916666666666665 0.03425925925925926
0 0.659375 0.475 0.022916666666666665 0.03425925925925926
0 0.571875 0.475 0.022916666666666665 0.03425925925925926
0 0.484375 0.475 0.022916666666666665 0.03425925925925926
0 0.3958333333333333 0.4736111111111111 0.022916666666666665 0.03425925925925926
0 0.3072916666666667 0.4736111111111111 0.022916666666666665 0.03425925925925926
0 0.21770833333333334 0.4736111111111111 0.022916666666666665 0.03425925925925926
0 0.7604166666666666 0.5810185185185185 0.022916666666666665 0.03425925925925926
0 0.6697916666666667 0.5810185185185185 0.022916666666666665 0.03425925925925926
0 0.5791666666666667 0.5810185185185185 0.022916666666666665 0.03425925925925926
0 0.4875 0.5810185185185185 0.022916666666666665 0.03425925925925926
0 0.3958333333333333 0.5810185185185185 0.022916666666666665 0.03425925925925926
0 0.303125 0.5810185185185185 0.022916666666666665 0.03425925925925926
0 0.209375 0.5796296296296296 0.022916666666666665 0.03425925925925926
0 0.7760416666666666 0.6962962962962963 0.022916666666666665 0.03425925925925926
0 0.68125 0.6962962962962963 0.022916666666666665 0.03425925925925926
0 0.5864583333333333 0.6962962962962963 0.022916666666666665 0.03425925925925926
0 0.490625 0.6962962962962963 0.022916666666666665 0.03425925925925926
0 0.39479166666666665 0.6962962962962963 0.022916666666666665 0.03425925925925926
0 0.29791666666666666 0.6962962962962963 0.022916666666666665 0.03425925925925926
0 0.20104166666666667 0.6962962962962963 0.022916666666666665 0.03425925925925926