0 0.26145833333333335 0.23425925925925925 0.035416666666666666 0.03518518518518519
0 0.3375 0.2375 0.035416666666666666 0.03518518518518519
0 0.41354166666666664 0.24074074074074073 0.035416666666666666 0.03518518518518519
0 0.4895833333333333 0.24351851851851852 0.035416666666666666 0.03518518518518519
0 0.565625 0.24675925925925926 0.035416666666666666 0.03518518518518519
0 0.6416666666666667 0.25 0.035416666666666666 0.03518518518518519
0 0.7177083333333333 0.25324074074074077 0.035416666666666666 0.03518518518518519
0 0.25 0.2884259259259259 0.035416666666666666 0.03518518518518519
0 0.32916666666666666 0.2916666666666667 0.035416666666666666 0.03518518518518519
0 0.4083333333333333 0.2949074074074074 0.035416666666666666 0.03518518518518519
0 0.4875 0.29814814814814816 0.035416666666666666 0.03518518518518519
0 0.5666666666666667 0.30185185185185187 0.035416666666666666 0.03518518518518519
0 0.6458333333333334 0.3050925925925926 0.035416666666666666 0.03518518518518519
0 0.725 0.30833333333333335 0.035416666666666666 0.03518518518518519
0 0.23854166666666668 0.34675925925925927 0.035416666666666666 0.03518518518518519
0 0.32083333333333336 0.35 0.035416666666666666 0.03518518518518519
0 0.403125 0.3541666666666667 0.035416666666666666 0.03518518518518519
0 0.48541666666666666 0.3574074074074074 0.035416666666666666 0.03518518518518519
0 0.5677083333333334 0.36018518518518516 0.035416666666666666 0.03518518518518519
0 0.65 0.3648148148148148 0.035416666666666666 0.03518518518518519
0 0.7322916666666667 0.3675925925925926 0.035416666666666666 0.03518518518518519
0 0.225 0.4101851851851852 0.035416666666666666 0.03518518518518519
0 0.31145833333333334 0.4148148148148148 0.035416666666666666 0.03518518518518519
0 0.396875 0.41759259259259257 0.035416666666666666 0.03518518518518519
0 0.48333333333333334 0.42083333333333334 0.035416666666666666 0.03518518518518519
0 0.56875 0.425 0.035416666666666666 0.03518518518518519
0 0.6552083333333333 0.42824074074074076 0.035416666666666666 0.03518518518518519
0 0.740625 0.4324074074074074 0.035416666666666666 0.03518518518518519
0 0.21145833333333333 0.48009259259259257 0.035416666666666666 0.03518518518518519
0 0.30104166666666665 0.48333333333333334 0.035416666666666666 0.03518518518518519
0 0.390625 0.4875 0.035416666666666666 0.03518518518518519
0 0.48020833333333335 0.49074074074074076 0.035416666666666666 0.03518518518518519
0 0.5708333333333333 0.4949074074074074 0.035416666666666666 0.03518518518518519
0 0.659375 0.4981481481481482 0.035416666666666666 0.03518518518518519
0 0.7489583333333333 0.5018518518518519 0.035416666666666666 0.03518518518518519
0 0.19583333333333333 0.5564814814814815 0.035416666666666666 0.03518518518518519
0 0.28958333333333336 0.5592592592592592 0.035416666666666666 0.03518518518518519
0 0.38333333333333336 0.5634259259259259 0.035416666666666666 0.03518518518518519
0 0.478125 0.5675925925925925 0.035416666666666666 0.03518518518518519
0 0.571875 0.5708333333333333 0.035416666666666666 0.03518518518518519
0 0.665625 0.575 0.035416666666666666 0.03518518518518519
0 0.759375 0.5782407407407407 0.035416666666666666 0.03518518518518519
0 0.178125 0.6398148148148148 0.035416666666666666 0.03518518518518519
0 0.27708333333333335 0.6425925925925926 0.035416666666666666 0.03518518518518519
0 0.37604166666666666 0.6467592592592593 0.035416666666666666 0.03518518518518519
0 0.475 0.6509259259259259 0.035416666666666666 0.03518518518518519
0 0.5729166666666666 0.6550925925925926 0.035416666666666666 0.03518518518518519
0 0.671875 0.6583333333333333 0.035416666666666666 0.03518518518518519
0 0.7697916666666667 0.6625 0.035416666666666666 0.03518518518518519