0 0.7625 0.19166666666666668 0.0375 0.0375
0 0.6833333333333333 0.19166666666666668 0.0375 0.0375
0 0.6052083333333333 0.19166666666666668 0.0375 0.0375
0 0.5270833333333333 0.19166666666666668 0.0375 0.0375
0 0.44895833333333335 0.19166666666666668 0.0375 0.0375
0 0.3697916666666667 0.19166666666666668 0.0375 0.0375
0 0.2916666666666667 0.19166666666666668 0.0375 0.0375
0 0.7729166666666667 0.24583333333333332 0.0375 0.0375
0 0.6916666666666667 0.24583333333333332 0.0375 0.0375
0 0.609375 0.24583333333333332 0.0375 0.0375
0 0.528125 0.24583333333333332 0.0375 0.0375
0 0.44583333333333336 0.24583333333333332 0.0375 0.0375
0 0.3645833333333333 0.24583333333333332 0.0375 0.0375
0 0.28229166666666666 0.24583333333333332 0.0375 0.0375
0 0.7854166666666667 0.30416666666666664 0.0375 0.0375
0 0.7 0.3050925925925926 0.0375 0.0375
0 0.6145833333333334 0.3050925925925926 0.0375 0.0375
0 0.5291666666666667 0.3050925925925926 0.0375 0.0375
0 0.44375 0.3050925925925926 0.0375 0.0375
0 0.35833333333333334 0.3050925925925926 0.0375 0.0375
0 0.271875 0.3050925925925926 0.0375 0.0375
0 0.7979166666666667 0.3685185185185185 0.0375 0.0375
0 0.709375 0.3685185185185185 0.0375 0.0375
0 0.6197916666666666 0.3685185185185185 0.0375 0.0375
0 0.5302083333333333 0.3699074074074074 0.0375 0.0375
0 0.440625 0.3699074074074074 0.0375 0.0375
0 0.35104166666666664 0.3699074074074074 0.0375 0.0375
0 0.26145833333333335 0.3699074074074074 0.0375 0.0375
0 0.8125 0.4398148148148148 0.0375 0.0375
0 0.71875 0.4398148148148148 0.0375 0.0375
0 0.625 0.4398148148148148 0.0375 0.0375
0 0.53125 0.44074074074074077 0.0375 0.0375
0 0.4375 0.44074074074074077 0.0375 0.0375
0 0.34270833333333334 0.44074074074074077 0.0375 0.0375
0 0.24895833333333334 0.44074074074074077 0.0375 0.0375
0 0.8291666666666667 0.5175925925925926 0.0375 0.0375
0 0.7302083333333333 0.5185185185185185 0.0375 0.0375
0 0.63125 0.5185185185185185 0.0375 0.0375
0 0.5322916666666667 0.5185185185185185 0.0375 0.0375
0 0.43333333333333335 0.5185185185185185 0.0375 0.0375
0 0.334375 0.5185185185185185 0.0375 0.0375
0 0.23541666666666666 0.5185185185185185 0.0375 0.0375
0 0.846875 0.6050925925925926 0.0375 0.0375
0 0.7427083333333333 0.6050925925925926 0.0375 0.0375
0 0.6385416666666667 0.6050925925925926 0.0375 0.0375
0 0.5333333333333333 0.6050925925925926 0.0375 0.0375
0 0.42916666666666664 0.6064814814814815 0.0375 0.0375
0 0.325 0.6064814814814815 0.0375 0.0375
0 0.21979166666666666 0.6064814814814815 0.0375 0.0375