0 0.3302083333333333 0.39444444444444443 0.01875 0.025
0 0.3260416666666667 0.4513888888888889 0.01875 0.025
0 0.31979166666666664 0.5125 0.01875 0.025
0 0.3145833333333333 0.5763888888888888 0.01875 0.025
0 0.30833333333333335 0.6444444444444445 0.01875 0.025
0 0.3020833333333333 0.7166666666666667 0.01875 0.025
0 0.2947916666666667 0.7944444444444444 0.01875 0.025
0 0.3927083333333333 0.3958333333333333 0.01875 0.025
0 0.3885416666666667 0.4527777777777778 0.01875 0.025
0 0.3854166666666667 0.5125 0.01875 0.025
0 0.38125 0.5763888888888888 0.01875 0.025
0 0.378125 0.6458333333333334 0.01875 0.025
0 0.37395833333333334 0.7180555555555556 0.01875 0.025
0 0.36875 0.7958333333333333 0.01875 0.025
0 0.45416666666666666 0.3958333333333333 0.01875 0.025
0 0.45208333333333334 0.4527777777777778 0.01875 0.025
0 0.4510416666666667 0.5138888888888888 0.01875 0.025
0 0.44895833333333335 0.5777777777777777 0.01875 0.025
0 0.446875 0.6458333333333334 0.01875 0.025
0 0.44583333333333336 0.7194444444444444 0.01875 0.025
0 0.44375 0.7972222222222223 0.01875 0.025
0 0.515625 0.3972222222222222 0.01875 0.025
0 0.515625 0.45416666666666666 0.01875 0.025
0 0.515625 0.5138888888888888 0.01875 0.025
0 0.5166666666666667 0.5791666666666667 0.01875 0.025
0 0.5166666666666667 0.6472222222222223 0.01875 0.025
0 0.5166666666666667 0.7194444444444444 0.01875 0.025
0 0.5177083333333333 0.7972222222222223 0.01875 0.025
0 0.5770833333333333 0.3972222222222222 0.01875 0.025
0 0.5791666666666667 0.45555555555555555 0.01875 0.025
0 0.58125 0.5152777777777777 0.01875 0.025
0 0.5833333333333334 0.5791666666666667 0.01875 0.025
0 0.5864583333333333 0.6472222222222223 0.01875 0.025
0 0.5885416666666666 0.7208333333333333 0.01875 0.025
0 0.5916666666666667 0.7986111111111112 0.01875 0.025
0 0.6385416666666667 0.39861111111111114 0.01875 0.025
0 0.6427083333333333 0.45555555555555555 0.01875 0.025
0 0.646875 0.5166666666666667 0.01875 0.025
0 0.6510416666666666 0.5805555555555556 0.01875 0.025
0 0.6552083333333333 0.6486111111111111 0.01875 0.025
0 0.6604166666666667 0.7208333333333333 0.01875 0.025
0 0.665625 0.8 0.01875 0.025
0 0.7 0.4 0.01875 0.025
0 0.70625 0.45694444444444443 0.01875 0.025
0 0.7114583333333333 0.5166666666666667 0.01875 0.025
0 0.71875 0.5805555555555556 0.01875 0.025
0 0.725 0.65 0.01875 0.025
0 0.7322916666666667 0.7222222222222222 0.01875 0.025
0 0.740625 0.8 0.01875 0.025