0 0.2864583333333333 0.6638888888888889 0.020833333333333332 0.027777777777777776
0 0.3645833333333333 0.6625 0.020833333333333332 0.027777777777777776
0 0.4427083333333333 0.6611111111111111 0.020833333333333332 0.027777777777777776
0 0.5239583333333333 0.6597222222222222 0.020833333333333332 0.027777777777777776
0 0.6052083333333333 0.6583333333333333 0.020833333333333332 0.027777777777777776
0 0.6885416666666667 0.6569444444444444 0.020833333333333332 0.027777777777777776
0 0.7729166666666667 0.6555555555555556 0.020833333333333332 0.027777777777777776
0 0.2989583333333333 0.5736111111111111 0.020833333333333332 0.027777777777777776
0 0.3729166666666667 0.5708333333333333 0.020833333333333332 0.027777777777777776
0 0.4479166666666667 0.5694444444444444 0.020833333333333332 0.027777777777777776
0 0.5239583333333333 0.5666666666666667 0.020833333333333332 0.027777777777777776
0 0.6020833333333333 0.5652777777777778 0.020833333333333332 0.027777777777777776
0 0.68125 0.5625 0.020833333333333332 0.027777777777777776
0 0.7614583333333333 0.5611111111111111 0.020833333333333332 0.027777777777777776
0 0.3104166666666667 0.49027777777777776 0.020833333333333332 0.027777777777777776
0 0.3802083333333333 0.4888888888888889 0.020833333333333332 0.027777777777777776
0 0.45208333333333334 0.4861111111111111 0.020833333333333332 0.027777777777777776
0 0.525 0.48333333333333334 0.020833333333333332 0.027777777777777776
0 0.5989583333333334 0.48055555555555557 0.020833333333333332 0.027777777777777776
0 0.6739583333333333 0.4777777777777778 0.020833333333333332 0.027777777777777776
0 0.7510416666666667 0.475 0.020833333333333332 0.027777777777777776
0 0.31979166666666664 0.4152777777777778 0.020833333333333332 0.027777777777777776
0 0.3875 0.4125 0.020833333333333332 0.027777777777777776
0 0.45625 0.4097222222222222 0.020833333333333332 0.027777777777777776
0 0.5260416666666666 0.40694444444444444 0.020833333333333332 0.027777777777777776
0 0.596875 0.4041666666666667 0.020833333333333332 0.027777777777777776
0 0.66875 0.4 0.020833333333333332 0.027777777777777776
0 0.7416666666666667 0.3972222222222222 0.020833333333333332 0.027777777777777776
0 0.32916666666666666 0.3472222222222222 0.020833333333333332 0.027777777777777776
0 0.39479166666666665 0.34305555555555556 0.020833333333333332 0.027777777777777776
0 0.46041666666666664 0.3402777777777778 0.020833333333333332 0.027777777777777776
0 0.5270833333333333 0.3375 0.020833333333333332 0.027777777777777776
0 0.59375 0.3333333333333333 0.020833333333333332 0.027777777777777776
0 0.6625 0.32916666666666666 0.020833333333333332 0.027777777777777776
0 0.7322916666666667 0.3263888888888889 0.020833333333333332 0.027777777777777776
0 0.3385416666666667 0.2833333333333333 0.020833333333333332 0.027777777777777776
0 0.4 0.28055555555555556 0.020833333333333332 0.027777777777777776
0 0.4635416666666667 0.2763888888888889 0.020833333333333332 0.027777777777777776
0 0.5270833333333333 0.2722222222222222 0.020833333333333332 0.027777777777777776
0 0.5916666666666667 0.26944444444444443 0.020833333333333332 0.027777777777777776
0 0.6572916666666667 0.2652777777777778 0.020833333333333332 0.027777777777777776
0 0.7239583333333334 0.2611111111111111 0.020833333333333332 0.027777777777777776
0 0.3458333333333333 0.225 0.020833333333333332 0.027777777777777776
0 0.40625 0.2222222222222222 0.020833333333333332 0.027777777777777776
0 0.4666666666666667 0.21805555555555556 0.020833333333333332 0.027777777777777776
0 0.528125 0.21388888888888888 0.020833333333333332 0.027777777777777776
0 0.5895833333333333 0.20972222222222223 0.020833333333333332 0.027777777777777776
0 0.653125 0.20555555555555555 0.020833333333333332 0.027777777777777776
0 0.7166666666666667 0.2013888888888889 0.020833333333333332 0.027777777777777776