0 0.68125 0.17222222222222222 0.025 0.03333333333333333
0 0.6135416666666667 0.175 0.025 0.03333333333333333
0 0.5447916666666667 0.17777777777777778 0.025 0.03333333333333333
0 0.47708333333333336 0.18194444444444444 0.025 0.03333333333333333
0 0.4083333333333333 0.18472222222222223 0.025 0.03333333333333333
0 0.340625 0.1875 0.025 0.03333333333333333
0 0.271875 0.19027777777777777 0.025 0.03333333333333333
0 0.6927083333333334 0.2361111111111111 0.025 0.03333333333333333
0 0.6208333333333333 0.24027777777777778 0.025 0.03333333333333333
0 0.55 0.24305555555555555 0.025 0.03333333333333333
0 0.478125 0.24583333333333332 0.025 0.03333333333333333
0 0.40625 0.25 0.025 0.03333333333333333
0 0.33541666666666664 0.25277777777777777 0.025 0.03333333333333333
0 0.2635416666666667 0.2569444444444444 0.025 0.03333333333333333
0 0.7041666666666667 0.30694444444444446 0.025 0.03333333333333333
0 0.6291666666666667 0.3111111111111111 0.025 0.03333333333333333
0 0.5541666666666667 0.31527777777777777 0.025 0.03333333333333333
0 0.4791666666666667 0.31805555555555554 0.025 0.03333333333333333
0 0.4041666666666667 0.32222222222222224 0.025 0.03333333333333333
0 0.32916666666666666 0.325 0.025 0.03333333333333333
0 0.25416666666666665 0.32916666666666666 0.025 0.03333333333333333
0 0.7177083333333333 0.3861111111111111 0.025 0.03333333333333333
0 0.6385416666666667 0.3902777777777778 0.025 0.03333333333333333
0 0.5604166666666667 0.39305555555555555 0.025 0.03333333333333333
0 0.48125 0.3972222222222222 0.025 0.03333333333333333
0 0.40208333333333335 0.4013888888888889 0.025 0.03333333333333333
0 0.3229166666666667 0.4041666666666667 0.025 0.03333333333333333
0 0.24375 0.4083333333333333 0.025 0.03333333333333333
0 0.7322916666666667 0.4736111111111111 0.025 0.03333333333333333
0 0.6489583333333333 0.4777777777777778 0.025 0.03333333333333333
0 0.5666666666666667 0.48055555555555557 0.025 0.03333333333333333
0 0.48333333333333334 0.4847222222222222 0.025 0.03333333333333333
0 0.4 0.4888888888888889 0.025 0.03333333333333333
0 0.31666666666666665 0.4930555555555556 0.025 0.03333333333333333
0 0.23333333333333334 0.49722222222222223 0.025 0.03333333333333333
0 0.7489583333333333 0.5708333333333333 0.025 0.03333333333333333
0 0.6614583333333334 0.575 0.025 0.03333333333333333
0 0.5729166666666666 0.5791666666666667 0.025 0.03333333333333333
0 0.48541666666666666 0.5833333333333334 0.025 0.03333333333333333
0 0.396875 0.5875 0.025 0.03333333333333333
0 0.30833333333333335 0.5916666666666667 0.025 0.03333333333333333
0 0.21979166666666666 0.5958333333333333 0.025 0.03333333333333333
0 0.7677083333333333 0.6791666666666667 0.025 0.03333333333333333
0 0.6739583333333333 0.6847222222222222 0.025 0.03333333333333333
0 0.58125 0.6888888888888889 0.025 0.03333333333333333
0 0.4875 0.6930555555555555 0.025 0.03333333333333333
0 0.39375 0.6986111111111111 0.025 0.03333333333333333
0 0.3 0.7027777777777777 0.025 0.03333333333333333
0 0.20625 0.7069444444444445 0.025 0.03333333333333333