0 0.23541666666666666 0.6518518518518519 0.03333333333333333 0.03333333333333333
0 0.3333333333333333 0.6518518518518519 0.03333333333333333 0.03333333333333333
0 0.43020833333333336 0.6532407407407408 0.03333333333333333 0.03333333333333333
0 0.528125 0.6532407407407408 0.03333333333333333 0.03333333333333333
0 0.6239583333333333 0.6532407407407408 0.03333333333333333 0.03333333333333333
0 0.7208333333333333 0.6532407407407408 0.03333333333333333 0.03333333333333333
0 0.8166666666666667 0.6532407407407408 0.03333333333333333 0.03333333333333333
0 0.24479166666666666 0.5592592592592592 0.03333333333333333 0.03333333333333333
0 0.33958333333333335 0.5601851851851852 0.03333333333333333 0.03333333333333333
0 0.43333333333333335 0.5601851851851852 0.03333333333333333 0.03333333333333333
0 0.5270833333333333 0.5601851851851852 0.03333333333333333 0.03333333333333333
0 0.6208333333333333 0.5615740740740741 0.03333333333333333 0.03333333333333333
0 0.7135416666666666 0.5615740740740741 0.03333333333333333 0.03333333333333333
0 0.80625 0.5615740740740741 0.03333333333333333 0.03333333333333333
0 0.25416666666666665 0.47314814814814815 0.03333333333333333 0.03333333333333333
0 0.3458333333333333 0.4740740740740741 0.03333333333333333 0.03333333333333333
0 0.43645833333333334 0.4740740740740741 0.03333333333333333 0.03333333333333333
0 0.5270833333333333 0.475 0.03333333333333333 0.03333333333333333
0 0.6166666666666667 0.475 0.03333333333333333 0.03333333333333333
0 0.7072916666666667 0.4759259259259259 0.03333333333333333 0.03333333333333333
0 0.796875 0.4759259259259259 0.03333333333333333 0.03333333333333333
0 0.2625 0.3925925925925926 0.03333333333333333 0.03333333333333333
0 0.35104166666666664 0.39351851851851855 0.03333333333333333 0.03333333333333333
0 0.43854166666666666 0.39351851851851855 0.03333333333333333 0.03333333333333333
0 0.5260416666666666 0.39490740740740743 0.03333333333333333 0.03333333333333333
0 0.6135416666666667 0.39490740740740743 0.03333333333333333 0.03333333333333333
0 0.7010416666666667 0.3958333333333333 0.03333333333333333 0.03333333333333333
0 0.7875 0.39675925925925926 0.03333333333333333 0.03333333333333333
0 0.2708333333333333 0.31666666666666665 0.03333333333333333 0.03333333333333333
0 0.35625 0.3175925925925926 0.03333333333333333 0.03333333333333333
0 0.440625 0.31851851851851853 0.03333333333333333 0.03333333333333333
0 0.5260416666666666 0.31851851851851853 0.03333333333333333 0.03333333333333333
0 0.6104166666666667 0.3199074074074074 0.03333333333333333 0.03333333333333333
0 0.6947916666666667 0.32083333333333336 0.03333333333333333 0.03333333333333333
0 0.7791666666666667 0.32175925925925924 0.03333333333333333 0.03333333333333333
0 0.278125 0.24583333333333332 0.03333333333333333 0.03333333333333333
0 0.36041666666666666 0.24675925925925926 0.03333333333333333 0.03333333333333333
0 0.44375 0.24814814814814815 0.03333333333333333 0.03333333333333333
0 0.5260416666666666 0.2490740740740741 0.03333333333333333 0.03333333333333333
0 0.6072916666666667 0.2490740740740741 0.03333333333333333 0.03333333333333333
0 0.6895833333333333 0.25 0.03333333333333333 0.03333333333333333
0 0.7708333333333334 0.25092592592592594 0.03333333333333333 0.03333333333333333
0 0.28541666666666665 0.17916666666666667 0.03333333333333333 0.03333333333333333
0 0.365625 0.18009259259259258 0.03333333333333333 0.03333333333333333
0 0.44583333333333336 0.1814814814814815 0.03333333333333333 0.03333333333333333
0 0.525 0.1824074074074074 0.03333333333333333 0.03333333333333333
0 0.6052083333333333 0.18333333333333332 0.03333333333333333 0.03333333333333333
0 0.684375 0.18333333333333332 0.03333333333333333 0.03333333333333333
0 0.7635416666666667 0.18425925925925926 0.03333333333333333 0.03333333333333333