0 0.30625 0.3763888888888889 0.01875 0.025
0 0.30104166666666665 0.4388888888888889 0.01875 0.025
0 0.29583333333333334 0.5055555555555555 0.01875 0.025
0 0.290625 0.5763888888888888 0.01875 0.025
0 0.284375 0.6513888888888889 0.01875 0.025
0 0.27708333333333335 0.7319444444444444 0.01875 0.025
0 0.2708333333333333 0.8166666666666667 0.01875 0.025
0 0.3697916666666667 0.3763888888888889 0.01875 0.025
0 0.36666666666666664 0.44027777777777777 0.01875 0.025
0 0.36354166666666665 0.5069444444444444 0.01875 0.025
0 0.359375 0.5777777777777777 0.01875 0.025
0 0.35520833333333335 0.6527777777777778 0.01875 0.025
0 0.35104166666666664 0.7319444444444444 0.01875 0.025
0 0.3458333333333333 0.8166666666666667 0.01875 0.025
0 0.43333333333333335 0.37777777777777777 0.01875 0.025
0 0.4322916666666667 0.44027777777777777 0.01875 0.025
0 0.43020833333333336 0.5069444444444444 0.01875 0.025
0 0.428125 0.5777777777777777 0.01875 0.025
0 0.42604166666666665 0.6527777777777778 0.01875 0.025
0 0.4239583333333333 0.7319444444444444 0.01875 0.025
0 0.421875 0.8166666666666667 0.01875 0.025
0 0.496875 0.37777777777777777 0.01875 0.025
0 0.496875 0.44166666666666665 0.01875 0.025
0 0.496875 0.5083333333333333 0.01875 0.025
0 0.496875 0.5791666666666667 0.01875 0.025
0 0.496875 0.6541666666666667 0.01875 0.025
0 0.496875 0.7333333333333333 0.01875 0.025
0 0.496875 0.8180555555555555 0.01875 0.025
0 0.5604166666666667 0.37916666666666665 0.01875 0.025
0 0.5625 0.44166666666666665 0.01875 0.025
0 0.5635416666666667 0.5083333333333333 0.01875 0.025
0 0.565625 0.5791666666666667 0.01875 0.025
0 0.5677083333333334 0.6541666666666667 0.01875 0.025
0 0.5697916666666667 0.7333333333333333 0.01875 0.025
0 0.5729166666666666 0.8180555555555555 0.01875 0.025
0 0.6239583333333333 0.37916666666666665 0.01875 0.025
0 0.6270833333333333 0.44305555555555554 0.01875 0.025
0 0.63125 0.5097222222222222 0.01875 0.025
0 0.634375 0.5805555555555556 0.01875 0.025
0 0.6385416666666667 0.6541666666666667 0.01875 0.025
0 0.6427083333333333 0.7347222222222223 0.01875 0.025
0 0.6479166666666667 0.8180555555555555 0.01875 0.025
0 0.6864583333333333 0.38055555555555554 0.01875 0.025
0 0.6916666666666667 0.44305555555555554 0.01875 0.025
0 0.6979166666666666 0.5097222222222222 0.01875 0.025
0 0.703125 0.5805555555555556 0.01875 0.025
0 0.709375 0.6555555555555556 0.01875 0.025
0 0.715625 0.7347222222222223 0.01875 0.025
0 0.7229166666666667 0.8194444444444444 0.01875 0.025