0 0.275 0.3 0.03333333333333333 0.03333333333333333
0 0.265625 0.35509259259259257 0.03333333333333333 0.03333333333333333
0 0.25625 0.4134259259259259 0.03333333333333333 0.03333333333333333
0 0.24479166666666666 0.47685185185185186 0.03333333333333333 0.03333333333333333
0 0.23333333333333334 0.5458333333333333 0.03333333333333333 0.03333333333333333
0 0.21979166666666666 0.6208333333333333 0.03333333333333333 0.03333333333333333
0 0.20625 0.7018518518518518 0.03333333333333333 0.03333333333333333
0 0.3489583333333333 0.3 0.03333333333333333 0.03333333333333333
0 0.34270833333333334 0.3541666666666667 0.03333333333333333 0.03333333333333333
0 0.33541666666666664 0.4134259259259259 0.03333333333333333 0.03333333333333333
0 0.32708333333333334 0.47685185185185186 0.03333333333333333 0.03333333333333333
0 0.31875 0.5467592592592593 0.03333333333333333 0.03333333333333333
0 0.309375 0.6208333333333333 0.03333333333333333 0.03333333333333333
0 0.2989583333333333 0.7032407407407407 0.03333333333333333 0.03333333333333333
0 0.42291666666666666 0.29907407407407405 0.03333333333333333 0.03333333333333333
0 0.41875 0.3541666666666667 0.03333333333333333 0.03333333333333333
0 0.41458333333333336 0.4134259259259259 0.03333333333333333 0.03333333333333333
0 0.409375 0.47685185185185186 0.03333333333333333 0.03333333333333333
0 0.4041666666666667 0.5467592592592593 0.03333333333333333 0.03333333333333333
0 0.39895833333333336 0.6217592592592592 0.03333333333333333 0.03333333333333333
0 0.3927083333333333 0.7041666666666667 0.03333333333333333 0.03333333333333333
0 0.496875 0.29907407407407405 0.03333333333333333 0.03333333333333333
0 0.49583333333333335 0.3541666666666667 0.03333333333333333 0.03333333333333333
0 0.4947916666666667 0.4134259259259259 0.03333333333333333 0.03333333333333333
0 0.49270833333333336 0.47685185185185186 0.03333333333333333 0.03333333333333333
0 0.49166666666666664 0.5467592592592593 0.03333333333333333 0.03333333333333333
0 0.4895833333333333 0.6217592592592592 0.03333333333333333 0.03333333333333333
0 0.4875 0.7041666666666667 0.03333333333333333 0.03333333333333333
0 0.571875 0.29907407407407405 0.03333333333333333 0.03333333333333333
0 0.5729166666666666 0.3541666666666667 0.03333333333333333 0.03333333333333333
0 0.575 0.4134259259259259 0.03333333333333333 0.03333333333333333
0 0.5760416666666667 0.47685185185185186 0.03333333333333333 0.03333333333333333
0 0.578125 0.5467592592592593 0.03333333333333333 0.03333333333333333
0 0.5802083333333333 0.6231481481481481 0.03333333333333333 0.03333333333333333
0 0.5822916666666667 0.7050925925925926 0.03333333333333333 0.03333333333333333
0 0.646875 0.29814814814814816 0.03333333333333333 0.03333333333333333
0 0.6510416666666666 0.35324074074074074 0.03333333333333333 0.03333333333333333
0 0.6552083333333333 0.4134259259259259 0.03333333333333333 0.03333333333333333
0 0.6604166666666667 0.47685185185185186 0.03333333333333333 0.03333333333333333
0 0.665625 0.5467592592592593 0.03333333333333333 0.03333333333333333
0 0.6708333333333333 0.6231481481481481 0.03333333333333333 0.03333333333333333
0 0.6770833333333334 0.7064814814814815 0.03333333333333333 0.03333333333333333
0 0.721875 0.29814814814814816 0.03333333333333333 0.03333333333333333
0 0.7291666666666666 0.35324074074074074 0.03333333333333333 0.03333333333333333
0 0.7364583333333333 0.4125 0.03333333333333333 0.03333333333333333
0 0.7447916666666666 0.47685185185185186 0.03333333333333333 0.03333333333333333
0 0.753125 0.5467592592592593 0.03333333333333333 0.03333333333333333
0 0.7635416666666667 0.6240740740740741 0.03333333333333333 0.03333333333333333
0 0.7739583333333333 0.7064814814814815 0.03333333333333333 0.03333333333333333