0 0.33645833333333336 0.3875 0.01875 0.025
0 0.33125 0.4444444444444444 0.01875 0.025
0 0.325 0.5055555555555555 0.01875 0.025
0 0.31875 0.5694444444444444 0.01875 0.025
0 0.3125 0.6388888888888888 0.01875 0.025
0 0.30520833333333336 0.7125 0.01875 0.025
0 0.296875 0.7902777777777777 0.01875 0.025
0 0.39791666666666664 0.3888888888888889 0.01875 0.025
0 0.39479166666666665 0.44583333333333336 0.01875 0.025
0 0.390625 0.5069444444444444 0.01875 0.025
0 0.38645833333333335 0.5722222222222222 0.01875 0.025
0 0.38229166666666664 0.6416666666666667 0.01875 0.025
0 0.3770833333333333 0.7138888888888889 0.01875 0.025
0 0.371875 0.7930555555555555 0.01875 0.025
0 0.46041666666666664 0.3902777777777778 0.01875 0.025
0 0.4583333333333333 0.4486111111111111 0.01875 0.025
0 0.45625 0.5097222222222222 0.01875 0.025
0 0.45416666666666666 0.575 0.01875 0.025
0 0.45208333333333334 0.6430555555555556 0.01875 0.025
0 0.44895833333333335 0.7166666666666667 0.01875 0.025
0 0.446875 0.7958333333333333 0.01875 0.025
0 0.5229166666666667 0.39305555555555555 0.01875 0.025
0 0.521875 0.45 0.01875 0.025
0 0.521875 0.5111111111111111 0.01875 0.025
0 0.521875 0.5763888888888888 0.01875 0.025
0 0.521875 0.6458333333333334 0.01875 0.025
0 0.521875 0.7194444444444444 0.01875 0.025
0 0.521875 0.7986111111111112 0.01875 0.025
0 0.584375 0.39444444444444443 0.01875 0.025
0 0.5864583333333333 0.4527777777777778 0.01875 0.025
0 0.5885416666666666 0.5138888888888888 0.01875 0.025
0 0.5895833333333333 0.5791666666666667 0.01875 0.025
0 0.5916666666666667 0.6486111111111111 0.01875 0.025
0 0.59375 0.7222222222222222 0.01875 0.025
0 0.596875 0.8013888888888889 0.01875 0.025
0 0.646875 0.3972222222222222 0.01875 0.025
0 0.65 0.45416666666666666 0.01875 0.025
0 0.6541666666666667 0.5166666666666667 0.01875 0.025
0 0.6583333333333333 0.5819444444444445 0.01875 0.025
0 0.6625 0.6513888888888889 0.01875 0.025
0 0.6666666666666666 0.725 0.01875 0.025
0 0.671875 0.8041666666666667 0.01875 0.025
0 0.709375 0.39861111111111114 0.01875 0.025
0 0.7145833333333333 0.45694444444444443 0.01875 0.025
0 0.7197916666666667 0.5180555555555556 0.01875 0.025
0 0.7260416666666667 0.5833333333333334 0.01875 0.025
0 0.7322916666666667 0.6527777777777778 0.01875 0.025
0 0.7395833333333334 0.7277777777777777 0.01875 0.025
0 0.746875 0.8069444444444445 0.01875 0.025