0 0.33541666666666664 0.39166666666666666 0.01875 0.025
0 0.3302083333333333 0.4486111111111111 0.01875 0.025
0 0.325 0.5083333333333333 0.01875 0.025
0 0.31875 0.5722222222222222 0.01875 0.025
0 0.3125 0.6402777777777777 0.01875 0.025
0 0.30625 0.7138888888888889 0.01875 0.025
0 0.2989583333333333 0.7916666666666666 0.01875 0.025
0 0.396875 0.39166666666666666 0.01875 0.025
0 0.39375 0.4486111111111111 0.01875 0.025
0 0.38958333333333334 0.5097222222222222 0.01875 0.025
0 0.3854166666666667 0.5736111111111111 0.01875 0.025
0 0.38229166666666664 0.6416666666666667 0.01875 0.025
0 0.3770833333333333 0.7152777777777778 0.01875 0.025
0 0.3729166666666667 0.7930555555555555 0.01875 0.025
0 0.45729166666666665 0.39305555555555555 0.01875 0.025
0 0.45625 0.45 0.01875 0.025
0 0.45416666666666666 0.5097222222222222 0.01875 0.025
0 0.453125 0.575 0.01875 0.025
0 0.4510416666666667 0.6430555555555556 0.01875 0.025
0 0.44895833333333335 0.7166666666666667 0.01875 0.025
0 0.446875 0.7944444444444444 0.01875 0.025
0 0.51875 0.39444444444444443 0.01875 0.025
0 0.51875 0.4513888888888889 0.01875 0.025
0 0.51875 0.5111111111111111 0.01875 0.025
0 0.5197916666666667 0.575 0.01875 0.025
0 0.5197916666666667 0.6444444444444445 0.01875 0.025
0 0.5197916666666667 0.7180555555555556 0.01875 0.025
0 0.5208333333333334 0.7958333333333333 0.01875 0.025
0 0.5791666666666667 0.39444444444444443 0.01875 0.025
0 0.58125 0.4513888888888889 0.01875 0.025
0 0.5833333333333334 0.5125 0.01875 0.025
0 0.5864583333333333 0.5763888888888888 0.01875 0.025
0 0.5885416666666666 0.6458333333333334 0.01875 0.025
0 0.5916666666666667 0.7180555555555556 0.01875 0.025
0 0.5947916666666667 0.7972222222222223 0.01875 0.025
0 0.640625 0.3958333333333333 0.01875 0.025
0 0.64375 0.4527777777777778 0.01875 0.025
0 0.6479166666666667 0.5138888888888888 0.01875 0.025
0 0.653125 0.5777777777777777 0.01875 0.025
0 0.6572916666666667 0.6458333333333334 0.01875 0.025
0 0.6625 0.7194444444444444 0.01875 0.025
0 0.6677083333333333 0.7986111111111112 0.01875 0.025
0 0.7010416666666667 0.3972222222222222 0.01875 0.025
0 0.7072916666666667 0.45416666666666666 0.01875 0.025
0 0.7125 0.5138888888888888 0.01875 0.025
0 0.7197916666666667 0.5791666666666667 0.01875 0.025
0 0.7260416666666667 0.6472222222222223 0.01875 0.025
0 0.734375 0.7208333333333333 0.01875 0.025
0 0.7416666666666667 0.7986111111111112 0.01875 0.025