0 0.234375 0.6398148148148148 0.03333333333333333 0.03333333333333333
0 0.33125 0.6365740740740741 0.03333333333333333 0.03333333333333333
0 0.42916666666666664 0.6333333333333333 0.03333333333333333 0.03333333333333333
0 0.5270833333333333 0.6300925925925925 0.03333333333333333 0.03333333333333333
0 0.6239583333333333 0.6268518518518519 0.03333333333333333 0.03333333333333333
0 0.7208333333333333 0.625 0.03333333333333333 0.03333333333333333
0 0.8166666666666667 0.6217592592592592 0.03333333333333333 0.03333333333333333
0 0.23854166666666668 0.5481481481481482 0.03333333333333333 0.03333333333333333
0 0.3333333333333333 0.5449074074074074 0.03333333333333333 0.03333333333333333
0 0.428125 0.5416666666666666 0.03333333333333333 0.03333333333333333
0 0.521875 0.538425925925926 0.03333333333333333 0.03333333333333333
0 0.6166666666666667 0.5365740740740741 0.03333333333333333 0.03333333333333333
0 0.709375 0.5333333333333333 0.03333333333333333 0.03333333333333333
0 0.803125 0.5300925925925926 0.03333333333333333 0.03333333333333333
0 0.24375 0.4615740740740741 0.03333333333333333 0.03333333333333333
0 0.33541666666666664 0.4583333333333333 0.03333333333333333 0.03333333333333333
0 0.4270833333333333 0.4550925925925926 0.03333333333333333 0.03333333333333333
0 0.51875 0.4532407407407407 0.03333333333333333 0.03333333333333333
0 0.609375 0.45 0.03333333333333333 0.03333333333333333
0 0.7 0.44814814814814813 0.03333333333333333 0.03333333333333333
0 0.790625 0.4449074074074074 0.03333333333333333 0.03333333333333333
0 0.24791666666666667 0.37916666666666665 0.03333333333333333 0.03333333333333333
0 0.3375 0.3768518518518518 0.03333333333333333 0.03333333333333333
0 0.42604166666666665 0.375 0.03333333333333333 0.03333333333333333
0 0.5145833333333333 0.37175925925925923 0.03333333333333333 0.03333333333333333
0 0.603125 0.3699074074074074 0.03333333333333333 0.03333333333333333
0 0.690625 0.36666666666666664 0.03333333333333333 0.03333333333333333
0 0.778125 0.3648148148148148 0.03333333333333333 0.03333333333333333
0 0.253125 0.30324074074074076 0.03333333333333333 0.03333333333333333
0 0.3385416666666667 0.30092592592592593 0.03333333333333333 0.03333333333333333
0 0.425 0.29814814814814816 0.03333333333333333 0.03333333333333333
0 0.5104166666666666 0.29583333333333334 0.03333333333333333 0.03333333333333333
0 0.596875 0.2935185185185185 0.03333333333333333 0.03333333333333333
0 0.6822916666666666 0.2916666666666667 0.03333333333333333 0.03333333333333333
0 0.7677083333333333 0.2884259259259259 0.03333333333333333 0.03333333333333333
0 0.25625 0.23148148148148148 0.03333333333333333 0.03333333333333333
0 0.340625 0.22824074074074074 0.03333333333333333 0.03333333333333333
0 0.4239583333333333 0.22592592592592592 0.03333333333333333 0.03333333333333333
0 0.5072916666666667 0.22407407407407406 0.03333333333333333 0.03333333333333333
0 0.590625 0.22175925925925927 0.03333333333333333 0.03333333333333333
0 0.6739583333333333 0.2199074074074074 0.03333333333333333 0.03333333333333333
0 0.75625 0.2175925925925926 0.03333333333333333 0.03333333333333333
0 0.2604166666666667 0.1625 0.03333333333333333 0.03333333333333333
0 0.3416666666666667 0.16018518518518518 0.03333333333333333 0.03333333333333333
0 0.42291666666666666 0.15833333333333333 0.03333333333333333 0.03333333333333333
0 0.5041666666666667 0.15648148148148147 0.03333333333333333 0.03333333333333333
0 0.5854166666666667 0.15416666666666667 0.03333333333333333 0.03333333333333333
0 0.665625 0.15185185185185185 0.03333333333333333 0.03333333333333333
0 0.746875 0.15 0.03333333333333333 0.03333333333333333