0 0.33541666666666664 0.39305555555555555 0.01875 0.025
0 0.3302083333333333 0.45 0.01875 0.025
0 0.32395833333333335 0.5097222222222222 0.01875 0.025
0 0.3177083333333333 0.5736111111111111 0.01875 0.025
0 0.31145833333333334 0.6416666666666667 0.01875 0.025
0 0.30416666666666664 0.7152777777777778 0.01875 0.025
0 0.296875 0.7930555555555555 0.01875 0.025
0 0.396875 0.39444444444444443 0.01875 0.025
0 0.3927083333333333 0.4513888888888889 0.01875 0.025
0 0.38958333333333334 0.5111111111111111 0.01875 0.025
0 0.3854166666666667 0.575 0.01875 0.025
0 0.38125 0.6444444444444445 0.01875 0.025
0 0.37604166666666666 0.7166666666666667 0.01875 0.025
0 0.37083333333333335 0.7944444444444444 0.01875 0.025
0 0.4583333333333333 0.3958333333333333 0.01875 0.025
0 0.45625 0.4527777777777778 0.01875 0.025
0 0.45416666666666666 0.5125 0.01875 0.025
0 0.45208333333333334 0.5777777777777777 0.01875 0.025
0 0.45 0.6458333333333334 0.01875 0.025
0 0.4479166666666667 0.7180555555555556 0.01875 0.025
0 0.44479166666666664 0.7958333333333333 0.01875 0.025
0 0.51875 0.3972222222222222 0.01875 0.025
0 0.51875 0.45416666666666666 0.01875 0.025
0 0.51875 0.5152777777777777 0.01875 0.025
0 0.51875 0.5791666666666667 0.01875 0.025
0 0.51875 0.6472222222222223 0.01875 0.025
0 0.51875 0.7194444444444444 0.01875 0.025
0 0.51875 0.7986111111111112 0.01875 0.025
0 0.5802083333333333 0.39861111111111114 0.01875 0.025
0 0.5822916666666667 0.45555555555555555 0.01875 0.025
0 0.584375 0.5166666666666667 0.01875 0.025
0 0.5864583333333333 0.5805555555555556 0.01875 0.025
0 0.5885416666666666 0.6486111111111111 0.01875 0.025
0 0.590625 0.7222222222222222 0.01875 0.025
0 0.5927083333333333 0.8 0.01875 0.025
0 0.640625 0.4013888888888889 0.01875 0.025
0 0.6447916666666667 0.45694444444444443 0.01875 0.025
0 0.6489583333333333 0.5180555555555556 0.01875 0.025
0 0.653125 0.5819444444444445 0.01875 0.025
0 0.6572916666666667 0.65 0.01875 0.025
0 0.6614583333333334 0.7236111111111111 0.01875 0.025
0 0.6666666666666666 0.8013888888888889 0.01875 0.025
0 0.7020833333333333 0.4027777777777778 0.01875 0.025
0 0.7072916666666667 0.4583333333333333 0.01875 0.025
0 0.7135416666666666 0.5194444444444445 0.01875 0.025
0 0.7197916666666667 0.5833333333333334 0.01875 0.025
0 0.7260416666666667 0.6513888888888889 0.01875 0.025
0 0.7333333333333333 0.725 0.01875 0.025
0 0.740625 0.8027777777777778 0.01875 0.025