0 0.7052083333333333 0.22824074074074074 0.03333333333333333 0.03333333333333333
0 0.6302083333333334 0.22685185185185186 0.03333333333333333 0.03333333333333333
0 0.5541666666666667 0.22685185185185186 0.03333333333333333 0.03333333333333333
0 0.47604166666666664 0.22685185185185186 0.03333333333333333 0.03333333333333333
0 0.396875 0.22685185185185186 0.03333333333333333 0.03333333333333333
0 0.31666666666666665 0.22685185185185186 0.03333333333333333 0.03333333333333333
0 0.234375 0.22685185185185186 0.03333333333333333 0.03333333333333333
0 0.7177083333333333 0.29259259259259257 0.03333333333333333 0.03333333333333333
0 0.640625 0.29259259259259257 0.03333333333333333 0.03333333333333333
0 0.5625 0.29259259259259257 0.03333333333333333 0.03333333333333333
0 0.4822916666666667 0.2935185185185185 0.03333333333333333 0.03333333333333333
0 0.4010416666666667 0.2935185185185185 0.03333333333333333 0.03333333333333333
0 0.3177083333333333 0.2949074074074074 0.03333333333333333 0.03333333333333333
0 0.23229166666666667 0.2949074074074074 0.03333333333333333 0.03333333333333333
0 0.73125 0.36018518518518516 0.03333333333333333 0.03333333333333333
0 0.6520833333333333 0.36157407407407405 0.03333333333333333 0.03333333333333333
0 0.5708333333333333 0.3625 0.03333333333333333 0.03333333333333333
0 0.48854166666666665 0.36342592592592593 0.03333333333333333 0.03333333333333333
0 0.4041666666666667 0.36574074074074076 0.03333333333333333 0.03333333333333333
0 0.31875 0.36666666666666664 0.03333333333333333 0.03333333333333333
0 0.23125 0.3675925925925926 0.03333333333333333 0.03333333333333333
0 0.7447916666666666 0.43333333333333335 0.03333333333333333 0.03333333333333333
0 0.6635416666666667 0.4351851851851852 0.03333333333333333 0.03333333333333333
0 0.5802083333333333 0.4375 0.03333333333333333 0.03333333333333333
0 0.49583333333333335 0.43842592592592594 0.03333333333333333 0.03333333333333333
0 0.4083333333333333 0.44074074074074077 0.03333333333333333 0.03333333333333333
0 0.31979166666666664 0.4425925925925926 0.03333333333333333 0.03333333333333333
0 0.23020833333333332 0.4449074074074074 0.03333333333333333 0.03333333333333333
0 0.7604166666666666 0.5101851851851852 0.03333333333333333 0.03333333333333333
0 0.6760416666666667 0.513425925925926 0.03333333333333333 0.03333333333333333
0 0.590625 0.5157407407407407 0.03333333333333333 0.03333333333333333
0 0.5020833333333333 0.5185185185185185 0.03333333333333333 0.03333333333333333
0 0.41354166666666664 0.5217592592592593 0.03333333333333333 0.03333333333333333
0 0.321875 0.525 0.03333333333333333 0.03333333333333333
0 0.228125 0.5268518518518519 0.03333333333333333 0.03333333333333333
0 0.7760416666666666 0.5925925925925926 0.03333333333333333 0.03333333333333333
0 0.6895833333333333 0.5967592592592592 0.03333333333333333 0.03333333333333333
0 0.6010416666666667 0.6 0.03333333333333333 0.03333333333333333
0 0.5104166666666666 0.6041666666666666 0.03333333333333333 0.03333333333333333
0 0.41770833333333335 0.6083333333333333 0.03333333333333333 0.03333333333333333
0 0.32395833333333335 0.611574074074074 0.03333333333333333 0.03333333333333333
0 0.22708333333333333 0.6157407407407407 0.03333333333333333 0.03333333333333333
0 0.7927083333333333 0.6814814814814815 0.03333333333333333 0.03333333333333333
0 0.703125 0.6851851851851852 0.03333333333333333 0.03333333333333333
0 0.6125 0.6907407407407408 0.03333333333333333 0.03333333333333333
0 0.51875 0.6949074074074074 0.03333333333333333 0.03333333333333333
0 0.42291666666666666 0.7 0.03333333333333333 0.03333333333333333
0 0.325 0.7050925925925926 0.03333333333333333 0.03333333333333333
0 0.225 0.7101851851851851 0.03333333333333333 0.03333333333333333