0 0.69375 0.15416666666666667 0.022916666666666665 0.03425925925925926
0 0.6166666666666667 0.15416666666666667 0.022916666666666665 0.03425925925925926
0 0.5395833333333333 0.15416666666666667 0.022916666666666665 0.03425925925925926
0 0.4625 0.15416666666666667 0.022916666666666665 0.03425925925925926
0 0.384375 0.15416666666666667 0.022916666666666665 0.03425925925925926
0 0.30625 0.15416666666666667 0.022916666666666665 0.03425925925925926
0 0.228125 0.15416666666666667 0.022916666666666665 0.03425925925925926
0 0.7052083333333333 0.2351851851851852 0.022916666666666665 0.03425925925925926
0 0.6260416666666667 0.2351851851851852 0.022916666666666665 0.03425925925925926
0 0.5458333333333333 0.2351851851851852 0.022916666666666665 0.03425925925925926
0 0.465625 0.2351851851851852 0.022916666666666665 0.03425925925925926
0 0.3854166666666667 0.23657407407407408 0.022916666666666665 0.03425925925925926
0 0.30416666666666664 0.23657407407407408 0.022916666666666665 0.03425925925925926
0 0.22291666666666668 0.23657407407407408 0.022916666666666665 0.03425925925925926
0 0.7177083333333333 0.32222222222222224 0.022916666666666665 0.03425925925925926
0 0.6354166666666666 0.32222222222222224 0.022916666666666665 0.03425925925925926
0 0.5520833333333334 0.32222222222222224 0.022916666666666665 0.03425925925925926
0 0.46875 0.32407407407407407 0.022916666666666665 0.03425925925925926
0 0.3854166666666667 0.32407407407407407 0.022916666666666665 0.03425925925925926
0 0.3020833333333333 0.32407407407407407 0.022916666666666665 0.03425925925925926
0 0.21770833333333334 0.32546296296296295 0.022916666666666665 0.03425925925925926
0 0.73125 0.41574074074074074 0.022916666666666665 0.03425925925925926
0 0.6458333333333334 0.41574074074074074 0.022916666666666665 0.03425925925925926
0 0.559375 0.41759259259259257 0.022916666666666665 0.03425925925925926
0 0.47291666666666665 0.41759259259259257 0.022916666666666665 0.03425925925925926
0 0.38645833333333335 0.41898148148148145 0.022916666666666665 0.03425925925925926
0 0.2989583333333333 0.41898148148148145 0.022916666666666665 0.03425925925925926
0 0.21145833333333333 0.4203703703703704 0.022916666666666665 0.03425925925925926
0 0.7458333333333333 0.5171296296296296 0.022916666666666665 0.03425925925925926
0 0.65625 0.5185185185185185 0.022916666666666665 0.03425925925925926
0 0.5666666666666667 0.5185185185185185 0.022916666666666665 0.03425925925925926
0 0.47708333333333336 0.5203703703703704 0.022916666666666665 0.03425925925925926
0 0.38645833333333335 0.5217592592592593 0.022916666666666665 0.03425925925925926
0 0.29583333333333334 0.5217592592592593 0.022916666666666665 0.03425925925925926
0 0.20520833333333333 0.5231481481481481 0.022916666666666665 0.03425925925925926
0 0.7614583333333333 0.6263888888888889 0.022916666666666665 0.03425925925925926
0 0.66875 0.6277777777777778 0.022916666666666665 0.03425925925925926
0 0.575 0.6291666666666667 0.022916666666666665 0.03425925925925926
0 0.48125 0.6310185185185185 0.022916666666666665 0.03425925925925926
0 0.3875 0.6324074074074074 0.022916666666666665 0.03425925925925926
0 0.29270833333333335 0.6337962962962963 0.022916666666666665 0.03425925925925926
0 0.19791666666666666 0.6356481481481482 0.022916666666666665 0.03425925925925926
0 0.778125 0.7462962962962963 0.022916666666666665 0.03425925925925926
0 0.68125 0.7476851851851852 0.022916666666666665 0.03425925925925926
0 0.584375 0.7490740740740741 0.022916666666666665 0.03425925925925926
0 0.4864583333333333 0.7509259259259259 0.022916666666666665 0.03425925925925926
0 0.3885416666666667 0.7523148148148148 0.022916666666666665 0.03425925925925926
0 0.28958333333333336 0.7537037037037037 0.022916666666666665 0.03425925925925926
0 0.190625 0.7569444444444444 0.022916666666666665 0.03425925925925926