0 0.734375 0.17685185185185184 0.035416666666666666 0.03518518518518519
0 0.659375 0.17685185185185184 0.035416666666666666 0.03518518518518519
0 0.5822916666666667 0.17685185185185184 0.035416666666666666 0.03518518518518519
0 0.50625 0.17685185185185184 0.035416666666666666 0.03518518518518519
0 0.43020833333333336 0.17685185185185184 0.035416666666666666 0.03518518518518519
0 0.353125 0.17685185185185184 0.035416666666666666 0.03518518518518519
0 0.2760416666666667 0.17592592592592593 0.035416666666666666 0.03518518518518519
0 0.7447916666666666 0.2300925925925926 0.035416666666666666 0.03518518518518519
0 0.665625 0.2300925925925926 0.035416666666666666 0.03518518518518519
0 0.5875 0.2300925925925926 0.035416666666666666 0.03518518518518519
0 0.5072916666666667 0.2300925925925926 0.035416666666666666 0.03518518518518519
0 0.428125 0.2300925925925926 0.035416666666666666 0.03518518518518519
0 0.34791666666666665 0.2300925925925926 0.035416666666666666 0.03518518518518519
0 0.2677083333333333 0.22916666666666666 0.035416666666666666 0.03518518518518519
0 0.75625 0.2875 0.035416666666666666 0.03518518518518519
0 0.6739583333333333 0.2875 0.035416666666666666 0.03518518518518519
0 0.5916666666666667 0.2875 0.035416666666666666 0.03518518518518519
0 0.5083333333333333 0.2875 0.035416666666666666 0.03518518518518519
0 0.42604166666666665 0.2875 0.035416666666666666 0.03518518518518519
0 0.34270833333333334 0.2875 0.035416666666666666 0.03518518518518519
0 0.259375 0.2875 0.035416666666666666 0.03518518518518519
0 0.7677083333333333 0.35 0.035416666666666666 0.03518518518518519
0 0.6822916666666666 0.35 0.035416666666666666 0.03518518518518519
0 0.596875 0.35 0.035416666666666666 0.03518518518518519
0 0.5104166666666666 0.35 0.035416666666666666 0.03518518518518519
0 0.4239583333333333 0.35 0.035416666666666666 0.03518518518518519
0 0.33645833333333336 0.35 0.035416666666666666 0.03518518518518519
0 0.25 0.35 0.035416666666666666 0.03518518518518519
0 0.78125 0.41759259259259257 0.035416666666666666 0.03518518518518519
0 0.6916666666666667 0.41759259259259257 0.035416666666666666 0.03518518518518519
0 0.6020833333333333 0.41759259259259257 0.035416666666666666 0.03518518518518519
0 0.5114583333333333 0.41759259259259257 0.035416666666666666 0.03518518518518519
0 0.42083333333333334 0.4185185185185185 0.035416666666666666 0.03518518518518519
0 0.3302083333333333 0.4185185185185185 0.035416666666666666 0.03518518518518519
0 0.23854166666666668 0.4185185185185185 0.035416666666666666 0.03518518518518519
0 0.7958333333333333 0.49166666666666664 0.035416666666666666 0.03518518518518519
0 0.7020833333333333 0.4925925925925926 0.035416666666666666 0.03518518518518519
0 0.6072916666666667 0.4925925925925926 0.035416666666666666 0.03518518518518519
0 0.5135416666666667 0.4925925925925926 0.035416666666666666 0.03518518518518519
0 0.41770833333333335 0.4935185185185185 0.035416666666666666 0.03518518518518519
0 0.3229166666666667 0.4935185185185185 0.035416666666666666 0.03518518518518519
0 0.22708333333333333 0.4935185185185185 0.035416666666666666 0.03518518518518519
0 0.8114583333333333 0.5740740740740741 0.035416666666666666 0.03518518518518519
0 0.7135416666666666 0.5740740740740741 0.035416666666666666 0.03518518518518519
0 0.6145833333333334 0.575 0.035416666666666666 0.03518518518518519
0 0.5145833333333333 0.575 0.035416666666666666 0.03518518518518519
0 0.415625 0.575925925925926 0.035416666666666666 0.03518518518518519
0 0.3145833333333333 0.575925925925926 0.035416666666666666 0.03518518518518519
0 0.21458333333333332 0.5768518518518518 0.035416666666666666 0.03518518518518519