0 0.234375 0.2064814814814815 0.035416666666666666 0.03518518518518519
0 0.3125 0.2064814814814815 0.035416666666666666 0.03518518518518519
0 0.38958333333333334 0.2064814814814815 0.035416666666666666 0.03518518518518519
0 0.46770833333333334 0.2064814814814815 0.035416666666666666 0.03518518518518519
0 0.5447916666666667 0.2064814814814815 0.035416666666666666 0.03518518518518519
0 0.621875 0.2064814814814815 0.035416666666666666 0.03518518518518519
0 0.6989583333333333 0.2064814814814815 0.035416666666666666 0.03518518518518519
0 0.22291666666666668 0.26157407407407407 0.035416666666666666 0.03518518518518519
0 0.30416666666666664 0.26157407407407407 0.035416666666666666 0.03518518518518519
0 0.3854166666666667 0.26157407407407407 0.035416666666666666 0.03518518518518519
0 0.465625 0.26157407407407407 0.035416666666666666 0.03518518518518519
0 0.546875 0.26157407407407407 0.035416666666666666 0.03518518518518519
0 0.6270833333333333 0.26157407407407407 0.035416666666666666 0.03518518518518519
0 0.7072916666666667 0.2601851851851852 0.035416666666666666 0.03518518518518519
0 0.21145833333333333 0.32175925925925924 0.035416666666666666 0.03518518518518519
0 0.29583333333333334 0.32083333333333336 0.035416666666666666 0.03518518518518519
0 0.3802083333333333 0.32083333333333336 0.035416666666666666 0.03518518518518519
0 0.46458333333333335 0.32083333333333336 0.035416666666666666 0.03518518518518519
0 0.5479166666666667 0.32083333333333336 0.035416666666666666 0.03518518518518519
0 0.6322916666666667 0.3199074074074074 0.035416666666666666 0.03518518518518519
0 0.715625 0.3199074074074074 0.035416666666666666 0.03518518518518519
0 0.19791666666666666 0.38657407407407407 0.035416666666666666 0.03518518518518519
0 0.2864583333333333 0.38657407407407407 0.035416666666666666 0.03518518518518519
0 0.375 0.3851851851851852 0.035416666666666666 0.03518518518518519
0 0.4625 0.3851851851851852 0.035416666666666666 0.03518518518518519
0 0.55 0.3851851851851852 0.035416666666666666 0.03518518518518519
0 0.6375 0.3851851851851852 0.035416666666666666 0.03518518518518519
0 0.725 0.38425925925925924 0.035416666666666666 0.03518518518518519
0 0.18333333333333332 0.45740740740740743 0.035416666666666666 0.03518518518518519
0 0.2760416666666667 0.45740740740740743 0.035416666666666666 0.03518518518518519
0 0.36875 0.45740740740740743 0.035416666666666666 0.03518518518518519
0 0.46041666666666664 0.4564814814814815 0.035416666666666666 0.03518518518518519
0 0.5520833333333334 0.4564814814814815 0.035416666666666666 0.03518518518518519
0 0.64375 0.4550925925925926 0.035416666666666666 0.03518518518518519
0 0.7354166666666667 0.4550925925925926 0.035416666666666666 0.03518518518518519
0 0.16770833333333332 0.5365740740740741 0.035416666666666666 0.03518518518518519
0 0.265625 0.5351851851851852 0.035416666666666666 0.03518518518518519
0 0.3625 0.5342592592592592 0.035416666666666666 0.03518518518518519
0 0.4583333333333333 0.5342592592592592 0.035416666666666666 0.03518518518518519
0 0.5552083333333333 0.5333333333333333 0.035416666666666666 0.03518518518518519
0 0.6510416666666666 0.5333333333333333 0.035416666666666666 0.03518518518518519
0 0.746875 0.5324074074074074 0.035416666666666666 0.03518518518518519
0 0.15104166666666666 0.6231481481481481 0.035416666666666666 0.03518518518518519
0 0.253125 0.6217592592592592 0.035416666666666666 0.03518518518518519
0 0.35520833333333335 0.6208333333333333 0.035416666666666666 0.03518518518518519
0 0.45625 0.6199074074074075 0.035416666666666666 0.03518518518518519
0 0.5572916666666666 0.6199074074074075 0.035416666666666666 0.03518518518518519
0 0.6583333333333333 0.6185185185185185 0.035416666666666666 0.03518518518518519
0 0.759375 0.6175925925925926 0.035416666666666666 0.03518518518518519