0 0.653125 0.1597222222222222 0.025 0.03333333333333333
0 0.5854166666666667 0.16805555555555557 0.025 0.03333333333333333
0 0.5166666666666667 0.175 0.025 0.03333333333333333
0 0.4479166666666667 0.18194444444444444 0.025 0.03333333333333333
0 0.37916666666666665 0.18888888888888888 0.025 0.03333333333333333
0 0.31145833333333334 0.19583333333333333 0.025 0.03333333333333333
0 0.24270833333333333 0.20277777777777778 0.025 0.03333333333333333
0 0.665625 0.2263888888888889 0.025 0.03333333333333333
0 0.5947916666666667 0.23333333333333334 0.025 0.03333333333333333
0 0.5229166666666667 0.24027777777777778 0.025 0.03333333333333333
0 0.4510416666666667 0.24861111111111112 0.025 0.03333333333333333
0 0.37916666666666665 0.25555555555555554 0.025 0.03333333333333333
0 0.3072916666666667 0.2638888888888889 0.025 0.03333333333333333
0 0.23541666666666666 0.2708333333333333 0.025 0.03333333333333333
0 0.6802083333333333 0.2986111111111111 0.025 0.03333333333333333
0 0.6052083333333333 0.3055555555555556 0.025 0.03333333333333333
0 0.5302083333333333 0.3138888888888889 0.025 0.03333333333333333
0 0.45416666666666666 0.32222222222222224 0.025 0.03333333333333333
0 0.37916666666666665 0.32916666666666666 0.025 0.03333333333333333
0 0.303125 0.3375 0.025 0.03333333333333333
0 0.228125 0.3458333333333333 0.025 0.03333333333333333
0 0.6958333333333333 0.37777777777777777 0.025 0.03333333333333333
0 0.6166666666666667 0.3861111111111111 0.025 0.03333333333333333
0 0.5375 0.39444444444444443 0.025 0.03333333333333333
0 0.4583333333333333 0.4027777777777778 0.025 0.03333333333333333
0 0.37916666666666665 0.4111111111111111 0.025 0.03333333333333333
0 0.2989583333333333 0.41944444444444445 0.025 0.03333333333333333
0 0.21979166666666666 0.42777777777777776 0.025 0.03333333333333333
0 0.7125 0.4666666666666667 0.025 0.03333333333333333
0 0.6291666666666667 0.475 0.025 0.03333333333333333
0 0.5458333333333333 0.4847222222222222 0.025 0.03333333333333333
0 0.4625 0.4930555555555556 0.025 0.03333333333333333
0 0.378125 0.5027777777777778 0.025 0.03333333333333333
0 0.2947916666666667 0.5111111111111111 0.025 0.03333333333333333
0 0.21041666666666667 0.5208333333333334 0.025 0.03333333333333333
0 0.7322916666666667 0.5652777777777778 0.025 0.03333333333333333
0 0.64375 0.575 0.025 0.03333333333333333
0 0.5552083333333333 0.5847222222222223 0.025 0.03333333333333333
0 0.4666666666666667 0.5944444444444444 0.025 0.03333333333333333
0 0.378125 0.6041666666666666 0.025 0.03333333333333333
0 0.28958333333333336 0.6138888888888889 0.025 0.03333333333333333
0 0.2 0.6236111111111111 0.025 0.03333333333333333
0 0.7541666666666667 0.6763888888888889 0.025 0.03333333333333333
0 0.6604166666666667 0.6875 0.025 0.03333333333333333
0 0.5666666666666667 0.6972222222222222 0.025 0.03333333333333333
0 0.471875 0.7083333333333334 0.025 0.03333333333333333
0 0.378125 0.7180555555555556 0.025 0.03333333333333333
0 0.2833333333333333 0.7291666666666666 0.025 0.03333333333333333
0 0.18854166666666666 0.7388888888888889 0.025 0.03333333333333333