0 0.28125 0.19583333333333333 0.035416666666666666 0.03518518518518519
0 0.35625 0.19675925925925927 0.035416666666666666 0.03518518518518519
0 0.43125 0.19814814814814816 0.035416666666666666 0.03518518518518519
0 0.5072916666666667 0.19907407407407407 0.035416666666666666 0.03518518518518519
0 0.5833333333333334 0.20092592592592592 0.035416666666666666 0.03518518518518519
0 0.659375 0.20185185185185187 0.035416666666666666 0.03518518518518519
0 0.7364583333333333 0.20416666666666666 0.035416666666666666 0.03518518518518519
0 0.271875 0.24675925925925926 0.035416666666666666 0.03518518518518519
0 0.3489583333333333 0.2490740740740741 0.035416666666666666 0.03518518518518519
0 0.4270833333333333 0.25 0.035416666666666666 0.03518518518518519
0 0.50625 0.2518518518518518 0.035416666666666666 0.03518518518518519
0 0.5854166666666667 0.25324074074074077 0.035416666666666666 0.03518518518518519
0 0.6645833333333333 0.2550925925925926 0.035416666666666666 0.03518518518518519
0 0.7447916666666666 0.2564814814814815 0.035416666666666666 0.03518518518518519
0 0.26145833333333335 0.30324074074074076 0.035416666666666666 0.03518518518518519
0 0.3416666666666667 0.3050925925925926 0.035416666666666666 0.03518518518518519
0 0.42291666666666666 0.30648148148148147 0.035416666666666666 0.03518518518518519
0 0.5052083333333334 0.30833333333333335 0.035416666666666666 0.03518518518518519
0 0.5875 0.3101851851851852 0.035416666666666666 0.03518518518518519
0 0.6697916666666667 0.3125 0.035416666666666666 0.03518518518518519
0 0.753125 0.3148148148148148 0.035416666666666666 0.03518518518518519
0 0.24895833333333334 0.36342592592592593 0.035416666666666666 0.03518518518518519
0 0.3333333333333333 0.36574074074074076 0.035416666666666666 0.03518518518518519
0 0.41875 0.3675925925925926 0.035416666666666666 0.03518518518518519
0 0.503125 0.3699074074074074 0.035416666666666666 0.03518518518518519
0 0.5895833333333333 0.37175925925925923 0.035416666666666666 0.03518518518518519
0 0.6760416666666667 0.375 0.035416666666666666 0.03518518518518519
0 0.7635416666666667 0.3768518518518518 0.035416666666666666 0.03518518518518519
0 0.23645833333333333 0.4300925925925926 0.035416666666666666 0.03518518518518519
0 0.325 0.4324074074074074 0.035416666666666666 0.03518518518518519
0 0.41354166666666664 0.43425925925925923 0.035416666666666666 0.03518518518518519
0 0.5020833333333333 0.4375 0.035416666666666666 0.03518518518518519
0 0.5916666666666667 0.4398148148148148 0.035416666666666666 0.03518518518518519
0 0.6822916666666666 0.4425925925925926 0.035416666666666666 0.03518518518518519
0 0.7729166666666667 0.4449074074074074 0.035416666666666666 0.03518518518518519
0 0.22291666666666668 0.5018518518518519 0.035416666666666666 0.03518518518518519
0 0.3145833333333333 0.5050925925925925 0.035416666666666666 0.03518518518518519
0 0.40729166666666666 0.5083333333333333 0.035416666666666666 0.03518518518518519
0 0.5010416666666667 0.5101851851851852 0.035416666666666666 0.03518518518518519
0 0.5947916666666667 0.513425925925926 0.035416666666666666 0.03518518518518519
0 0.6895833333333333 0.5166666666666667 0.035416666666666666 0.03518518518518519
0 0.784375 0.5199074074074074 0.035416666666666666 0.03518518518518519
0 0.20729166666666668 0.5814814814814815 0.035416666666666666 0.03518518518518519
0 0.30416666666666664 0.5842592592592593 0.035416666666666666 0.03518518518518519
0 0.4010416666666667 0.5884259259259259 0.035416666666666666 0.03518518518518519
0 0.49895833333333334 0.5916666666666667 0.035416666666666666 0.03518518518518519
0 0.5979166666666667 0.5949074074074074 0.035416666666666666 0.03518518518518519
0 0.696875 0.5981481481481481 0.035416666666666666 0.03518518518518519
0 0.796875 0.600925925925926 0.035416666666666666 0.03518518518518519