0 0.721875 0.12453703703703704 0.022916666666666665 0.03425925925925926
0 0.646875 0.12129629629629629 0.022916666666666665 0.03425925925925926
0 0.571875 0.11851851851851852 0.022916666666666665 0.03425925925925926
0 0.49583333333333335 0.11527777777777778 0.022916666666666665 0.03425925925925926
0 0.4197916666666667 0.11203703703703703 0.022916666666666665 0.03425925925925926
0 0.34375 0.10740740740740741 0.022916666666666665 0.03425925925925926
0 0.2677083333333333 0.10416666666666667 0.022916666666666665 0.03425925925925926
0 0.73125 0.2023148148148148 0.022916666666666665 0.03425925925925926
0 0.653125 0.19953703703703704 0.022916666666666665 0.03425925925925926
0 0.5760416666666667 0.1962962962962963 0.022916666666666665 0.03425925925925926
0 0.496875 0.19305555555555556 0.022916666666666665 0.03425925925925926
0 0.41875 0.18981481481481483 0.022916666666666665 0.03425925925925926
0 0.33958333333333335 0.18703703703703703 0.022916666666666665 0.03425925925925926
0 0.2604166666666667 0.1824074074074074 0.022916666666666665 0.03425925925925926
0 0.7416666666666667 0.2865740740740741 0.022916666666666665 0.03425925925925926
0 0.6614583333333334 0.2833333333333333 0.022916666666666665 0.03425925925925926
0 0.5802083333333333 0.28055555555555556 0.022916666666666665 0.03425925925925926
0 0.49895833333333334 0.2773148148148148 0.022916666666666665 0.03425925925925926
0 0.4166666666666667 0.2740740740740741 0.022916666666666665 0.03425925925925926
0 0.33541666666666664 0.2708333333333333 0.022916666666666665 0.03425925925925926
0 0.253125 0.2662037037037037 0.022916666666666665 0.03425925925925926
0 0.753125 0.3768518518518518 0.022916666666666665 0.03425925925925926
0 0.66875 0.3736111111111111 0.022916666666666665 0.03425925925925926
0 0.584375 0.37083333333333335 0.022916666666666665 0.03425925925925926
0 0.5 0.3675925925925926 0.022916666666666665 0.03425925925925926
0 0.415625 0.36435185185185187 0.022916666666666665 0.03425925925925926
0 0.3302083333333333 0.36157407407407405 0.022916666666666665 0.03425925925925926
0 0.24479166666666666 0.35833333333333334 0.022916666666666665 0.03425925925925926
0 0.7645833333333333 0.475 0.022916666666666665 0.03425925925925926
0 0.6770833333333334 0.47175925925925927 0.022916666666666665 0.03425925925925926
0 0.5895833333333333 0.4689814814814815 0.022916666666666665 0.03425925925925926
0 0.5020833333333333 0.46574074074074073 0.022916666666666665 0.03425925925925926
0 0.41354166666666664 0.4625 0.022916666666666665 0.03425925925925926
0 0.325 0.4597222222222222 0.022916666666666665 0.03425925925925926
0 0.23541666666666666 0.4564814814814815 0.022916666666666665 0.03425925925925926
0 0.778125 0.5810185185185185 0.022916666666666665 0.03425925925925926
0 0.6864583333333333 0.5777777777777777 0.022916666666666665 0.03425925925925926
0 0.5958333333333333 0.5763888888888888 0.022916666666666665 0.03425925925925926
0 0.5041666666666667 0.5731481481481482 0.022916666666666665 0.03425925925925926
0 0.4114583333333333 0.5699074074074074 0.022916666666666665 0.03425925925925926
0 0.31875 0.5671296296296297 0.022916666666666665 0.03425925925925926
0 0.22604166666666667 0.5638888888888889 0.022916666666666665 0.03425925925925926
0 0.7927083333333333 0.6976851851851852 0.022916666666666665 0.03425925925925926
0 0.696875 0.6949074074074074 0.022916666666666665 0.03425925925925926
0 0.6020833333333333 0.6916666666666667 0.022916666666666665 0.03425925925925926
0 0.5052083333333334 0.6884259259259259 0.022916666666666665 0.03425925925925926
0 0.409375 0.687037037037037 0.022916666666666665 0.03425925925925926
0 0.3125 0.6837962962962963 0.022916666666666665 0.03425925925925926
0 0.215625 0.6805555555555556 0.022916666666666665 0.03425925925925926