0 0.30625 0.7518518518518519 0.029166666666666667 0.029166666666666667
0 0.39895833333333336 0.7425925925925926 0.029166666666666667 0.029166666666666667
0 0.48854166666666665 0.7333333333333333 0.029166666666666667 0.029166666666666667
0 0.5760416666666667 0.7240740740740741 0.029166666666666667 0.029166666666666667
0 0.6614583333333334 0.7157407407407408 0.029166666666666667 0.029166666666666667
0 0.74375 0.7074074074074074 0.029166666666666667 0.029166666666666667
0 0.8239583333333333 0.6990740740740741 0.029166666666666667 0.029166666666666667
0 0.30104166666666665 0.6592592592592592 0.029166666666666667 0.029166666666666667
0 0.39166666666666666 0.6518518518518519 0.029166666666666667 0.029166666666666667
0 0.4791666666666667 0.6435185185185185 0.029166666666666667 0.029166666666666667
0 0.565625 0.6365740740740741 0.029166666666666667 0.029166666666666667
0 0.6479166666666667 0.6291666666666667 0.029166666666666667 0.029166666666666667
0 0.7291666666666666 0.6217592592592592 0.029166666666666667 0.029166666666666667
0 0.8083333333333333 0.6148148148148148 0.029166666666666667 0.029166666666666667
0 0.29583333333333334 0.5708333333333333 0.029166666666666667 0.029166666666666667
0 0.384375 0.5648148148148148 0.029166666666666667 0.029166666666666667
0 0.4708333333333333 0.5583333333333333 0.029166666666666667 0.029166666666666667
0 0.5541666666666667 0.5518518518518518 0.029166666666666667 0.029166666666666667
0 0.6354166666666666 0.5458333333333333 0.029166666666666667 0.029166666666666667
0 0.715625 0.5398148148148149 0.029166666666666667 0.029166666666666667
0 0.7927083333333333 0.5342592592592592 0.029166666666666667 0.029166666666666667
0 0.290625 0.4875 0.029166666666666667 0.029166666666666667
0 0.378125 0.48148148148148145 0.029166666666666667 0.029166666666666667
0 0.4625 0.4759259259259259 0.029166666666666667 0.029166666666666667
0 0.54375 0.47175925925925927 0.029166666666666667 0.029166666666666667
0 0.6239583333333333 0.4666666666666667 0.029166666666666667 0.029166666666666667
0 0.7020833333333333 0.4615740740740741 0.029166666666666667 0.029166666666666667
0 0.7770833333333333 0.45740740740740743 0.029166666666666667 0.029166666666666667
0 0.2864583333333333 0.4064814814814815 0.029166666666666667 0.029166666666666667
0 0.371875 0.40185185185185185 0.029166666666666667 0.029166666666666667
0 0.45416666666666666 0.3990740740740741 0.029166666666666667 0.029166666666666667
0 0.534375 0.39490740740740743 0.029166666666666667 0.029166666666666667
0 0.6125 0.3907407407407407 0.029166666666666667 0.029166666666666667
0 0.6885416666666667 0.3875 0.029166666666666667 0.029166666666666667
0 0.7635416666666667 0.38333333333333336 0.029166666666666667 0.029166666666666667
0 0.28229166666666666 0.32916666666666666 0.029166666666666667 0.029166666666666667
0 0.365625 0.32685185185185184 0.029166666666666667 0.029166666666666667
0 0.44583333333333336 0.32407407407407407 0.029166666666666667 0.029166666666666667
0 0.525 0.32083333333333336 0.029166666666666667 0.029166666666666667
0 0.6020833333333333 0.3175925925925926 0.029166666666666667 0.029166666666666667
0 0.6760416666666667 0.31574074074074077 0.029166666666666667 0.029166666666666667
0 0.7489583333333333 0.3125 0.029166666666666667 0.029166666666666667
0 0.278125 0.2564814814814815 0.029166666666666667 0.029166666666666667
0 0.359375 0.25416666666666665 0.029166666666666667 0.029166666666666667
0 0.43854166666666666 0.2518518518518518 0.029166666666666667 0.029166666666666667
0 0.515625 0.25 0.029166666666666667 0.029166666666666667
0 0.5916666666666667 0.2490740740740741 0.029166666666666667 0.029166666666666667
0 0.6645833333333333 0.24675925925925926 0.029166666666666667 0.029166666666666667
0 0.7364583333333333 0.2449074074074074 0.029166666666666667 0.029166666666666667