0 0.259375 0.2884259259259259 0.035416666666666666 0.03518518518518519
0 0.25104166666666666 0.34814814814814815 0.035416666666666666 0.03518518518518519
0 0.24166666666666667 0.4115740740740741 0.035416666666666666 0.03518518518518519
0 0.23229166666666667 0.48148148148148145 0.035416666666666666 0.03518518518518519
0 0.221875 0.5564814814814815 0.035416666666666666 0.03518518518518519
0 0.21041666666666667 0.638425925925926 0.035416666666666666 0.03518518518518519
0 0.19791666666666666 0.7282407407407407 0.035416666666666666 0.03518518518518519
0 0.3375 0.2884259259259259 0.035416666666666666 0.03518518518518519
0 0.33229166666666665 0.34814814814814815 0.035416666666666666 0.03518518518518519
0 0.3260416666666667 0.4115740740740741 0.035416666666666666 0.03518518518518519
0 0.31979166666666664 0.48009259259259257 0.035416666666666666 0.03518518518518519
0 0.31354166666666666 0.5564814814814815 0.035416666666666666 0.03518518518518519
0 0.30625 0.6375 0.035416666666666666 0.03518518518518519
0 0.29791666666666666 0.7282407407407407 0.035416666666666666 0.03518518518518519
0 0.41458333333333336 0.2884259259259259 0.035416666666666666 0.03518518518518519
0 0.4125 0.34814814814814815 0.035416666666666666 0.03518518518518519
0 0.41041666666666665 0.4115740740740741 0.035416666666666666 0.03518518518518519
0 0.40729166666666666 0.48009259259259257 0.035416666666666666 0.03518518518518519
0 0.4041666666666667 0.5550925925925926 0.035416666666666666 0.03518518518518519
0 0.4010416666666667 0.6375 0.035416666666666666 0.03518518518518519
0 0.39791666666666664 0.7268518518518519 0.035416666666666666 0.03518518518518519
0 0.49270833333333336 0.2898148148148148 0.035416666666666666 0.03518518518518519
0 0.49270833333333336 0.34814814814814815 0.035416666666666666 0.03518518518518519
0 0.49375 0.4115740740740741 0.035416666666666666 0.03518518518518519
0 0.4947916666666667 0.48009259259259257 0.035416666666666666 0.03518518518518519
0 0.49583333333333335 0.5550925925925926 0.035416666666666666 0.03518518518518519
0 0.496875 0.6375 0.035416666666666666 0.03518518518518519
0 0.4979166666666667 0.7268518518518519 0.035416666666666666 0.03518518518518519
0 0.5697916666666667 0.2898148148148148 0.035416666666666666 0.03518518518518519
0 0.5729166666666666 0.34814814814814815 0.035416666666666666 0.03518518518518519
0 0.5770833333333333 0.4115740740740741 0.035416666666666666 0.03518518518518519
0 0.58125 0.48009259259259257 0.035416666666666666 0.03518518518518519
0 0.5864583333333333 0.5550925925925926 0.035416666666666666 0.03518518518518519
0 0.5916666666666667 0.6365740740740741 0.035416666666666666 0.03518518518518519
0 0.596875 0.725925925925926 0.035416666666666666 0.03518518518518519
0 0.646875 0.2898148148148148 0.035416666666666666 0.03518518518518519
0 0.653125 0.34814814814814815 0.035416666666666666 0.03518518518518519
0 0.6604166666666667 0.4115740740740741 0.035416666666666666 0.03518518518518519
0 0.66875 0.48009259259259257 0.035416666666666666 0.03518518518518519
0 0.6770833333333334 0.5550925925925926 0.035416666666666666 0.03518518518518519
0 0.6864583333333333 0.6365740740740741 0.035416666666666666 0.03518518518518519
0 0.6958333333333333 0.725925925925926 0.035416666666666666 0.03518518518518519
0 0.7239583333333334 0.2898148148148148 0.035416666666666666 0.03518518518518519
0 0.7333333333333333 0.34814814814814815 0.035416666666666666 0.03518518518518519
0 0.74375 0.4115740740740741 0.035416666666666666 0.03518518518518519
0 0.7552083333333334 0.48009259259259257 0.035416666666666666 0.03518518518518519
0 0.7666666666666667 0.5550925925925926 0.035416666666666666 0.03518518518518519
0 0.7802083333333333 0.6365740740740741 0.035416666666666666 0.03518518518518519
0 0.7947916666666667 0.725 0.035416666666666666 0.03518518518518519