0 0.7041666666666667 0.19722222222222222 0.025 0.03333333333333333
0 0.6364583333333333 0.19722222222222222 0.025 0.03333333333333333
0 0.5677083333333334 0.19722222222222222 0.025 0.03333333333333333
0 0.5 0.19722222222222222 0.025 0.03333333333333333
0 0.43125 0.19722222222222222 0.025 0.03333333333333333
0 0.36354166666666665 0.19722222222222222 0.025 0.03333333333333333
0 0.29583333333333334 0.1986111111111111 0.025 0.03333333333333333
0 0.7145833333333333 0.2611111111111111 0.025 0.03333333333333333
0 0.6427083333333333 0.2611111111111111 0.025 0.03333333333333333
0 0.5708333333333333 0.2611111111111111 0.025 0.03333333333333333
0 0.5 0.2611111111111111 0.025 0.03333333333333333
0 0.428125 0.2611111111111111 0.025 0.03333333333333333
0 0.3572916666666667 0.2625 0.025 0.03333333333333333
0 0.28541666666666665 0.2625 0.025 0.03333333333333333
0 0.7260416666666667 0.33194444444444443 0.025 0.03333333333333333
0 0.65 0.33194444444444443 0.025 0.03333333333333333
0 0.575 0.33194444444444443 0.025 0.03333333333333333
0 0.5 0.33194444444444443 0.025 0.03333333333333333
0 0.425 0.33194444444444443 0.025 0.03333333333333333
0 0.35 0.3333333333333333 0.025 0.03333333333333333
0 0.275 0.3333333333333333 0.025 0.03333333333333333
0 0.7375 0.4111111111111111 0.025 0.03333333333333333
0 0.6583333333333333 0.4111111111111111 0.025 0.03333333333333333
0 0.5791666666666667 0.4111111111111111 0.025 0.03333333333333333
0 0.5 0.4111111111111111 0.025 0.03333333333333333
0 0.42083333333333334 0.4111111111111111 0.025 0.03333333333333333
0 0.34270833333333334 0.4111111111111111 0.025 0.03333333333333333
0 0.2635416666666667 0.4111111111111111 0.025 0.03333333333333333
0 0.7520833333333333 0.49722222222222223 0.025 0.03333333333333333
0 0.6677083333333333 0.4986111111111111 0.025 0.03333333333333333
0 0.584375 0.4986111111111111 0.025 0.03333333333333333
0 0.5 0.4986111111111111 0.025 0.03333333333333333
0 0.4166666666666667 0.4986111111111111 0.025 0.03333333333333333
0 0.3333333333333333 0.4986111111111111 0.025 0.03333333333333333
0 0.25 0.4986111111111111 0.025 0.03333333333333333
0 0.7666666666666667 0.5958333333333333 0.025 0.03333333333333333
0 0.678125 0.5958333333333333 0.025 0.03333333333333333
0 0.5895833333333333 0.5958333333333333 0.025 0.03333333333333333
0 0.5010416666666667 0.5958333333333333 0.025 0.03333333333333333
0 0.4125 0.5958333333333333 0.025 0.03333333333333333
0 0.32395833333333335 0.5958333333333333 0.025 0.03333333333333333
0 0.23541666666666666 0.5958333333333333 0.025 0.03333333333333333
0 0.784375 0.7069444444444445 0.025 0.03333333333333333
0 0.6895833333333333 0.7069444444444445 0.025 0.03333333333333333
0 0.5958333333333333 0.7055555555555556 0.025 0.03333333333333333
0 0.5010416666666667 0.7055555555555556 0.025 0.03333333333333333
0 0.40729166666666666 0.7055555555555556 0.025 0.03333333333333333
0 0.3125 0.7055555555555556 0.025 0.03333333333333333
0 0.21875 0.7055555555555556 0.025 0.03333333333333333