0 0.271875 0.27175925925925926 0.035416666666666666 0.03518518518518519
0 0.2625 0.33240740740740743 0.035416666666666666 0.03518518518518519
0 0.2520833333333333 0.39675925925925926 0.035416666666666666 0.03518518518518519
0 0.24166666666666667 0.4675925925925926 0.035416666666666666 0.03518518518518519
0 0.23020833333333332 0.5449074074074074 0.035416666666666666 0.03518518518518519
0 0.21666666666666667 0.6282407407407408 0.035416666666666666 0.03518518518518519
0 0.203125 0.7199074074074074 0.035416666666666666 0.03518518518518519
0 0.35104166666666664 0.27175925925925926 0.035416666666666666 0.03518518518518519
0 0.34479166666666666 0.33240740740740743 0.035416666666666666 0.03518518518518519
0 0.3385416666666667 0.39675925925925926 0.035416666666666666 0.03518518518518519
0 0.33125 0.4675925925925926 0.035416666666666666 0.03518518518518519
0 0.3229166666666667 0.5449074074074074 0.035416666666666666 0.03518518518518519
0 0.3145833333333333 0.6282407407407408 0.035416666666666666 0.03518518518518519
0 0.30520833333333336 0.7199074074074074 0.035416666666666666 0.03518518518518519
0 0.43125 0.27175925925925926 0.035416666666666666 0.03518518518518519
0 0.428125 0.33240740740740743 0.035416666666666666 0.03518518518518519
0 0.425 0.39675925925925926 0.035416666666666666 0.03518518518518519
0 0.42083333333333334 0.4675925925925926 0.035416666666666666 0.03518518518518519
0 0.4166666666666667 0.5449074074074074 0.035416666666666666 0.03518518518518519
0 0.4125 0.6282407407407408 0.035416666666666666 0.03518518518518519
0 0.40729166666666666 0.7199074074074074 0.035416666666666666 0.03518518518518519
0 0.5104166666666666 0.27175925925925926 0.035416666666666666 0.03518518518518519
0 0.5104166666666666 0.33240740740740743 0.035416666666666666 0.03518518518518519
0 0.5104166666666666 0.39675925925925926 0.035416666666666666 0.03518518518518519
0 0.5104166666666666 0.4675925925925926 0.035416666666666666 0.03518518518518519
0 0.5104166666666666 0.5449074074074074 0.035416666666666666 0.03518518518518519
0 0.5104166666666666 0.6282407407407408 0.035416666666666666 0.03518518518518519
0 0.5104166666666666 0.7199074074074074 0.035416666666666666 0.03518518518518519
0 0.590625 0.27175925925925926 0.035416666666666666 0.03518518518518519
0 0.59375 0.33240740740740743 0.035416666666666666 0.03518518518518519
0 0.596875 0.39675925925925926 0.035416666666666666 0.03518518518518519
0 0.6 0.4675925925925926 0.035416666666666666 0.03518518518518519
0 0.6041666666666666 0.5449074074074074 0.035416666666666666 0.03518518518518519
0 0.6083333333333333 0.6282407407407408 0.035416666666666666 0.03518518518518519
0 0.6125 0.7199074074074074 0.035416666666666666 0.03518518518518519
0 0.6697916666666667 0.27175925925925926 0.035416666666666666 0.03518518518518519
0 0.6760416666666667 0.33240740740740743 0.035416666666666666 0.03518518518518519
0 0.6822916666666666 0.39675925925925926 0.035416666666666666 0.03518518518518519
0 0.6895833333333333 0.4675925925925926 0.035416666666666666 0.03518518518518519
0 0.6979166666666666 0.5449074074074074 0.035416666666666666 0.03518518518518519
0 0.70625 0.6282407407407408 0.035416666666666666 0.03518518518518519
0 0.7145833333333333 0.7199074074074074 0.035416666666666666 0.03518518518518519
0 0.75 0.27175925925925926 0.035416666666666666 0.03518518518518519
0 0.759375 0.33240740740740743 0.035416666666666666 0.03518518518518519
0 0.76875 0.39675925925925926 0.035416666666666666 0.03518518518518519
0 0.7791666666666667 0.4675925925925926 0.035416666666666666 0.03518518518518519
0 0.790625 0.5449074074074074 0.035416666666666666 0.03518518518518519
0 0.803125 0.6282407407407408 0.035416666666666666 0.03518518518518519
0 0.8177083333333334 0.7199074074074074 0.035416666666666666 0.03518518518518519