0 0.71875 0.32592592592592595 0.03125 0.03148148148148148
0 0.6520833333333333 0.325 0.03125 0.03148148148148148
0 0.5854166666666667 0.32314814814814813 0.03125 0.03148148148148148
0 0.51875 0.32175925925925924 0.03125 0.03148148148148148
0 0.4510416666666667 0.3199074074074074 0.03125 0.03148148148148148
0 0.384375 0.31851851851851853 0.03125 0.03148148148148148
0 0.3177083333333333 0.31666666666666665 0.03125 0.03148148148148148
0 0.7260416666666667 0.3814814814814815 0.03125 0.03148148148148148
0 0.65625 0.37916666666666665 0.03125 0.03148148148148148
0 0.5864583333333333 0.37824074074074077 0.03125 0.03148148148148148
0 0.5177083333333333 0.37592592592592594 0.03125 0.03148148148148148
0 0.4479166666666667 0.375 0.03125 0.03148148148148148
0 0.378125 0.3731481481481482 0.03125 0.03148148148148148
0 0.30833333333333335 0.37175925925925923 0.03125 0.03148148148148148
0 0.7333333333333333 0.44074074074074077 0.03125 0.03148148148148148
0 0.6614583333333334 0.43842592592592594 0.03125 0.03148148148148148
0 0.5885416666666666 0.43657407407407406 0.03125 0.03148148148148148
0 0.5166666666666667 0.4351851851851852 0.03125 0.03148148148148148
0 0.44375 0.43333333333333335 0.03125 0.03148148148148148
0 0.37083333333333335 0.4324074074074074 0.03125 0.03148148148148148
0 0.2989583333333333 0.4300925925925926 0.03125 0.03148148148148148
0 0.7416666666666667 0.5041666666666667 0.03125 0.03148148148148148
0 0.6666666666666666 0.5032407407407408 0.03125 0.03148148148148148
0 0.590625 0.5009259259259259 0.03125 0.03148148148148148
0 0.515625 0.49907407407407406 0.03125 0.03148148148148148
0 0.4395833333333333 0.4981481481481482 0.03125 0.03148148148148148
0 0.36354166666666665 0.49583333333333335 0.03125 0.03148148148148148
0 0.2875 0.4935185185185185 0.03125 0.03148148148148148
0 0.7510416666666667 0.575 0.03125 0.03148148148148148
0 0.671875 0.5731481481481482 0.03125 0.03148148148148148
0 0.5927083333333333 0.5708333333333333 0.03125 0.03148148148148148
0 0.5135416666666667 0.5699074074074074 0.03125 0.03148148148148148
0 0.434375 0.5675925925925925 0.03125 0.03148148148148148
0 0.35520833333333335 0.5657407407407408 0.03125 0.03148148148148148
0 0.2760416666666667 0.5634259259259259 0.03125 0.03148148148148148
0 0.7614583333333333 0.6518518518518519 0.03125 0.03148148148148148
0 0.678125 0.65 0.03125 0.03148148148148148
0 0.5958333333333333 0.6481481481481481 0.03125 0.03148148148148148
0 0.5125 0.6458333333333334 0.03125 0.03148148148148148
0 0.42916666666666664 0.6449074074074074 0.03125 0.03148148148148148
0 0.346875 0.6425925925925926 0.03125 0.03148148148148148
0 0.2635416666666667 0.6407407407407407 0.03125 0.03148148148148148
0 0.771875 0.736574074074074 0.03125 0.03148148148148148
0 0.6854166666666667 0.7342592592592593 0.03125 0.03148148148148148
0 0.5979166666666667 0.7324074074074074 0.03125 0.03148148148148148
0 0.5114583333333333 0.7314814814814815 0.03125 0.03148148148148148
0 0.4239583333333333 0.7291666666666666 0.03125 0.03148148148148148
0 0.33645833333333336 0.7268518518518519 0.03125 0.03148148148148148
0 0.24895833333333334 0.725 0.03125 0.03148148148148148