0 0.7145833333333333 0.2550925925925926 0.03333333333333333 0.03333333333333333
0 0.6322916666666667 0.2550925925925926 0.03333333333333333 0.03333333333333333
0 0.5520833333333334 0.2550925925925926 0.03333333333333333 0.03333333333333333
0 0.4739583333333333 0.2550925925925926 0.03333333333333333 0.03333333333333333
0 0.3958333333333333 0.2550925925925926 0.03333333333333333 0.03333333333333333
0 0.31875 0.2550925925925926 0.03333333333333333 0.03333333333333333
0 0.24270833333333333 0.2550925925925926 0.03333333333333333 0.03333333333333333
0 0.715625 0.32175925925925924 0.03333333333333333 0.03333333333333333
0 0.6322916666666667 0.32083333333333336 0.03333333333333333 0.03333333333333333
0 0.5489583333333333 0.32083333333333336 0.03333333333333333 0.03333333333333333
0 0.46770833333333334 0.32083333333333336 0.03333333333333333 0.03333333333333333
0 0.3875 0.3199074074074074 0.03333333333333333 0.03333333333333333
0 0.30833333333333335 0.3199074074074074 0.03333333333333333 0.03333333333333333
0 0.23020833333333332 0.31851851851851853 0.03333333333333333 0.03333333333333333
0 0.7177083333333333 0.3925925925925926 0.03333333333333333 0.03333333333333333
0 0.63125 0.39166666666666666 0.03333333333333333 0.03333333333333333
0 0.5458333333333333 0.3907407407407407 0.03333333333333333 0.03333333333333333
0 0.46145833333333336 0.38981481481481484 0.03333333333333333 0.03333333333333333
0 0.378125 0.38842592592592595 0.03333333333333333 0.03333333333333333
0 0.296875 0.3875 0.03333333333333333 0.03333333333333333
0 0.215625 0.3875 0.03333333333333333 0.03333333333333333
0 0.7197916666666667 0.4685185185185185 0.03333333333333333 0.03333333333333333
0 0.6302083333333334 0.4666666666666667 0.03333333333333333 0.03333333333333333
0 0.5416666666666666 0.46574074074074073 0.03333333333333333 0.03333333333333333
0 0.45416666666666666 0.4634259259259259 0.03333333333333333 0.03333333333333333
0 0.36875 0.4625 0.03333333333333333 0.03333333333333333
0 0.284375 0.4601851851851852 0.03333333333333333 0.03333333333333333
0 0.20104166666666667 0.45925925925925926 0.03333333333333333 0.03333333333333333
0 0.721875 0.55 0.03333333333333333 0.03333333333333333
0 0.6291666666666667 0.5481481481481482 0.03333333333333333 0.03333333333333333
0 0.5375 0.5458333333333333 0.03333333333333333 0.03333333333333333
0 0.446875 0.5435185185185185 0.03333333333333333 0.03333333333333333
0 0.35833333333333334 0.5407407407407407 0.03333333333333333 0.03333333333333333
0 0.2708333333333333 0.538425925925926 0.03333333333333333 0.03333333333333333
0 0.18541666666666667 0.5365740740740741 0.03333333333333333 0.03333333333333333
0 0.725 0.638425925925926 0.03333333333333333 0.03333333333333333
0 0.628125 0.6342592592592593 0.03333333333333333 0.03333333333333333
0 0.5333333333333333 0.6314814814814815 0.03333333333333333 0.03333333333333333
0 0.4395833333333333 0.6282407407407408 0.03333333333333333 0.03333333333333333
0 0.34791666666666665 0.6259259259259259 0.03333333333333333 0.03333333333333333
0 0.25729166666666664 0.6231481481481481 0.03333333333333333 0.03333333333333333
0 0.16875 0.6199074074074075 0.03333333333333333 0.03333333333333333
0 0.7270833333333333 0.7324074074074074 0.03333333333333333 0.03333333333333333
0 0.6270833333333333 0.7282407407407407 0.03333333333333333 0.03333333333333333
0 0.528125 0.7240740740740741 0.03333333333333333 0.03333333333333333
0 0.43125 0.7208333333333333 0.03333333333333333 0.03333333333333333
0 0.33541666666666664 0.7166666666666667 0.03333333333333333 0.03333333333333333
0 0.24166666666666667 0.7125 0.03333333333333333 0.03333333333333333
0 0.15 0.7083333333333334 0.03333333333333333 0.03333333333333333