0 0.6708333333333333 0.2351851851851852 0.03125 0.03148148148148148
0 0.5958333333333333 0.25 0.03125 0.03148148148148148
0 0.5197916666666667 0.26481481481481484 0.03125 0.03148148148148148
0 0.44166666666666665 0.2791666666666667 0.03125 0.03148148148148148
0 0.36354166666666665 0.2949074074074074 0.03125 0.03148148148148148
0 0.2833333333333333 0.3101851851851852 0.03125 0.03148148148148148
0 0.20208333333333334 0.32592592592592595 0.03125 0.03148148148148148
0 0.6947916666666667 0.30648148148148147 0.03125 0.03148148148148148
0 0.61875 0.32175925925925924 0.03125 0.03148148148148148
0 0.540625 0.3375 0.03125 0.03148148148148148
0 0.46145833333333336 0.3541666666666667 0.03125 0.03148148148148148
0 0.3802083333333333 0.3699074074074074 0.03125 0.03148148148148148
0 0.2989583333333333 0.38657407407407407 0.03125 0.03148148148148148
0 0.21458333333333332 0.40324074074074073 0.03125 0.03148148148148148
0 0.7208333333333333 0.3814814814814815 0.03125 0.03148148148148148
0 0.6416666666666667 0.39814814814814814 0.03125 0.03148148148148148
0 0.5625 0.4148148148148148 0.03125 0.03148148148148148
0 0.48125 0.4324074074074074 0.03125 0.03148148148148148
0 0.39895833333333336 0.44907407407407407 0.03125 0.03148148148148148
0 0.3145833333333333 0.4666666666666667 0.03125 0.03148148148148148
0 0.22916666666666666 0.4842592592592593 0.03125 0.03148148148148148
0 0.746875 0.4601851851851852 0.03125 0.03148148148148148
0 0.6666666666666666 0.47824074074074074 0.03125 0.03148148148148148
0 0.5854166666666667 0.49583333333333335 0.03125 0.03148148148148148
0 0.5020833333333333 0.513425925925926 0.03125 0.03148148148148148
0 0.41770833333333335 0.5324074074074074 0.03125 0.03148148148148148
0 0.33125 0.5509259259259259 0.03125 0.03148148148148148
0 0.24375 0.5708333333333333 0.03125 0.03148148148148148
0 0.775 0.5425925925925926 0.03125 0.03148148148148148
0 0.6927083333333334 0.5615740740740741 0.03125 0.03148148148148148
0 0.609375 0.5814814814814815 0.03125 0.03148148148148148
0 0.5239583333333333 0.6 0.03125 0.03148148148148148
0 0.4375 0.6199074074074075 0.03125 0.03148148148148148
0 0.35 0.6407407407407407 0.03125 0.03148148148148148
0 0.259375 0.6601851851851852 0.03125 0.03148148148148148
0 0.8041666666666667 0.6300925925925925 0.03125 0.03148148148148148
0 0.7197916666666667 0.65 0.03125 0.03148148148148148
0 0.634375 0.6708333333333333 0.03125 0.03148148148148148
0 0.5479166666666667 0.6916666666666667 0.03125 0.03148148148148148
0 0.459375 0.7125 0.03125 0.03148148148148148
0 0.36875 0.7342592592592593 0.03125 0.03148148148148148
0 0.2760416666666667 0.7564814814814815 0.03125 0.03148148148148148
0 0.8354166666666667 0.7217592592592592 0.03125 0.03148148148148148
0 0.7489583333333333 0.7435185185185185 0.03125 0.03148148148148148
0 0.6614583333333334 0.7657407407407407 0.03125 0.03148148148148148
0 0.571875 0.7875 0.03125 0.03148148148148148
0 0.48125 0.8101851851851852 0.03125 0.03148148148148148
0 0.3885416666666667 0.8333333333333334 0.03125 0.03148148148148148
0 0.29375 0.8574074074074074 0.03125 0.03148148148148148