0 0.7125 0.19166666666666668 0.035416666666666666 0.03518518518518519
0 0.634375 0.1925925925925926 0.035416666666666666 0.03518518518518519
0 0.55625 0.1935185185185185 0.035416666666666666 0.03518518518518519
0 0.478125 0.19490740740740742 0.035416666666666666 0.03518518518518519
0 0.4 0.19675925925925927 0.035416666666666666 0.03518518518518519
0 0.321875 0.19814814814814816 0.035416666666666666 0.03518518518518519
0 0.24270833333333333 0.19907407407407407 0.035416666666666666 0.03518518518518519
0 0.721875 0.24583333333333332 0.035416666666666666 0.03518518518518519
0 0.640625 0.24675925925925926 0.035416666666666666 0.03518518518518519
0 0.559375 0.24814814814814815 0.035416666666666666 0.03518518518518519
0 0.478125 0.25 0.035416666666666666 0.03518518518518519
0 0.396875 0.25092592592592594 0.035416666666666666 0.03518518518518519
0 0.3145833333333333 0.2518518518518518 0.035416666666666666 0.03518518518518519
0 0.23333333333333334 0.25416666666666665 0.035416666666666666 0.03518518518518519
0 0.7322916666666667 0.30416666666666664 0.035416666666666666 0.03518518518518519
0 0.6479166666666667 0.3050925925925926 0.035416666666666666 0.03518518518518519
0 0.5625 0.3074074074074074 0.035416666666666666 0.03518518518518519
0 0.478125 0.30833333333333335 0.035416666666666666 0.03518518518518519
0 0.3927083333333333 0.3101851851851852 0.035416666666666666 0.03518518518518519
0 0.3072916666666667 0.31157407407407406 0.035416666666666666 0.03518518518518519
0 0.221875 0.31342592592592594 0.035416666666666666 0.03518518518518519
0 0.74375 0.3675925925925926 0.035416666666666666 0.03518518518518519
0 0.6552083333333333 0.3699074074074074 0.035416666666666666 0.03518518518518519
0 0.5666666666666667 0.37083333333333335 0.035416666666666666 0.03518518518518519
0 0.47708333333333336 0.3731481481481482 0.035416666666666666 0.03518518518518519
0 0.3885416666666667 0.375 0.035416666666666666 0.03518518518518519
0 0.2989583333333333 0.37592592592592594 0.035416666666666666 0.03518518518518519
0 0.209375 0.37824074074074077 0.035416666666666666 0.03518518518518519
0 0.7552083333333334 0.43842592592592594 0.035416666666666666 0.03518518518518519
0 0.6625 0.4398148148148148 0.035416666666666666 0.03518518518518519
0 0.5697916666666667 0.44166666666666665 0.035416666666666666 0.03518518518518519
0 0.47708333333333336 0.44351851851851853 0.035416666666666666 0.03518518518518519
0 0.38333333333333336 0.4449074074074074 0.035416666666666666 0.03518518518518519
0 0.290625 0.44675925925925924 0.035416666666666666 0.03518518518518519
0 0.196875 0.44907407407407407 0.035416666666666666 0.03518518518518519
0 0.76875 0.5148148148148148 0.035416666666666666 0.03518518518518519
0 0.671875 0.5166666666666667 0.035416666666666666 0.03518518518518519
0 0.5739583333333333 0.5185185185185185 0.035416666666666666 0.03518518518518519
0 0.47604166666666664 0.5208333333333334 0.035416666666666666 0.03518518518518519
0 0.378125 0.5231481481481481 0.035416666666666666 0.03518518518518519
0 0.28020833333333334 0.525 0.035416666666666666 0.03518518518518519
0 0.18229166666666666 0.5268518518518519 0.035416666666666666 0.03518518518518519
0 0.7833333333333333 0.6 0.035416666666666666 0.03518518518518519
0 0.68125 0.6018518518518519 0.035416666666666666 0.03518518518518519
0 0.578125 0.6041666666666666 0.035416666666666666 0.03518518518518519
0 0.47604166666666664 0.6064814814814815 0.035416666666666666 0.03518518518518519
0 0.3729166666666667 0.6083333333333333 0.035416666666666666 0.03518518518518519
0 0.26979166666666665 0.611574074074074 0.035416666666666666 0.03518518518518519
0 0.165625 0.6134259259259259 0.035416666666666666 0.03518518518518519