0 0.33125 0.22962962962962963 0.0125 0.022222222222222223
0 0.32708333333333334 0.2833333333333333 0.0125 0.022222222222222223
0 0.3229166666666667 0.3425925925925926 0.0125 0.022222222222222223
0 0.31875 0.40370370370370373 0.0125 0.022222222222222223
0 0.31354166666666666 0.4722222222222222 0.0125 0.022222222222222223
0 0.30833333333333335 0.5444444444444444 0.0125 0.022222222222222223
0 0.3020833333333333 0.6259259259259259 0.0125 0.022222222222222223
0 0.37604166666666666 0.22962962962962963 0.0125 0.022222222222222223
0 0.37395833333333334 0.2833333333333333 0.0125 0.022222222222222223
0 0.371875 0.34074074074074073 0.0125 0.022222222222222223
0 0.36875 0.40185185185185185 0.0125 0.022222222222222223
0 0.36666666666666664 0.4703703703703704 0.0125 0.022222222222222223
0 0.36354166666666665 0.5425925925925926 0.0125 0.022222222222222223
0 0.359375 0.6222222222222222 0.0125 0.022222222222222223
0 0.42083333333333334 0.22962962962962963 0.0125 0.022222222222222223
0 0.42083333333333334 0.2814814814814815 0.0125 0.022222222222222223
0 0.4197916666666667 0.3388888888888889 0.0125 0.022222222222222223
0 0.41875 0.40185185185185185 0.0125 0.022222222222222223
0 0.41875 0.4685185185185185 0.0125 0.022222222222222223
0 0.41770833333333335 0.5407407407407407 0.0125 0.022222222222222223
0 0.4166666666666667 0.6203703703703703 0.0125 0.022222222222222223
0 0.465625 0.22777777777777777 0.0125 0.022222222222222223
0 0.4666666666666667 0.2814814814814815 0.0125 0.022222222222222223
0 0.46770833333333334 0.3388888888888889 0.0125 0.022222222222222223
0 0.46875 0.4 0.0125 0.022222222222222223
0 0.46979166666666666 0.4666666666666667 0.0125 0.022222222222222223
0 0.471875 0.5388888888888889 0.0125 0.022222222222222223
0 0.47291666666666665 0.6185185185185185 0.0125 0.022222222222222223
0 0.509375 0.22777777777777777 0.0125 0.022222222222222223
0 0.5125 0.2814814814814815 0.0125 0.022222222222222223
0 0.515625 0.337037037037037 0.0125 0.022222222222222223
0 0.51875 0.39814814814814814 0.0125 0.022222222222222223
0 0.521875 0.4648148148148148 0.0125 0.022222222222222223
0 0.525 0.5370370370370371 0.0125 0.022222222222222223
0 0.5291666666666667 0.6148148148148148 0.0125 0.022222222222222223
0 0.553125 0.22777777777777777 0.0125 0.022222222222222223
0 0.5572916666666666 0.2796296296296296 0.0125 0.022222222222222223
0 0.5625 0.337037037037037 0.0125 0.022222222222222223
0 0.5666666666666667 0.39814814814814814 0.0125 0.022222222222222223
0 0.5729166666666666 0.46296296296296297 0.0125 0.022222222222222223
0 0.578125 0.5351851851851852 0.0125 0.022222222222222223
0 0.584375 0.6129629629629629 0.0125 0.022222222222222223
0 0.596875 0.22592592592592592 0.0125 0.022222222222222223
0 0.603125 0.2796296296296296 0.0125 0.022222222222222223
0 0.609375 0.3351851851851852 0.0125 0.022222222222222223
0 0.615625 0.3962962962962963 0.0125 0.022222222222222223
0 0.6229166666666667 0.46111111111111114 0.0125 0.022222222222222223
0 0.6302083333333334 0.5333333333333333 0.0125 0.022222222222222223
0 0.6395833333333333 0.6092592592592593 0.0125 0.022222222222222223