0 0.29583333333333334 0.6444444444444445 0.020833333333333332 0.027777777777777776
0 0.371875 0.6430555555555556 0.020833333333333332 0.027777777777777776
0 0.4479166666666667 0.6430555555555556 0.020833333333333332 0.027777777777777776
0 0.525 0.6416666666666667 0.020833333333333332 0.027777777777777776
0 0.6041666666666666 0.6416666666666667 0.020833333333333332 0.027777777777777776
0 0.6833333333333333 0.6402777777777777 0.020833333333333332 0.027777777777777776
0 0.7635416666666667 0.6402777777777777 0.020833333333333332 0.027777777777777776
0 0.30625 0.5555555555555556 0.020833333333333332 0.027777777777777776
0 0.378125 0.5555555555555556 0.020833333333333332 0.027777777777777776
0 0.4510416666666667 0.5541666666666667 0.020833333333333332 0.027777777777777776
0 0.525 0.5527777777777778 0.020833333333333332 0.027777777777777776
0 0.6 0.5513888888888889 0.020833333333333332 0.027777777777777776
0 0.675 0.55 0.020833333333333332 0.027777777777777776
0 0.7520833333333333 0.5486111111111112 0.020833333333333332 0.027777777777777776
0 0.315625 0.47638888888888886 0.020833333333333332 0.027777777777777776
0 0.384375 0.475 0.020833333333333332 0.027777777777777776
0 0.45416666666666666 0.4736111111111111 0.020833333333333332 0.027777777777777776
0 0.525 0.4708333333333333 0.020833333333333332 0.027777777777777776
0 0.5958333333333333 0.46944444444444444 0.020833333333333332 0.027777777777777776
0 0.6677083333333333 0.46805555555555556 0.020833333333333332 0.027777777777777776
0 0.740625 0.4666666666666667 0.020833333333333332 0.027777777777777776
0 0.32395833333333335 0.4027777777777778 0.020833333333333332 0.027777777777777776
0 0.390625 0.4013888888888889 0.020833333333333332 0.027777777777777776
0 0.45729166666666665 0.39861111111111114 0.020833333333333332 0.027777777777777776
0 0.5239583333333333 0.3972222222222222 0.020833333333333332 0.027777777777777776
0 0.5927083333333333 0.3958333333333333 0.020833333333333332 0.027777777777777776
0 0.6614583333333334 0.39305555555555555 0.020833333333333332 0.027777777777777776
0 0.73125 0.39166666666666666 0.020833333333333332 0.027777777777777776
0 0.33229166666666665 0.33611111111111114 0.020833333333333332 0.027777777777777776
0 0.3958333333333333 0.3333333333333333 0.020833333333333332 0.027777777777777776
0 0.459375 0.33194444444444443 0.020833333333333332 0.027777777777777776
0 0.5239583333333333 0.32916666666666666 0.020833333333333332 0.027777777777777776
0 0.5895833333333333 0.3263888888888889 0.020833333333333332 0.027777777777777776
0 0.6552083333333333 0.325 0.020833333333333332 0.027777777777777776
0 0.721875 0.32222222222222224 0.020833333333333332 0.027777777777777776
0 0.33958333333333335 0.27361111111111114 0.020833333333333332 0.027777777777777776
0 0.4 0.2708333333333333 0.020833333333333332 0.027777777777777776
0 0.46145833333333336 0.26944444444444443 0.020833333333333332 0.027777777777777776
0 0.5239583333333333 0.26666666666666666 0.020833333333333332 0.027777777777777776
0 0.5864583333333333 0.2638888888888889 0.020833333333333332 0.027777777777777776
0 0.65 0.2611111111111111 0.020833333333333332 0.027777777777777776
0 0.7135416666666666 0.25972222222222224 0.020833333333333332 0.027777777777777776
0 0.3458333333333333 0.21666666666666667 0.020833333333333332 0.027777777777777776
0 0.40520833333333334 0.21388888888888888 0.020833333333333332 0.027777777777777776
0 0.4635416666666667 0.2111111111111111 0.020833333333333332 0.027777777777777776
0 0.5239583333333333 0.20833333333333334 0.020833333333333332 0.027777777777777776
0 0.584375 0.20555555555555555 0.020833333333333332 0.027777777777777776
0 0.6447916666666667 0.20277777777777778 0.020833333333333332 0.027777777777777776
0 0.70625 0.2 0.020833333333333332 0.027777777777777776