0 0.23333333333333334 0.6625 0.03333333333333333 0.03333333333333333
0 0.33229166666666665 0.6625 0.03333333333333333 0.03333333333333333
0 0.43125 0.6625 0.03333333333333333 0.03333333333333333
0 0.5291666666666667 0.663425925925926 0.03333333333333333 0.03333333333333333
0 0.6270833333333333 0.663425925925926 0.03333333333333333 0.03333333333333333
0 0.7239583333333334 0.6648148148148149 0.03333333333333333 0.03333333333333333
0 0.8208333333333333 0.6648148148148149 0.03333333333333333 0.03333333333333333
0 0.24166666666666667 0.5699074074074074 0.03333333333333333 0.03333333333333333
0 0.3385416666666667 0.5708333333333333 0.03333333333333333 0.03333333333333333
0 0.43333333333333335 0.5717592592592593 0.03333333333333333 0.03333333333333333
0 0.5291666666666667 0.5717592592592593 0.03333333333333333 0.03333333333333333
0 0.6229166666666667 0.5731481481481482 0.03333333333333333 0.03333333333333333
0 0.7177083333333333 0.5740740740740741 0.03333333333333333 0.03333333333333333
0 0.8114583333333333 0.5740740740740741 0.03333333333333333 0.03333333333333333
0 0.25 0.4842592592592593 0.03333333333333333 0.03333333333333333
0 0.34375 0.48518518518518516 0.03333333333333333 0.03333333333333333
0 0.43645833333333334 0.48657407407407405 0.03333333333333333 0.03333333333333333
0 0.528125 0.48657407407407405 0.03333333333333333 0.03333333333333333
0 0.6197916666666666 0.4875 0.03333333333333333 0.03333333333333333
0 0.7114583333333333 0.48842592592592593 0.03333333333333333 0.03333333333333333
0 0.8020833333333334 0.4898148148148148 0.03333333333333333 0.03333333333333333
0 0.25833333333333336 0.40324074074074073 0.03333333333333333 0.03333333333333333
0 0.34791666666666665 0.4041666666666667 0.03333333333333333 0.03333333333333333
0 0.43854166666666666 0.4050925925925926 0.03333333333333333 0.03333333333333333
0 0.5270833333333333 0.4064814814814815 0.03333333333333333 0.03333333333333333
0 0.6166666666666667 0.4074074074074074 0.03333333333333333 0.03333333333333333
0 0.7052083333333333 0.4083333333333333 0.03333333333333333 0.03333333333333333
0 0.79375 0.40925925925925927 0.03333333333333333 0.03333333333333333
0 0.265625 0.32685185185185184 0.03333333333333333 0.03333333333333333
0 0.353125 0.3282407407407407 0.03333333333333333 0.03333333333333333
0 0.440625 0.32916666666666666 0.03333333333333333 0.03333333333333333
0 0.5270833333333333 0.3300925925925926 0.03333333333333333 0.03333333333333333
0 0.6135416666666667 0.3314814814814815 0.03333333333333333 0.03333333333333333
0 0.7 0.33240740740740743 0.03333333333333333 0.03333333333333333
0 0.7854166666666667 0.3333333333333333 0.03333333333333333 0.03333333333333333
0 0.271875 0.2550925925925926 0.03333333333333333 0.03333333333333333
0 0.3572916666666667 0.2564814814814815 0.03333333333333333 0.03333333333333333
0 0.44166666666666665 0.2574074074074074 0.03333333333333333 0.03333333333333333
0 0.5260416666666666 0.25833333333333336 0.03333333333333333 0.03333333333333333
0 0.6104166666666667 0.2601851851851852 0.03333333333333333 0.03333333333333333
0 0.6947916666666667 0.26157407407407407 0.03333333333333333 0.03333333333333333
0 0.778125 0.2625 0.03333333333333333 0.03333333333333333
0 0.278125 0.1875 0.03333333333333333 0.03333333333333333
0 0.3614583333333333 0.1884259259259259 0.03333333333333333 0.03333333333333333
0 0.44375 0.18981481481481483 0.03333333333333333 0.03333333333333333
0 0.5260416666666666 0.19074074074074074 0.03333333333333333 0.03333333333333333
0 0.6083333333333333 0.1925925925925926 0.03333333333333333 0.03333333333333333
0 0.6895833333333333 0.1935185185185185 0.03333333333333333 0.03333333333333333
0 0.7708333333333334 0.19490740740740742 0.03333333333333333 0.03333333333333333