0 0.271875 0.22824074074074074 0.03333333333333333 0.03333333333333333
0 0.3458333333333333 0.22916666666666666 0.03333333333333333 0.03333333333333333
0 0.4197916666666667 0.23148148148148148 0.03333333333333333 0.03333333333333333
0 0.49270833333333336 0.2324074074074074 0.03333333333333333 0.03333333333333333
0 0.565625 0.23425925925925925 0.03333333333333333 0.03333333333333333
0 0.6385416666666667 0.2351851851851852 0.03333333333333333 0.03333333333333333
0 0.7114583333333333 0.23657407407407408 0.03333333333333333 0.03333333333333333
0 0.2635416666666667 0.2800925925925926 0.03333333333333333 0.03333333333333333
0 0.33958333333333335 0.2814814814814815 0.03333333333333333 0.03333333333333333
0 0.4166666666666667 0.2824074074074074 0.03333333333333333 0.03333333333333333
0 0.49270833333333336 0.28425925925925927 0.03333333333333333 0.03333333333333333
0 0.56875 0.2851851851851852 0.03333333333333333 0.03333333333333333
0 0.64375 0.2865740740740741 0.03333333333333333 0.03333333333333333
0 0.7197916666666667 0.2884259259259259 0.03333333333333333 0.03333333333333333
0 0.253125 0.3351851851851852 0.03333333333333333 0.03333333333333333
0 0.3333333333333333 0.3375 0.03333333333333333 0.03333333333333333
0 0.4125 0.3384259259259259 0.03333333333333333 0.03333333333333333
0 0.49166666666666664 0.3398148148148148 0.03333333333333333 0.03333333333333333
0 0.5708333333333333 0.3416666666666667 0.03333333333333333 0.03333333333333333
0 0.65 0.3425925925925926 0.03333333333333333 0.03333333333333333
0 0.728125 0.3435185185185185 0.03333333333333333 0.03333333333333333
0 0.24270833333333333 0.39675925925925926 0.03333333333333333 0.03333333333333333
0 0.3260416666666667 0.39814814814814814 0.03333333333333333 0.03333333333333333
0 0.409375 0.4 0.03333333333333333 0.03333333333333333
0 0.49166666666666664 0.4009259259259259 0.03333333333333333 0.03333333333333333
0 0.5739583333333333 0.40185185185185185 0.03333333333333333 0.03333333333333333
0 0.65625 0.40324074074074073 0.03333333333333333 0.03333333333333333
0 0.7385416666666667 0.4050925925925926 0.03333333333333333 0.03333333333333333
0 0.23020833333333332 0.4634259259259259 0.03333333333333333 0.03333333333333333
0 0.3177083333333333 0.4648148148148148 0.03333333333333333 0.03333333333333333
0 0.40520833333333334 0.46574074074074073 0.03333333333333333 0.03333333333333333
0 0.49166666666666664 0.4666666666666667 0.03333333333333333 0.03333333333333333
0 0.5770833333333333 0.4685185185185185 0.03333333333333333 0.03333333333333333
0 0.6635416666666667 0.4699074074074074 0.03333333333333333 0.03333333333333333
0 0.7489583333333333 0.4708333333333333 0.03333333333333333 0.03333333333333333
0 0.21770833333333334 0.5365740740740741 0.03333333333333333 0.03333333333333333
0 0.309375 0.5375 0.03333333333333333 0.03333333333333333
0 0.4 0.538425925925926 0.03333333333333333 0.03333333333333333
0 0.490625 0.5398148148148149 0.03333333333333333 0.03333333333333333
0 0.58125 0.5407407407407407 0.03333333333333333 0.03333333333333333
0 0.6708333333333333 0.5416666666666666 0.03333333333333333 0.03333333333333333
0 0.7604166666666666 0.5435185185185185 0.03333333333333333 0.03333333333333333
0 0.20416666666666666 0.6166666666666667 0.03333333333333333 0.03333333333333333
0 0.3 0.6175925925925926 0.03333333333333333 0.03333333333333333
0 0.39479166666666665 0.6185185185185185 0.03333333333333333 0.03333333333333333
0 0.490625 0.6199074074074075 0.03333333333333333 0.03333333333333333
0 0.5854166666666667 0.6208333333333333 0.03333333333333333 0.03333333333333333
0 0.6791666666666667 0.6217592592592592 0.03333333333333333 0.03333333333333333
0 0.7739583333333333 0.6231481481481481 0.03333333333333333 0.03333333333333333