0 0.215625 0.7282407407407407 0.03125 0.03148148148148148
0 0.303125 0.7291666666666666 0.03125 0.03148148148148148
0 0.390625 0.7291666666666666 0.03125 0.03148148148148148
0 0.478125 0.7300925925925926 0.03125 0.03148148148148148
0 0.565625 0.7300925925925926 0.03125 0.03148148148148148
0 0.6520833333333333 0.7314814814814815 0.03125 0.03148148148148148
0 0.7395833333333334 0.7314814814814815 0.03125 0.03148148148148148
0 0.22916666666666666 0.6416666666666667 0.03125 0.03148148148148148
0 0.3125 0.6425925925925926 0.03125 0.03148148148148148
0 0.3958333333333333 0.6425925925925926 0.03125 0.03148148148148148
0 0.4791666666666667 0.6435185185185185 0.03125 0.03148148148148148
0 0.5625 0.6435185185185185 0.03125 0.03148148148148148
0 0.6458333333333334 0.6449074074074074 0.03125 0.03148148148148148
0 0.7291666666666666 0.6449074074074074 0.03125 0.03148148148148148
0 0.240625 0.5634259259259259 0.03125 0.03148148148148148
0 0.32083333333333336 0.5634259259259259 0.03125 0.03148148148148148
0 0.4010416666666667 0.5648148148148148 0.03125 0.03148148148148148
0 0.48020833333333335 0.5648148148148148 0.03125 0.03148148148148148
0 0.5604166666666667 0.5657407407407408 0.03125 0.03148148148148148
0 0.640625 0.5657407407407408 0.03125 0.03148148148148148
0 0.7197916666666667 0.5666666666666667 0.03125 0.03148148148148148
0 0.2520833333333333 0.49074074074074076 0.03125 0.03148148148148148
0 0.328125 0.49166666666666664 0.03125 0.03148148148148148
0 0.40520833333333334 0.49166666666666664 0.03125 0.03148148148148148
0 0.48125 0.4925925925925926 0.03125 0.03148148148148148
0 0.5583333333333333 0.4925925925925926 0.03125 0.03148148148148148
0 0.634375 0.4935185185185185 0.03125 0.03148148148148148
0 0.7114583333333333 0.4935185185185185 0.03125 0.03148148148148148
0 0.26145833333333335 0.42407407407407405 0.03125 0.03148148148148148
0 0.33541666666666664 0.425 0.03125 0.03148148148148148
0 0.409375 0.425 0.03125 0.03148148148148148
0 0.4822916666666667 0.42592592592592593 0.03125 0.03148148148148148
0 0.55625 0.42592592592592593 0.03125 0.03148148148148148
0 0.6302083333333334 0.42685185185185187 0.03125 0.03148148148148148
0 0.703125 0.42685185185185187 0.03125 0.03148148148148148
0 0.2708333333333333 0.3625 0.03125 0.03148148148148148
0 0.3416666666666667 0.3625 0.03125 0.03148148148148148
0 0.4125 0.36342592592592593 0.03125 0.03148148148148148
0 0.48333333333333334 0.36342592592592593 0.03125 0.03148148148148148
0 0.5541666666666667 0.3648148148148148 0.03125 0.03148148148148148
0 0.625 0.3648148148148148 0.03125 0.03148148148148148
0 0.6958333333333333 0.36574074074074076 0.03125 0.03148148148148148
0 0.2791666666666667 0.3050925925925926 0.03125 0.03148148148148148
0 0.34791666666666665 0.3050925925925926 0.03125 0.03148148148148148
0 0.4166666666666667 0.30648148148148147 0.03125 0.03148148148148148
0 0.484375 0.30648148148148147 0.03125 0.03148148148148148
0 0.553125 0.3074074074074074 0.03125 0.03148148148148148
0 0.6208333333333333 0.3074074074074074 0.03125 0.03148148148148148
0 0.6895833333333333 0.30833333333333335 0.03125 0.03148148148148148