0 0.234375 0.6583333333333333 0.03333333333333333 0.03333333333333333
0 0.3333333333333333 0.6592592592592592 0.03333333333333333 0.03333333333333333
0 0.43125 0.6601851851851852 0.03333333333333333 0.03333333333333333
0 0.528125 0.6615740740740741 0.03333333333333333 0.03333333333333333
0 0.6260416666666667 0.6625 0.03333333333333333 0.03333333333333333
0 0.7229166666666667 0.6625 0.03333333333333333 0.03333333333333333
0 0.8197916666666667 0.663425925925926 0.03333333333333333 0.03333333333333333
0 0.24479166666666666 0.5675925925925925 0.03333333333333333 0.03333333333333333
0 0.33958333333333335 0.5685185185185185 0.03333333333333333 0.03333333333333333
0 0.434375 0.5699074074074074 0.03333333333333333 0.03333333333333333
0 0.5291666666666667 0.5699074074074074 0.03333333333333333 0.03333333333333333
0 0.6239583333333333 0.5708333333333333 0.03333333333333333 0.03333333333333333
0 0.7177083333333333 0.5717592592592593 0.03333333333333333 0.03333333333333333
0 0.8104166666666667 0.5731481481481482 0.03333333333333333 0.03333333333333333
0 0.25416666666666665 0.48148148148148145 0.03333333333333333 0.03333333333333333
0 0.346875 0.48333333333333334 0.03333333333333333 0.03333333333333333
0 0.43854166666666666 0.4842592592592593 0.03333333333333333 0.03333333333333333
0 0.5302083333333333 0.48518518518518516 0.03333333333333333 0.03333333333333333
0 0.6208333333333333 0.48657407407407405 0.03333333333333333 0.03333333333333333
0 0.7125 0.4875 0.03333333333333333 0.03333333333333333
0 0.803125 0.48842592592592593 0.03333333333333333 0.03333333333333333
0 0.2635416666666667 0.4009259259259259 0.03333333333333333 0.03333333333333333
0 0.353125 0.40324074074074073 0.03333333333333333 0.03333333333333333
0 0.44166666666666665 0.4041666666666667 0.03333333333333333 0.03333333333333333
0 0.5302083333333333 0.4050925925925926 0.03333333333333333 0.03333333333333333
0 0.61875 0.4064814814814815 0.03333333333333333 0.03333333333333333
0 0.7072916666666667 0.4074074074074074 0.03333333333333333 0.03333333333333333
0 0.7947916666666667 0.4083333333333333 0.03333333333333333 0.03333333333333333
0 0.271875 0.32592592592592595 0.03333333333333333 0.03333333333333333
0 0.35833333333333334 0.32685185185185184 0.03333333333333333 0.03333333333333333
0 0.44479166666666664 0.3282407407407407 0.03333333333333333 0.03333333333333333
0 0.53125 0.3300925925925926 0.03333333333333333 0.03333333333333333
0 0.6166666666666667 0.3314814814814815 0.03333333333333333 0.03333333333333333
0 0.7020833333333333 0.33240740740740743 0.03333333333333333 0.03333333333333333
0 0.7875 0.3333333333333333 0.03333333333333333 0.03333333333333333
0 0.28020833333333334 0.2550925925925926 0.03333333333333333 0.03333333333333333
0 0.3645833333333333 0.2564814814814815 0.03333333333333333 0.03333333333333333
0 0.4479166666666667 0.2574074074074074 0.03333333333333333 0.03333333333333333
0 0.53125 0.25925925925925924 0.03333333333333333 0.03333333333333333
0 0.6145833333333334 0.2601851851851852 0.03333333333333333 0.03333333333333333
0 0.6979166666666666 0.26157407407407407 0.03333333333333333 0.03333333333333333
0 0.7802083333333333 0.2625 0.03333333333333333 0.03333333333333333
0 0.2875 0.1875 0.03333333333333333 0.03333333333333333
0 0.3697916666666667 0.18981481481481483 0.03333333333333333 0.03333333333333333
0 0.4510416666666667 0.19074074074074074 0.03333333333333333 0.03333333333333333
0 0.5322916666666667 0.19166666666666668 0.03333333333333333 0.03333333333333333
0 0.6125 0.1935185185185185 0.03333333333333333 0.03333333333333333
0 0.69375 0.19490740740740742 0.03333333333333333 0.03333333333333333
0 0.7739583333333333 0.19583333333333333 0.03333333333333333 0.03333333333333333