0 0.7041666666666667 0.18888888888888888 0.025 0.03333333333333333
0 0.6385416666666667 0.19027777777777777 0.025 0.03333333333333333
0 0.571875 0.19166666666666668 0.025 0.03333333333333333
0 0.5052083333333334 0.19305555555555556 0.025 0.03333333333333333
0 0.43854166666666666 0.19444444444444445 0.025 0.03333333333333333
0 0.371875 0.19722222222222222 0.025 0.03333333333333333
0 0.30520833333333336 0.1986111111111111 0.025 0.03333333333333333
0 0.715625 0.2513888888888889 0.025 0.03333333333333333
0 0.6458333333333334 0.25277777777777777 0.025 0.03333333333333333
0 0.5770833333333333 0.25555555555555554 0.025 0.03333333333333333
0 0.5072916666666667 0.2569444444444444 0.025 0.03333333333333333
0 0.4375 0.25833333333333336 0.025 0.03333333333333333
0 0.36770833333333336 0.25972222222222224 0.025 0.03333333333333333
0 0.29791666666666666 0.2611111111111111 0.025 0.03333333333333333
0 0.728125 0.32083333333333336 0.025 0.03333333333333333
0 0.6552083333333333 0.32222222222222224 0.025 0.03333333333333333
0 0.5822916666666667 0.3236111111111111 0.025 0.03333333333333333
0 0.509375 0.3263888888888889 0.025 0.03333333333333333
0 0.43645833333333334 0.3277777777777778 0.025 0.03333333333333333
0 0.3625 0.32916666666666666 0.025 0.03333333333333333
0 0.28958333333333336 0.33194444444444443 0.025 0.03333333333333333
0 0.7416666666666667 0.3972222222222222 0.025 0.03333333333333333
0 0.6645833333333333 0.39861111111111114 0.025 0.03333333333333333
0 0.5885416666666666 0.4 0.025 0.03333333333333333
0 0.5114583333333333 0.4027777777777778 0.025 0.03333333333333333
0 0.434375 0.4041666666666667 0.025 0.03333333333333333
0 0.3572916666666667 0.40694444444444444 0.025 0.03333333333333333
0 0.28020833333333334 0.4083333333333333 0.025 0.03333333333333333
0 0.75625 0.48055555555555557 0.025 0.03333333333333333
0 0.6760416666666667 0.48333333333333334 0.025 0.03333333333333333
0 0.5947916666666667 0.4861111111111111 0.025 0.03333333333333333
0 0.5135416666666667 0.4875 0.025 0.03333333333333333
0 0.4322916666666667 0.49027777777777776 0.025 0.03333333333333333
0 0.35104166666666664 0.49166666666666664 0.025 0.03333333333333333
0 0.26979166666666665 0.49444444444444446 0.025 0.03333333333333333
0 0.7739583333333333 0.575 0.025 0.03333333333333333
0 0.6885416666666667 0.5777777777777777 0.025 0.03333333333333333
0 0.6020833333333333 0.5805555555555556 0.025 0.03333333333333333
0 0.5166666666666667 0.5833333333333334 0.025 0.03333333333333333
0 0.43125 0.5847222222222223 0.025 0.03333333333333333
0 0.34479166666666666 0.5875 0.025 0.03333333333333333
0 0.25833333333333336 0.5902777777777778 0.025 0.03333333333333333
0 0.7927083333333333 0.6819444444444445 0.025 0.03333333333333333
0 0.7020833333333333 0.6847222222222222 0.025 0.03333333333333333
0 0.6104166666666667 0.6875 0.025 0.03333333333333333
0 0.5197916666666667 0.6888888888888889 0.025 0.03333333333333333
0 0.428125 0.6916666666666667 0.025 0.03333333333333333
0 0.3375 0.6944444444444444 0.025 0.03333333333333333
0 0.24583333333333332 0.6972222222222222 0.025 0.03333333333333333