0 0.7322916666666667 0.1449074074074074 0.020833333333333332 0.03518518518518519
0 0.659375 0.14675925925925926 0.020833333333333332 0.03518518518518519
0 0.5875 0.14675925925925926 0.020833333333333332 0.03518518518518519
0 0.5145833333333333 0.14675925925925926 0.020833333333333332 0.03518518518518519
0 0.44375 0.1486111111111111 0.020833333333333332 0.03518518518518519
0 0.371875 0.1486111111111111 0.020833333333333332 0.03518518518518519
0 0.30104166666666665 0.1486111111111111 0.020833333333333332 0.03518518518518519
0 0.740625 0.22546296296296298 0.020833333333333332 0.03518518518518519
0 0.6645833333333333 0.22546296296296298 0.020833333333333332 0.03518518518518519
0 0.5895833333333333 0.2273148148148148 0.020833333333333332 0.03518518518518519
0 0.5145833333333333 0.2273148148148148 0.020833333333333332 0.03518518518518519
0 0.440625 0.2273148148148148 0.020833333333333332 0.03518518518518519
0 0.365625 0.2273148148148148 0.020833333333333332 0.03518518518518519
0 0.2916666666666667 0.22916666666666666 0.020833333333333332 0.03518518518518519
0 0.75 0.31296296296296294 0.020833333333333332 0.03518518518518519
0 0.6708333333333333 0.31296296296296294 0.020833333333333332 0.03518518518518519
0 0.5927083333333333 0.31296296296296294 0.020833333333333332 0.03518518518518519
0 0.5145833333333333 0.31296296296296294 0.020833333333333332 0.03518518518518519
0 0.43645833333333334 0.31296296296296294 0.020833333333333332 0.03518518518518519
0 0.359375 0.31296296296296294 0.020833333333333332 0.03518518518518519
0 0.28229166666666666 0.3148148148148148 0.020833333333333332 0.03518518518518519
0 0.759375 0.40555555555555556 0.020833333333333332 0.03518518518518519
0 0.6770833333333334 0.40555555555555556 0.020833333333333332 0.03518518518518519
0 0.5958333333333333 0.40555555555555556 0.020833333333333332 0.03518518518518519
0 0.5145833333333333 0.40555555555555556 0.020833333333333332 0.03518518518518519
0 0.43333333333333335 0.4074074074074074 0.020833333333333332 0.03518518518518519
0 0.353125 0.4074074074074074 0.020833333333333332 0.03518518518518519
0 0.271875 0.4074074074074074 0.020833333333333332 0.03518518518518519
0 0.7708333333333334 0.5087962962962963 0.020833333333333332 0.03518518518518519
0 0.684375 0.5087962962962963 0.020833333333333332 0.03518518518518519
0 0.5989583333333334 0.5087962962962963 0.020833333333333332 0.03518518518518519
0 0.5145833333333333 0.5087962962962963 0.020833333333333332 0.03518518518518519
0 0.42916666666666664 0.5087962962962963 0.020833333333333332 0.03518518518518519
0 0.34479166666666666 0.5087962962962963 0.020833333333333332 0.03518518518518519
0 0.26145833333333335 0.5087962962962963 0.020833333333333332 0.03518518518518519
0 0.7822916666666667 0.6208333333333333 0.020833333333333332 0.03518518518518519
0 0.6927083333333334 0.6208333333333333 0.020833333333333332 0.03518518518518519
0 0.603125 0.6208333333333333 0.020833333333333332 0.03518518518518519
0 0.5135416666666667 0.6189814814814815 0.020833333333333332 0.03518518518518519
0 0.425 0.6189814814814815 0.020833333333333332 0.03518518518518519
0 0.33645833333333336 0.6189814814814815 0.020833333333333332 0.03518518518518519
0 0.24895833333333334 0.6189814814814815 0.020833333333333332 0.03518518518518519
0 0.7958333333333333 0.7449074074074075 0.020833333333333332 0.03518518518518519
0 0.7010416666666667 0.7430555555555556 0.020833333333333332 0.03518518518518519
0 0.6072916666666667 0.7430555555555556 0.020833333333333332 0.03518518518518519
0 0.5135416666666667 0.7430555555555556 0.020833333333333332 0.03518518518518519
0 0.42083333333333334 0.7412037037037037 0.020833333333333332 0.03518518518518519
0 0.328125 0.7412037037037037 0.020833333333333332 0.03518518518518519
0 0.23541666666666666 0.7393518518518518 0.020833333333333332 0.03518518518518519