0 0.675 0.18888888888888888 0.025 0.03333333333333333
0 0.609375 0.19166666666666668 0.025 0.03333333333333333
0 0.5427083333333333 0.19305555555555556 0.025 0.03333333333333333
0 0.475 0.19583333333333333 0.025 0.03333333333333333
0 0.40729166666666666 0.19722222222222222 0.025 0.03333333333333333
0 0.3385416666666667 0.2 0.025 0.03333333333333333
0 0.26875 0.2013888888888889 0.025 0.03333333333333333
0 0.6875 0.25277777777777777 0.025 0.03333333333333333
0 0.61875 0.25416666666666665 0.025 0.03333333333333333
0 0.5489583333333333 0.2569444444444444 0.025 0.03333333333333333
0 0.478125 0.25972222222222224 0.025 0.03333333333333333
0 0.40729166666666666 0.2625 0.025 0.03333333333333333
0 0.334375 0.2652777777777778 0.025 0.03333333333333333
0 0.26145833333333335 0.26805555555555555 0.025 0.03333333333333333
0 0.7020833333333333 0.32222222222222224 0.025 0.03333333333333333
0 0.6291666666666667 0.325 0.025 0.03333333333333333
0 0.55625 0.3277777777777778 0.025 0.03333333333333333
0 0.4822916666666667 0.33055555555555555 0.025 0.03333333333333333
0 0.40729166666666666 0.3333333333333333 0.025 0.03333333333333333
0 0.33125 0.3375 0.025 0.03333333333333333
0 0.25416666666666665 0.3402777777777778 0.025 0.03333333333333333
0 0.7177083333333333 0.39861111111111114 0.025 0.03333333333333333
0 0.6416666666666667 0.4027777777777778 0.025 0.03333333333333333
0 0.5645833333333333 0.40555555555555556 0.025 0.03333333333333333
0 0.4864583333333333 0.4097222222222222 0.025 0.03333333333333333
0 0.40729166666666666 0.41388888888888886 0.025 0.03333333333333333
0 0.32708333333333334 0.4166666666666667 0.025 0.03333333333333333
0 0.24583333333333332 0.42083333333333334 0.025 0.03333333333333333
0 0.7354166666666667 0.4847222222222222 0.025 0.03333333333333333
0 0.6541666666666667 0.4888888888888889 0.025 0.03333333333333333
0 0.5729166666666666 0.4930555555555556 0.025 0.03333333333333333
0 0.490625 0.49722222222222223 0.025 0.03333333333333333
0 0.40729166666666666 0.5013888888888889 0.025 0.03333333333333333
0 0.3229166666666667 0.5055555555555555 0.025 0.03333333333333333
0 0.23645833333333333 0.5111111111111111 0.025 0.03333333333333333
0 0.7552083333333334 0.5805555555555556 0.025 0.03333333333333333
0 0.6697916666666667 0.5847222222222223 0.025 0.03333333333333333
0 0.5833333333333334 0.5902777777777778 0.025 0.03333333333333333
0 0.49583333333333335 0.5958333333333333 0.025 0.03333333333333333
0 0.40729166666666666 0.6013888888888889 0.025 0.03333333333333333
0 0.3177083333333333 0.6055555555555555 0.025 0.03333333333333333
0 0.22604166666666667 0.6111111111111112 0.025 0.03333333333333333
0 0.7770833333333333 0.6875 0.025 0.03333333333333333
0 0.6864583333333333 0.6930555555555555 0.025 0.03333333333333333
0 0.5947916666666667 0.7 0.025 0.03333333333333333
0 0.5010416666666667 0.7069444444444445 0.025 0.03333333333333333
0 0.40729166666666666 0.7125 0.025 0.03333333333333333
0 0.31145833333333334 0.7194444444444444 0.025 0.03333333333333333
0 0.21458333333333332 0.7263888888888889 0.025 0.03333333333333333