0 0.22083333333333333 0.6157407407407407 0.029166666666666667 0.029166666666666667
0 0.303125 0.6240740740740741 0.029166666666666667 0.029166666666666667
0 0.3875 0.6324074074074074 0.029166666666666667 0.029166666666666667
0 0.47291666666666665 0.6407407407407407 0.029166666666666667 0.029166666666666667
0 0.5604166666666667 0.649074074074074 0.029166666666666667 0.029166666666666667
0 0.6489583333333333 0.6574074074074074 0.029166666666666667 0.029166666666666667
0 0.7395833333333334 0.6666666666666666 0.029166666666666667 0.029166666666666667
0 0.23854166666666668 0.5342592592592592 0.029166666666666667 0.029166666666666667
0 0.31875 0.5416666666666666 0.029166666666666667 0.029166666666666667
0 0.4010416666666667 0.549074074074074 0.029166666666666667 0.029166666666666667
0 0.484375 0.5564814814814815 0.029166666666666667 0.029166666666666667
0 0.56875 0.5648148148148148 0.029166666666666667 0.029166666666666667
0 0.6552083333333333 0.5717592592592593 0.029166666666666667 0.029166666666666667
0 0.74375 0.5800925925925926 0.029166666666666667 0.029166666666666667
0 0.2552083333333333 0.4583333333333333 0.029166666666666667 0.029166666666666667
0 0.3333333333333333 0.4648148148148148 0.029166666666666667 0.029166666666666667
0 0.41354166666666664 0.4708333333333333 0.029166666666666667 0.029166666666666667
0 0.4947916666666667 0.47685185185185186 0.029166666666666667 0.029166666666666667
0 0.5770833333333333 0.4842592592592593 0.029166666666666667 0.029166666666666667
0 0.6614583333333334 0.49074074074074076 0.029166666666666667 0.029166666666666667
0 0.746875 0.4981481481481482 0.029166666666666667 0.029166666666666667
0 0.2708333333333333 0.3851851851851852 0.029166666666666667 0.029166666666666667
0 0.346875 0.3907407407407407 0.029166666666666667 0.029166666666666667
0 0.425 0.39675925925925926 0.029166666666666667 0.029166666666666667
0 0.5041666666666667 0.40185185185185185 0.029166666666666667 0.029166666666666667
0 0.584375 0.4083333333333333 0.029166666666666667 0.029166666666666667
0 0.6666666666666666 0.4134259259259259 0.029166666666666667 0.029166666666666667
0 0.75 0.4199074074074074 0.029166666666666667 0.029166666666666667
0 0.28541666666666665 0.31574074074074077 0.029166666666666667 0.029166666666666667
0 0.36041666666666666 0.32083333333333336 0.029166666666666667 0.029166666666666667
0 0.43645833333333334 0.32592592592592595 0.029166666666666667 0.029166666666666667
0 0.5135416666666667 0.3314814814814815 0.029166666666666667 0.029166666666666667
0 0.5916666666666667 0.3351851851851852 0.029166666666666667 0.029166666666666667
0 0.671875 0.34074074074074073 0.029166666666666667 0.029166666666666667
0 0.753125 0.3458333333333333 0.029166666666666667 0.029166666666666667
0 0.3 0.25 0.029166666666666667 0.029166666666666667
0 0.3729166666666667 0.25416666666666665 0.029166666666666667 0.029166666666666667
0 0.446875 0.25833333333333336 0.029166666666666667 0.029166666666666667
0 0.5229166666666667 0.2625 0.029166666666666667 0.029166666666666667
0 0.5989583333333334 0.2675925925925926 0.029166666666666667 0.029166666666666667
0 0.6770833333333334 0.27175925925925926 0.029166666666666667 0.029166666666666667
0 0.75625 0.2759259259259259 0.029166666666666667 0.029166666666666667
0 0.31354166666666666 0.1875 0.029166666666666667 0.029166666666666667
0 0.384375 0.19166666666666668 0.029166666666666667 0.029166666666666667
0 0.45729166666666665 0.19490740740740742 0.029166666666666667 0.029166666666666667
0 0.53125 0.19907407407407407 0.029166666666666667 0.029166666666666667
0 0.6052083333333333 0.20185185185185187 0.029166666666666667 0.029166666666666667
0 0.68125 0.2064814814814815 0.029166666666666667 0.029166666666666667
0 0.759375 0.20925925925925926 0.029166666666666667 0.029166666666666667