0 0.696875 0.2824074074074074 0.03125 0.03148148148148148
0 0.6291666666666667 0.2833333333333333 0.03125 0.03148148148148148
0 0.5614583333333333 0.2833333333333333 0.03125 0.03148148148148148
0 0.49375 0.28425925925925927 0.03125 0.03148148148148148
0 0.4270833333333333 0.2851851851851852 0.03125 0.03148148148148148
0 0.359375 0.2865740740740741 0.03125 0.03148148148148148
0 0.29270833333333335 0.2865740740740741 0.03125 0.03148148148148148
0 0.70625 0.33425925925925926 0.03125 0.03148148148148148
0 0.6354166666666666 0.3351851851851852 0.03125 0.03148148148148148
0 0.565625 0.3365740740740741 0.03125 0.03148148148148148
0 0.4947916666666667 0.3365740740740741 0.03125 0.03148148148148148
0 0.425 0.3375 0.03125 0.03148148148148148
0 0.3541666666666667 0.3384259259259259 0.03125 0.03148148148148148
0 0.284375 0.3398148148148148 0.03125 0.03148148148148148
0 0.7166666666666667 0.39166666666666666 0.03125 0.03148148148148148
0 0.6427083333333333 0.3925925925925926 0.03125 0.03148148148148148
0 0.5697916666666667 0.3925925925925926 0.03125 0.03148148148148148
0 0.49583333333333335 0.39351851851851855 0.03125 0.03148148148148148
0 0.421875 0.39490740740740743 0.03125 0.03148148148148148
0 0.3489583333333333 0.3958333333333333 0.03125 0.03148148148148148
0 0.275 0.3958333333333333 0.03125 0.03148148148148148
0 0.728125 0.45416666666666666 0.03125 0.03148148148148148
0 0.6510416666666666 0.4550925925925926 0.03125 0.03148148148148148
0 0.5739583333333333 0.4550925925925926 0.03125 0.03148148148148148
0 0.496875 0.4564814814814815 0.03125 0.03148148148148148
0 0.4197916666666667 0.45740740740740743 0.03125 0.03148148148148148
0 0.34270833333333334 0.4583333333333333 0.03125 0.03148148148148148
0 0.265625 0.4583333333333333 0.03125 0.03148148148148148
0 0.740625 0.5231481481481481 0.03125 0.03148148148148148
0 0.659375 0.524074074074074 0.03125 0.03148148148148148
0 0.578125 0.525 0.03125 0.03148148148148148
0 0.4979166666666667 0.525 0.03125 0.03148148148148148
0 0.4166666666666667 0.5259259259259259 0.03125 0.03148148148148148
0 0.33541666666666664 0.5268518518518519 0.03125 0.03148148148148148
0 0.2552083333333333 0.5268518518518519 0.03125 0.03148148148148148
0 0.7552083333333334 0.5990740740740741 0.03125 0.03148148148148148
0 0.6697916666666667 0.6 0.03125 0.03148148148148148
0 0.584375 0.600925925925926 0.03125 0.03148148148148148
0 0.49895833333333334 0.600925925925926 0.03125 0.03148148148148148
0 0.41354166666666664 0.6018518518518519 0.03125 0.03148148148148148
0 0.328125 0.6032407407407407 0.03125 0.03148148148148148
0 0.24270833333333333 0.6041666666666666 0.03125 0.03148148148148148
0 0.7708333333333334 0.6842592592592592 0.03125 0.03148148148148148
0 0.6802083333333333 0.6842592592592592 0.03125 0.03148148148148148
0 0.5895833333333333 0.6851851851851852 0.03125 0.03148148148148148
0 0.5 0.6865740740740741 0.03125 0.03148148148148148
0 0.409375 0.6875 0.03125 0.03148148148148148
0 0.31979166666666664 0.6875 0.03125 0.03148148148148148
0 0.23020833333333332 0.6884259259259259 0.03125 0.03148148148148148