0 0.30625 0.6472222222222223 0.020833333333333332 0.027777777777777776
0 0.38229166666666664 0.6472222222222223 0.020833333333333332 0.027777777777777776
0 0.459375 0.6472222222222223 0.020833333333333332 0.027777777777777776
0 0.5364583333333334 0.6486111111111111 0.020833333333333332 0.027777777777777776
0 0.6145833333333334 0.6486111111111111 0.020833333333333332 0.027777777777777776
0 0.6927083333333334 0.6486111111111111 0.020833333333333332 0.027777777777777776
0 0.7708333333333334 0.65 0.020833333333333332 0.027777777777777776
0 0.31666666666666665 0.5597222222222222 0.020833333333333332 0.027777777777777776
0 0.38958333333333334 0.5597222222222222 0.020833333333333332 0.027777777777777776
0 0.4625 0.5597222222222222 0.020833333333333332 0.027777777777777776
0 0.5364583333333334 0.5597222222222222 0.020833333333333332 0.027777777777777776
0 0.6104166666666667 0.5597222222222222 0.020833333333333332 0.027777777777777776
0 0.684375 0.5611111111111111 0.020833333333333332 0.027777777777777776
0 0.759375 0.5611111111111111 0.020833333333333332 0.027777777777777776
0 0.3260416666666667 0.48055555555555557 0.020833333333333332 0.027777777777777776
0 0.3958333333333333 0.48055555555555557 0.020833333333333332 0.027777777777777776
0 0.465625 0.48055555555555557 0.020833333333333332 0.027777777777777776
0 0.5354166666666667 0.48055555555555557 0.020833333333333332 0.027777777777777776
0 0.60625 0.48055555555555557 0.020833333333333332 0.027777777777777776
0 0.6770833333333334 0.48055555555555557 0.020833333333333332 0.027777777777777776
0 0.7479166666666667 0.48055555555555557 0.020833333333333332 0.027777777777777776
0 0.334375 0.40694444444444444 0.020833333333333332 0.027777777777777776
0 0.4010416666666667 0.40694444444444444 0.020833333333333332 0.027777777777777776
0 0.46875 0.40694444444444444 0.020833333333333332 0.027777777777777776
0 0.5354166666666667 0.40694444444444444 0.020833333333333332 0.027777777777777776
0 0.603125 0.40694444444444444 0.020833333333333332 0.027777777777777776
0 0.6708333333333333 0.40694444444444444 0.020833333333333332 0.027777777777777776
0 0.7385416666666667 0.40694444444444444 0.020833333333333332 0.027777777777777776
0 0.34270833333333334 0.3402777777777778 0.020833333333333332 0.027777777777777776
0 0.40625 0.3402777777777778 0.020833333333333332 0.027777777777777776
0 0.4708333333333333 0.3402777777777778 0.020833333333333332 0.027777777777777776
0 0.5354166666666667 0.3402777777777778 0.020833333333333332 0.027777777777777776
0 0.6 0.3402777777777778 0.020833333333333332 0.027777777777777776
0 0.6645833333333333 0.3402777777777778 0.020833333333333332 0.027777777777777776
0 0.7302083333333333 0.3402777777777778 0.020833333333333332 0.027777777777777776
0 0.35 0.2791666666666667 0.020833333333333332 0.027777777777777776
0 0.4114583333333333 0.2791666666666667 0.020833333333333332 0.027777777777777776
0 0.47291666666666665 0.2791666666666667 0.020833333333333332 0.027777777777777776
0 0.534375 0.2791666666666667 0.020833333333333332 0.027777777777777776
0 0.596875 0.2791666666666667 0.020833333333333332 0.027777777777777776
0 0.659375 0.2777777777777778 0.020833333333333332 0.027777777777777776
0 0.721875 0.2777777777777778 0.020833333333333332 0.027777777777777776
0 0.3572916666666667 0.22361111111111112 0.020833333333333332 0.027777777777777776
0 0.415625 0.22361111111111112 0.020833333333333332 0.027777777777777776
0 0.475 0.2222222222222222 0.020833333333333332 0.027777777777777776
0 0.534375 0.2222222222222222 0.020833333333333332 0.027777777777777776
0 0.59375 0.2222222222222222 0.020833333333333332 0.027777777777777776
0 0.6541666666666667 0.22083333333333333 0.020833333333333332 0.027777777777777776
0 0.7135416666666666 0.22083333333333333 0.020833333333333332 0.027777777777777776