0 0.6708333333333333 0.15555555555555556 0.025 0.03333333333333333
0 0.6020833333333333 0.1597222222222222 0.025 0.03333333333333333
0 0.5333333333333333 0.1625 0.025 0.03333333333333333
0 0.465625 0.16666666666666666 0.025 0.03333333333333333
0 0.396875 0.17083333333333334 0.025 0.03333333333333333
0 0.328125 0.1736111111111111 0.025 0.03333333333333333
0 0.2604166666666667 0.17777777777777778 0.025 0.03333333333333333
0 0.68125 0.2222222222222222 0.025 0.03333333333333333
0 0.6104166666666667 0.225 0.025 0.03333333333333333
0 0.5385416666666667 0.22916666666666666 0.025 0.03333333333333333
0 0.4666666666666667 0.23333333333333334 0.025 0.03333333333333333
0 0.39479166666666665 0.2375 0.025 0.03333333333333333
0 0.3229166666666667 0.24027777777777778 0.025 0.03333333333333333
0 0.25104166666666666 0.24444444444444444 0.025 0.03333333333333333
0 0.69375 0.29444444444444445 0.025 0.03333333333333333
0 0.61875 0.2986111111111111 0.025 0.03333333333333333
0 0.54375 0.30277777777777776 0.025 0.03333333333333333
0 0.46770833333333334 0.30694444444444446 0.025 0.03333333333333333
0 0.3927083333333333 0.30972222222222223 0.025 0.03333333333333333
0 0.3177083333333333 0.3138888888888889 0.025 0.03333333333333333
0 0.24166666666666667 0.31805555555555554 0.025 0.03333333333333333
0 0.7072916666666667 0.375 0.025 0.03333333333333333
0 0.628125 0.37916666666666665 0.025 0.03333333333333333
0 0.5489583333333333 0.38333333333333336 0.025 0.03333333333333333
0 0.46979166666666666 0.3875 0.025 0.03333333333333333
0 0.390625 0.39166666666666666 0.025 0.03333333333333333
0 0.31145833333333334 0.3958333333333333 0.025 0.03333333333333333
0 0.23125 0.4 0.025 0.03333333333333333
0 0.721875 0.4638888888888889 0.025 0.03333333333333333
0 0.6385416666666667 0.46805555555555556 0.025 0.03333333333333333
0 0.5552083333333333 0.4722222222222222 0.025 0.03333333333333333
0 0.4708333333333333 0.4777777777777778 0.025 0.03333333333333333
0 0.3875 0.48194444444444445 0.025 0.03333333333333333
0 0.30416666666666664 0.4861111111111111 0.025 0.03333333333333333
0 0.21979166666666666 0.49027777777777776 0.025 0.03333333333333333
0 0.7385416666666667 0.5625 0.025 0.03333333333333333
0 0.65 0.5680555555555555 0.025 0.03333333333333333
0 0.5614583333333333 0.5722222222222222 0.025 0.03333333333333333
0 0.47291666666666665 0.5777777777777777 0.025 0.03333333333333333
0 0.384375 0.5819444444444445 0.025 0.03333333333333333
0 0.29583333333333334 0.5875 0.025 0.03333333333333333
0 0.20729166666666668 0.5916666666666667 0.025 0.03333333333333333
0 0.7572916666666667 0.675 0.025 0.03333333333333333
0 0.6635416666666667 0.6805555555555556 0.025 0.03333333333333333
0 0.5697916666666667 0.6847222222222222 0.025 0.03333333333333333
0 0.475 0.6902777777777778 0.025 0.03333333333333333
0 0.38125 0.6958333333333333 0.025 0.03333333333333333
0 0.2875 0.7 0.025 0.03333333333333333
0 0.19270833333333334 0.7055555555555556 0.025 0.03333333333333333