0 0.7333333333333333 0.1884259259259259 0.03333333333333333 0.03333333333333333
0 0.6583333333333333 0.1884259259259259 0.03333333333333333 0.03333333333333333
0 0.5833333333333334 0.18981481481481483 0.03333333333333333 0.03333333333333333
0 0.5083333333333333 0.18981481481481483 0.03333333333333333 0.03333333333333333
0 0.43333333333333335 0.19074074074074074 0.03333333333333333 0.03333333333333333
0 0.35833333333333334 0.19074074074074074 0.03333333333333333 0.03333333333333333
0 0.2833333333333333 0.19074074074074074 0.03333333333333333 0.03333333333333333
0 0.7447916666666666 0.24166666666666667 0.03333333333333333 0.03333333333333333
0 0.6666666666666666 0.24166666666666667 0.03333333333333333 0.03333333333333333
0 0.5885416666666666 0.24259259259259258 0.03333333333333333 0.03333333333333333
0 0.5104166666666666 0.24259259259259258 0.03333333333333333 0.03333333333333333
0 0.4322916666666667 0.24351851851851852 0.03333333333333333 0.03333333333333333
0 0.3541666666666667 0.24351851851851852 0.03333333333333333 0.03333333333333333
0 0.2760416666666667 0.2449074074074074 0.03333333333333333 0.03333333333333333
0 0.75625 0.29907407407407405 0.03333333333333333 0.03333333333333333
0 0.675 0.29907407407407405 0.03333333333333333 0.03333333333333333
0 0.59375 0.3 0.03333333333333333 0.03333333333333333
0 0.5125 0.3 0.03333333333333333 0.03333333333333333
0 0.43125 0.30092592592592593 0.03333333333333333 0.03333333333333333
0 0.35 0.30092592592592593 0.03333333333333333 0.03333333333333333
0 0.26875 0.30185185185185187 0.03333333333333333 0.03333333333333333
0 0.76875 0.36157407407407405 0.03333333333333333 0.03333333333333333
0 0.6833333333333333 0.36157407407407405 0.03333333333333333 0.03333333333333333
0 0.5989583333333334 0.3625 0.03333333333333333 0.03333333333333333
0 0.5145833333333333 0.3625 0.03333333333333333 0.03333333333333333
0 0.42916666666666664 0.36342592592592593 0.03333333333333333 0.03333333333333333
0 0.34479166666666666 0.36342592592592593 0.03333333333333333 0.03333333333333333
0 0.2604166666666667 0.3648148148148148 0.03333333333333333 0.03333333333333333
0 0.7822916666666667 0.42916666666666664 0.03333333333333333 0.03333333333333333
0 0.69375 0.4300925925925926 0.03333333333333333 0.03333333333333333
0 0.6052083333333333 0.4300925925925926 0.03333333333333333 0.03333333333333333
0 0.5166666666666667 0.43148148148148147 0.03333333333333333 0.03333333333333333
0 0.428125 0.43148148148148147 0.03333333333333333 0.03333333333333333
0 0.33958333333333335 0.4324074074074074 0.03333333333333333 0.03333333333333333
0 0.25104166666666666 0.4324074074074074 0.03333333333333333 0.03333333333333333
0 0.7979166666666667 0.5041666666666667 0.03333333333333333 0.03333333333333333
0 0.7041666666666667 0.5041666666666667 0.03333333333333333 0.03333333333333333
0 0.6114583333333333 0.5050925925925925 0.03333333333333333 0.03333333333333333
0 0.5197916666666667 0.5050925925925925 0.03333333333333333 0.03333333333333333
0 0.4270833333333333 0.5050925925925925 0.03333333333333333 0.03333333333333333
0 0.334375 0.5064814814814815 0.03333333333333333 0.03333333333333333
0 0.24166666666666667 0.5064814814814815 0.03333333333333333 0.03333333333333333
0 0.8135416666666667 0.5851851851851851 0.03333333333333333 0.03333333333333333
0 0.7166666666666667 0.5851851851851851 0.03333333333333333 0.03333333333333333
0 0.6197916666666666 0.586574074074074 0.03333333333333333 0.03333333333333333
0 0.521875 0.586574074074074 0.03333333333333333 0.03333333333333333
0 0.425 0.5875 0.03333333333333333 0.03333333333333333
0 0.328125 0.5875 0.03333333333333333 0.03333333333333333
0 0.23125 0.5884259259259259 0.03333333333333333 0.03333333333333333