0 0.7229166666666667 0.30324074074074076 0.03333333333333333 0.03333333333333333
0 0.65 0.30324074074074076 0.03333333333333333 0.03333333333333333
0 0.5770833333333333 0.30416666666666664 0.03333333333333333 0.03333333333333333
0 0.5041666666666667 0.30416666666666664 0.03333333333333333 0.03333333333333333
0 0.43125 0.30416666666666664 0.03333333333333333 0.03333333333333333
0 0.35833333333333334 0.30416666666666664 0.03333333333333333 0.03333333333333333
0 0.28541666666666665 0.3050925925925926 0.03333333333333333 0.03333333333333333
0 0.7322916666666667 0.3625 0.03333333333333333 0.03333333333333333
0 0.6572916666666667 0.36342592592592593 0.03333333333333333 0.03333333333333333
0 0.58125 0.36342592592592593 0.03333333333333333 0.03333333333333333
0 0.5052083333333334 0.36342592592592593 0.03333333333333333 0.03333333333333333
0 0.42916666666666664 0.3648148148148148 0.03333333333333333 0.03333333333333333
0 0.3541666666666667 0.3648148148148148 0.03333333333333333 0.03333333333333333
0 0.27708333333333335 0.3648148148148148 0.03333333333333333 0.03333333333333333
0 0.7427083333333333 0.42685185185185187 0.03333333333333333 0.03333333333333333
0 0.6635416666666667 0.42824074074074076 0.03333333333333333 0.03333333333333333
0 0.5854166666666667 0.42824074074074076 0.03333333333333333 0.03333333333333333
0 0.50625 0.42824074074074076 0.03333333333333333 0.03333333333333333
0 0.4270833333333333 0.42916666666666664 0.03333333333333333 0.03333333333333333
0 0.3489583333333333 0.42916666666666664 0.03333333333333333 0.03333333333333333
0 0.26875 0.4300925925925926 0.03333333333333333 0.03333333333333333
0 0.753125 0.49675925925925923 0.03333333333333333 0.03333333333333333
0 0.671875 0.4981481481481482 0.03333333333333333 0.03333333333333333
0 0.5895833333333333 0.4981481481481482 0.03333333333333333 0.03333333333333333
0 0.5072916666666667 0.49907407407407406 0.03333333333333333 0.03333333333333333
0 0.425 0.49907407407407406 0.03333333333333333 0.03333333333333333
0 0.34270833333333334 0.5 0.03333333333333333 0.03333333333333333
0 0.2604166666666667 0.5 0.03333333333333333 0.03333333333333333
0 0.765625 0.5731481481481482 0.03333333333333333 0.03333333333333333
0 0.6802083333333333 0.5740740740740741 0.03333333333333333 0.03333333333333333
0 0.5947916666666667 0.575 0.03333333333333333 0.03333333333333333
0 0.5083333333333333 0.575 0.03333333333333333 0.03333333333333333
0 0.42291666666666666 0.575925925925926 0.03333333333333333 0.03333333333333333
0 0.33645833333333336 0.575925925925926 0.03333333333333333 0.03333333333333333
0 0.25104166666666666 0.5768518518518518 0.03333333333333333 0.03333333333333333
0 0.778125 0.6564814814814814 0.03333333333333333 0.03333333333333333
0 0.6885416666666667 0.6574074074074074 0.03333333333333333 0.03333333333333333
0 0.6 0.6574074074074074 0.03333333333333333 0.03333333333333333
0 0.509375 0.6583333333333333 0.03333333333333333 0.03333333333333333
0 0.4197916666666667 0.6592592592592592 0.03333333333333333 0.03333333333333333
0 0.3302083333333333 0.6592592592592592 0.03333333333333333 0.03333333333333333
0 0.23958333333333334 0.6601851851851852 0.03333333333333333 0.03333333333333333
0 0.7927083333333333 0.7467592592592592 0.03333333333333333 0.03333333333333333
0 0.6989583333333333 0.7481481481481481 0.03333333333333333 0.03333333333333333
0 0.6052083333333333 0.7490740740740741 0.03333333333333333 0.03333333333333333
0 0.5114583333333333 0.75 0.03333333333333333 0.03333333333333333
0 0.4166666666666667 0.7509259259259259 0.03333333333333333 0.03333333333333333
0 0.3229166666666667 0.7509259259259259 0.03333333333333333 0.03333333333333333
0 0.228125 0.7518518518518519 0.03333333333333333 0.03333333333333333