0 0.28229166666666666 0.6694444444444444 0.020833333333333332 0.027777777777777776
0 0.359375 0.6680555555555555 0.020833333333333332 0.027777777777777776
0 0.43854166666666666 0.6652777777777777 0.020833333333333332 0.027777777777777776
0 0.5197916666666667 0.6638888888888889 0.020833333333333332 0.027777777777777776
0 0.6020833333333333 0.6611111111111111 0.020833333333333332 0.027777777777777776
0 0.6854166666666667 0.6597222222222222 0.020833333333333332 0.027777777777777776
0 0.7708333333333334 0.6583333333333333 0.020833333333333332 0.027777777777777776
0 0.29375 0.5777777777777777 0.020833333333333332 0.027777777777777776
0 0.36770833333333336 0.575 0.020833333333333332 0.027777777777777776
0 0.44375 0.5722222222222222 0.020833333333333332 0.027777777777777776
0 0.5197916666666667 0.5694444444444444 0.020833333333333332 0.027777777777777776
0 0.5979166666666667 0.5666666666666667 0.020833333333333332 0.027777777777777776
0 0.678125 0.5638888888888889 0.020833333333333332 0.027777777777777776
0 0.759375 0.5611111111111111 0.020833333333333332 0.027777777777777776
0 0.30520833333333336 0.4930555555555556 0.020833333333333332 0.027777777777777776
0 0.37604166666666666 0.49027777777777776 0.020833333333333332 0.027777777777777776
0 0.4479166666666667 0.4875 0.020833333333333332 0.027777777777777776
0 0.5208333333333334 0.48333333333333334 0.020833333333333332 0.027777777777777776
0 0.5947916666666667 0.48055555555555557 0.020833333333333332 0.027777777777777776
0 0.6708333333333333 0.47638888888888886 0.020833333333333332 0.027777777777777776
0 0.7479166666666667 0.4736111111111111 0.020833333333333332 0.027777777777777776
0 0.3145833333333333 0.4166666666666667 0.020833333333333332 0.027777777777777776
0 0.38229166666666664 0.41388888888888886 0.020833333333333332 0.027777777777777776
0 0.4510416666666667 0.4097222222222222 0.020833333333333332 0.027777777777777776
0 0.5208333333333334 0.40555555555555556 0.020833333333333332 0.027777777777777776
0 0.5916666666666667 0.4013888888888889 0.020833333333333332 0.027777777777777776
0 0.6645833333333333 0.39861111111111114 0.020833333333333332 0.027777777777777776
0 0.7375 0.39444444444444443 0.020833333333333332 0.027777777777777776
0 0.32395833333333335 0.3472222222222222 0.020833333333333332 0.027777777777777776
0 0.3885416666666667 0.34305555555555556 0.020833333333333332 0.027777777777777776
0 0.45416666666666666 0.3388888888888889 0.020833333333333332 0.027777777777777776
0 0.521875 0.3347222222222222 0.020833333333333332 0.027777777777777776
0 0.5895833333333333 0.33055555555555555 0.020833333333333332 0.027777777777777776
0 0.6583333333333333 0.3263888888888889 0.020833333333333332 0.027777777777777776
0 0.728125 0.32222222222222224 0.020833333333333332 0.027777777777777776
0 0.33229166666666665 0.2833333333333333 0.020833333333333332 0.027777777777777776
0 0.39479166666666665 0.2791666666666667 0.020833333333333332 0.027777777777777776
0 0.45729166666666665 0.27361111111111114 0.020833333333333332 0.027777777777777776
0 0.521875 0.26944444444444443 0.020833333333333332 0.027777777777777776
0 0.5864583333333333 0.2652777777777778 0.020833333333333332 0.027777777777777776
0 0.653125 0.2611111111111111 0.020833333333333332 0.027777777777777776
0 0.7197916666666667 0.25555555555555554 0.020833333333333332 0.027777777777777776
0 0.340625 0.22361111111111112 0.020833333333333332 0.027777777777777776
0 0.4 0.21944444444444444 0.020833333333333332 0.027777777777777776
0 0.46041666666666664 0.21388888888888888 0.020833333333333332 0.027777777777777776
0 0.521875 0.20972222222222223 0.020833333333333332 0.027777777777777776
0 0.584375 0.20416666666666666 0.020833333333333332 0.027777777777777776
0 0.6479166666666667 0.2 0.020833333333333332 0.027777777777777776
0 0.7125 0.19444444444444445 0.020833333333333332 0.027777777777777776