0 0.2947916666666667 0.6472222222222223 0.020833333333333332 0.027777777777777776
0 0.371875 0.6472222222222223 0.020833333333333332 0.027777777777777776
0 0.4510416666666667 0.6472222222222223 0.020833333333333332 0.027777777777777776
0 0.5302083333333333 0.6458333333333334 0.020833333333333332 0.027777777777777776
0 0.609375 0.6458333333333334 0.020833333333333332 0.027777777777777776
0 0.6895833333333333 0.6458333333333334 0.020833333333333332 0.027777777777777776
0 0.7708333333333334 0.6458333333333334 0.020833333333333332 0.027777777777777776
0 0.30520833333333336 0.5555555555555556 0.020833333333333332 0.027777777777777776
0 0.37916666666666665 0.5555555555555556 0.020833333333333332 0.027777777777777776
0 0.45416666666666666 0.5555555555555556 0.020833333333333332 0.027777777777777776
0 0.5291666666666667 0.5541666666666667 0.020833333333333332 0.027777777777777776
0 0.6052083333333333 0.5541666666666667 0.020833333333333332 0.027777777777777776
0 0.68125 0.5527777777777778 0.020833333333333332 0.027777777777777776
0 0.7583333333333333 0.5527777777777778 0.020833333333333332 0.027777777777777776
0 0.315625 0.4736111111111111 0.020833333333333332 0.027777777777777776
0 0.38645833333333335 0.4722222222222222 0.020833333333333332 0.027777777777777776
0 0.45729166666666665 0.4722222222222222 0.020833333333333332 0.027777777777777776
0 0.5291666666666667 0.4708333333333333 0.020833333333333332 0.027777777777777776
0 0.6010416666666667 0.46944444444444444 0.020833333333333332 0.027777777777777776
0 0.6739583333333333 0.46944444444444444 0.020833333333333332 0.027777777777777776
0 0.746875 0.46805555555555556 0.020833333333333332 0.027777777777777776
0 0.32395833333333335 0.3972222222222222 0.020833333333333332 0.027777777777777776
0 0.39166666666666666 0.3972222222222222 0.020833333333333332 0.027777777777777776
0 0.46041666666666664 0.3958333333333333 0.020833333333333332 0.027777777777777776
0 0.5291666666666667 0.39444444444444443 0.020833333333333332 0.027777777777777776
0 0.5979166666666667 0.39305555555555555 0.020833333333333332 0.027777777777777776
0 0.6666666666666666 0.39305555555555555 0.020833333333333332 0.027777777777777776
0 0.7364583333333333 0.39166666666666666 0.020833333333333332 0.027777777777777776
0 0.33229166666666665 0.32916666666666666 0.020833333333333332 0.027777777777777776
0 0.39791666666666664 0.3277777777777778 0.020833333333333332 0.027777777777777776
0 0.4625 0.3263888888888889 0.020833333333333332 0.027777777777777776
0 0.528125 0.325 0.020833333333333332 0.027777777777777776
0 0.5947916666666667 0.3236111111111111 0.020833333333333332 0.027777777777777776
0 0.6604166666666667 0.32222222222222224 0.020833333333333332 0.027777777777777776
0 0.728125 0.32083333333333336 0.020833333333333332 0.027777777777777776
0 0.340625 0.2652777777777778 0.020833333333333332 0.027777777777777776
0 0.40208333333333335 0.2638888888888889 0.020833333333333332 0.027777777777777776
0 0.465625 0.2625 0.020833333333333332 0.027777777777777776
0 0.528125 0.2611111111111111 0.020833333333333332 0.027777777777777776
0 0.5916666666666667 0.25972222222222224 0.020833333333333332 0.027777777777777776
0 0.6552083333333333 0.25833333333333336 0.020833333333333332 0.027777777777777776
0 0.71875 0.2569444444444444 0.020833333333333332 0.027777777777777776
0 0.346875 0.20694444444444443 0.020833333333333332 0.027777777777777776
0 0.40729166666666666 0.20555555555555555 0.020833333333333332 0.027777777777777776
0 0.46770833333333334 0.20416666666666666 0.020833333333333332 0.027777777777777776
0 0.528125 0.20277777777777778 0.020833333333333332 0.027777777777777776
0 0.5885416666666666 0.2013888888888889 0.020833333333333332 0.027777777777777776
0 0.65 0.2 0.020833333333333332 0.027777777777777776
0 0.7114583333333333 0.1986111111111111 0.020833333333333332 0.027777777777777776