0 0.23958333333333334 0.6925925925925925 0.029166666666666667 0.029166666666666667
0 0.32083333333333336 0.6916666666666667 0.029166666666666667 0.029166666666666667
0 0.40208333333333335 0.6907407407407408 0.029166666666666667 0.029166666666666667
0 0.484375 0.6884259259259259 0.029166666666666667 0.029166666666666667
0 0.5666666666666667 0.6875 0.029166666666666667 0.029166666666666667
0 0.6489583333333333 0.6865740740740741 0.029166666666666667 0.029166666666666667
0 0.7322916666666667 0.6851851851851852 0.029166666666666667 0.029166666666666667
0 0.24895833333333334 0.6125 0.029166666666666667 0.029166666666666667
0 0.32708333333333334 0.611574074074074 0.029166666666666667 0.029166666666666667
0 0.40520833333333334 0.6092592592592593 0.029166666666666667 0.029166666666666667
0 0.484375 0.6083333333333333 0.029166666666666667 0.029166666666666667
0 0.5635416666666667 0.6074074074074074 0.029166666666666667 0.029166666666666667
0 0.6427083333333333 0.6050925925925926 0.029166666666666667 0.029166666666666667
0 0.7229166666666667 0.6041666666666666 0.029166666666666667 0.029166666666666667
0 0.25833333333333336 0.538425925925926 0.029166666666666667 0.029166666666666667
0 0.3333333333333333 0.5365740740740741 0.029166666666666667 0.029166666666666667
0 0.4083333333333333 0.5351851851851852 0.029166666666666667 0.029166666666666667
0 0.484375 0.5333333333333333 0.029166666666666667 0.029166666666666667
0 0.5604166666666667 0.5324074074074074 0.029166666666666667 0.029166666666666667
0 0.6364583333333333 0.5300925925925926 0.029166666666666667 0.029166666666666667
0 0.7135416666666666 0.5291666666666667 0.029166666666666667 0.029166666666666667
0 0.26666666666666666 0.4699074074074074 0.029166666666666667 0.029166666666666667
0 0.3385416666666667 0.4675925925925926 0.029166666666666667 0.029166666666666667
0 0.4114583333333333 0.4666666666666667 0.029166666666666667 0.029166666666666667
0 0.484375 0.4648148148148148 0.029166666666666667 0.029166666666666667
0 0.5572916666666666 0.4625 0.029166666666666667 0.029166666666666667
0 0.63125 0.4615740740740741 0.029166666666666667 0.029166666666666667
0 0.7052083333333333 0.45925925925925926 0.029166666666666667 0.029166666666666667
0 0.27395833333333336 0.4050925925925926 0.029166666666666667 0.029166666666666667
0 0.34375 0.4041666666666667 0.029166666666666667 0.029166666666666667
0 0.41354166666666664 0.40185185185185185 0.029166666666666667 0.029166666666666667
0 0.484375 0.4 0.029166666666666667 0.029166666666666667
0 0.5552083333333333 0.39814814814814814 0.029166666666666667 0.029166666666666667
0 0.6260416666666667 0.39675925925925926 0.029166666666666667 0.029166666666666667
0 0.6979166666666666 0.39490740740740743 0.029166666666666667 0.029166666666666667
0 0.28125 0.3458333333333333 0.029166666666666667 0.029166666666666667
0 0.3489583333333333 0.3435185185185185 0.029166666666666667 0.029166666666666667
0 0.4166666666666667 0.3416666666666667 0.029166666666666667 0.029166666666666667
0 0.484375 0.34074074074074073 0.029166666666666667 0.029166666666666667
0 0.553125 0.3384259259259259 0.029166666666666667 0.029166666666666667
0 0.621875 0.3365740740740741 0.029166666666666667 0.029166666666666667
0 0.690625 0.33425925925925926 0.029166666666666667 0.029166666666666667
0 0.28854166666666664 0.2898148148148148 0.029166666666666667 0.029166666666666667
0 0.353125 0.2875 0.029166666666666667 0.029166666666666667
0 0.41875 0.2865740740740741 0.029166666666666667 0.029166666666666667
0 0.484375 0.28425925925925927 0.029166666666666667 0.029166666666666667
0 0.5510416666666667 0.2824074074074074 0.029166666666666667 0.029166666666666667
0 0.6166666666666667 0.2800925925925926 0.029166666666666667 0.029166666666666667
0 0.684375 0.27824074074074073 0.029166666666666667 0.029166666666666667