0 0.29791666666666666 0.65 0.020833333333333332 0.027777777777777776
0 0.375 0.6472222222222223 0.020833333333333332 0.027777777777777776
0 0.453125 0.6458333333333334 0.020833333333333332 0.027777777777777776
0 0.53125 0.6430555555555556 0.020833333333333332 0.027777777777777776
0 0.6104166666666667 0.6402777777777777 0.020833333333333332 0.027777777777777776
0 0.6895833333333333 0.6388888888888888 0.020833333333333332 0.027777777777777776
0 0.7697916666666667 0.6361111111111111 0.020833333333333332 0.027777777777777776
0 0.30833333333333335 0.5597222222222222 0.020833333333333332 0.027777777777777776
0 0.38125 0.5583333333333333 0.020833333333333332 0.027777777777777776
0 0.4552083333333333 0.5555555555555556 0.020833333333333332 0.027777777777777776
0 0.5302083333333333 0.5527777777777778 0.020833333333333332 0.027777777777777776
0 0.6052083333333333 0.55 0.020833333333333332 0.027777777777777776
0 0.68125 0.5472222222222223 0.020833333333333332 0.027777777777777776
0 0.7572916666666667 0.5458333333333333 0.020833333333333332 0.027777777777777776
0 0.31666666666666665 0.4791666666666667 0.020833333333333332 0.027777777777777776
0 0.3875 0.47638888888888886 0.020833333333333332 0.027777777777777776
0 0.4583333333333333 0.4736111111111111 0.020833333333333332 0.027777777777777776
0 0.5291666666666667 0.4708333333333333 0.020833333333333332 0.027777777777777776
0 0.6010416666666667 0.46805555555555556 0.020833333333333332 0.027777777777777776
0 0.6729166666666667 0.4652777777777778 0.020833333333333332 0.027777777777777776
0 0.7458333333333333 0.4625 0.020833333333333332 0.027777777777777776
0 0.325 0.4041666666666667 0.020833333333333332 0.027777777777777776
0 0.3927083333333333 0.4013888888888889 0.020833333333333332 0.027777777777777776
0 0.46041666666666664 0.39861111111111114 0.020833333333333332 0.027777777777777776
0 0.528125 0.3958333333333333 0.020833333333333332 0.027777777777777776
0 0.596875 0.39305555555555555 0.020833333333333332 0.027777777777777776
0 0.665625 0.3902777777777778 0.020833333333333332 0.027777777777777776
0 0.7354166666666667 0.3875 0.020833333333333332 0.027777777777777776
0 0.33229166666666665 0.33611111111111114 0.020833333333333332 0.027777777777777776
0 0.396875 0.3333333333333333 0.020833333333333332 0.027777777777777776
0 0.4625 0.33055555555555555 0.020833333333333332 0.027777777777777776
0 0.5270833333333333 0.3277777777777778 0.020833333333333332 0.027777777777777776
0 0.5927083333333333 0.325 0.020833333333333332 0.027777777777777776
0 0.659375 0.32222222222222224 0.020833333333333332 0.027777777777777776
0 0.725 0.31805555555555554 0.020833333333333332 0.027777777777777776
0 0.33958333333333335 0.2722222222222222 0.020833333333333332 0.027777777777777776
0 0.40208333333333335 0.26944444444444443 0.020833333333333332 0.027777777777777776
0 0.4635416666666667 0.26666666666666666 0.020833333333333332 0.027777777777777776
0 0.5260416666666666 0.2638888888888889 0.020833333333333332 0.027777777777777776
0 0.5895833333333333 0.2611111111111111 0.020833333333333332 0.027777777777777776
0 0.653125 0.25833333333333336 0.020833333333333332 0.027777777777777776
0 0.7166666666666667 0.25555555555555554 0.020833333333333332 0.027777777777777776
0 0.3458333333333333 0.2152777777777778 0.020833333333333332 0.027777777777777776
0 0.40520833333333334 0.2111111111111111 0.020833333333333332 0.027777777777777776
0 0.465625 0.20833333333333334 0.020833333333333332 0.027777777777777776
0 0.5260416666666666 0.20555555555555555 0.020833333333333332 0.027777777777777776
0 0.5864583333333333 0.20277777777777778 0.020833333333333332 0.027777777777777776
0 0.646875 0.2 0.020833333333333332 0.027777777777777776
0 0.7083333333333334 0.19722222222222222 0.020833333333333332 0.027777777777777776