0 0.73125 0.2601851851851852 0.03333333333333333 0.03333333333333333
0 0.6572916666666667 0.26157407407407407 0.03333333333333333 0.03333333333333333
0 0.584375 0.2625 0.03333333333333333 0.03333333333333333
0 0.5114583333333333 0.26342592592592595 0.03333333333333333 0.03333333333333333
0 0.43854166666666666 0.2657407407407407 0.03333333333333333 0.03333333333333333
0 0.36770833333333336 0.26666666666666666 0.03333333333333333 0.03333333333333333
0 0.296875 0.2675925925925926 0.03333333333333333 0.03333333333333333
0 0.7395833333333334 0.31851851851851853 0.03333333333333333 0.03333333333333333
0 0.6625 0.32083333333333336 0.03333333333333333 0.03333333333333333
0 0.5854166666666667 0.32175925925925924 0.03333333333333333 0.03333333333333333
0 0.5104166666666666 0.32314814814814813 0.03333333333333333 0.03333333333333333
0 0.434375 0.32407407407407407 0.03333333333333333 0.03333333333333333
0 0.36041666666666666 0.325 0.03333333333333333 0.03333333333333333
0 0.2864583333333333 0.32592592592592595 0.03333333333333333 0.03333333333333333
0 0.746875 0.38333333333333336 0.03333333333333333 0.03333333333333333
0 0.6666666666666666 0.38425925925925924 0.03333333333333333 0.03333333333333333
0 0.5875 0.3851851851851852 0.03333333333333333 0.03333333333333333
0 0.5083333333333333 0.38657407407407407 0.03333333333333333 0.03333333333333333
0 0.43020833333333336 0.3875 0.03333333333333333 0.03333333333333333
0 0.353125 0.3875 0.03333333333333333 0.03333333333333333
0 0.2760416666666667 0.38842592592592595 0.03333333333333333 0.03333333333333333
0 0.75625 0.4532407407407407 0.03333333333333333 0.03333333333333333
0 0.671875 0.45416666666666666 0.03333333333333333 0.03333333333333333
0 0.5895833333333333 0.45416666666666666 0.03333333333333333 0.03333333333333333
0 0.5072916666666667 0.4550925925925926 0.03333333333333333 0.03333333333333333
0 0.425 0.4550925925925926 0.03333333333333333 0.03333333333333333
0 0.34479166666666666 0.4564814814814815 0.03333333333333333 0.03333333333333333
0 0.26458333333333334 0.45740740740740743 0.03333333333333333 0.03333333333333333
0 0.765625 0.5291666666666667 0.03333333333333333 0.03333333333333333
0 0.678125 0.5300925925925926 0.03333333333333333 0.03333333333333333
0 0.5916666666666667 0.5300925925925926 0.03333333333333333 0.03333333333333333
0 0.5052083333333334 0.5300925925925926 0.03333333333333333 0.03333333333333333
0 0.4197916666666667 0.5300925925925926 0.03333333333333333 0.03333333333333333
0 0.33541666666666664 0.5314814814814814 0.03333333333333333 0.03333333333333333
0 0.2520833333333333 0.5314814814814814 0.03333333333333333 0.03333333333333333
0 0.7760416666666666 0.6134259259259259 0.03333333333333333 0.03333333333333333
0 0.684375 0.6125 0.03333333333333333 0.03333333333333333
0 0.59375 0.6125 0.03333333333333333 0.03333333333333333
0 0.503125 0.6125 0.03333333333333333 0.03333333333333333
0 0.41458333333333336 0.6125 0.03333333333333333 0.03333333333333333
0 0.3260416666666667 0.6125 0.03333333333333333 0.03333333333333333
0 0.23854166666666668 0.6125 0.03333333333333333 0.03333333333333333
0 0.7885416666666667 0.7050925925925926 0.03333333333333333 0.03333333333333333
0 0.6916666666666667 0.7041666666666667 0.03333333333333333 0.03333333333333333
0 0.5958333333333333 0.7041666666666667 0.03333333333333333 0.03333333333333333
0 0.5010416666666667 0.7032407407407407 0.03333333333333333 0.03333333333333333
0 0.40729166666666666 0.7032407407407407 0.03333333333333333 0.03333333333333333
0 0.3145833333333333 0.7018518518518518 0.03333333333333333 0.03333333333333333
0 0.22395833333333334 0.700925925925926 0.03333333333333333 0.03333333333333333