0 0.8020833333333334 0.15046296296296297 0.020833333333333332 0.03518518518518519
0 0.7291666666666666 0.15231481481481482 0.020833333333333332 0.03518518518518519
0 0.6572916666666667 0.15231481481481482 0.020833333333333332 0.03518518518518519
0 0.5854166666666667 0.15231481481481482 0.020833333333333332 0.03518518518518519
0 0.5135416666666667 0.15231481481481482 0.020833333333333332 0.03518518518518519
0 0.4427083333333333 0.15231481481481482 0.020833333333333332 0.03518518518518519
0 0.371875 0.15231481481481482 0.020833333333333332 0.03518518518518519
0 0.8020833333333334 0.23055555555555557 0.020833333333333332 0.03518518518518519
0 0.7270833333333333 0.23055555555555557 0.020833333333333332 0.03518518518518519
0 0.6520833333333333 0.23055555555555557 0.020833333333333332 0.03518518518518519
0 0.5770833333333333 0.23055555555555557 0.020833333333333332 0.03518518518518519
0 0.503125 0.23055555555555557 0.020833333333333332 0.03518518518518519
0 0.42916666666666664 0.23055555555555557 0.020833333333333332 0.03518518518518519
0 0.35520833333333335 0.23055555555555557 0.020833333333333332 0.03518518518518519
0 0.803125 0.3162037037037037 0.020833333333333332 0.03518518518518519
0 0.725 0.3162037037037037 0.020833333333333332 0.03518518518518519
0 0.646875 0.3162037037037037 0.020833333333333332 0.03518518518518519
0 0.56875 0.3162037037037037 0.020833333333333332 0.03518518518518519
0 0.49166666666666664 0.3162037037037037 0.020833333333333332 0.03518518518518519
0 0.41458333333333336 0.3162037037037037 0.020833333333333332 0.03518518518518519
0 0.3375 0.3162037037037037 0.020833333333333332 0.03518518518518519
0 0.8041666666666667 0.41064814814814815 0.020833333333333332 0.03518518518518519
0 0.721875 0.41064814814814815 0.020833333333333332 0.03518518518518519
0 0.640625 0.41064814814814815 0.020833333333333332 0.03518518518518519
0 0.559375 0.41064814814814815 0.020833333333333332 0.03518518518518519
0 0.4791666666666667 0.41064814814814815 0.020833333333333332 0.03518518518518519
0 0.39791666666666664 0.40925925925925927 0.020833333333333332 0.03518518518518519
0 0.3177083333333333 0.40925925925925927 0.020833333333333332 0.03518518518518519
0 0.8041666666666667 0.5138888888888888 0.020833333333333332 0.03518518518518519
0 0.71875 0.5120370370370371 0.020833333333333332 0.03518518518518519
0 0.634375 0.5120370370370371 0.020833333333333332 0.03518518518518519
0 0.5489583333333333 0.5120370370370371 0.020833333333333332 0.03518518518518519
0 0.46458333333333335 0.5120370370370371 0.020833333333333332 0.03518518518518519
0 0.3802083333333333 0.5106481481481482 0.020833333333333332 0.03518518518518519
0 0.296875 0.5106481481481482 0.020833333333333332 0.03518518518518519
0 0.8052083333333333 0.6259259259259259 0.020833333333333332 0.03518518518518519
0 0.715625 0.6259259259259259 0.020833333333333332 0.03518518518518519
0 0.6270833333333333 0.6240740740740741 0.020833333333333332 0.03518518518518519
0 0.5375 0.6240740740740741 0.020833333333333332 0.03518518518518519
0 0.45 0.6222222222222222 0.020833333333333332 0.03518518518518519
0 0.3614583333333333 0.6222222222222222 0.020833333333333332 0.03518518518518519
0 0.27395833333333336 0.6222222222222222 0.020833333333333332 0.03518518518518519
0 0.80625 0.75 0.020833333333333332 0.03518518518518519
0 0.7125 0.7481481481481481 0.020833333333333332 0.03518518518518519
0 0.61875 0.7462962962962963 0.020833333333333332 0.03518518518518519
0 0.5260416666666666 0.7462962962962963 0.020833333333333332 0.03518518518518519
0 0.4322916666666667 0.7449074074074075 0.020833333333333332 0.03518518518518519
0 0.340625 0.7449074074074075 0.020833333333333332 0.03518518518518519
0 0.24895833333333334 0.7430555555555556 0.020833333333333332 0.03518518518518519