0 0.709375 0.18611111111111112 0.025 0.03333333333333333
0 0.6416666666666667 0.18888888888888888 0.025 0.03333333333333333
0 0.5739583333333333 0.19027777777777777 0.025 0.03333333333333333
0 0.50625 0.19305555555555556 0.025 0.03333333333333333
0 0.4395833333333333 0.19444444444444445 0.025 0.03333333333333333
0 0.371875 0.19722222222222222 0.025 0.03333333333333333
0 0.30520833333333336 0.1986111111111111 0.025 0.03333333333333333
0 0.7197916666666667 0.2513888888888889 0.025 0.03333333333333333
0 0.6489583333333333 0.25416666666666665 0.025 0.03333333333333333
0 0.578125 0.25555555555555554 0.025 0.03333333333333333
0 0.5072916666666667 0.25833333333333336 0.025 0.03333333333333333
0 0.43645833333333334 0.25972222222222224 0.025 0.03333333333333333
0 0.365625 0.2625 0.025 0.03333333333333333
0 0.29583333333333334 0.2638888888888889 0.025 0.03333333333333333
0 0.73125 0.3236111111111111 0.025 0.03333333333333333
0 0.65625 0.325 0.025 0.03333333333333333
0 0.5822916666666667 0.3277777777777778 0.025 0.03333333333333333
0 0.5072916666666667 0.32916666666666666 0.025 0.03333333333333333
0 0.43333333333333335 0.33194444444444443 0.025 0.03333333333333333
0 0.359375 0.3333333333333333 0.025 0.03333333333333333
0 0.28541666666666665 0.33611111111111114 0.025 0.03333333333333333
0 0.74375 0.4027777777777778 0.025 0.03333333333333333
0 0.6645833333333333 0.4041666666666667 0.025 0.03333333333333333
0 0.5864583333333333 0.40694444444444444 0.025 0.03333333333333333
0 0.5083333333333333 0.4083333333333333 0.025 0.03333333333333333
0 0.42916666666666664 0.4111111111111111 0.025 0.03333333333333333
0 0.35208333333333336 0.4125 0.025 0.03333333333333333
0 0.27395833333333336 0.4152777777777778 0.025 0.03333333333333333
0 0.7583333333333333 0.49027777777777776 0.025 0.03333333333333333
0 0.675 0.4930555555555556 0.025 0.03333333333333333
0 0.5916666666666667 0.49444444444444446 0.025 0.03333333333333333
0 0.5083333333333333 0.49722222222222223 0.025 0.03333333333333333
0 0.42604166666666665 0.5 0.025 0.03333333333333333
0 0.34270833333333334 0.5013888888888889 0.025 0.03333333333333333
0 0.2604166666666667 0.5041666666666667 0.025 0.03333333333333333
0 0.7739583333333333 0.5902777777777778 0.025 0.03333333333333333
0 0.6854166666666667 0.5916666666666667 0.025 0.03333333333333333
0 0.596875 0.5944444444444444 0.025 0.03333333333333333
0 0.509375 0.5958333333333333 0.025 0.03333333333333333
0 0.42083333333333334 0.5986111111111111 0.025 0.03333333333333333
0 0.3333333333333333 0.6 0.025 0.03333333333333333
0 0.24583333333333332 0.6027777777777777 0.025 0.03333333333333333
0 0.7916666666666666 0.7027777777777777 0.025 0.03333333333333333
0 0.696875 0.7041666666666667 0.025 0.03333333333333333
0 0.603125 0.7069444444444445 0.025 0.03333333333333333
0 0.509375 0.7083333333333334 0.025 0.03333333333333333
0 0.415625 0.7111111111111111 0.025 0.03333333333333333
0 0.3229166666666667 0.7125 0.025 0.03333333333333333
0 0.23020833333333332 0.7152777777777778 0.025 0.03333333333333333