0 0.23541666666666666 0.638425925925926 0.03333333333333333 0.03333333333333333
0 0.3333333333333333 0.6398148148148148 0.03333333333333333 0.03333333333333333
0 0.4322916666666667 0.6407407407407407 0.03333333333333333 0.03333333333333333
0 0.5291666666666667 0.6425925925925926 0.03333333333333333 0.03333333333333333
0 0.6260416666666667 0.6435185185185185 0.03333333333333333 0.03333333333333333
0 0.7229166666666667 0.6449074074074074 0.03333333333333333 0.03333333333333333
0 0.8177083333333334 0.6458333333333334 0.03333333333333333 0.03333333333333333
0 0.24479166666666666 0.5458333333333333 0.03333333333333333 0.03333333333333333
0 0.340625 0.5481481481481482 0.03333333333333333 0.03333333333333333
0 0.4354166666666667 0.549074074074074 0.03333333333333333 0.03333333333333333
0 0.5291666666666667 0.5509259259259259 0.03333333333333333 0.03333333333333333
0 0.6229166666666667 0.5518518518518518 0.03333333333333333 0.03333333333333333
0 0.715625 0.5541666666666667 0.03333333333333333 0.03333333333333333
0 0.8083333333333333 0.5550925925925926 0.03333333333333333 0.03333333333333333
0 0.25416666666666665 0.4601851851851852 0.03333333333333333 0.03333333333333333
0 0.346875 0.4615740740740741 0.03333333333333333 0.03333333333333333
0 0.43854166666666666 0.4634259259259259 0.03333333333333333 0.03333333333333333
0 0.5291666666666667 0.46574074074074073 0.03333333333333333 0.03333333333333333
0 0.6197916666666666 0.4666666666666667 0.03333333333333333 0.03333333333333333
0 0.7104166666666667 0.4685185185185185 0.03333333333333333 0.03333333333333333
0 0.7989583333333333 0.4708333333333333 0.03333333333333333 0.03333333333333333
0 0.2635416666666667 0.37916666666666665 0.03333333333333333 0.03333333333333333
0 0.35208333333333336 0.3814814814814815 0.03333333333333333 0.03333333333333333
0 0.440625 0.38333333333333336 0.03333333333333333 0.03333333333333333
0 0.5291666666666667 0.3851851851851852 0.03333333333333333 0.03333333333333333
0 0.6166666666666667 0.3875 0.03333333333333333 0.03333333333333333
0 0.7041666666666667 0.38842592592592595 0.03333333333333333 0.03333333333333333
0 0.790625 0.3907407407407407 0.03333333333333333 0.03333333333333333
0 0.2708333333333333 0.30416666666666664 0.03333333333333333 0.03333333333333333
0 0.3572916666666667 0.30648148148148147 0.03333333333333333 0.03333333333333333
0 0.44375 0.30833333333333335 0.03333333333333333 0.03333333333333333
0 0.5291666666666667 0.3101851851851852 0.03333333333333333 0.03333333333333333
0 0.6145833333333334 0.3125 0.03333333333333333 0.03333333333333333
0 0.6989583333333333 0.3148148148148148 0.03333333333333333 0.03333333333333333
0 0.7833333333333333 0.31574074074074077 0.03333333333333333 0.03333333333333333
0 0.2791666666666667 0.2324074074074074 0.03333333333333333 0.03333333333333333
0 0.3625 0.2351851851851852 0.03333333333333333 0.03333333333333333
0 0.44583333333333336 0.2375 0.03333333333333333 0.03333333333333333
0 0.5291666666666667 0.23981481481481481 0.03333333333333333 0.03333333333333333
0 0.6114583333333333 0.24166666666666667 0.03333333333333333 0.03333333333333333
0 0.69375 0.24351851851851852 0.03333333333333333 0.03333333333333333
0 0.775 0.24583333333333332 0.03333333333333333 0.03333333333333333
0 0.2864583333333333 0.16574074074074074 0.03333333333333333 0.03333333333333333
0 0.36770833333333336 0.1675925925925926 0.03333333333333333 0.03333333333333333
0 0.44895833333333335 0.17083333333333334 0.03333333333333333 0.03333333333333333
0 0.5291666666666667 0.17314814814814813 0.03333333333333333 0.03333333333333333
0 0.609375 0.175 0.03333333333333333 0.03333333333333333
0 0.6895833333333333 0.17685185185185184 0.03333333333333333 0.03333333333333333
0 0.76875 0.17916666666666667 0.03333333333333333 0.03333333333333333