0 0.7010416666666667 0.37407407407407406 0.029166666666666667 0.029166666666666667
0 0.6354166666666666 0.37407407407407406 0.029166666666666667 0.029166666666666667
0 0.5708333333333333 0.37407407407407406 0.029166666666666667 0.029166666666666667
0 0.50625 0.375 0.029166666666666667 0.029166666666666667
0 0.440625 0.375 0.029166666666666667 0.029166666666666667
0 0.37604166666666666 0.375 0.029166666666666667 0.029166666666666667
0 0.3104166666666667 0.37592592592592594 0.029166666666666667 0.029166666666666667
0 0.709375 0.42592592592592593 0.029166666666666667 0.029166666666666667
0 0.6427083333333333 0.42592592592592593 0.029166666666666667 0.029166666666666667
0 0.575 0.42685185185185187 0.029166666666666667 0.029166666666666667
0 0.5072916666666667 0.42685185185185187 0.029166666666666667 0.029166666666666667
0 0.4395833333333333 0.42685185185185187 0.029166666666666667 0.029166666666666667
0 0.371875 0.42824074074074076 0.029166666666666667 0.029166666666666667
0 0.303125 0.42824074074074076 0.029166666666666667 0.029166666666666667
0 0.7197916666666667 0.4824074074074074 0.029166666666666667 0.029166666666666667
0 0.6489583333333333 0.48333333333333334 0.029166666666666667 0.029166666666666667
0 0.5791666666666667 0.48333333333333334 0.029166666666666667 0.029166666666666667
0 0.5083333333333333 0.48333333333333334 0.029166666666666667 0.029166666666666667
0 0.4375 0.4842592592592593 0.029166666666666667 0.029166666666666667
0 0.36666666666666664 0.4842592592592593 0.029166666666666667 0.029166666666666667
0 0.29583333333333334 0.48518518518518516 0.029166666666666667 0.029166666666666667
0 0.7302083333333333 0.5435185185185185 0.029166666666666667 0.029166666666666667
0 0.65625 0.5449074074074074 0.029166666666666667 0.029166666666666667
0 0.5833333333333334 0.5449074074074074 0.029166666666666667 0.029166666666666667
0 0.509375 0.5458333333333333 0.029166666666666667 0.029166666666666667
0 0.43645833333333334 0.5458333333333333 0.029166666666666667 0.029166666666666667
0 0.3625 0.5467592592592593 0.029166666666666667 0.029166666666666667
0 0.28854166666666664 0.5467592592592593 0.029166666666666667 0.029166666666666667
0 0.7416666666666667 0.611574074074074 0.029166666666666667 0.029166666666666667
0 0.6645833333333333 0.611574074074074 0.029166666666666667 0.029166666666666667
0 0.5885416666666666 0.6125 0.029166666666666667 0.029166666666666667
0 0.5114583333333333 0.6125 0.029166666666666667 0.029166666666666667
0 0.434375 0.6134259259259259 0.029166666666666667 0.029166666666666667
0 0.3572916666666667 0.6148148148148148 0.029166666666666667 0.029166666666666667
0 0.2791666666666667 0.6148148148148148 0.029166666666666667 0.029166666666666667
0 0.7541666666666667 0.6842592592592592 0.029166666666666667 0.029166666666666667
0 0.6739583333333333 0.6851851851851852 0.029166666666666667 0.029166666666666667
0 0.59375 0.6865740740740741 0.029166666666666667 0.029166666666666667
0 0.5125 0.6865740740740741 0.029166666666666667 0.029166666666666667
0 0.4322916666666667 0.6875 0.029166666666666667 0.029166666666666667
0 0.35104166666666664 0.6884259259259259 0.029166666666666667 0.029166666666666667
0 0.26979166666666665 0.6884259259259259 0.029166666666666667 0.029166666666666667
0 0.7677083333333333 0.7657407407407407 0.029166666666666667 0.029166666666666667
0 0.684375 0.7666666666666667 0.029166666666666667 0.029166666666666667
0 0.5989583333333334 0.7675925925925926 0.029166666666666667 0.029166666666666667
0 0.5145833333333333 0.7675925925925926 0.029166666666666667 0.029166666666666667
0 0.43020833333333336 0.7685185185185185 0.029166666666666667 0.029166666666666667
0 0.34479166666666666 0.7699074074074074 0.029166666666666667 0.029166666666666667
0 0.259375 0.7708333333333334 0.029166666666666667 0.029166666666666667