0 0.6947916666666667 0.1587962962962963 0.022916666666666665 0.03425925925925926
0 0.6197916666666666 0.1574074074074074 0.022916666666666665 0.03425925925925926
0 0.54375 0.1574074074074074 0.022916666666666665 0.03425925925925926
0 0.46770833333333334 0.15555555555555556 0.022916666666666665 0.03425925925925926
0 0.390625 0.15416666666666667 0.022916666666666665 0.03425925925925926
0 0.3125 0.1527777777777778 0.022916666666666665 0.03425925925925926
0 0.23333333333333334 0.1527777777777778 0.022916666666666665 0.03425925925925926
0 0.70625 0.23842592592592593 0.022916666666666665 0.03425925925925926
0 0.6291666666666667 0.23842592592592593 0.022916666666666665 0.03425925925925926
0 0.55 0.23657407407407408 0.022916666666666665 0.03425925925925926
0 0.4708333333333333 0.23657407407407408 0.022916666666666665 0.03425925925925926
0 0.390625 0.2351851851851852 0.022916666666666665 0.03425925925925926
0 0.3104166666666667 0.2351851851851852 0.022916666666666665 0.03425925925925926
0 0.228125 0.2337962962962963 0.022916666666666665 0.03425925925925926
0 0.71875 0.32546296296296295 0.022916666666666665 0.03425925925925926
0 0.6385416666666667 0.32407407407407407 0.022916666666666665 0.03425925925925926
0 0.5572916666666666 0.32407407407407407 0.022916666666666665 0.03425925925925926
0 0.4739583333333333 0.32407407407407407 0.022916666666666665 0.03425925925925926
0 0.39166666666666666 0.32407407407407407 0.022916666666666665 0.03425925925925926
0 0.3072916666666667 0.32222222222222224 0.022916666666666665 0.03425925925925926
0 0.221875 0.32222222222222224 0.022916666666666665 0.03425925925925926
0 0.7322916666666667 0.41759259259259257 0.022916666666666665 0.03425925925925926
0 0.6489583333333333 0.41759259259259257 0.022916666666666665 0.03425925925925926
0 0.5635416666666667 0.41759259259259257 0.022916666666666665 0.03425925925925926
0 0.478125 0.41759259259259257 0.022916666666666665 0.03425925925925926
0 0.39166666666666666 0.41759259259259257 0.022916666666666665 0.03425925925925926
0 0.30416666666666664 0.41759259259259257 0.022916666666666665 0.03425925925925926
0 0.215625 0.41759259259259257 0.022916666666666665 0.03425925925925926
0 0.746875 0.5185185185185185 0.022916666666666665 0.03425925925925926
0 0.659375 0.5185185185185185 0.022916666666666665 0.03425925925925926
0 0.571875 0.5185185185185185 0.022916666666666665 0.03425925925925926
0 0.4822916666666667 0.5203703703703704 0.022916666666666665 0.03425925925925926
0 0.3927083333333333 0.5203703703703704 0.022916666666666665 0.03425925925925926
0 0.30104166666666665 0.5217592592592593 0.022916666666666665 0.03425925925925926
0 0.209375 0.5217592592592593 0.022916666666666665 0.03425925925925926
0 0.7625 0.6277777777777778 0.022916666666666665 0.03425925925925926
0 0.671875 0.6277777777777778 0.022916666666666665 0.03425925925925926
0 0.5802083333333333 0.6291666666666667 0.022916666666666665 0.03425925925925926
0 0.4875 0.6310185185185185 0.022916666666666665 0.03425925925925926
0 0.3927083333333333 0.6324074074074074 0.022916666666666665 0.03425925925925926
0 0.29791666666666666 0.6337962962962963 0.022916666666666665 0.03425925925925926
0 0.20104166666666667 0.6337962962962963 0.022916666666666665 0.03425925925925926
0 0.7802083333333333 0.7462962962962963 0.022916666666666665 0.03425925925925926
0 0.6854166666666667 0.7476851851851852 0.022916666666666665 0.03425925925925926
0 0.5895833333333333 0.7490740740740741 0.022916666666666665 0.03425925925925926
0 0.49166666666666664 0.7523148148148148 0.022916666666666665 0.03425925925925926
0 0.39375 0.7537037037037037 0.022916666666666665 0.03425925925925926
0 0.29375 0.7555555555555555 0.022916666666666665 0.03425925925925926
0 0.19375 0.7587962962962963 0.022916666666666665 0.03425925925925926