0 0.7083333333333334 0.16342592592592592 0.022916666666666665 0.03425925925925926
0 0.6333333333333333 0.16203703703703703 0.022916666666666665 0.03425925925925926
0 0.5572916666666666 0.16203703703703703 0.022916666666666665 0.03425925925925926
0 0.48125 0.16064814814814815 0.022916666666666665 0.03425925925925926
0 0.403125 0.1587962962962963 0.022916666666666665 0.03425925925925926
0 0.325 0.1574074074074074 0.022916666666666665 0.03425925925925926
0 0.246875 0.15555555555555556 0.022916666666666665 0.03425925925925926
0 0.7197916666666667 0.24305555555555555 0.022916666666666665 0.03425925925925926
0 0.6416666666666667 0.2412037037037037 0.022916666666666665 0.03425925925925926
0 0.5635416666666667 0.2412037037037037 0.022916666666666665 0.03425925925925926
0 0.484375 0.23981481481481481 0.022916666666666665 0.03425925925925926
0 0.4041666666666667 0.23981481481481481 0.022916666666666665 0.03425925925925926
0 0.3229166666666667 0.23842592592592593 0.022916666666666665 0.03425925925925926
0 0.24166666666666667 0.23842592592592593 0.022916666666666665 0.03425925925925926
0 0.73125 0.3287037037037037 0.022916666666666665 0.03425925925925926
0 0.6510416666666666 0.32731481481481484 0.022916666666666665 0.03425925925925926
0 0.5697916666666667 0.32731481481481484 0.022916666666666665 0.03425925925925926
0 0.4875 0.32731481481481484 0.022916666666666665 0.03425925925925926
0 0.4041666666666667 0.32731481481481484 0.022916666666666665 0.03425925925925926
0 0.31979166666666664 0.32546296296296295 0.022916666666666665 0.03425925925925926
0 0.23541666666666666 0.32546296296296295 0.022916666666666665 0.03425925925925926
0 0.7447916666666666 0.4203703703703704 0.022916666666666665 0.03425925925925926
0 0.6614583333333334 0.4203703703703704 0.022916666666666665 0.03425925925925926
0 0.5770833333333333 0.4203703703703704 0.022916666666666665 0.03425925925925926
0 0.49166666666666664 0.4203703703703704 0.022916666666666665 0.03425925925925926
0 0.40520833333333334 0.4203703703703704 0.022916666666666665 0.03425925925925926
0 0.3177083333333333 0.4203703703703704 0.022916666666666665 0.03425925925925926
0 0.22916666666666666 0.4203703703703704 0.022916666666666665 0.03425925925925926
0 0.759375 0.5203703703703704 0.022916666666666665 0.03425925925925926
0 0.6729166666666667 0.5203703703703704 0.022916666666666665 0.03425925925925926
0 0.584375 0.5203703703703704 0.022916666666666665 0.03425925925925926
0 0.49583333333333335 0.5217592592592593 0.022916666666666665 0.03425925925925926
0 0.40520833333333334 0.5217592592592593 0.022916666666666665 0.03425925925925926
0 0.3145833333333333 0.5231481481481481 0.022916666666666665 0.03425925925925926
0 0.221875 0.5231481481481481 0.022916666666666665 0.03425925925925926
0 0.775 0.6277777777777778 0.022916666666666665 0.03425925925925926
0 0.684375 0.6291666666666667 0.022916666666666665 0.03425925925925926
0 0.5927083333333333 0.6310185185185185 0.022916666666666665 0.03425925925925926
0 0.5 0.6324074074074074 0.022916666666666665 0.03425925925925926
0 0.40625 0.6337962962962963 0.022916666666666665 0.03425925925925926
0 0.3104166666666667 0.6356481481481482 0.022916666666666665 0.03425925925925926
0 0.21458333333333332 0.6356481481481482 0.022916666666666665 0.03425925925925926
0 0.7927083333333333 0.7444444444444445 0.022916666666666665 0.03425925925925926
0 0.6979166666666666 0.7476851851851852 0.022916666666666665 0.03425925925925926
0 0.6020833333333333 0.7490740740740741 0.022916666666666665 0.03425925925925926
0 0.5052083333333334 0.7523148148148148 0.022916666666666665 0.03425925925925926
0 0.40625 0.7537037037037037 0.022916666666666665 0.03425925925925926
0 0.3072916666666667 0.7569444444444444 0.022916666666666665 0.03425925925925926
0 0.20625 0.7587962962962963 0.022916666666666665 0.03425925925925926