0 0.3333333333333333 0.6180555555555556 0.020833333333333332 0.027777777777777776
0 0.409375 0.6138888888888889 0.020833333333333332 0.027777777777777776
0 0.48541666666666666 0.6111111111111112 0.020833333333333332 0.027777777777777776
0 0.5604166666666667 0.6069444444444444 0.020833333333333332 0.027777777777777776
0 0.6354166666666666 0.6027777777777777 0.020833333333333332 0.027777777777777776
0 0.7104166666666667 0.5986111111111111 0.020833333333333332 0.027777777777777776
0 0.7854166666666667 0.5958333333333333 0.020833333333333332 0.027777777777777776
0 0.3385416666666667 0.5333333333333333 0.020833333333333332 0.027777777777777776
0 0.4114583333333333 0.5305555555555556 0.020833333333333332 0.027777777777777776
0 0.48333333333333334 0.5263888888888889 0.020833333333333332 0.027777777777777776
0 0.5552083333333333 0.5236111111111111 0.020833333333333332 0.027777777777777776
0 0.6270833333333333 0.5194444444444445 0.020833333333333332 0.027777777777777776
0 0.6979166666666666 0.5166666666666667 0.020833333333333332 0.027777777777777776
0 0.76875 0.5125 0.020833333333333332 0.027777777777777776
0 0.34375 0.45694444444444443 0.020833333333333332 0.027777777777777776
0 0.41354166666666664 0.4527777777777778 0.020833333333333332 0.027777777777777776
0 0.4822916666666667 0.45 0.020833333333333332 0.027777777777777776
0 0.5510416666666667 0.44722222222222224 0.020833333333333332 0.027777777777777776
0 0.61875 0.4444444444444444 0.020833333333333332 0.027777777777777776
0 0.6875 0.44027777777777777 0.020833333333333332 0.027777777777777776
0 0.7552083333333334 0.4375 0.020833333333333332 0.027777777777777776
0 0.3489583333333333 0.3861111111111111 0.020833333333333332 0.027777777777777776
0 0.415625 0.38333333333333336 0.020833333333333332 0.027777777777777776
0 0.48125 0.38055555555555554 0.020833333333333332 0.027777777777777776
0 0.546875 0.37777777777777777 0.020833333333333332 0.027777777777777776
0 0.6125 0.375 0.020833333333333332 0.027777777777777776
0 0.6770833333333334 0.37222222222222223 0.020833333333333332 0.027777777777777776
0 0.7416666666666667 0.36944444444444446 0.020833333333333332 0.027777777777777776
0 0.353125 0.32222222222222224 0.020833333333333332 0.027777777777777776
0 0.4166666666666667 0.3194444444444444 0.020833333333333332 0.027777777777777776
0 0.48020833333333335 0.31666666666666665 0.020833333333333332 0.027777777777777776
0 0.5427083333333333 0.3138888888888889 0.020833333333333332 0.027777777777777776
0 0.6052083333333333 0.3111111111111111 0.020833333333333332 0.027777777777777776
0 0.6677083333333333 0.30833333333333335 0.020833333333333332 0.027777777777777776
0 0.7302083333333333 0.30694444444444446 0.020833333333333332 0.027777777777777776
0 0.3572916666666667 0.2625 0.020833333333333332 0.027777777777777776
0 0.41875 0.25972222222222224 0.020833333333333332 0.027777777777777776
0 0.4791666666666667 0.25833333333333336 0.020833333333333332 0.027777777777777776
0 0.5395833333333333 0.25555555555555554 0.020833333333333332 0.027777777777777776
0 0.5989583333333334 0.25277777777777777 0.020833333333333332 0.027777777777777776
0 0.659375 0.2513888888888889 0.020833333333333332 0.027777777777777776
0 0.71875 0.24861111111111112 0.020833333333333332 0.027777777777777776
0 0.3614583333333333 0.20833333333333334 0.020833333333333332 0.027777777777777776
0 0.4197916666666667 0.20555555555555555 0.020833333333333332 0.027777777777777776
0 0.478125 0.20416666666666666 0.020833333333333332 0.027777777777777776
0 0.5364583333333334 0.2013888888888889 0.020833333333333332 0.027777777777777776
0 0.59375 0.2 0.020833333333333332 0.027777777777777776
0 0.6510416666666666 0.19722222222222222 0.020833333333333332 0.027777777777777776
0 0.7083333333333334 0.19444444444444445 0.020833333333333332 0.027777777777777776