0 0.7010416666666667 0.1875 0.025 0.03333333333333333
0 0.6354166666666666 0.1875 0.025 0.03333333333333333
0 0.5697916666666667 0.18888888888888888 0.025 0.03333333333333333
0 0.5041666666666667 0.18888888888888888 0.025 0.03333333333333333
0 0.43854166666666666 0.19027777777777777 0.025 0.03333333333333333
0 0.3729166666666667 0.19166666666666668 0.025 0.03333333333333333
0 0.30625 0.19166666666666668 0.025 0.03333333333333333
0 0.7125 0.24861111111111112 0.025 0.03333333333333333
0 0.64375 0.25 0.025 0.03333333333333333
0 0.575 0.2513888888888889 0.025 0.03333333333333333
0 0.50625 0.2513888888888889 0.025 0.03333333333333333
0 0.4375 0.25277777777777777 0.025 0.03333333333333333
0 0.36770833333333336 0.25416666666666665 0.025 0.03333333333333333
0 0.2989583333333333 0.25555555555555554 0.025 0.03333333333333333
0 0.7260416666666667 0.31805555555555554 0.025 0.03333333333333333
0 0.653125 0.31805555555555554 0.025 0.03333333333333333
0 0.58125 0.3194444444444444 0.025 0.03333333333333333
0 0.5083333333333333 0.32083333333333336 0.025 0.03333333333333333
0 0.4354166666666667 0.32222222222222224 0.025 0.03333333333333333
0 0.3625 0.3236111111111111 0.025 0.03333333333333333
0 0.28958333333333336 0.325 0.025 0.03333333333333333
0 0.7395833333333334 0.39305555555555555 0.025 0.03333333333333333
0 0.6635416666666667 0.39444444444444443 0.025 0.03333333333333333
0 0.5875 0.3958333333333333 0.025 0.03333333333333333
0 0.5114583333333333 0.3972222222222222 0.025 0.03333333333333333
0 0.434375 0.39861111111111114 0.025 0.03333333333333333
0 0.3572916666666667 0.4 0.025 0.03333333333333333
0 0.28020833333333334 0.4013888888888889 0.025 0.03333333333333333
0 0.7552083333333334 0.4777777777777778 0.025 0.03333333333333333
0 0.675 0.4791666666666667 0.025 0.03333333333333333
0 0.5947916666666667 0.48055555555555557 0.025 0.03333333333333333
0 0.5135416666666667 0.48333333333333334 0.025 0.03333333333333333
0 0.4322916666666667 0.4847222222222222 0.025 0.03333333333333333
0 0.35104166666666664 0.4861111111111111 0.025 0.03333333333333333
0 0.26979166666666665 0.4875 0.025 0.03333333333333333
0 0.7739583333333333 0.5736111111111111 0.025 0.03333333333333333
0 0.6885416666666667 0.575 0.025 0.03333333333333333
0 0.603125 0.5763888888888888 0.025 0.03333333333333333
0 0.5166666666666667 0.5791666666666667 0.025 0.03333333333333333
0 0.43020833333333336 0.5805555555555556 0.025 0.03333333333333333
0 0.34375 0.5819444444444445 0.025 0.03333333333333333
0 0.25729166666666664 0.5833333333333334 0.025 0.03333333333333333
0 0.79375 0.6805555555555556 0.025 0.03333333333333333
0 0.703125 0.6819444444444445 0.025 0.03333333333333333
0 0.6114583333333333 0.6847222222222222 0.025 0.03333333333333333
0 0.5197916666666667 0.6875 0.025 0.03333333333333333
0 0.428125 0.6888888888888889 0.025 0.03333333333333333
0 0.33645833333333336 0.6916666666666667 0.025 0.03333333333333333
0 0.24375 0.6930555555555555 0.025 0.03333333333333333