0 0.709375 0.16342592592592592 0.022916666666666665 0.03425925925925926
0 0.6333333333333333 0.16342592592592592 0.022916666666666665 0.03425925925925926
0 0.5572916666666666 0.16203703703703703 0.022916666666666665 0.03425925925925926
0 0.48125 0.16203703703703703 0.022916666666666665 0.03425925925925926
0 0.403125 0.16064814814814815 0.022916666666666665 0.03425925925925926
0 0.3260416666666667 0.16064814814814815 0.022916666666666665 0.03425925925925926
0 0.24791666666666667 0.16064814814814815 0.022916666666666665 0.03425925925925926
0 0.7208333333333333 0.24305555555555555 0.022916666666666665 0.03425925925925926
0 0.6427083333333333 0.24305555555555555 0.022916666666666665 0.03425925925925926
0 0.5635416666666667 0.2412037037037037 0.022916666666666665 0.03425925925925926
0 0.484375 0.2412037037037037 0.022916666666666665 0.03425925925925926
0 0.4041666666666667 0.2412037037037037 0.022916666666666665 0.03425925925925926
0 0.3229166666666667 0.2412037037037037 0.022916666666666665 0.03425925925925926
0 0.24166666666666667 0.23981481481481481 0.022916666666666665 0.03425925925925926
0 0.7333333333333333 0.3287037037037037 0.022916666666666665 0.03425925925925926
0 0.6520833333333333 0.32731481481481484 0.022916666666666665 0.03425925925925926
0 0.5697916666666667 0.32731481481481484 0.022916666666666665 0.03425925925925926
0 0.4875 0.32731481481481484 0.022916666666666665 0.03425925925925926
0 0.4041666666666667 0.32731481481481484 0.022916666666666665 0.03425925925925926
0 0.32083333333333336 0.32731481481481484 0.022916666666666665 0.03425925925925926
0 0.23541666666666666 0.32731481481481484 0.022916666666666665 0.03425925925925926
0 0.746875 0.4203703703703704 0.022916666666666665 0.03425925925925926
0 0.6625 0.4203703703703704 0.022916666666666665 0.03425925925925926
0 0.5770833333333333 0.4203703703703704 0.022916666666666665 0.03425925925925926
0 0.49166666666666664 0.4203703703703704 0.022916666666666665 0.03425925925925926
0 0.4041666666666667 0.4203703703703704 0.022916666666666665 0.03425925925925926
0 0.3177083333333333 0.4222222222222222 0.022916666666666665 0.03425925925925926
0 0.22916666666666666 0.4222222222222222 0.022916666666666665 0.03425925925925926
0 0.7614583333333333 0.5185185185185185 0.022916666666666665 0.03425925925925926
0 0.6729166666666667 0.5203703703703704 0.022916666666666665 0.03425925925925926
0 0.584375 0.5203703703703704 0.022916666666666665 0.03425925925925926
0 0.4947916666666667 0.5217592592592593 0.022916666666666665 0.03425925925925926
0 0.40520833333333334 0.5217592592592593 0.022916666666666665 0.03425925925925926
0 0.31354166666666666 0.5231481481481481 0.022916666666666665 0.03425925925925926
0 0.221875 0.525 0.022916666666666665 0.03425925925925926
0 0.7770833333333333 0.6277777777777778 0.022916666666666665 0.03425925925925926
0 0.6854166666666667 0.6291666666666667 0.022916666666666665 0.03425925925925926
0 0.5927083333333333 0.6310185185185185 0.022916666666666665 0.03425925925925926
0 0.5 0.6324074074074074 0.022916666666666665 0.03425925925925926
0 0.40520833333333334 0.6324074074074074 0.022916666666666665 0.03425925925925926
0 0.3104166666666667 0.6337962962962963 0.022916666666666665 0.03425925925925926
0 0.21458333333333332 0.6356481481481482 0.022916666666666665 0.03425925925925926
0 0.7947916666666667 0.7462962962962963 0.022916666666666665 0.03425925925925926
0 0.6989583333333333 0.7476851851851852 0.022916666666666665 0.03425925925925926
0 0.6020833333333333 0.7490740740740741 0.022916666666666665 0.03425925925925926
0 0.5041666666666667 0.7523148148148148 0.022916666666666665 0.03425925925925926
0 0.40625 0.7537037037037037 0.022916666666666665 0.03425925925925926
0 0.30625 0.7555555555555555 0.022916666666666665 0.03425925925925926
0 0.20625 0.7569444444444444 0.022916666666666665 0.03425925925925926