0 0.7552083333333334 0.20925925925925926 0.035416666666666666 0.03518518518518519
0 0.678125 0.21157407407407408 0.035416666666666666 0.03518518518518519
0 0.6010416666666667 0.21342592592592594 0.035416666666666666 0.03518518518518519
0 0.525 0.21574074074074073 0.035416666666666666 0.03518518518518519
0 0.4479166666666667 0.2175925925925926 0.035416666666666666 0.03518518518518519
0 0.371875 0.2199074074074074 0.035416666666666666 0.03518518518518519
0 0.2947916666666667 0.22175925925925927 0.035416666666666666 0.03518518518518519
0 0.7666666666666667 0.2625 0.035416666666666666 0.03518518518518519
0 0.6864583333333333 0.26481481481481484 0.035416666666666666 0.03518518518518519
0 0.60625 0.26666666666666666 0.035416666666666666 0.03518518518518519
0 0.5260416666666666 0.26851851851851855 0.035416666666666666 0.03518518518518519
0 0.446875 0.27175925925925926 0.035416666666666666 0.03518518518518519
0 0.36666666666666664 0.2740740740740741 0.035416666666666666 0.03518518518518519
0 0.2875 0.2759259259259259 0.035416666666666666 0.03518518518518519
0 0.7791666666666667 0.32083333333333336 0.035416666666666666 0.03518518518518519
0 0.6947916666666667 0.32314814814814813 0.035416666666666666 0.03518518518518519
0 0.6114583333333333 0.325 0.035416666666666666 0.03518518518518519
0 0.528125 0.32685185185185184 0.035416666666666666 0.03518518518518519
0 0.44479166666666664 0.32916666666666666 0.035416666666666666 0.03518518518518519
0 0.3614583333333333 0.33240740740740743 0.035416666666666666 0.03518518518518519
0 0.2791666666666667 0.33425925925925926 0.035416666666666666 0.03518518518518519
0 0.7916666666666666 0.38333333333333336 0.035416666666666666 0.03518518518518519
0 0.7041666666666667 0.38657407407407407 0.035416666666666666 0.03518518518518519
0 0.6166666666666667 0.38842592592592595 0.035416666666666666 0.03518518518518519
0 0.5302083333333333 0.3907407407407407 0.035416666666666666 0.03518518518518519
0 0.4427083333333333 0.3925925925925926 0.035416666666666666 0.03518518518518519
0 0.35625 0.39490740740740743 0.035416666666666666 0.03518518518518519
0 0.26979166666666665 0.39814814814814814 0.035416666666666666 0.03518518518518519
0 0.80625 0.4532407407407407 0.035416666666666666 0.03518518518518519
0 0.7145833333333333 0.4550925925925926 0.035416666666666666 0.03518518518518519
0 0.6239583333333333 0.45740740740740743 0.035416666666666666 0.03518518518518519
0 0.5322916666666667 0.4601851851851852 0.035416666666666666 0.03518518518518519
0 0.440625 0.4625 0.035416666666666666 0.03518518518518519
0 0.35 0.4648148148148148 0.035416666666666666 0.03518518518518519
0 0.259375 0.4666666666666667 0.035416666666666666 0.03518518518518519
0 0.8229166666666666 0.5291666666666667 0.035416666666666666 0.03518518518518519
0 0.7260416666666667 0.5314814814814814 0.035416666666666666 0.03518518518518519
0 0.6302083333333334 0.5333333333333333 0.035416666666666666 0.03518518518518519
0 0.534375 0.5365740740740741 0.035416666666666666 0.03518518518518519
0 0.43854166666666666 0.538425925925926 0.035416666666666666 0.03518518518518519
0 0.34375 0.5407407407407407 0.035416666666666666 0.03518518518518519
0 0.24791666666666667 0.5425925925925926 0.035416666666666666 0.03518518518518519
0 0.840625 0.6125 0.035416666666666666 0.03518518518518519
0 0.7395833333333334 0.6157407407407407 0.035416666666666666 0.03518518518518519
0 0.6375 0.6175925925925926 0.035416666666666666 0.03518518518518519
0 0.5375 0.6199074074074075 0.035416666666666666 0.03518518518518519
0 0.43645833333333334 0.6231481481481481 0.035416666666666666 0.03518518518518519
0 0.33645833333333336 0.625 0.035416666666666666 0.03518518518518519
0 0.23645833333333333 0.6268518518518519 0.035416666666666666 0.03518518518518519