0 0.7447916666666666 0.23425925925925925 0.035416666666666666 0.03518518518518519
0 0.6697916666666667 0.23333333333333334 0.035416666666666666 0.03518518518518519
0 0.59375 0.2324074074074074 0.035416666666666666 0.03518518518518519
0 0.51875 0.23148148148148148 0.035416666666666666 0.03518518518518519
0 0.4427083333333333 0.2300925925925926 0.035416666666666666 0.03518518518518519
0 0.36770833333333336 0.22824074074074074 0.035416666666666666 0.03518518518518519
0 0.29270833333333335 0.22685185185185186 0.035416666666666666 0.03518518518518519
0 0.75625 0.2884259259259259 0.035416666666666666 0.03518518518518519
0 0.6770833333333334 0.2875 0.035416666666666666 0.03518518518518519
0 0.5989583333333334 0.2851851851851852 0.035416666666666666 0.03518518518518519
0 0.5197916666666667 0.28425925925925927 0.035416666666666666 0.03518518518518519
0 0.44166666666666665 0.2833333333333333 0.035416666666666666 0.03518518518518519
0 0.36354166666666665 0.2814814814814815 0.035416666666666666 0.03518518518518519
0 0.284375 0.2800925925925926 0.035416666666666666 0.03518518518518519
0 0.7677083333333333 0.34675925925925927 0.035416666666666666 0.03518518518518519
0 0.6864583333333333 0.3449074074074074 0.035416666666666666 0.03518518518518519
0 0.6041666666666666 0.3435185185185185 0.035416666666666666 0.03518518518518519
0 0.521875 0.3425925925925926 0.035416666666666666 0.03518518518518519
0 0.440625 0.34074074074074073 0.035416666666666666 0.03518518518518519
0 0.35833333333333334 0.3398148148148148 0.035416666666666666 0.03518518518518519
0 0.2760416666666667 0.3384259259259259 0.035416666666666666 0.03518518518518519
0 0.78125 0.40925925925925927 0.035416666666666666 0.03518518518518519
0 0.6958333333333333 0.4083333333333333 0.035416666666666666 0.03518518518518519
0 0.609375 0.4074074074074074 0.035416666666666666 0.03518518518518519
0 0.5239583333333333 0.4050925925925926 0.035416666666666666 0.03518518518518519
0 0.43854166666666666 0.4041666666666667 0.035416666666666666 0.03518518518518519
0 0.353125 0.40185185185185185 0.035416666666666666 0.03518518518518519
0 0.2677083333333333 0.4009259259259259 0.035416666666666666 0.03518518518518519
0 0.7947916666666667 0.4791666666666667 0.035416666666666666 0.03518518518518519
0 0.7052083333333333 0.47824074074074074 0.035416666666666666 0.03518518518518519
0 0.615625 0.4759259259259259 0.035416666666666666 0.03518518518518519
0 0.5260416666666666 0.475 0.035416666666666666 0.03518518518518519
0 0.43645833333333334 0.47314814814814815 0.035416666666666666 0.03518518518518519
0 0.346875 0.4708333333333333 0.035416666666666666 0.03518518518518519
0 0.25729166666666664 0.4699074074074074 0.035416666666666666 0.03518518518518519
0 0.8104166666666667 0.5550925925925926 0.035416666666666666 0.03518518518518519
0 0.7166666666666667 0.5541666666666667 0.035416666666666666 0.03518518518518519
0 0.6229166666666667 0.5518518518518518 0.035416666666666666 0.03518518518518519
0 0.528125 0.55 0.035416666666666666 0.03518518518518519
0 0.434375 0.549074074074074 0.035416666666666666 0.03518518518518519
0 0.340625 0.5467592592592593 0.035416666666666666 0.03518518518518519
0 0.246875 0.5458333333333333 0.035416666666666666 0.03518518518518519
0 0.828125 0.6398148148148148 0.035416666666666666 0.03518518518518519
0 0.7291666666666666 0.6375 0.035416666666666666 0.03518518518518519
0 0.6302083333333334 0.6351851851851852 0.035416666666666666 0.03518518518518519
0 0.53125 0.6342592592592593 0.035416666666666666 0.03518518518518519
0 0.4322916666666667 0.6324074074074074 0.035416666666666666 0.03518518518518519
0 0.3333333333333333 0.6300925925925925 0.035416666666666666 0.03518518518518519
0 0.234375 0.6291666666666667 0.035416666666666666 0.03518518518518519