0 0.28125 0.6708333333333333 0.020833333333333332 0.027777777777777776
0 0.35833333333333334 0.6680555555555555 0.020833333333333332 0.027777777777777776
0 0.4375 0.6652777777777777 0.020833333333333332 0.027777777777777776
0 0.5177083333333333 0.6625 0.020833333333333332 0.027777777777777776
0 0.6 0.6597222222222222 0.020833333333333332 0.027777777777777776
0 0.6833333333333333 0.6569444444444444 0.020833333333333332 0.027777777777777776
0 0.76875 0.6541666666666667 0.020833333333333332 0.027777777777777776
0 0.2916666666666667 0.5791666666666667 0.020833333333333332 0.027777777777777776
0 0.365625 0.5763888888888888 0.020833333333333332 0.027777777777777776
0 0.44166666666666665 0.5722222222222222 0.020833333333333332 0.027777777777777776
0 0.5177083333333333 0.5694444444444444 0.020833333333333332 0.027777777777777776
0 0.5958333333333333 0.5652777777777778 0.020833333333333332 0.027777777777777776
0 0.675 0.5625 0.020833333333333332 0.027777777777777776
0 0.7552083333333334 0.5583333333333333 0.020833333333333332 0.027777777777777776
0 0.3020833333333333 0.49583333333333335 0.020833333333333332 0.027777777777777776
0 0.3729166666666667 0.49166666666666664 0.020833333333333332 0.027777777777777776
0 0.44479166666666664 0.4888888888888889 0.020833333333333332 0.027777777777777776
0 0.5177083333333333 0.4847222222222222 0.020833333333333332 0.027777777777777776
0 0.5916666666666667 0.48055555555555557 0.020833333333333332 0.027777777777777776
0 0.6677083333333333 0.47638888888888886 0.020833333333333332 0.027777777777777776
0 0.74375 0.4722222222222222 0.020833333333333332 0.027777777777777776
0 0.31145833333333334 0.42083333333333334 0.020833333333333332 0.027777777777777776
0 0.37916666666666665 0.4152777777777778 0.020833333333333332 0.027777777777777776
0 0.4479166666666667 0.4111111111111111 0.020833333333333332 0.027777777777777776
0 0.5177083333333333 0.40694444444444444 0.020833333333333332 0.027777777777777776
0 0.5885416666666666 0.4027777777777778 0.020833333333333332 0.027777777777777776
0 0.6604166666666667 0.39861111111111114 0.020833333333333332 0.027777777777777776
0 0.7333333333333333 0.39305555555555555 0.020833333333333332 0.027777777777777776
0 0.31979166666666664 0.35 0.020833333333333332 0.027777777777777776
0 0.384375 0.3458333333333333 0.020833333333333332 0.027777777777777776
0 0.45 0.3416666666666667 0.020833333333333332 0.027777777777777776
0 0.5177083333333333 0.33611111111111114 0.020833333333333332 0.027777777777777776
0 0.5854166666666667 0.33194444444444443 0.020833333333333332 0.027777777777777776
0 0.6541666666666667 0.3263888888888889 0.020833333333333332 0.027777777777777776
0 0.7239583333333334 0.32083333333333336 0.020833333333333332 0.027777777777777776
0 0.32708333333333334 0.2861111111111111 0.020833333333333332 0.027777777777777776
0 0.38958333333333334 0.28194444444444444 0.020833333333333332 0.027777777777777776
0 0.453125 0.2763888888888889 0.020833333333333332 0.027777777777777776
0 0.5166666666666667 0.2708333333333333 0.020833333333333332 0.027777777777777776
0 0.5822916666666667 0.26666666666666666 0.020833333333333332 0.027777777777777776
0 0.6479166666666667 0.2611111111111111 0.020833333333333332 0.027777777777777776
0 0.7145833333333333 0.25555555555555554 0.020833333333333332 0.027777777777777776
0 0.334375 0.22777777777777777 0.020833333333333332 0.027777777777777776
0 0.39479166666666665 0.2222222222222222 0.020833333333333332 0.027777777777777776
0 0.4552083333333333 0.21666666666666667 0.020833333333333332 0.027777777777777776
0 0.5166666666666667 0.2111111111111111 0.020833333333333332 0.027777777777777776
0 0.5791666666666667 0.20555555555555555 0.020833333333333332 0.027777777777777776
0 0.6427083333333333 0.2013888888888889 0.020833333333333332 0.027777777777777776
0 0.7072916666666667 0.19583333333333333 0.020833333333333332 0.027777777777777776