0 0.6947916666666667 0.1574074074074074 0.022916666666666665 0.03425925925925926
0 0.6197916666666666 0.1574074074074074 0.022916666666666665 0.03425925925925926
0 0.54375 0.15555555555555556 0.022916666666666665 0.03425925925925926
0 0.4666666666666667 0.15555555555555556 0.022916666666666665 0.03425925925925926
0 0.38958333333333334 0.15416666666666667 0.022916666666666665 0.03425925925925926
0 0.31145833333333334 0.15416666666666667 0.022916666666666665 0.03425925925925926
0 0.23333333333333334 0.15416666666666667 0.022916666666666665 0.03425925925925926
0 0.70625 0.23657407407407408 0.022916666666666665 0.03425925925925926
0 0.628125 0.23657407407407408 0.022916666666666665 0.03425925925925926
0 0.55 0.23657407407407408 0.022916666666666665 0.03425925925925926
0 0.46979166666666666 0.2351851851851852 0.022916666666666665 0.03425925925925926
0 0.390625 0.2351851851851852 0.022916666666666665 0.03425925925925926
0 0.309375 0.2351851851851852 0.022916666666666665 0.03425925925925926
0 0.228125 0.2351851851851852 0.022916666666666665 0.03425925925925926
0 0.71875 0.32222222222222224 0.022916666666666665 0.03425925925925926
0 0.6375 0.32222222222222224 0.022916666666666665 0.03425925925925926
0 0.55625 0.32222222222222224 0.022916666666666665 0.03425925925925926
0 0.4739583333333333 0.32222222222222224 0.022916666666666665 0.03425925925925926
0 0.390625 0.32222222222222224 0.022916666666666665 0.03425925925925926
0 0.30625 0.32222222222222224 0.022916666666666665 0.03425925925925926
0 0.221875 0.32222222222222224 0.022916666666666665 0.03425925925925926
0 0.7322916666666667 0.41435185185185186 0.022916666666666665 0.03425925925925926
0 0.6479166666666667 0.41574074074074074 0.022916666666666665 0.03425925925925926
0 0.5635416666666667 0.41574074074074074 0.022916666666666665 0.03425925925925926
0 0.47708333333333336 0.41574074074074074 0.022916666666666665 0.03425925925925926
0 0.390625 0.41759259259259257 0.022916666666666665 0.03425925925925926
0 0.30416666666666664 0.41759259259259257 0.022916666666666665 0.03425925925925926
0 0.215625 0.41759259259259257 0.022916666666666665 0.03425925925925926
0 0.746875 0.5138888888888888 0.022916666666666665 0.03425925925925926
0 0.659375 0.5157407407407407 0.022916666666666665 0.03425925925925926
0 0.5708333333333333 0.5171296296296296 0.022916666666666665 0.03425925925925926
0 0.48125 0.5171296296296296 0.022916666666666665 0.03425925925925926
0 0.39166666666666666 0.5185185185185185 0.022916666666666665 0.03425925925925926
0 0.30104166666666665 0.5203703703703704 0.022916666666666665 0.03425925925925926
0 0.20833333333333334 0.5217592592592593 0.022916666666666665 0.03425925925925926
0 0.7625 0.6231481481481481 0.022916666666666665 0.03425925925925926
0 0.671875 0.624537037037037 0.022916666666666665 0.03425925925925926
0 0.5791666666666667 0.6263888888888889 0.022916666666666665 0.03425925925925926
0 0.4864583333333333 0.6277777777777778 0.022916666666666665 0.03425925925925926
0 0.39166666666666666 0.6291666666666667 0.022916666666666665 0.03425925925925926
0 0.296875 0.6324074074074074 0.022916666666666665 0.03425925925925926
0 0.20104166666666667 0.6337962962962963 0.022916666666666665 0.03425925925925926
0 0.7802083333333333 0.7412037037037037 0.022916666666666665 0.03425925925925926
0 0.684375 0.7444444444444445 0.022916666666666665 0.03425925925925926
0 0.5885416666666666 0.7462962962962963 0.022916666666666665 0.03425925925925926
0 0.490625 0.7490740740740741 0.022916666666666665 0.03425925925925926
0 0.3927083333333333 0.7509259259259259 0.022916666666666665 0.03425925925925926
0 0.29375 0.7537037037037037 0.022916666666666665 0.03425925925925926
0 0.19270833333333334 0.7569444444444444 0.022916666666666665 0.03425925925925926