0 0.7708333333333334 0.21342592592592594 0.0375 0.0375
0 0.6885416666666667 0.21342592592592594 0.0375 0.0375
0 0.6072916666666667 0.21481481481481482 0.0375 0.0375
0 0.5260416666666666 0.21481481481481482 0.0375 0.0375
0 0.44479166666666664 0.21574074074074073 0.0375 0.0375
0 0.36354166666666665 0.21574074074074073 0.0375 0.0375
0 0.2833333333333333 0.21574074074074073 0.0375 0.0375
0 0.7791666666666667 0.2708333333333333 0.0375 0.0375
0 0.6947916666666667 0.2708333333333333 0.0375 0.0375
0 0.609375 0.27175925925925926 0.0375 0.0375
0 0.525 0.27175925925925926 0.0375 0.0375
0 0.440625 0.27314814814814814 0.0375 0.0375
0 0.35625 0.27314814814814814 0.0375 0.0375
0 0.271875 0.2740740740740741 0.0375 0.0375
0 0.7895833333333333 0.3333333333333333 0.0375 0.0375
0 0.7010416666666667 0.3333333333333333 0.0375 0.0375
0 0.6125 0.33425925925925926 0.0375 0.0375
0 0.5239583333333333 0.33425925925925926 0.0375 0.0375
0 0.43645833333333334 0.3351851851851852 0.0375 0.0375
0 0.34791666666666665 0.3351851851851852 0.0375 0.0375
0 0.2604166666666667 0.3351851851851852 0.0375 0.0375
0 0.8 0.4009259259259259 0.0375 0.0375
0 0.7072916666666667 0.40185185185185185 0.0375 0.0375
0 0.615625 0.40185185185185185 0.0375 0.0375
0 0.5229166666666667 0.40324074074074073 0.0375 0.0375
0 0.43125 0.40324074074074073 0.0375 0.0375
0 0.3385416666666667 0.40324074074074073 0.0375 0.0375
0 0.246875 0.4041666666666667 0.0375 0.0375
0 0.8114583333333333 0.4759259259259259 0.0375 0.0375
0 0.7145833333333333 0.4759259259259259 0.0375 0.0375
0 0.6177083333333333 0.47685185185185186 0.0375 0.0375
0 0.521875 0.47685185185185186 0.0375 0.0375
0 0.425 0.47685185185185186 0.0375 0.0375
0 0.32916666666666666 0.47824074074074074 0.0375 0.0375
0 0.23333333333333334 0.47824074074074074 0.0375 0.0375
0 0.825 0.5574074074074075 0.0375 0.0375
0 0.7229166666666667 0.5583333333333333 0.0375 0.0375
0 0.621875 0.5583333333333333 0.0375 0.0375
0 0.5197916666666667 0.5583333333333333 0.0375 0.0375
0 0.41875 0.5592592592592592 0.0375 0.0375
0 0.3177083333333333 0.5592592592592592 0.0375 0.0375
0 0.21770833333333334 0.5592592592592592 0.0375 0.0375
0 0.8385416666666666 0.6481481481481481 0.0375 0.0375
0 0.7322916666666667 0.6481481481481481 0.0375 0.0375
0 0.625 0.649074074074074 0.0375 0.0375
0 0.51875 0.649074074074074 0.0375 0.0375
0 0.4125 0.649074074074074 0.0375 0.0375
0 0.30625 0.65 0.0375 0.0375
0 0.2 0.65 0.0375 0.0375