0 0.6927083333333334 0.1527777777777778 0.022916666666666665 0.03425925925925926
0 0.6177083333333333 0.1527777777777778 0.022916666666666665 0.03425925925925926
0 0.5416666666666666 0.15092592592592594 0.022916666666666665 0.03425925925925926
0 0.465625 0.15092592592592594 0.022916666666666665 0.03425925925925926
0 0.3885416666666667 0.15092592592592594 0.022916666666666665 0.03425925925925926
0 0.3104166666666667 0.14953703703703702 0.022916666666666665 0.03425925925925926
0 0.23229166666666667 0.14953703703703702 0.022916666666666665 0.03425925925925926
0 0.7041666666666667 0.23194444444444445 0.022916666666666665 0.03425925925925926
0 0.6270833333333333 0.23194444444444445 0.022916666666666665 0.03425925925925926
0 0.5479166666666667 0.23194444444444445 0.022916666666666665 0.03425925925925926
0 0.46979166666666666 0.23194444444444445 0.022916666666666665 0.03425925925925926
0 0.38958333333333334 0.23194444444444445 0.022916666666666665 0.03425925925925926
0 0.30833333333333335 0.23194444444444445 0.022916666666666665 0.03425925925925926
0 0.22708333333333333 0.23194444444444445 0.022916666666666665 0.03425925925925926
0 0.7166666666666667 0.3194444444444444 0.022916666666666665 0.03425925925925926
0 0.6364583333333333 0.3194444444444444 0.022916666666666665 0.03425925925925926
0 0.5552083333333333 0.3194444444444444 0.022916666666666665 0.03425925925925926
0 0.47291666666666665 0.3194444444444444 0.022916666666666665 0.03425925925925926
0 0.390625 0.3194444444444444 0.022916666666666665 0.03425925925925926
0 0.30625 0.3194444444444444 0.022916666666666665 0.03425925925925926
0 0.221875 0.32083333333333336 0.022916666666666665 0.03425925925925926
0 0.73125 0.4111111111111111 0.022916666666666665 0.03425925925925926
0 0.6479166666666667 0.412962962962963 0.022916666666666665 0.03425925925925926
0 0.5635416666666667 0.412962962962963 0.022916666666666665 0.03425925925925926
0 0.478125 0.41435185185185186 0.022916666666666665 0.03425925925925926
0 0.39166666666666666 0.41435185185185186 0.022916666666666665 0.03425925925925926
0 0.30416666666666664 0.41574074074074074 0.022916666666666665 0.03425925925925926
0 0.215625 0.41574074074074074 0.022916666666666665 0.03425925925925926
0 0.7458333333333333 0.5125 0.022916666666666665 0.03425925925925926
0 0.659375 0.5125 0.022916666666666665 0.03425925925925926
0 0.5708333333333333 0.5138888888888888 0.022916666666666665 0.03425925925925926
0 0.4822916666666667 0.5157407407407407 0.022916666666666665 0.03425925925925926
0 0.3927083333333333 0.5171296296296296 0.022916666666666665 0.03425925925925926
0 0.3020833333333333 0.5185185185185185 0.022916666666666665 0.03425925925925926
0 0.209375 0.5203703703703704 0.022916666666666665 0.03425925925925926
0 0.7625 0.6212962962962963 0.022916666666666665 0.03425925925925926
0 0.671875 0.6231481481481481 0.022916666666666665 0.03425925925925926
0 0.5802083333333333 0.624537037037037 0.022916666666666665 0.03425925925925926
0 0.4875 0.6263888888888889 0.022916666666666665 0.03425925925925926
0 0.39375 0.6291666666666667 0.022916666666666665 0.03425925925925926
0 0.2989583333333333 0.6310185185185185 0.022916666666666665 0.03425925925925926
0 0.203125 0.6337962962962963 0.022916666666666665 0.03425925925925926
0 0.7802083333333333 0.7398148148148148 0.022916666666666665 0.03425925925925926
0 0.6854166666666667 0.7430555555555556 0.022916666666666665 0.03425925925925926
0 0.5895833333333333 0.7444444444444445 0.022916666666666665 0.03425925925925926
0 0.49270833333333336 0.7476851851851852 0.022916666666666665 0.03425925925925926
0 0.39479166666666665 0.7509259259259259 0.022916666666666665 0.03425925925925926
0 0.29583333333333334 0.7537037037037037 0.022916666666666665 0.03425925925925926
0 0.19479166666666667 0.7569444444444444 0.022916666666666665 0.03425925925925926