0 0.6833333333333333 0.1527777777777778 0.025 0.03333333333333333
0 0.6145833333333334 0.15694444444444444 0.025 0.03333333333333333
0 0.5447916666666667 0.16111111111111112 0.025 0.03333333333333333
0 0.47604166666666664 0.16527777777777777 0.025 0.03333333333333333
0 0.40729166666666666 0.16944444444444445 0.025 0.03333333333333333
0 0.3385416666666667 0.1736111111111111 0.025 0.03333333333333333
0 0.26979166666666665 0.17777777777777778 0.025 0.03333333333333333
0 0.6947916666666667 0.21944444444444444 0.025 0.03333333333333333
0 0.6229166666666667 0.22361111111111112 0.025 0.03333333333333333
0 0.55 0.22777777777777777 0.025 0.03333333333333333
0 0.47708333333333336 0.23194444444444445 0.025 0.03333333333333333
0 0.40520833333333334 0.2361111111111111 0.025 0.03333333333333333
0 0.3333333333333333 0.24027777777777778 0.025 0.03333333333333333
0 0.26145833333333335 0.24444444444444444 0.025 0.03333333333333333
0 0.7083333333333334 0.2916666666666667 0.025 0.03333333333333333
0 0.63125 0.29583333333333334 0.025 0.03333333333333333
0 0.5552083333333333 0.3013888888888889 0.025 0.03333333333333333
0 0.4791666666666667 0.3055555555555556 0.025 0.03333333333333333
0 0.4041666666666667 0.30972222222222223 0.025 0.03333333333333333
0 0.328125 0.3138888888888889 0.025 0.03333333333333333
0 0.2520833333333333 0.31805555555555554 0.025 0.03333333333333333
0 0.721875 0.37222222222222223 0.025 0.03333333333333333
0 0.6416666666666667 0.37777777777777777 0.025 0.03333333333333333
0 0.5614583333333333 0.3819444444444444 0.025 0.03333333333333333
0 0.48125 0.3861111111111111 0.025 0.03333333333333333
0 0.40208333333333335 0.3902777777777778 0.025 0.03333333333333333
0 0.321875 0.3958333333333333 0.025 0.03333333333333333
0 0.24270833333333333 0.4 0.025 0.03333333333333333
0 0.7375 0.4625 0.025 0.03333333333333333
0 0.653125 0.4666666666666667 0.025 0.03333333333333333
0 0.56875 0.4722222222222222 0.025 0.03333333333333333
0 0.484375 0.47638888888888886 0.025 0.03333333333333333
0 0.4 0.48055555555555557 0.025 0.03333333333333333
0 0.315625 0.4861111111111111 0.025 0.03333333333333333
0 0.23229166666666667 0.49027777777777776 0.025 0.03333333333333333
0 0.7552083333333334 0.5625 0.025 0.03333333333333333
0 0.665625 0.5680555555555555 0.025 0.03333333333333333
0 0.5760416666666667 0.5722222222222222 0.025 0.03333333333333333
0 0.4864583333333333 0.5777777777777777 0.025 0.03333333333333333
0 0.39791666666666664 0.5819444444444445 0.025 0.03333333333333333
0 0.30833333333333335 0.5861111111111111 0.025 0.03333333333333333
0 0.21979166666666666 0.5916666666666667 0.025 0.03333333333333333
0 0.775 0.675 0.025 0.03333333333333333
0 0.6802083333333333 0.6805555555555556 0.025 0.03333333333333333
0 0.584375 0.6861111111111111 0.025 0.03333333333333333
0 0.4895833333333333 0.6902777777777778 0.025 0.03333333333333333
0 0.39479166666666665 0.6958333333333333 0.025 0.03333333333333333
0 0.30104166666666665 0.7 0.025 0.03333333333333333
0 0.20625 0.7055555555555556 0.025 0.03333333333333333