0 0.234375 0.7166666666666667 0.029166666666666667 0.029166666666666667
0 0.31979166666666664 0.7148148148148148 0.029166666666666667 0.029166666666666667
0 0.4041666666666667 0.7134259259259259 0.029166666666666667 0.029166666666666667
0 0.48854166666666665 0.7125 0.029166666666666667 0.029166666666666667
0 0.571875 0.711574074074074 0.029166666666666667 0.029166666666666667
0 0.65625 0.7092592592592593 0.029166666666666667 0.029166666666666667
0 0.7395833333333334 0.7083333333333334 0.029166666666666667 0.029166666666666667
0 0.24270833333333333 0.6291666666666667 0.029166666666666667 0.029166666666666667
0 0.32395833333333335 0.6282407407407408 0.029166666666666667 0.029166666666666667
0 0.40625 0.6268518518518519 0.029166666666666667 0.029166666666666667
0 0.4875 0.6259259259259259 0.029166666666666667 0.029166666666666667
0 0.56875 0.625 0.029166666666666667 0.029166666666666667
0 0.65 0.6240740740740741 0.029166666666666667 0.029166666666666667
0 0.73125 0.6231481481481481 0.029166666666666667 0.029166666666666667
0 0.25 0.5481481481481482 0.029166666666666667 0.029166666666666667
0 0.32916666666666666 0.5481481481481482 0.029166666666666667 0.029166666666666667
0 0.4083333333333333 0.5467592592592593 0.029166666666666667 0.029166666666666667
0 0.4875 0.5458333333333333 0.029166666666666667 0.029166666666666667
0 0.5666666666666667 0.5449074074074074 0.029166666666666667 0.029166666666666667
0 0.6447916666666667 0.5435185185185185 0.029166666666666667 0.029166666666666667
0 0.7229166666666667 0.5425925925925926 0.029166666666666667 0.029166666666666667
0 0.25625 0.47175925925925927 0.029166666666666667 0.029166666666666667
0 0.3333333333333333 0.47175925925925927 0.029166666666666667 0.029166666666666667
0 0.41041666666666665 0.4708333333333333 0.029166666666666667 0.029166666666666667
0 0.4875 0.4699074074074074 0.029166666666666667 0.029166666666666667
0 0.5635416666666667 0.4699074074074074 0.029166666666666667 0.029166666666666667
0 0.6395833333333333 0.4685185185185185 0.029166666666666667 0.029166666666666667
0 0.715625 0.4675925925925926 0.029166666666666667 0.029166666666666667
0 0.2635416666666667 0.4009259259259259 0.029166666666666667 0.029166666666666667
0 0.3375 0.4 0.029166666666666667 0.029166666666666667
0 0.4125 0.3990740740740741 0.029166666666666667 0.029166666666666667
0 0.4864583333333333 0.3990740740740741 0.029166666666666667 0.029166666666666667
0 0.5604166666666667 0.39814814814814814 0.029166666666666667 0.029166666666666667
0 0.634375 0.39814814814814814 0.029166666666666667 0.029166666666666667
0 0.7083333333333334 0.39675925925925926 0.029166666666666667 0.029166666666666667
0 0.26875 0.3333333333333333 0.029166666666666667 0.029166666666666667
0 0.3416666666666667 0.33240740740740743 0.029166666666666667 0.029166666666666667
0 0.41458333333333336 0.33240740740740743 0.029166666666666667 0.029166666666666667
0 0.4864583333333333 0.33240740740740743 0.029166666666666667 0.029166666666666667
0 0.5583333333333333 0.3314814814814815 0.029166666666666667 0.029166666666666667
0 0.6302083333333334 0.3314814814814815 0.029166666666666667 0.029166666666666667
0 0.7010416666666667 0.3300925925925926 0.029166666666666667 0.029166666666666667
0 0.275 0.26990740740740743 0.029166666666666667 0.029166666666666667
0 0.3458333333333333 0.26851851851851855 0.029166666666666667 0.029166666666666667
0 0.415625 0.26851851851851855 0.029166666666666667 0.029166666666666667
0 0.4864583333333333 0.26851851851851855 0.029166666666666667 0.029166666666666667
0 0.55625 0.2675925925925926 0.029166666666666667 0.029166666666666667
0 0.6260416666666667 0.2675925925925926 0.029166666666666667 0.029166666666666667
0 0.6947916666666667 0.2675925925925926 0.029166666666666667 0.029166666666666667