0 0.7 0.12916666666666668 0.022916666666666665 0.03425925925925926
0 0.625 0.12777777777777777 0.022916666666666665 0.03425925925925926
0 0.55 0.12638888888888888 0.022916666666666665 0.03425925925925926
0 0.4739583333333333 0.12638888888888888 0.022916666666666665 0.03425925925925926
0 0.39791666666666664 0.12453703703703704 0.022916666666666665 0.03425925925925926
0 0.321875 0.12314814814814815 0.022916666666666665 0.03425925925925926
0 0.24583333333333332 0.12129629629629629 0.022916666666666665 0.03425925925925926
0 0.7104166666666667 0.20694444444444443 0.022916666666666665 0.03425925925925926
0 0.6322916666666667 0.20555555555555555 0.022916666666666665 0.03425925925925926
0 0.5552083333333333 0.20416666666666666 0.022916666666666665 0.03425925925925926
0 0.47604166666666664 0.20416666666666666 0.022916666666666665 0.03425925925925926
0 0.39791666666666664 0.2023148148148148 0.022916666666666665 0.03425925925925926
0 0.31875 0.20092592592592592 0.022916666666666665 0.03425925925925926
0 0.23958333333333334 0.20092592592592592 0.022916666666666665 0.03425925925925926
0 0.721875 0.2898148148148148 0.022916666666666665 0.03425925925925926
0 0.640625 0.2898148148148148 0.022916666666666665 0.03425925925925926
0 0.5604166666666667 0.287962962962963 0.022916666666666665 0.03425925925925926
0 0.4791666666666667 0.2865740740740741 0.022916666666666665 0.03425925925925926
0 0.39791666666666664 0.2865740740740741 0.022916666666666665 0.03425925925925926
0 0.315625 0.2851851851851852 0.022916666666666665 0.03425925925925926
0 0.23333333333333334 0.2851851851851852 0.022916666666666665 0.03425925925925926
0 0.7333333333333333 0.3800925925925926 0.022916666666666665 0.03425925925925926
0 0.65 0.3787037037037037 0.022916666666666665 0.03425925925925926
0 0.5666666666666667 0.3787037037037037 0.022916666666666665 0.03425925925925926
0 0.4822916666666667 0.3768518518518518 0.022916666666666665 0.03425925925925926
0 0.396875 0.3768518518518518 0.022916666666666665 0.03425925925925926
0 0.3125 0.37546296296296294 0.022916666666666665 0.03425925925925926
0 0.22708333333333333 0.37546296296296294 0.022916666666666665 0.03425925925925926
0 0.746875 0.47685185185185186 0.022916666666666665 0.03425925925925926
0 0.6604166666666667 0.47685185185185186 0.022916666666666665 0.03425925925925926
0 0.5729166666666666 0.475 0.022916666666666665 0.03425925925925926
0 0.48541666666666666 0.475 0.022916666666666665 0.03425925925925926
0 0.396875 0.475 0.022916666666666665 0.03425925925925926
0 0.30833333333333335 0.4736111111111111 0.022916666666666665 0.03425925925925926
0 0.21979166666666666 0.4736111111111111 0.022916666666666665 0.03425925925925926
0 0.7614583333333333 0.5810185185185185 0.022916666666666665 0.03425925925925926
0 0.6708333333333333 0.5810185185185185 0.022916666666666665 0.03425925925925926
0 0.5791666666666667 0.5810185185185185 0.022916666666666665 0.03425925925925926
0 0.48854166666666665 0.5810185185185185 0.022916666666666665 0.03425925925925926
0 0.396875 0.5810185185185185 0.022916666666666665 0.03425925925925926
0 0.30416666666666664 0.5810185185185185 0.022916666666666665 0.03425925925925926
0 0.21145833333333333 0.5796296296296296 0.022916666666666665 0.03425925925925926
0 0.7770833333333333 0.6962962962962963 0.022916666666666665 0.03425925925925926
0 0.6822916666666666 0.6962962962962963 0.022916666666666665 0.03425925925925926
0 0.5875 0.6962962962962963 0.022916666666666665 0.03425925925925926
0 0.49166666666666664 0.6962962962962963 0.022916666666666665 0.03425925925925926
0 0.3958333333333333 0.6962962962962963 0.022916666666666665 0.03425925925925926
0 0.3 0.6962962962962963 0.022916666666666665 0.03425925925925926
0 0.203125 0.6962962962962963 0.022916666666666665 0.03425925925925926