0 0.2791666666666667 0.22083333333333333 0.035416666666666666 0.03518518518518519
0 0.35625 0.2199074074074074 0.035416666666666666 0.03518518518518519
0 0.43333333333333335 0.2199074074074074 0.035416666666666666 0.03518518518518519
0 0.509375 0.21851851851851853 0.035416666666666666 0.03518518518518519
0 0.5864583333333333 0.21851851851851853 0.035416666666666666 0.03518518518518519
0 0.6635416666666667 0.2175925925925926 0.035416666666666666 0.03518518518518519
0 0.740625 0.2175925925925926 0.035416666666666666 0.03518518518518519
0 0.2708333333333333 0.2740740740740741 0.035416666666666666 0.03518518518518519
0 0.35104166666666664 0.2740740740740741 0.035416666666666666 0.03518518518518519
0 0.43020833333333336 0.2740740740740741 0.035416666666666666 0.03518518518518519
0 0.5104166666666666 0.27314814814814814 0.035416666666666666 0.03518518518518519
0 0.590625 0.27314814814814814 0.035416666666666666 0.03518518518518519
0 0.6708333333333333 0.27175925925925926 0.035416666666666666 0.03518518518518519
0 0.7510416666666667 0.27175925925925926 0.035416666666666666 0.03518518518518519
0 0.26145833333333335 0.3333333333333333 0.035416666666666666 0.03518518518518519
0 0.34479166666666666 0.33240740740740743 0.035416666666666666 0.03518518518518519
0 0.428125 0.33240740740740743 0.035416666666666666 0.03518518518518519
0 0.5114583333333333 0.3314814814814815 0.035416666666666666 0.03518518518518519
0 0.5947916666666667 0.3314814814814815 0.035416666666666666 0.03518518518518519
0 0.678125 0.3314814814814815 0.035416666666666666 0.03518518518518519
0 0.7625 0.3300925925925926 0.035416666666666666 0.03518518518518519
0 0.2520833333333333 0.39675925925925926 0.035416666666666666 0.03518518518518519
0 0.3385416666666667 0.3958333333333333 0.035416666666666666 0.03518518518518519
0 0.42604166666666665 0.3958333333333333 0.035416666666666666 0.03518518518518519
0 0.5125 0.3958333333333333 0.035416666666666666 0.03518518518518519
0 0.6 0.39490740740740743 0.035416666666666666 0.03518518518518519
0 0.6875 0.39490740740740743 0.035416666666666666 0.03518518518518519
0 0.7739583333333333 0.39351851851851855 0.035416666666666666 0.03518518518518519
0 0.240625 0.46574074074074073 0.035416666666666666 0.03518518518518519
0 0.33125 0.46574074074074073 0.035416666666666666 0.03518518518518519
0 0.42291666666666666 0.46574074074074073 0.035416666666666666 0.03518518518518519
0 0.5135416666666667 0.4648148148148148 0.035416666666666666 0.03518518518518519
0 0.6052083333333333 0.4648148148148148 0.035416666666666666 0.03518518518518519
0 0.6958333333333333 0.4648148148148148 0.035416666666666666 0.03518518518518519
0 0.7875 0.4634259259259259 0.035416666666666666 0.03518518518518519
0 0.22916666666666666 0.5425925925925926 0.035416666666666666 0.03518518518518519
0 0.32395833333333335 0.5416666666666666 0.035416666666666666 0.03518518518518519
0 0.4197916666666667 0.5416666666666666 0.035416666666666666 0.03518518518518519
0 0.5145833333333333 0.5416666666666666 0.035416666666666666 0.03518518518518519
0 0.6104166666666667 0.5407407407407407 0.035416666666666666 0.03518518518518519
0 0.70625 0.5407407407407407 0.035416666666666666 0.03518518518518519
0 0.8020833333333334 0.5407407407407407 0.035416666666666666 0.03518518518518519
0 0.215625 0.6259259259259259 0.035416666666666666 0.03518518518518519
0 0.315625 0.6259259259259259 0.035416666666666666 0.03518518518518519
0 0.415625 0.625 0.035416666666666666 0.03518518518518519
0 0.5166666666666667 0.625 0.035416666666666666 0.03518518518518519
0 0.6166666666666667 0.625 0.035416666666666666 0.03518518518518519
0 0.7177083333333333 0.625 0.035416666666666666 0.03518518518518519
0 0.8177083333333334 0.6240740740740741 0.035416666666666666 0.03518518518518519