0 0.6791666666666667 0.15833333333333333 0.025 0.03333333333333333
0 0.6104166666666667 0.1625 0.025 0.03333333333333333
0 0.5416666666666666 0.16527777777777777 0.025 0.03333333333333333
0 0.47291666666666665 0.16805555555555557 0.025 0.03333333333333333
0 0.40520833333333334 0.17083333333333334 0.025 0.03333333333333333
0 0.33541666666666664 0.175 0.025 0.03333333333333333
0 0.26666666666666666 0.17777777777777778 0.025 0.03333333333333333
0 0.690625 0.225 0.025 0.03333333333333333
0 0.61875 0.22777777777777777 0.025 0.03333333333333333
0 0.546875 0.23194444444444445 0.025 0.03333333333333333
0 0.475 0.23472222222222222 0.025 0.03333333333333333
0 0.403125 0.2375 0.025 0.03333333333333333
0 0.33125 0.24166666666666667 0.025 0.03333333333333333
0 0.259375 0.24444444444444444 0.025 0.03333333333333333
0 0.703125 0.2972222222222222 0.025 0.03333333333333333
0 0.628125 0.3 0.025 0.03333333333333333
0 0.553125 0.30416666666666664 0.025 0.03333333333333333
0 0.47708333333333336 0.30694444444444446 0.025 0.03333333333333333
0 0.40208333333333335 0.3111111111111111 0.025 0.03333333333333333
0 0.3260416666666667 0.31527777777777777 0.025 0.03333333333333333
0 0.25 0.31805555555555554 0.025 0.03333333333333333
0 0.7166666666666667 0.3763888888888889 0.025 0.03333333333333333
0 0.6375 0.38055555555555554 0.025 0.03333333333333333
0 0.559375 0.38472222222222224 0.025 0.03333333333333333
0 0.4791666666666667 0.3875 0.025 0.03333333333333333
0 0.4 0.39166666666666666 0.025 0.03333333333333333
0 0.32083333333333336 0.3958333333333333 0.025 0.03333333333333333
0 0.240625 0.4 0.025 0.03333333333333333
0 0.7322916666666667 0.4652777777777778 0.025 0.03333333333333333
0 0.6489583333333333 0.46944444444444444 0.025 0.03333333333333333
0 0.565625 0.4736111111111111 0.025 0.03333333333333333
0 0.4822916666666667 0.4777777777777778 0.025 0.03333333333333333
0 0.39791666666666664 0.48194444444444445 0.025 0.03333333333333333
0 0.3145833333333333 0.4861111111111111 0.025 0.03333333333333333
0 0.23020833333333332 0.49027777777777776 0.025 0.03333333333333333
0 0.75 0.5638888888888889 0.025 0.03333333333333333
0 0.6614583333333334 0.5680555555555555 0.025 0.03333333333333333
0 0.5729166666666666 0.5722222222222222 0.025 0.03333333333333333
0 0.484375 0.5777777777777777 0.025 0.03333333333333333
0 0.3958333333333333 0.5819444444444445 0.025 0.03333333333333333
0 0.3072916666666667 0.5861111111111111 0.025 0.03333333333333333
0 0.21770833333333334 0.5916666666666667 0.025 0.03333333333333333
0 0.7697916666666667 0.675 0.025 0.03333333333333333
0 0.6760416666666667 0.6791666666666667 0.025 0.03333333333333333
0 0.5822916666666667 0.6847222222222222 0.025 0.03333333333333333
0 0.48854166666666665 0.6888888888888889 0.025 0.03333333333333333
0 0.39375 0.6944444444444444 0.025 0.03333333333333333
0 0.2989583333333333 0.7 0.025 0.03333333333333333
0 0.20520833333333333 0.7041666666666667 0.025 0.03333333333333333