0 0.7041666666666667 0.19305555555555556 0.025 0.03333333333333333
0 0.6375 0.19444444444444445 0.025 0.03333333333333333
0 0.5697916666666667 0.19583333333333333 0.025 0.03333333333333333
0 0.503125 0.19722222222222222 0.025 0.03333333333333333
0 0.43645833333333334 0.1986111111111111 0.025 0.03333333333333333
0 0.36875 0.2 0.025 0.03333333333333333
0 0.3020833333333333 0.2 0.025 0.03333333333333333
0 0.7145833333333333 0.25555555555555554 0.025 0.03333333333333333
0 0.6447916666666667 0.2569444444444444 0.025 0.03333333333333333
0 0.5739583333333333 0.25833333333333336 0.025 0.03333333333333333
0 0.5041666666666667 0.25972222222222224 0.025 0.03333333333333333
0 0.43333333333333335 0.2611111111111111 0.025 0.03333333333333333
0 0.36354166666666665 0.2625 0.025 0.03333333333333333
0 0.29270833333333335 0.2638888888888889 0.025 0.03333333333333333
0 0.7260416666666667 0.3263888888888889 0.025 0.03333333333333333
0 0.6520833333333333 0.3277777777777778 0.025 0.03333333333333333
0 0.5791666666666667 0.32916666666666666 0.025 0.03333333333333333
0 0.5052083333333334 0.33055555555555555 0.025 0.03333333333333333
0 0.43125 0.33194444444444443 0.025 0.03333333333333333
0 0.3572916666666667 0.3333333333333333 0.025 0.03333333333333333
0 0.2833333333333333 0.3347222222222222 0.025 0.03333333333333333
0 0.7385416666666667 0.4027777777777778 0.025 0.03333333333333333
0 0.6614583333333334 0.4041666666666667 0.025 0.03333333333333333
0 0.5833333333333334 0.40555555555555556 0.025 0.03333333333333333
0 0.50625 0.40694444444444444 0.025 0.03333333333333333
0 0.428125 0.4083333333333333 0.025 0.03333333333333333
0 0.35104166666666664 0.4097222222222222 0.025 0.03333333333333333
0 0.27291666666666664 0.4125 0.025 0.03333333333333333
0 0.753125 0.4875 0.025 0.03333333333333333
0 0.6708333333333333 0.49027777777777776 0.025 0.03333333333333333
0 0.5885416666666666 0.49166666666666664 0.025 0.03333333333333333
0 0.5072916666666667 0.4930555555555556 0.025 0.03333333333333333
0 0.425 0.49444444444444446 0.025 0.03333333333333333
0 0.34270833333333334 0.49583333333333335 0.025 0.03333333333333333
0 0.26145833333333335 0.49722222222222223 0.025 0.03333333333333333
0 0.76875 0.5833333333333334 0.025 0.03333333333333333
0 0.6822916666666666 0.5847222222222223 0.025 0.03333333333333333
0 0.5947916666666667 0.5875 0.025 0.03333333333333333
0 0.5083333333333333 0.5888888888888889 0.025 0.03333333333333333
0 0.421875 0.5902777777777778 0.025 0.03333333333333333
0 0.334375 0.5916666666666667 0.025 0.03333333333333333
0 0.24791666666666667 0.5944444444444444 0.025 0.03333333333333333
0 0.7864583333333334 0.6902777777777778 0.025 0.03333333333333333
0 0.69375 0.6930555555555555 0.025 0.03333333333333333
0 0.6020833333333333 0.6944444444444444 0.025 0.03333333333333333
0 0.509375 0.6958333333333333 0.025 0.03333333333333333
0 0.41770833333333335 0.6986111111111111 0.025 0.03333333333333333
0 0.325 0.7 0.025 0.03333333333333333
0 0.23333333333333334 0.7013888888888888 0.025 0.03333333333333333