0 0.734375 0.2324074074074074 0.03333333333333333 0.03333333333333333
0 0.659375 0.2324074074074074 0.03333333333333333 0.03333333333333333
0 0.584375 0.2324074074074074 0.03333333333333333 0.03333333333333333
0 0.509375 0.23148148148148148 0.03333333333333333 0.03333333333333333
0 0.4354166666666667 0.23148148148148148 0.03333333333333333 0.03333333333333333
0 0.3614583333333333 0.23148148148148148 0.03333333333333333 0.03333333333333333
0 0.2875 0.23148148148148148 0.03333333333333333 0.03333333333333333
0 0.7427083333333333 0.29259259259259257 0.03333333333333333 0.03333333333333333
0 0.6645833333333333 0.29259259259259257 0.03333333333333333 0.03333333333333333
0 0.5864583333333333 0.29259259259259257 0.03333333333333333 0.03333333333333333
0 0.5083333333333333 0.29259259259259257 0.03333333333333333 0.03333333333333333
0 0.43125 0.2916666666666667 0.03333333333333333 0.03333333333333333
0 0.3541666666666667 0.2916666666666667 0.03333333333333333 0.03333333333333333
0 0.278125 0.2916666666666667 0.03333333333333333 0.03333333333333333
0 0.7510416666666667 0.3592592592592593 0.03333333333333333 0.03333333333333333
0 0.6697916666666667 0.35833333333333334 0.03333333333333333 0.03333333333333333
0 0.5885416666666666 0.35833333333333334 0.03333333333333333 0.03333333333333333
0 0.5072916666666667 0.3574074074074074 0.03333333333333333 0.03333333333333333
0 0.4270833333333333 0.3574074074074074 0.03333333333333333 0.03333333333333333
0 0.346875 0.35648148148148145 0.03333333333333333 0.03333333333333333
0 0.2677083333333333 0.35648148148148145 0.03333333333333333 0.03333333333333333
0 0.7604166666666666 0.4300925925925926 0.03333333333333333 0.03333333333333333
0 0.675 0.4300925925925926 0.03333333333333333 0.03333333333333333
0 0.590625 0.42916666666666664 0.03333333333333333 0.03333333333333333
0 0.50625 0.42824074074074076 0.03333333333333333 0.03333333333333333
0 0.42291666666666666 0.42824074074074076 0.03333333333333333 0.03333333333333333
0 0.33958333333333335 0.42685185185185187 0.03333333333333333 0.03333333333333333
0 0.25625 0.42592592592592593 0.03333333333333333 0.03333333333333333
0 0.7708333333333334 0.5083333333333333 0.03333333333333333 0.03333333333333333
0 0.68125 0.5074074074074074 0.03333333333333333 0.03333333333333333
0 0.5927083333333333 0.5064814814814815 0.03333333333333333 0.03333333333333333
0 0.5052083333333334 0.5064814814814815 0.03333333333333333 0.03333333333333333
0 0.41770833333333335 0.5050925925925925 0.03333333333333333 0.03333333333333333
0 0.3302083333333333 0.5041666666666667 0.03333333333333333 0.03333333333333333
0 0.24479166666666666 0.5032407407407408 0.03333333333333333 0.03333333333333333
0 0.78125 0.5935185185185186 0.03333333333333333 0.03333333333333333
0 0.6885416666666667 0.5925925925925926 0.03333333333333333 0.03333333333333333
0 0.5958333333333333 0.5916666666666667 0.03333333333333333 0.03333333333333333
0 0.5041666666666667 0.5898148148148148 0.03333333333333333 0.03333333333333333
0 0.4125 0.5884259259259259 0.03333333333333333 0.03333333333333333
0 0.321875 0.5875 0.03333333333333333 0.03333333333333333
0 0.23125 0.586574074074074 0.03333333333333333 0.03333333333333333
0 0.79375 0.6875 0.03333333333333333 0.03333333333333333
0 0.6958333333333333 0.6851851851851852 0.03333333333333333 0.03333333333333333
0 0.5989583333333334 0.6842592592592592 0.03333333333333333 0.03333333333333333
0 0.5020833333333333 0.6824074074074075 0.03333333333333333 0.03333333333333333
0 0.40625 0.6814814814814815 0.03333333333333333 0.03333333333333333
0 0.31145833333333334 0.6791666666666667 0.03333333333333333 0.03333333333333333
0 0.21666666666666667 0.6782407407407407 0.03333333333333333 0.03333333333333333