0 0.6770833333333334 0.19305555555555556 0.025 0.03333333333333333
0 0.6104166666666667 0.19444444444444445 0.025 0.03333333333333333
0 0.5427083333333333 0.19722222222222222 0.025 0.03333333333333333
0 0.4739583333333333 0.1986111111111111 0.025 0.03333333333333333
0 0.40520833333333334 0.2 0.025 0.03333333333333333
0 0.33645833333333336 0.2013888888888889 0.025 0.03333333333333333
0 0.26666666666666666 0.20277777777777778 0.025 0.03333333333333333
0 0.6895833333333333 0.25833333333333336 0.025 0.03333333333333333
0 0.6197916666666666 0.25972222222222224 0.025 0.03333333333333333
0 0.5489583333333333 0.2611111111111111 0.025 0.03333333333333333
0 0.478125 0.2638888888888889 0.025 0.03333333333333333
0 0.40625 0.2652777777777778 0.025 0.03333333333333333
0 0.3333333333333333 0.26666666666666666 0.025 0.03333333333333333
0 0.2604166666666667 0.26944444444444443 0.025 0.03333333333333333
0 0.7041666666666667 0.3277777777777778 0.025 0.03333333333333333
0 0.6302083333333334 0.33055555555555555 0.025 0.03333333333333333
0 0.55625 0.3333333333333333 0.025 0.03333333333333333
0 0.48125 0.3347222222222222 0.025 0.03333333333333333
0 0.40625 0.3375 0.025 0.03333333333333333
0 0.32916666666666666 0.3402777777777778 0.025 0.03333333333333333
0 0.253125 0.3416666666666667 0.025 0.03333333333333333
0 0.7197916666666667 0.40555555555555556 0.025 0.03333333333333333
0 0.6427083333333333 0.4083333333333333 0.025 0.03333333333333333
0 0.5645833333333333 0.4111111111111111 0.025 0.03333333333333333
0 0.48541666666666666 0.41388888888888886 0.025 0.03333333333333333
0 0.40625 0.4166666666666667 0.025 0.03333333333333333
0 0.3260416666666667 0.42083333333333334 0.025 0.03333333333333333
0 0.24479166666666666 0.4236111111111111 0.025 0.03333333333333333
0 0.7364583333333333 0.49166666666666664 0.025 0.03333333333333333
0 0.6552083333333333 0.49583333333333335 0.025 0.03333333333333333
0 0.5729166666666666 0.4986111111111111 0.025 0.03333333333333333
0 0.490625 0.5027777777777778 0.025 0.03333333333333333
0 0.40625 0.5055555555555555 0.025 0.03333333333333333
0 0.321875 0.5097222222222222 0.025 0.03333333333333333
0 0.23541666666666666 0.5125 0.025 0.03333333333333333
0 0.75625 0.5888888888888889 0.025 0.03333333333333333
0 0.6697916666666667 0.5930555555555556 0.025 0.03333333333333333
0 0.5833333333333334 0.5972222222222222 0.025 0.03333333333333333
0 0.49583333333333335 0.6013888888888889 0.025 0.03333333333333333
0 0.40625 0.6055555555555555 0.025 0.03333333333333333
0 0.31666666666666665 0.6097222222222223 0.025 0.03333333333333333
0 0.22604166666666667 0.6138888888888889 0.025 0.03333333333333333
0 0.778125 0.6958333333333333 0.025 0.03333333333333333
0 0.6864583333333333 0.7013888888888888 0.025 0.03333333333333333
0 0.5947916666666667 0.7069444444444445 0.025 0.03333333333333333
0 0.5010416666666667 0.7111111111111111 0.025 0.03333333333333333
0 0.40625 0.7166666666666667 0.025 0.03333333333333333
0 0.31145833333333334 0.7222222222222222 0.025 0.03333333333333333
0 0.21458333333333332 0.7263888888888889 0.025 0.03333333333333333