0 0.6989583333333333 0.19444444444444445 0.025 0.03333333333333333
0 0.63125 0.19444444444444445 0.025 0.03333333333333333
0 0.5635416666666667 0.19444444444444445 0.025 0.03333333333333333
0 0.49583333333333335 0.19444444444444445 0.025 0.03333333333333333
0 0.428125 0.19444444444444445 0.025 0.03333333333333333
0 0.3614583333333333 0.19444444444444445 0.025 0.03333333333333333
0 0.2947916666666667 0.19444444444444445 0.025 0.03333333333333333
0 0.7083333333333334 0.25833333333333336 0.025 0.03333333333333333
0 0.6375 0.25833333333333336 0.025 0.03333333333333333
0 0.5666666666666667 0.25833333333333336 0.025 0.03333333333333333
0 0.49583333333333335 0.25833333333333336 0.025 0.03333333333333333
0 0.425 0.25833333333333336 0.025 0.03333333333333333
0 0.35520833333333335 0.25833333333333336 0.025 0.03333333333333333
0 0.284375 0.25833333333333336 0.025 0.03333333333333333
0 0.71875 0.32916666666666666 0.025 0.03333333333333333
0 0.6447916666666667 0.32916666666666666 0.025 0.03333333333333333
0 0.5697916666666667 0.32916666666666666 0.025 0.03333333333333333
0 0.49583333333333335 0.32916666666666666 0.025 0.03333333333333333
0 0.421875 0.32916666666666666 0.025 0.03333333333333333
0 0.34791666666666665 0.3277777777777778 0.025 0.03333333333333333
0 0.27395833333333336 0.3277777777777778 0.025 0.03333333333333333
0 0.73125 0.4083333333333333 0.025 0.03333333333333333
0 0.6520833333333333 0.4083333333333333 0.025 0.03333333333333333
0 0.5739583333333333 0.40694444444444444 0.025 0.03333333333333333
0 0.49583333333333335 0.40694444444444444 0.025 0.03333333333333333
0 0.41770833333333335 0.40694444444444444 0.025 0.03333333333333333
0 0.33958333333333335 0.40694444444444444 0.025 0.03333333333333333
0 0.26145833333333335 0.40555555555555556 0.025 0.03333333333333333
0 0.7447916666666666 0.49583333333333335 0.025 0.03333333333333333
0 0.6614583333333334 0.49583333333333335 0.025 0.03333333333333333
0 0.578125 0.49444444444444446 0.025 0.03333333333333333
0 0.49583333333333335 0.49444444444444446 0.025 0.03333333333333333
0 0.4125 0.49444444444444446 0.025 0.03333333333333333
0 0.3302083333333333 0.4930555555555556 0.025 0.03333333333333333
0 0.24791666666666667 0.4930555555555556 0.025 0.03333333333333333
0 0.759375 0.5944444444444444 0.025 0.03333333333333333
0 0.6708333333333333 0.5930555555555556 0.025 0.03333333333333333
0 0.5833333333333334 0.5930555555555556 0.025 0.03333333333333333
0 0.4947916666666667 0.5916666666666667 0.025 0.03333333333333333
0 0.40729166666666666 0.5916666666666667 0.025 0.03333333333333333
0 0.31979166666666664 0.5916666666666667 0.025 0.03333333333333333
0 0.23229166666666667 0.5902777777777778 0.025 0.03333333333333333
0 0.7760416666666666 0.7055555555555556 0.025 0.03333333333333333
0 0.6822916666666666 0.7041666666666667 0.025 0.03333333333333333
0 0.5885416666666666 0.7027777777777777 0.025 0.03333333333333333
0 0.4947916666666667 0.7027777777777777 0.025 0.03333333333333333
0 0.40208333333333335 0.7013888888888888 0.025 0.03333333333333333
0 0.30833333333333335 0.7013888888888888 0.025 0.03333333333333333
0 0.215625 0.7 0.025 0.03333333333333333