0 0.30520833333333336 0.6472222222222223 0.020833333333333332 0.027777777777777776
0 0.38125 0.6458333333333334 0.020833333333333332 0.027777777777777776
0 0.45729166666666665 0.6458333333333334 0.020833333333333332 0.027777777777777776
0 0.534375 0.6444444444444445 0.020833333333333332 0.027777777777777776
0 0.6125 0.6444444444444445 0.020833333333333332 0.027777777777777776
0 0.6895833333333333 0.6430555555555556 0.020833333333333332 0.027777777777777776
0 0.7677083333333333 0.6430555555555556 0.020833333333333332 0.027777777777777776
0 0.315625 0.5611111111111111 0.020833333333333332 0.027777777777777776
0 0.3885416666666667 0.5597222222222222 0.020833333333333332 0.027777777777777776
0 0.46145833333333336 0.5583333333333333 0.020833333333333332 0.027777777777777776
0 0.534375 0.5583333333333333 0.020833333333333332 0.027777777777777776
0 0.6083333333333333 0.5569444444444445 0.020833333333333332 0.027777777777777776
0 0.6822916666666666 0.5555555555555556 0.020833333333333332 0.027777777777777776
0 0.75625 0.5555555555555556 0.020833333333333332 0.027777777777777776
0 0.325 0.48194444444444445 0.020833333333333332 0.027777777777777776
0 0.39479166666666665 0.48055555555555557 0.020833333333333332 0.027777777777777776
0 0.4635416666666667 0.48055555555555557 0.020833333333333332 0.027777777777777776
0 0.534375 0.4791666666666667 0.020833333333333332 0.027777777777777776
0 0.6041666666666666 0.4777777777777778 0.020833333333333332 0.027777777777777776
0 0.675 0.47638888888888886 0.020833333333333332 0.027777777777777776
0 0.7458333333333333 0.47638888888888886 0.020833333333333332 0.027777777777777776
0 0.3333333333333333 0.4111111111111111 0.020833333333333332 0.027777777777777776
0 0.4 0.4097222222222222 0.020833333333333332 0.027777777777777776
0 0.4666666666666667 0.4083333333333333 0.020833333333333332 0.027777777777777776
0 0.5333333333333333 0.40694444444444444 0.020833333333333332 0.027777777777777776
0 0.6010416666666667 0.40555555555555556 0.020833333333333332 0.027777777777777776
0 0.66875 0.4041666666666667 0.020833333333333332 0.027777777777777776
0 0.7364583333333333 0.4027777777777778 0.020833333333333332 0.027777777777777776
0 0.3416666666666667 0.34444444444444444 0.020833333333333332 0.027777777777777776
0 0.40520833333333334 0.34305555555555556 0.020833333333333332 0.027777777777777776
0 0.46875 0.3416666666666667 0.020833333333333332 0.027777777777777776
0 0.5333333333333333 0.3402777777777778 0.020833333333333332 0.027777777777777776
0 0.5979166666666667 0.3388888888888889 0.020833333333333332 0.027777777777777776
0 0.6625 0.3388888888888889 0.020833333333333332 0.027777777777777776
0 0.728125 0.3375 0.020833333333333332 0.027777777777777776
0 0.3489583333333333 0.2847222222222222 0.020833333333333332 0.027777777777777776
0 0.41041666666666665 0.2833333333333333 0.020833333333333332 0.027777777777777776
0 0.471875 0.28194444444444444 0.020833333333333332 0.027777777777777776
0 0.5333333333333333 0.28055555555555556 0.020833333333333332 0.027777777777777776
0 0.5947916666666667 0.2791666666666667 0.020833333333333332 0.027777777777777776
0 0.6572916666666667 0.2777777777777778 0.020833333333333332 0.027777777777777776
0 0.7197916666666667 0.2763888888888889 0.020833333333333332 0.027777777777777776
0 0.35520833333333335 0.22777777777777777 0.020833333333333332 0.027777777777777776
0 0.41458333333333336 0.2263888888888889 0.020833333333333332 0.027777777777777776
0 0.4739583333333333 0.225 0.020833333333333332 0.027777777777777776
0 0.5333333333333333 0.22361111111111112 0.020833333333333332 0.027777777777777776
0 0.5927083333333333 0.2222222222222222 0.020833333333333332 0.027777777777777776
0 0.6520833333333333 0.22083333333333333 0.020833333333333332 0.027777777777777776
0 0.7125 0.21944444444444444 0.020833333333333332 0.027777777777777776