0 0.73125 0.29814814814814816 0.035416666666666666 0.03518518518518519
0 0.65625 0.2916666666666667 0.035416666666666666 0.03518518518518519
0 0.578125 0.2851851851851852 0.035416666666666666 0.03518518518518519
0 0.49895833333333334 0.2791666666666667 0.035416666666666666 0.03518518518518519
0 0.415625 0.27314814814814814 0.035416666666666666 0.03518518518518519
0 0.33125 0.2657407407407407 0.035416666666666666 0.03518518518518519
0 0.24270833333333333 0.25833333333333336 0.035416666666666666 0.03518518518518519
0 0.74375 0.36342592592592593 0.035416666666666666 0.03518518518518519
0 0.6666666666666666 0.35833333333333334 0.035416666666666666 0.03518518518518519
0 0.5864583333333333 0.35324074074074074 0.035416666666666666 0.03518518518518519
0 0.503125 0.34814814814814815 0.035416666666666666 0.03518518518518519
0 0.41770833333333335 0.3416666666666667 0.035416666666666666 0.03518518518518519
0 0.32916666666666666 0.3365740740740741 0.035416666666666666 0.03518518518518519
0 0.23854166666666668 0.3300925925925926 0.035416666666666666 0.03518518518518519
0 0.7572916666666667 0.43425925925925923 0.035416666666666666 0.03518518518518519
0 0.6770833333333334 0.4300925925925926 0.035416666666666666 0.03518518518518519
0 0.5947916666666667 0.42592592592592593 0.035416666666666666 0.03518518518518519
0 0.5083333333333333 0.42083333333333334 0.035416666666666666 0.03518518518518519
0 0.4197916666666667 0.4166666666666667 0.035416666666666666 0.03518518518518519
0 0.328125 0.4115740740740741 0.035416666666666666 0.03518518518518519
0 0.23333333333333334 0.4074074074074074 0.035416666666666666 0.03518518518518519
0 0.771875 0.5101851851851852 0.035416666666666666 0.03518518518518519
0 0.6895833333333333 0.5074074074074074 0.035416666666666666 0.03518518518518519
0 0.603125 0.5041666666666667 0.035416666666666666 0.03518518518518519
0 0.5145833333333333 0.5009259259259259 0.035416666666666666 0.03518518518518519
0 0.421875 0.49675925925925923 0.035416666666666666 0.03518518518518519
0 0.32708333333333334 0.4935185185185185 0.035416666666666666 0.03518518518518519
0 0.228125 0.4898148148148148 0.035416666666666666 0.03518518518518519
0 0.7885416666666667 0.5916666666666667 0.035416666666666666 0.03518518518518519
0 0.7020833333333333 0.5907407407407408 0.035416666666666666 0.03518518518518519
0 0.6125 0.5884259259259259 0.035416666666666666 0.03518518518518519
0 0.5208333333333334 0.586574074074074 0.035416666666666666 0.03518518518518519
0 0.425 0.5842592592592593 0.035416666666666666 0.03518518518518519
0 0.325 0.5824074074074074 0.035416666666666666 0.03518518518518519
0 0.221875 0.5800925925925926 0.035416666666666666 0.03518518518518519
0 0.8052083333333333 0.6800925925925926 0.035416666666666666 0.03518518518518519
0 0.715625 0.6800925925925926 0.035416666666666666 0.03518518518518519
0 0.6229166666666667 0.6800925925925926 0.035416666666666666 0.03518518518518519
0 0.5270833333333333 0.6791666666666667 0.035416666666666666 0.03518518518518519
0 0.4270833333333333 0.6791666666666667 0.035416666666666666 0.03518518518518519
0 0.3229166666666667 0.6791666666666667 0.035416666666666666 0.03518518518518519
0 0.215625 0.6791666666666667 0.035416666666666666 0.03518518518518519
0 0.8239583333333333 0.7759259259259259 0.035416666666666666 0.03518518518518519
0 0.73125 0.7782407407407408 0.035416666666666666 0.03518518518518519
0 0.634375 0.7791666666666667 0.035416666666666666 0.03518518518518519
0 0.534375 0.7814814814814814 0.035416666666666666 0.03518518518518519
0 0.43020833333333336 0.7833333333333333 0.035416666666666666 0.03518518518518519
0 0.321875 0.7842592592592592 0.035416666666666666 0.03518518518518519
0 0.20833333333333334 0.7865740740740741 0.035416666666666666 0.03518518518518519