0 0.6802083333333333 0.17777777777777778 0.025 0.03333333333333333
0 0.6145833333333334 0.17777777777777778 0.025 0.03333333333333333
0 0.5479166666666667 0.17777777777777778 0.025 0.03333333333333333
0 0.48020833333333335 0.17777777777777778 0.025 0.03333333333333333
0 0.4114583333333333 0.17916666666666667 0.025 0.03333333333333333
0 0.3416666666666667 0.17916666666666667 0.025 0.03333333333333333
0 0.271875 0.17916666666666667 0.025 0.03333333333333333
0 0.6927083333333334 0.24027777777777778 0.025 0.03333333333333333
0 0.6239583333333333 0.24166666666666667 0.025 0.03333333333333333
0 0.5541666666666667 0.24166666666666667 0.025 0.03333333333333333
0 0.48333333333333334 0.24305555555555555 0.025 0.03333333333333333
0 0.4114583333333333 0.24305555555555555 0.025 0.03333333333333333
0 0.3385416666666667 0.24444444444444444 0.025 0.03333333333333333
0 0.26458333333333334 0.24583333333333332 0.025 0.03333333333333333
0 0.7072916666666667 0.30972222222222223 0.025 0.03333333333333333
0 0.6354166666666666 0.3111111111111111 0.025 0.03333333333333333
0 0.5614583333333333 0.3125 0.025 0.03333333333333333
0 0.4875 0.3138888888888889 0.025 0.03333333333333333
0 0.4114583333333333 0.31527777777777777 0.025 0.03333333333333333
0 0.33541666666666664 0.31666666666666665 0.025 0.03333333333333333
0 0.25729166666666664 0.31805555555555554 0.025 0.03333333333333333
0 0.7239583333333334 0.3861111111111111 0.025 0.03333333333333333
0 0.646875 0.3888888888888889 0.025 0.03333333333333333
0 0.5697916666666667 0.3902777777777778 0.025 0.03333333333333333
0 0.49166666666666664 0.39305555555555555 0.025 0.03333333333333333
0 0.4114583333333333 0.39444444444444443 0.025 0.03333333333333333
0 0.33125 0.3972222222222222 0.025 0.03333333333333333
0 0.24895833333333334 0.39861111111111114 0.025 0.03333333333333333
0 0.7416666666666667 0.4722222222222222 0.025 0.03333333333333333
0 0.6604166666666667 0.475 0.025 0.03333333333333333
0 0.5791666666666667 0.4777777777777778 0.025 0.03333333333333333
0 0.496875 0.48055555555555557 0.025 0.03333333333333333
0 0.4125 0.48333333333333334 0.025 0.03333333333333333
0 0.3260416666666667 0.4861111111111111 0.025 0.03333333333333333
0 0.23958333333333334 0.4888888888888889 0.025 0.03333333333333333
0 0.7604166666666666 0.5666666666666667 0.025 0.03333333333333333
0 0.6760416666666667 0.5708333333333333 0.025 0.03333333333333333
0 0.5895833333333333 0.575 0.025 0.03333333333333333
0 0.5020833333333333 0.5791666666666667 0.025 0.03333333333333333
0 0.4125 0.5833333333333334 0.025 0.03333333333333333
0 0.321875 0.5861111111111111 0.025 0.03333333333333333
0 0.22916666666666666 0.5902777777777778 0.025 0.03333333333333333
0 0.7833333333333333 0.675 0.025 0.03333333333333333
0 0.6927083333333334 0.6791666666666667 0.025 0.03333333333333333
0 0.6010416666666667 0.6847222222222222 0.025 0.03333333333333333
0 0.5083333333333333 0.6902777777777778 0.025 0.03333333333333333
0 0.4125 0.6944444444444444 0.025 0.03333333333333333
0 0.315625 0.7 0.025 0.03333333333333333
0 0.21770833333333334 0.7055555555555556 0.025 0.03333333333333333