0 0.734375 0.1537037037037037 0.020833333333333332 0.03518518518518519
0 0.6614583333333334 0.1537037037037037 0.020833333333333332 0.03518518518518519
0 0.5885416666666666 0.1537037037037037 0.020833333333333332 0.03518518518518519
0 0.515625 0.1537037037037037 0.020833333333333332 0.03518518518518519
0 0.44375 0.1537037037037037 0.020833333333333332 0.03518518518518519
0 0.371875 0.1537037037037037 0.020833333333333332 0.03518518518518519
0 0.30104166666666665 0.1537037037037037 0.020833333333333332 0.03518518518518519
0 0.7427083333333333 0.23425925925925925 0.020833333333333332 0.03518518518518519
0 0.6666666666666666 0.23425925925925925 0.020833333333333332 0.03518518518518519
0 0.590625 0.23425925925925925 0.020833333333333332 0.03518518518518519
0 0.515625 0.23425925925925925 0.020833333333333332 0.03518518518518519
0 0.440625 0.2324074074074074 0.020833333333333332 0.03518518518518519
0 0.365625 0.2324074074074074 0.020833333333333332 0.03518518518518519
0 0.2916666666666667 0.2324074074074074 0.020833333333333332 0.03518518518518519
0 0.7510416666666667 0.32175925925925924 0.020833333333333332 0.03518518518518519
0 0.671875 0.32175925925925924 0.020833333333333332 0.03518518518518519
0 0.59375 0.3199074074074074 0.020833333333333332 0.03518518518518519
0 0.5145833333333333 0.3199074074074074 0.020833333333333332 0.03518518518518519
0 0.4375 0.3199074074074074 0.020833333333333332 0.03518518518518519
0 0.359375 0.31805555555555554 0.020833333333333332 0.03518518518518519
0 0.28229166666666666 0.31805555555555554 0.020833333333333332 0.03518518518518519
0 0.7604166666666666 0.4162037037037037 0.020833333333333332 0.03518518518518519
0 0.678125 0.41435185185185186 0.020833333333333332 0.03518518518518519
0 0.5958333333333333 0.41435185185185186 0.020833333333333332 0.03518518518518519
0 0.5145833333333333 0.4125 0.020833333333333332 0.03518518518518519
0 0.43333333333333335 0.4125 0.020833333333333332 0.03518518518518519
0 0.35208333333333336 0.4125 0.020833333333333332 0.03518518518518519
0 0.271875 0.41064814814814815 0.020833333333333332 0.03518518518518519
0 0.7708333333333334 0.5194444444444445 0.020833333333333332 0.03518518518518519
0 0.684375 0.5175925925925926 0.020833333333333332 0.03518518518518519
0 0.5989583333333334 0.5157407407407407 0.020833333333333332 0.03518518518518519
0 0.5135416666666667 0.5157407407407407 0.020833333333333332 0.03518518518518519
0 0.42916666666666664 0.5138888888888888 0.020833333333333332 0.03518518518518519
0 0.34479166666666666 0.5120370370370371 0.020833333333333332 0.03518518518518519
0 0.2604166666666667 0.5120370370370371 0.020833333333333332 0.03518518518518519
0 0.7822916666666667 0.6310185185185185 0.020833333333333332 0.03518518518518519
0 0.6916666666666667 0.6291666666666667 0.020833333333333332 0.03518518518518519
0 0.6020833333333333 0.6277777777777778 0.020833333333333332 0.03518518518518519
0 0.5135416666666667 0.6259259259259259 0.020833333333333332 0.03518518518518519
0 0.4239583333333333 0.6259259259259259 0.020833333333333332 0.03518518518518519
0 0.33645833333333336 0.6240740740740741 0.020833333333333332 0.03518518518518519
0 0.24895833333333334 0.6222222222222222 0.020833333333333332 0.03518518518518519
0 0.7947916666666667 0.7537037037037037 0.020833333333333332 0.03518518518518519
0 0.7 0.7518518518518519 0.020833333333333332 0.03518518518518519
0 0.60625 0.75 0.020833333333333332 0.03518518518518519
0 0.5125 0.7481481481481481 0.020833333333333332 0.03518518518518519
0 0.4197916666666667 0.7462962962962963 0.020833333333333332 0.03518518518518519
0 0.32708333333333334 0.7449074074074075 0.020833333333333332 0.03518518518518519
0 0.23541666666666666 0.7430555555555556 0.020833333333333332 0.03518518518518519