0 0.7083333333333334 0.16203703703703703 0.022916666666666665 0.03425925925925926
0 0.6333333333333333 0.16203703703703703 0.022916666666666665 0.03425925925925926
0 0.5572916666666666 0.16064814814814815 0.022916666666666665 0.03425925925925926
0 0.48020833333333335 0.16064814814814815 0.022916666666666665 0.03425925925925926
0 0.403125 0.16064814814814815 0.022916666666666665 0.03425925925925926
0 0.3260416666666667 0.1587962962962963 0.022916666666666665 0.03425925925925926
0 0.246875 0.1587962962962963 0.022916666666666665 0.03425925925925926
0 0.7197916666666667 0.24305555555555555 0.022916666666666665 0.03425925925925926
0 0.6416666666666667 0.2412037037037037 0.022916666666666665 0.03425925925925926
0 0.5625 0.2412037037037037 0.022916666666666665 0.03425925925925926
0 0.48333333333333334 0.2412037037037037 0.022916666666666665 0.03425925925925926
0 0.403125 0.2412037037037037 0.022916666666666665 0.03425925925925926
0 0.3229166666666667 0.23981481481481481 0.022916666666666665 0.03425925925925926
0 0.24166666666666667 0.23981481481481481 0.022916666666666665 0.03425925925925926
0 0.7322916666666667 0.3287037037037037 0.022916666666666665 0.03425925925925926
0 0.6510416666666666 0.3287037037037037 0.022916666666666665 0.03425925925925926
0 0.56875 0.3287037037037037 0.022916666666666665 0.03425925925925926
0 0.4864583333333333 0.3287037037037037 0.022916666666666665 0.03425925925925926
0 0.4041666666666667 0.3287037037037037 0.022916666666666665 0.03425925925925926
0 0.31979166666666664 0.3287037037037037 0.022916666666666665 0.03425925925925926
0 0.23541666666666666 0.32731481481481484 0.022916666666666665 0.03425925925925926
0 0.7458333333333333 0.4222222222222222 0.022916666666666665 0.03425925925925926
0 0.6614583333333334 0.4222222222222222 0.022916666666666665 0.03425925925925926
0 0.5760416666666667 0.4222222222222222 0.022916666666666665 0.03425925925925926
0 0.490625 0.4222222222222222 0.022916666666666665 0.03425925925925926
0 0.4041666666666667 0.4222222222222222 0.022916666666666665 0.03425925925925926
0 0.31666666666666665 0.4222222222222222 0.022916666666666665 0.03425925925925926
0 0.22916666666666666 0.4222222222222222 0.022916666666666665 0.03425925925925926
0 0.759375 0.5217592592592593 0.022916666666666665 0.03425925925925926
0 0.671875 0.5217592592592593 0.022916666666666665 0.03425925925925926
0 0.5833333333333334 0.5231481481481481 0.022916666666666665 0.03425925925925926
0 0.4947916666666667 0.5231481481481481 0.022916666666666665 0.03425925925925926
0 0.4041666666666667 0.525 0.022916666666666665 0.03425925925925926
0 0.31354166666666666 0.525 0.022916666666666665 0.03425925925925926
0 0.221875 0.5263888888888889 0.022916666666666665 0.03425925925925926
0 0.775 0.6310185185185185 0.022916666666666665 0.03425925925925926
0 0.684375 0.6324074074074074 0.022916666666666665 0.03425925925925926
0 0.5916666666666667 0.6337962962962963 0.022916666666666665 0.03425925925925926
0 0.49895833333333334 0.6337962962962963 0.022916666666666665 0.03425925925925926
0 0.4041666666666667 0.6356481481481482 0.022916666666666665 0.03425925925925926
0 0.3104166666666667 0.6370370370370371 0.022916666666666665 0.03425925925925926
0 0.21458333333333332 0.638425925925926 0.022916666666666665 0.03425925925925926
0 0.7927083333333333 0.7490740740740741 0.022916666666666665 0.03425925925925926
0 0.696875 0.7523148148148148 0.022916666666666665 0.03425925925925926
0 0.6 0.7537037037037037 0.022916666666666665 0.03425925925925926
0 0.503125 0.7555555555555555 0.022916666666666665 0.03425925925925926
0 0.40520833333333334 0.7569444444444444 0.022916666666666665 0.03425925925925926
0 0.30625 0.7587962962962963 0.022916666666666665 0.03425925925925926
0 0.20625 0.7601851851851852 0.022916666666666665 0.03425925925925926