0 0.69375 0.15555555555555556 0.022916666666666665 0.03425925925925926
0 0.6177083333333333 0.15555555555555556 0.022916666666666665 0.03425925925925926
0 0.5416666666666666 0.15555555555555556 0.022916666666666665 0.03425925925925926
0 0.46458333333333335 0.15555555555555556 0.022916666666666665 0.03425925925925926
0 0.3875 0.15555555555555556 0.022916666666666665 0.03425925925925926
0 0.309375 0.15555555555555556 0.022916666666666665 0.03425925925925926
0 0.23020833333333332 0.15555555555555556 0.022916666666666665 0.03425925925925926
0 0.7052083333333333 0.23657407407407408 0.022916666666666665 0.03425925925925926
0 0.6270833333333333 0.23657407407407408 0.022916666666666665 0.03425925925925926
0 0.5479166666666667 0.23657407407407408 0.022916666666666665 0.03425925925925926
0 0.46770833333333334 0.23657407407407408 0.022916666666666665 0.03425925925925926
0 0.3875 0.23657407407407408 0.022916666666666665 0.03425925925925926
0 0.30625 0.23657407407407408 0.022916666666666665 0.03425925925925926
0 0.225 0.23842592592592593 0.022916666666666665 0.03425925925925926
0 0.7177083333333333 0.32222222222222224 0.022916666666666665 0.03425925925925926
0 0.6364583333333333 0.32222222222222224 0.022916666666666665 0.03425925925925926
0 0.5541666666666667 0.32407407407407407 0.022916666666666665 0.03425925925925926
0 0.471875 0.32407407407407407 0.022916666666666665 0.03425925925925926
0 0.3885416666666667 0.32546296296296295 0.022916666666666665 0.03425925925925926
0 0.30416666666666664 0.32546296296296295 0.022916666666666665 0.03425925925925926
0 0.21979166666666666 0.32546296296296295 0.022916666666666665 0.03425925925925926
0 0.73125 0.41574074074074074 0.022916666666666665 0.03425925925925926
0 0.646875 0.41574074074074074 0.022916666666666665 0.03425925925925926
0 0.5614583333333333 0.41759259259259257 0.022916666666666665 0.03425925925925926
0 0.475 0.41898148148148145 0.022916666666666665 0.03425925925925926
0 0.3885416666666667 0.41898148148148145 0.022916666666666665 0.03425925925925926
0 0.30104166666666665 0.4203703703703704 0.022916666666666665 0.03425925925925926
0 0.21354166666666666 0.4222222222222222 0.022916666666666665 0.03425925925925926
0 0.7458333333333333 0.5157407407407407 0.022916666666666665 0.03425925925925926
0 0.6583333333333333 0.5171296296296296 0.022916666666666665 0.03425925925925926
0 0.56875 0.5185185185185185 0.022916666666666665 0.03425925925925926
0 0.48020833333333335 0.5203703703703704 0.022916666666666665 0.03425925925925926
0 0.38958333333333334 0.5217592592592593 0.022916666666666665 0.03425925925925926
0 0.29791666666666666 0.5231481481481481 0.022916666666666665 0.03425925925925926
0 0.20625 0.525 0.022916666666666665 0.03425925925925926
0 0.7625 0.624537037037037 0.022916666666666665 0.03425925925925926
0 0.6697916666666667 0.6277777777777778 0.022916666666666665 0.03425925925925926
0 0.578125 0.6291666666666667 0.022916666666666665 0.03425925925925926
0 0.484375 0.6310185185185185 0.022916666666666665 0.03425925925925926
0 0.390625 0.6324074074074074 0.022916666666666665 0.03425925925925926
0 0.2947916666666667 0.6356481481481482 0.022916666666666665 0.03425925925925926
0 0.19895833333333332 0.6370370370370371 0.022916666666666665 0.03425925925925926
0 0.7791666666666667 0.7444444444444445 0.022916666666666665 0.03425925925925926
0 0.6833333333333333 0.7462962962962963 0.022916666666666665 0.03425925925925926
0 0.5864583333333333 0.7490740740740741 0.022916666666666665 0.03425925925925926
0 0.4895833333333333 0.7523148148148148 0.022916666666666665 0.03425925925925926
0 0.390625 0.7537037037037037 0.022916666666666665 0.03425925925925926
0 0.2916666666666667 0.7569444444444444 0.022916666666666665 0.03425925925925926
0 0.19166666666666668 0.7601851851851852 0.022916666666666665 0.03425925925925926