0 0.7114583333333333 0.3074074074074074 0.03125 0.03148148148148148
0 0.6385416666666667 0.3074074074074074 0.03125 0.03148148148148148
0 0.565625 0.30648148148148147 0.03125 0.03148148148148148
0 0.49270833333333336 0.30648148148148147 0.03125 0.03148148148148148
0 0.4197916666666667 0.30648148148148147 0.03125 0.03148148148148148
0 0.3458333333333333 0.3050925925925926 0.03125 0.03148148148148148
0 0.27291666666666664 0.3050925925925926 0.03125 0.03148148148148148
0 0.71875 0.37175925925925923 0.03125 0.03148148148148148
0 0.64375 0.37175925925925923 0.03125 0.03148148148148148
0 0.56875 0.37175925925925923 0.03125 0.03148148148148148
0 0.49270833333333336 0.37083333333333335 0.03125 0.03148148148148148
0 0.41770833333333335 0.37083333333333335 0.03125 0.03148148148148148
0 0.3416666666666667 0.37083333333333335 0.03125 0.03148148148148148
0 0.26458333333333334 0.3699074074074074 0.03125 0.03148148148148148
0 0.7270833333333333 0.44074074074074077 0.03125 0.03148148148148148
0 0.6489583333333333 0.44074074074074077 0.03125 0.03148148148148148
0 0.571875 0.44074074074074077 0.03125 0.03148148148148148
0 0.49375 0.44074074074074077 0.03125 0.03148148148148148
0 0.41458333333333336 0.44074074074074077 0.03125 0.03148148148148148
0 0.33645833333333336 0.4398148148148148 0.03125 0.03148148148148148
0 0.25729166666666664 0.4398148148148148 0.03125 0.03148148148148148
0 0.7354166666666667 0.5148148148148148 0.03125 0.03148148148148148
0 0.6552083333333333 0.5148148148148148 0.03125 0.03148148148148148
0 0.575 0.5148148148148148 0.03125 0.03148148148148148
0 0.49375 0.5148148148148148 0.03125 0.03148148148148148
0 0.4125 0.5148148148148148 0.03125 0.03148148148148148
0 0.33125 0.5148148148148148 0.03125 0.03148148148148148
0 0.24895833333333334 0.5148148148148148 0.03125 0.03148148148148148
0 0.7447916666666666 0.5949074074074074 0.03125 0.03148148148148148
0 0.6614583333333334 0.5949074074074074 0.03125 0.03148148148148148
0 0.578125 0.5949074074074074 0.03125 0.03148148148148148
0 0.49375 0.5949074074074074 0.03125 0.03148148148148148
0 0.409375 0.5949074074074074 0.03125 0.03148148148148148
0 0.325 0.5949074074074074 0.03125 0.03148148148148148
0 0.23958333333333334 0.5949074074074074 0.03125 0.03148148148148148
0 0.7541666666666667 0.6800925925925926 0.03125 0.03148148148148148
0 0.6677083333333333 0.6800925925925926 0.03125 0.03148148148148148
0 0.58125 0.6800925925925926 0.03125 0.03148148148148148
0 0.49375 0.6814814814814815 0.03125 0.03148148148148148
0 0.40625 0.6814814814814815 0.03125 0.03148148148148148
0 0.31875 0.6814814814814815 0.03125 0.03148148148148148
0 0.23020833333333332 0.6824074074074075 0.03125 0.03148148148148148
0 0.765625 0.7731481481481481 0.03125 0.03148148148148148
0 0.675 0.7731481481481481 0.03125 0.03148148148148148
0 0.5854166666666667 0.774074074074074 0.03125 0.03148148148148148
0 0.49375 0.774074074074074 0.03125 0.03148148148148148
0 0.403125 0.775 0.03125 0.03148148148148148
0 0.31145833333333334 0.775 0.03125 0.03148148148148148
0 0.21979166666666666 0.7759259259259259 0.03125 0.03148148148148148