0 0.7083333333333334 0.16666666666666666 0.022916666666666665 0.03425925925925926
0 0.6322916666666667 0.16527777777777777 0.022916666666666665 0.03425925925925926
0 0.5552083333333333 0.16527777777777777 0.022916666666666665 0.03425925925925926
0 0.4791666666666667 0.16342592592592592 0.022916666666666665 0.03425925925925926
0 0.4010416666666667 0.16203703703703703 0.022916666666666665 0.03425925925925926
0 0.32395833333333335 0.16203703703703703 0.022916666666666665 0.03425925925925926
0 0.24479166666666666 0.16064814814814815 0.022916666666666665 0.03425925925925926
0 0.7197916666666667 0.2462962962962963 0.022916666666666665 0.03425925925925926
0 0.640625 0.2462962962962963 0.022916666666666665 0.03425925925925926
0 0.5614583333333333 0.24444444444444444 0.022916666666666665 0.03425925925925926
0 0.4822916666666667 0.24444444444444444 0.022916666666666665 0.03425925925925926
0 0.40208333333333335 0.24305555555555555 0.022916666666666665 0.03425925925925926
0 0.32083333333333336 0.24305555555555555 0.022916666666666665 0.03425925925925926
0 0.23958333333333334 0.2412037037037037 0.022916666666666665 0.03425925925925926
0 0.73125 0.3333333333333333 0.022916666666666665 0.03425925925925926
0 0.65 0.33194444444444443 0.022916666666666665 0.03425925925925926
0 0.5677083333333334 0.33194444444444443 0.022916666666666665 0.03425925925925926
0 0.48541666666666666 0.33194444444444443 0.022916666666666665 0.03425925925925926
0 0.40208333333333335 0.3300925925925926 0.022916666666666665 0.03425925925925926
0 0.31875 0.3300925925925926 0.022916666666666665 0.03425925925925926
0 0.234375 0.3287037037037037 0.022916666666666665 0.03425925925925926
0 0.7447916666666666 0.425462962962963 0.022916666666666665 0.03425925925925926
0 0.6604166666666667 0.425462962962963 0.022916666666666665 0.03425925925925926
0 0.575 0.425462962962963 0.022916666666666665 0.03425925925925926
0 0.4895833333333333 0.425462962962963 0.022916666666666665 0.03425925925925926
0 0.403125 0.4236111111111111 0.022916666666666665 0.03425925925925926
0 0.315625 0.4236111111111111 0.022916666666666665 0.03425925925925926
0 0.228125 0.4236111111111111 0.022916666666666665 0.03425925925925926
0 0.759375 0.525 0.022916666666666665 0.03425925925925926
0 0.6708333333333333 0.525 0.022916666666666665 0.03425925925925926
0 0.5822916666666667 0.525 0.022916666666666665 0.03425925925925926
0 0.49375 0.525 0.022916666666666665 0.03425925925925926
0 0.403125 0.5263888888888889 0.022916666666666665 0.03425925925925926
0 0.3125 0.5263888888888889 0.022916666666666665 0.03425925925925926
0 0.221875 0.5263888888888889 0.022916666666666665 0.03425925925925926
0 0.775 0.6337962962962963 0.022916666666666665 0.03425925925925926
0 0.6833333333333333 0.6337962962962963 0.022916666666666665 0.03425925925925926
0 0.590625 0.6356481481481482 0.022916666666666665 0.03425925925925926
0 0.4979166666666667 0.6356481481481482 0.022916666666666665 0.03425925925925926
0 0.4041666666666667 0.6356481481481482 0.022916666666666665 0.03425925925925926
0 0.309375 0.6356481481481482 0.022916666666666665 0.03425925925925926
0 0.21458333333333332 0.6370370370370371 0.022916666666666665 0.03425925925925926
0 0.7916666666666666 0.7523148148148148 0.022916666666666665 0.03425925925925926
0 0.6958333333333333 0.7523148148148148 0.022916666666666665 0.03425925925925926
0 0.6 0.7537037037037037 0.022916666666666665 0.03425925925925926
0 0.5020833333333333 0.7537037037037037 0.022916666666666665 0.03425925925925926
0 0.4041666666666667 0.7555555555555555 0.022916666666666665 0.03425925925925926
0 0.30625 0.7569444444444444 0.022916666666666665 0.03425925925925926
0 0.20625 0.7569444444444444 0.022916666666666665 0.03425925925925926