0 0.7270833333333333 0.18472222222222223 0.025 0.03333333333333333
0 0.6604166666666667 0.18194444444444444 0.025 0.03333333333333333
0 0.59375 0.17777777777777778 0.025 0.03333333333333333
0 0.5270833333333333 0.175 0.025 0.03333333333333333
0 0.459375 0.17222222222222222 0.025 0.03333333333333333
0 0.39166666666666666 0.16944444444444445 0.025 0.03333333333333333
0 0.32395833333333335 0.16666666666666666 0.025 0.03333333333333333
0 0.7375 0.24722222222222223 0.025 0.03333333333333333
0 0.6677083333333333 0.24444444444444444 0.025 0.03333333333333333
0 0.5979166666666667 0.24166666666666667 0.025 0.03333333333333333
0 0.528125 0.2388888888888889 0.025 0.03333333333333333
0 0.45729166666666665 0.23472222222222222 0.025 0.03333333333333333
0 0.38645833333333335 0.23194444444444445 0.025 0.03333333333333333
0 0.3145833333333333 0.22916666666666666 0.025 0.03333333333333333
0 0.75 0.31666666666666665 0.025 0.03333333333333333
0 0.6770833333333334 0.3138888888888889 0.025 0.03333333333333333
0 0.603125 0.3111111111111111 0.025 0.03333333333333333
0 0.5291666666666667 0.30833333333333335 0.025 0.03333333333333333
0 0.4552083333333333 0.3055555555555556 0.025 0.03333333333333333
0 0.3802083333333333 0.3013888888888889 0.025 0.03333333333333333
0 0.30520833333333336 0.2986111111111111 0.025 0.03333333333333333
0 0.7635416666666667 0.39444444444444443 0.025 0.03333333333333333
0 0.6864583333333333 0.39166666666666666 0.025 0.03333333333333333
0 0.6083333333333333 0.3875 0.025 0.03333333333333333
0 0.5302083333333333 0.38472222222222224 0.025 0.03333333333333333
0 0.45208333333333334 0.3819444444444444 0.025 0.03333333333333333
0 0.37395833333333334 0.37916666666666665 0.025 0.03333333333333333
0 0.29375 0.3763888888888889 0.025 0.03333333333333333
0 0.778125 0.4791666666666667 0.025 0.03333333333333333
0 0.696875 0.47638888888888886 0.025 0.03333333333333333
0 0.6145833333333334 0.4736111111111111 0.025 0.03333333333333333
0 0.5322916666666667 0.4708333333333333 0.025 0.03333333333333333
0 0.44895833333333335 0.46805555555555556 0.025 0.03333333333333333
0 0.365625 0.4652777777777778 0.025 0.03333333333333333
0 0.28229166666666666 0.4625 0.025 0.03333333333333333
0 0.7947916666666667 0.5763888888888888 0.025 0.03333333333333333
0 0.7083333333333334 0.5736111111111111 0.025 0.03333333333333333
0 0.621875 0.5708333333333333 0.025 0.03333333333333333
0 0.534375 0.5680555555555555 0.025 0.03333333333333333
0 0.44583333333333336 0.5652777777777778 0.025 0.03333333333333333
0 0.3572916666666667 0.5625 0.025 0.03333333333333333
0 0.26875 0.5597222222222222 0.025 0.03333333333333333
0 0.8135416666666667 0.6847222222222222 0.025 0.03333333333333333
0 0.721875 0.6819444444444445 0.025 0.03333333333333333
0 0.6291666666666667 0.6791666666666667 0.025 0.03333333333333333
0 0.5364583333333334 0.6777777777777778 0.025 0.03333333333333333
0 0.4427083333333333 0.675 0.025 0.03333333333333333
0 0.34791666666666665 0.6722222222222223 0.025 0.03333333333333333
0 0.253125 0.6694444444444444 0.025 0.03333333333333333