0 0.3072916666666667 0.6472222222222223 0.020833333333333332 0.027777777777777776
0 0.384375 0.6472222222222223 0.020833333333333332 0.027777777777777776
0 0.46145833333333336 0.6486111111111111 0.020833333333333332 0.027777777777777776
0 0.5395833333333333 0.6486111111111111 0.020833333333333332 0.027777777777777776
0 0.6177083333333333 0.6486111111111111 0.020833333333333332 0.027777777777777776
0 0.696875 0.6486111111111111 0.020833333333333332 0.027777777777777776
0 0.7760416666666666 0.65 0.020833333333333332 0.027777777777777776
0 0.31875 0.5611111111111111 0.020833333333333332 0.027777777777777776
0 0.39166666666666666 0.5611111111111111 0.020833333333333332 0.027777777777777776
0 0.465625 0.5611111111111111 0.020833333333333332 0.027777777777777776
0 0.5395833333333333 0.5611111111111111 0.020833333333333332 0.027777777777777776
0 0.6135416666666667 0.5611111111111111 0.020833333333333332 0.027777777777777776
0 0.6885416666666667 0.5611111111111111 0.020833333333333332 0.027777777777777776
0 0.7645833333333333 0.5611111111111111 0.020833333333333332 0.027777777777777776
0 0.328125 0.48194444444444445 0.020833333333333332 0.027777777777777776
0 0.39791666666666664 0.48194444444444445 0.020833333333333332 0.027777777777777776
0 0.46875 0.48194444444444445 0.020833333333333332 0.027777777777777776
0 0.5385416666666667 0.48194444444444445 0.020833333333333332 0.027777777777777776
0 0.6104166666666667 0.48194444444444445 0.020833333333333332 0.027777777777777776
0 0.6822916666666666 0.48055555555555557 0.020833333333333332 0.027777777777777776
0 0.7541666666666667 0.48055555555555557 0.020833333333333332 0.027777777777777776
0 0.3375 0.4111111111111111 0.020833333333333332 0.027777777777777776
0 0.4041666666666667 0.4097222222222222 0.020833333333333332 0.027777777777777776
0 0.4708333333333333 0.4097222222222222 0.020833333333333332 0.027777777777777776
0 0.5385416666666667 0.4097222222222222 0.020833333333333332 0.027777777777777776
0 0.60625 0.4083333333333333 0.020833333333333332 0.027777777777777776
0 0.675 0.4083333333333333 0.020833333333333332 0.027777777777777776
0 0.74375 0.4083333333333333 0.020833333333333332 0.027777777777777776
0 0.3458333333333333 0.34444444444444444 0.020833333333333332 0.027777777777777776
0 0.409375 0.34444444444444444 0.020833333333333332 0.027777777777777776
0 0.4739583333333333 0.34305555555555556 0.020833333333333332 0.027777777777777776
0 0.5385416666666667 0.34305555555555556 0.020833333333333332 0.027777777777777776
0 0.6041666666666666 0.3416666666666667 0.020833333333333332 0.027777777777777776
0 0.66875 0.3416666666666667 0.020833333333333332 0.027777777777777776
0 0.7354166666666667 0.3402777777777778 0.020833333333333332 0.027777777777777776
0 0.353125 0.2847222222222222 0.020833333333333332 0.027777777777777776
0 0.41458333333333336 0.2833333333333333 0.020833333333333332 0.027777777777777776
0 0.47604166666666664 0.2833333333333333 0.020833333333333332 0.027777777777777776
0 0.5385416666666667 0.28194444444444444 0.020833333333333332 0.027777777777777776
0 0.6010416666666667 0.28055555555555556 0.020833333333333332 0.027777777777777776
0 0.6635416666666667 0.28055555555555556 0.020833333333333332 0.027777777777777776
0 0.7270833333333333 0.2791666666666667 0.020833333333333332 0.027777777777777776
0 0.36041666666666666 0.22777777777777777 0.020833333333333332 0.027777777777777776
0 0.41875 0.22777777777777777 0.020833333333333332 0.027777777777777776
0 0.478125 0.2263888888888889 0.020833333333333332 0.027777777777777776
0 0.5385416666666667 0.225 0.020833333333333332 0.027777777777777776
0 0.5979166666666667 0.225 0.020833333333333332 0.027777777777777776
0 0.6583333333333333 0.22361111111111112 0.020833333333333332 0.027777777777777776
0 0.71875 0.22361111111111112 0.020833333333333332 0.027777777777777776