0 0.6510416666666666 0.17777777777777778 0.025 0.03333333333333333
0 0.5854166666666667 0.18055555555555555 0.025 0.03333333333333333
0 0.5197916666666667 0.18472222222222223 0.025 0.03333333333333333
0 0.453125 0.18888888888888888 0.025 0.03333333333333333
0 0.384375 0.19305555555555556 0.025 0.03333333333333333
0 0.31666666666666665 0.19583333333333333 0.025 0.03333333333333333
0 0.246875 0.2 0.025 0.03333333333333333
0 0.665625 0.24027777777777778 0.025 0.03333333333333333
0 0.596875 0.24444444444444444 0.025 0.03333333333333333
0 0.528125 0.24861111111111112 0.025 0.03333333333333333
0 0.45729166666666665 0.25277777777777777 0.025 0.03333333333333333
0 0.38645833333333335 0.2569444444444444 0.025 0.03333333333333333
0 0.3145833333333333 0.2611111111111111 0.025 0.03333333333333333
0 0.24166666666666667 0.26666666666666666 0.025 0.03333333333333333
0 0.68125 0.30833333333333335 0.025 0.03333333333333333
0 0.6104166666666667 0.3138888888888889 0.025 0.03333333333333333
0 0.5375 0.31805555555555554 0.025 0.03333333333333333
0 0.4635416666666667 0.3236111111111111 0.025 0.03333333333333333
0 0.3885416666666667 0.3277777777777778 0.025 0.03333333333333333
0 0.3125 0.3333333333333333 0.025 0.03333333333333333
0 0.23541666666666666 0.3388888888888889 0.025 0.03333333333333333
0 0.7 0.38472222222222224 0.025 0.03333333333333333
0 0.6239583333333333 0.3902777777777778 0.025 0.03333333333333333
0 0.5479166666666667 0.3958333333333333 0.025 0.03333333333333333
0 0.46979166666666666 0.4013888888888889 0.025 0.03333333333333333
0 0.390625 0.4083333333333333 0.025 0.03333333333333333
0 0.3104166666666667 0.41388888888888886 0.025 0.03333333333333333
0 0.22916666666666666 0.41944444444444445 0.025 0.03333333333333333
0 0.7197916666666667 0.46805555555555556 0.025 0.03333333333333333
0 0.6395833333333333 0.475 0.025 0.03333333333333333
0 0.559375 0.48194444444444445 0.025 0.03333333333333333
0 0.47708333333333336 0.4888888888888889 0.025 0.03333333333333333
0 0.39375 0.49583333333333335 0.025 0.03333333333333333
0 0.30833333333333335 0.5041666666666667 0.025 0.03333333333333333
0 0.22291666666666668 0.5111111111111111 0.025 0.03333333333333333
0 0.7416666666666667 0.5638888888888889 0.025 0.03333333333333333
0 0.6572916666666667 0.5708333333333333 0.025 0.03333333333333333
0 0.571875 0.5791666666666667 0.025 0.03333333333333333
0 0.484375 0.5875 0.025 0.03333333333333333
0 0.3958333333333333 0.5958333333333333 0.025 0.03333333333333333
0 0.30625 0.6041666666666666 0.025 0.03333333333333333
0 0.21458333333333332 0.6125 0.025 0.03333333333333333
0 0.7666666666666667 0.6694444444444444 0.025 0.03333333333333333
0 0.6770833333333334 0.6791666666666667 0.025 0.03333333333333333
0 0.5864583333333333 0.6888888888888889 0.025 0.03333333333333333
0 0.49375 0.6986111111111111 0.025 0.03333333333333333
0 0.4 0.7083333333333334 0.025 0.03333333333333333
0 0.303125 0.7180555555555556 0.025 0.03333333333333333
0 0.20520833333333333 0.7291666666666666 0.025 0.03333333333333333