0 0.7197916666666667 0.18888888888888888 0.025 0.03333333333333333
0 0.65 0.19027777777777777 0.025 0.03333333333333333
0 0.5802083333333333 0.19305555555555556 0.025 0.03333333333333333
0 0.5114583333333333 0.19444444444444445 0.025 0.03333333333333333
0 0.44479166666666664 0.19722222222222222 0.025 0.03333333333333333
0 0.378125 0.1986111111111111 0.025 0.03333333333333333
0 0.31145833333333334 0.2 0.025 0.03333333333333333
0 0.728125 0.25277777777777777 0.025 0.03333333333333333
0 0.6541666666666667 0.25416666666666665 0.025 0.03333333333333333
0 0.58125 0.2569444444444444 0.025 0.03333333333333333
0 0.509375 0.25833333333333336 0.025 0.03333333333333333
0 0.43854166666666666 0.25972222222222224 0.025 0.03333333333333333
0 0.36875 0.2611111111111111 0.025 0.03333333333333333
0 0.3 0.2625 0.025 0.03333333333333333
0 0.7375 0.3236111111111111 0.025 0.03333333333333333
0 0.659375 0.325 0.025 0.03333333333333333
0 0.5833333333333334 0.3263888888888889 0.025 0.03333333333333333
0 0.5072916666666667 0.3277777777777778 0.025 0.03333333333333333
0 0.43333333333333335 0.32916666666666666 0.025 0.03333333333333333
0 0.359375 0.33055555555555555 0.025 0.03333333333333333
0 0.2875 0.33194444444444443 0.025 0.03333333333333333
0 0.7479166666666667 0.4041666666666667 0.025 0.03333333333333333
0 0.665625 0.4041666666666667 0.025 0.03333333333333333
0 0.584375 0.40555555555555556 0.025 0.03333333333333333
0 0.5052083333333334 0.40555555555555556 0.025 0.03333333333333333
0 0.42604166666666665 0.40694444444444444 0.025 0.03333333333333333
0 0.3489583333333333 0.40694444444444444 0.025 0.03333333333333333
0 0.27291666666666664 0.4083333333333333 0.025 0.03333333333333333
0 0.759375 0.4930555555555556 0.025 0.03333333333333333
0 0.671875 0.4930555555555556 0.025 0.03333333333333333
0 0.5864583333333333 0.4930555555555556 0.025 0.03333333333333333
0 0.5020833333333333 0.4930555555555556 0.025 0.03333333333333333
0 0.41875 0.4930555555555556 0.025 0.03333333333333333
0 0.3375 0.4930555555555556 0.025 0.03333333333333333
0 0.25625 0.4930555555555556 0.025 0.03333333333333333
0 0.7729166666666667 0.5930555555555556 0.025 0.03333333333333333
0 0.6791666666666667 0.5916666666666667 0.025 0.03333333333333333
0 0.5885416666666666 0.5902777777777778 0.025 0.03333333333333333
0 0.49895833333333334 0.5902777777777778 0.025 0.03333333333333333
0 0.41041666666666665 0.5888888888888889 0.025 0.03333333333333333
0 0.32395833333333335 0.5888888888888889 0.025 0.03333333333333333
0 0.23854166666666668 0.5875 0.025 0.03333333333333333
0 0.7875 0.7069444444444445 0.025 0.03333333333333333
0 0.6885416666666667 0.7041666666666667 0.025 0.03333333333333333
0 0.590625 0.7027777777777777 0.025 0.03333333333333333
0 0.4947916666666667 0.7 0.025 0.03333333333333333
0 0.4010416666666667 0.6986111111111111 0.025 0.03333333333333333
0 0.30833333333333335 0.6972222222222222 0.025 0.03333333333333333
0 0.21875 0.6958333333333333 0.025 0.03333333333333333