0 0.73125 0.1537037037037037 0.020833333333333332 0.03518518518518519
0 0.6583333333333333 0.1537037037037037 0.020833333333333332 0.03518518518518519
0 0.5864583333333333 0.1537037037037037 0.020833333333333332 0.03518518518518519
0 0.5145833333333333 0.1537037037037037 0.020833333333333332 0.03518518518518519
0 0.44375 0.1537037037037037 0.020833333333333332 0.03518518518518519
0 0.371875 0.1537037037037037 0.020833333333333332 0.03518518518518519
0 0.30104166666666665 0.15231481481481482 0.020833333333333332 0.03518518518518519
0 0.7395833333333334 0.2324074074074074 0.020833333333333332 0.03518518518518519
0 0.6645833333333333 0.2324074074074074 0.020833333333333332 0.03518518518518519
0 0.5895833333333333 0.2324074074074074 0.020833333333333332 0.03518518518518519
0 0.5145833333333333 0.2324074074074074 0.020833333333333332 0.03518518518518519
0 0.440625 0.2324074074074074 0.020833333333333332 0.03518518518518519
0 0.365625 0.2324074074074074 0.020833333333333332 0.03518518518518519
0 0.2916666666666667 0.2324074074074074 0.020833333333333332 0.03518518518518519
0 0.7489583333333333 0.3199074074074074 0.020833333333333332 0.03518518518518519
0 0.6708333333333333 0.3199074074074074 0.020833333333333332 0.03518518518518519
0 0.5927083333333333 0.3199074074074074 0.020833333333333332 0.03518518518518519
0 0.5145833333333333 0.31805555555555554 0.020833333333333332 0.03518518518518519
0 0.4375 0.31805555555555554 0.020833333333333332 0.03518518518518519
0 0.359375 0.31805555555555554 0.020833333333333332 0.03518518518518519
0 0.28229166666666666 0.31805555555555554 0.020833333333333332 0.03518518518518519
0 0.759375 0.41435185185185186 0.020833333333333332 0.03518518518518519
0 0.6770833333333334 0.41435185185185186 0.020833333333333332 0.03518518518518519
0 0.5958333333333333 0.4125 0.020833333333333332 0.03518518518518519
0 0.5145833333333333 0.4125 0.020833333333333332 0.03518518518518519
0 0.43333333333333335 0.4125 0.020833333333333332 0.03518518518518519
0 0.35208333333333336 0.41064814814814815 0.020833333333333332 0.03518518518518519
0 0.271875 0.41064814814814815 0.020833333333333332 0.03518518518518519
0 0.7697916666666667 0.5175925925925926 0.020833333333333332 0.03518518518518519
0 0.684375 0.5157407407407407 0.020833333333333332 0.03518518518518519
0 0.5989583333333334 0.5157407407407407 0.020833333333333332 0.03518518518518519
0 0.5145833333333333 0.5157407407407407 0.020833333333333332 0.03518518518518519
0 0.42916666666666664 0.5138888888888888 0.020833333333333332 0.03518518518518519
0 0.34479166666666666 0.5138888888888888 0.020833333333333332 0.03518518518518519
0 0.2604166666666667 0.5120370370370371 0.020833333333333332 0.03518518518518519
0 0.7822916666666667 0.6291666666666667 0.020833333333333332 0.03518518518518519
0 0.6927083333333334 0.6291666666666667 0.020833333333333332 0.03518518518518519
0 0.603125 0.6277777777777778 0.020833333333333332 0.03518518518518519
0 0.5145833333333333 0.6277777777777778 0.020833333333333332 0.03518518518518519
0 0.425 0.6259259259259259 0.020833333333333332 0.03518518518518519
0 0.33645833333333336 0.6259259259259259 0.020833333333333332 0.03518518518518519
0 0.24791666666666667 0.6240740740740741 0.020833333333333332 0.03518518518518519
0 0.7958333333333333 0.7537037037037037 0.020833333333333332 0.03518518518518519
0 0.7010416666666667 0.7537037037037037 0.020833333333333332 0.03518518518518519
0 0.6072916666666667 0.7518518518518519 0.020833333333333332 0.03518518518518519
0 0.5135416666666667 0.75 0.020833333333333332 0.03518518518518519
0 0.42083333333333334 0.75 0.020833333333333332 0.03518518518518519
0 0.32708333333333334 0.7481481481481481 0.020833333333333332 0.03518518518518519
0 0.234375 0.7481481481481481 0.020833333333333332 0.03518518518518519