0 0.7104166666666667 0.2824074074074074 0.03125 0.03148148148148148
0 0.640625 0.28425925925925927 0.03125 0.03148148148148148
0 0.5708333333333333 0.2865740740740741 0.03125 0.03148148148148148
0 0.5010416666666667 0.2898148148148148 0.03125 0.03148148148148148
0 0.4322916666666667 0.2916666666666667 0.03125 0.03148148148148148
0 0.3625 0.2935185185185185 0.03125 0.03148148148148148
0 0.29375 0.29583333333333334 0.03125 0.03148148148148148
0 0.71875 0.3398148148148148 0.03125 0.03148148148148148
0 0.6458333333333334 0.3416666666666667 0.03125 0.03148148148148148
0 0.5739583333333333 0.3435185185185185 0.03125 0.03148148148148148
0 0.5010416666666667 0.3458333333333333 0.03125 0.03148148148148148
0 0.42916666666666664 0.34814814814814815 0.03125 0.03148148148148148
0 0.3572916666666667 0.35 0.03125 0.03148148148148148
0 0.2864583333333333 0.35185185185185186 0.03125 0.03148148148148148
0 0.728125 0.4009259259259259 0.03125 0.03148148148148148
0 0.6520833333333333 0.40324074074074073 0.03125 0.03148148148148148
0 0.5770833333333333 0.4050925925925926 0.03125 0.03148148148148148
0 0.5020833333333333 0.4074074074074074 0.03125 0.03148148148148148
0 0.4270833333333333 0.40925925925925927 0.03125 0.03148148148148148
0 0.35208333333333336 0.4115740740740741 0.03125 0.03148148148148148
0 0.278125 0.4134259259259259 0.03125 0.03148148148148148
0 0.7385416666666667 0.4675925925925926 0.03125 0.03148148148148148
0 0.659375 0.4699074074074074 0.03125 0.03148148148148148
0 0.5802083333333333 0.47175925925925927 0.03125 0.03148148148148148
0 0.5020833333333333 0.4740740740740741 0.03125 0.03148148148148148
0 0.4239583333333333 0.4759259259259259 0.03125 0.03148148148148148
0 0.3458333333333333 0.47685185185185186 0.03125 0.03148148148148148
0 0.26875 0.4791666666666667 0.03125 0.03148148148148148
0 0.75 0.5398148148148149 0.03125 0.03148148148148148
0 0.6666666666666666 0.5416666666666666 0.03125 0.03148148148148148
0 0.584375 0.5435185185185185 0.03125 0.03148148148148148
0 0.5020833333333333 0.5458333333333333 0.03125 0.03148148148148148
0 0.42083333333333334 0.5481481481481482 0.03125 0.03148148148148148
0 0.33958333333333335 0.55 0.03125 0.03148148148148148
0 0.25833333333333336 0.5518518518518518 0.03125 0.03148148148148148
0 0.7614583333333333 0.6199074074074075 0.03125 0.03148148148148148
0 0.675 0.6217592592592592 0.03125 0.03148148148148148
0 0.5885416666666666 0.6231481481481481 0.03125 0.03148148148148148
0 0.503125 0.625 0.03125 0.03148148148148148
0 0.41770833333333335 0.6268518518518519 0.03125 0.03148148148148148
0 0.33229166666666665 0.6291666666666667 0.03125 0.03148148148148148
0 0.24791666666666667 0.6314814814814815 0.03125 0.03148148148148148
0 0.775 0.7074074074074074 0.03125 0.03148148148148148
0 0.684375 0.7092592592592593 0.03125 0.03148148148148148
0 0.5927083333333333 0.7101851851851851 0.03125 0.03148148148148148
0 0.503125 0.7125 0.03125 0.03148148148148148
0 0.41354166666666664 0.7134259259259259 0.03125 0.03148148148148148
0 0.32395833333333335 0.7157407407407408 0.03125 0.03148148148148148
0 0.23541666666666666 0.7175925925925926 0.03125 0.03148148148148148