0 0.696875 0.1587962962962963 0.022916666666666665 0.03425925925925926
0 0.6208333333333333 0.1574074074074074 0.022916666666666665 0.03425925925925926
0 0.5447916666666667 0.15555555555555556 0.022916666666666665 0.03425925925925926
0 0.46770833333333334 0.15416666666666667 0.022916666666666665 0.03425925925925926
0 0.390625 0.1527777777777778 0.022916666666666665 0.03425925925925926
0 0.31145833333333334 0.15092592592592594 0.022916666666666665 0.03425925925925926
0 0.23229166666666667 0.14953703703703702 0.022916666666666665 0.03425925925925926
0 0.7083333333333334 0.23842592592592593 0.022916666666666665 0.03425925925925926
0 0.6302083333333334 0.23842592592592593 0.022916666666666665 0.03425925925925926
0 0.5510416666666667 0.23657407407407408 0.022916666666666665 0.03425925925925926
0 0.471875 0.2351851851851852 0.022916666666666665 0.03425925925925926
0 0.390625 0.2351851851851852 0.022916666666666665 0.03425925925925926
0 0.309375 0.2337962962962963 0.022916666666666665 0.03425925925925926
0 0.22708333333333333 0.23194444444444445 0.022916666666666665 0.03425925925925926
0 0.7208333333333333 0.32407407407407407 0.022916666666666665 0.03425925925925926
0 0.640625 0.32407407407407407 0.022916666666666665 0.03425925925925926
0 0.5583333333333333 0.32407407407407407 0.022916666666666665 0.03425925925925926
0 0.47604166666666664 0.32222222222222224 0.022916666666666665 0.03425925925925926
0 0.39166666666666666 0.32222222222222224 0.022916666666666665 0.03425925925925926
0 0.3072916666666667 0.32083333333333336 0.022916666666666665 0.03425925925925926
0 0.221875 0.32083333333333336 0.022916666666666665 0.03425925925925926
0 0.7354166666666667 0.41759259259259257 0.022916666666666665 0.03425925925925926
0 0.6510416666666666 0.41759259259259257 0.022916666666666665 0.03425925925925926
0 0.565625 0.41759259259259257 0.022916666666666665 0.03425925925925926
0 0.48020833333333335 0.41759259259259257 0.022916666666666665 0.03425925925925926
0 0.3927083333333333 0.41759259259259257 0.022916666666666665 0.03425925925925926
0 0.30520833333333336 0.41574074074074074 0.022916666666666665 0.03425925925925926
0 0.215625 0.41574074074074074 0.022916666666666665 0.03425925925925926
0 0.75 0.5171296296296296 0.022916666666666665 0.03425925925925926
0 0.6625 0.5171296296296296 0.022916666666666665 0.03425925925925926
0 0.5739583333333333 0.5171296296296296 0.022916666666666665 0.03425925925925926
0 0.484375 0.5185185185185185 0.022916666666666665 0.03425925925925926
0 0.39375 0.5185185185185185 0.022916666666666665 0.03425925925925926
0 0.3020833333333333 0.5203703703703704 0.022916666666666665 0.03425925925925926
0 0.209375 0.5203703703703704 0.022916666666666665 0.03425925925925926
0 0.765625 0.624537037037037 0.022916666666666665 0.03425925925925926
0 0.675 0.6263888888888889 0.022916666666666665 0.03425925925925926
0 0.5833333333333334 0.6277777777777778 0.022916666666666665 0.03425925925925926
0 0.4895833333333333 0.6291666666666667 0.022916666666666665 0.03425925925925926
0 0.39479166666666665 0.6310185185185185 0.022916666666666665 0.03425925925925926
0 0.3 0.6324074074074074 0.022916666666666665 0.03425925925925926
0 0.20208333333333334 0.6324074074074074 0.022916666666666665 0.03425925925925926
0 0.7833333333333333 0.7430555555555556 0.022916666666666665 0.03425925925925926
0 0.6885416666666667 0.7444444444444445 0.022916666666666665 0.03425925925925926
0 0.5927083333333333 0.7476851851851852 0.022916666666666665 0.03425925925925926
0 0.49583333333333335 0.7490740740740741 0.022916666666666665 0.03425925925925926
0 0.396875 0.7509259259259259 0.022916666666666665 0.03425925925925926
0 0.296875 0.7537037037037037 0.022916666666666665 0.03425925925925926
0 0.19479166666666667 0.7555555555555555 0.022916666666666665 0.03425925925925926