0 0.6791666666666667 0.1625 0.025 0.03333333333333333
0 0.6114583333333333 0.16666666666666666 0.025 0.03333333333333333
0 0.5427083333333333 0.16944444444444445 0.025 0.03333333333333333
0 0.475 0.1736111111111111 0.025 0.03333333333333333
0 0.40625 0.1763888888888889 0.025 0.03333333333333333
0 0.3375 0.18055555555555555 0.025 0.03333333333333333
0 0.26875 0.18333333333333332 0.025 0.03333333333333333
0 0.690625 0.22777777777777777 0.025 0.03333333333333333
0 0.61875 0.23194444444444445 0.025 0.03333333333333333
0 0.5479166666666667 0.2361111111111111 0.025 0.03333333333333333
0 0.47604166666666664 0.2388888888888889 0.025 0.03333333333333333
0 0.4041666666666667 0.24305555555555555 0.025 0.03333333333333333
0 0.33229166666666665 0.24722222222222223 0.025 0.03333333333333333
0 0.2604166666666667 0.2513888888888889 0.025 0.03333333333333333
0 0.7020833333333333 0.3 0.025 0.03333333333333333
0 0.628125 0.30416666666666664 0.025 0.03333333333333333
0 0.553125 0.30833333333333335 0.025 0.03333333333333333
0 0.478125 0.3125 0.025 0.03333333333333333
0 0.403125 0.31666666666666665 0.025 0.03333333333333333
0 0.32708333333333334 0.32083333333333336 0.025 0.03333333333333333
0 0.2520833333333333 0.325 0.025 0.03333333333333333
0 0.7166666666666667 0.37916666666666665 0.025 0.03333333333333333
0 0.6375 0.38333333333333336 0.025 0.03333333333333333
0 0.559375 0.3875 0.025 0.03333333333333333
0 0.48020833333333335 0.39305555555555555 0.025 0.03333333333333333
0 0.4010416666666667 0.3972222222222222 0.025 0.03333333333333333
0 0.321875 0.4013888888888889 0.025 0.03333333333333333
0 0.24166666666666667 0.40555555555555556 0.025 0.03333333333333333
0 0.73125 0.4666666666666667 0.025 0.03333333333333333
0 0.6489583333333333 0.4722222222222222 0.025 0.03333333333333333
0 0.565625 0.47638888888888886 0.025 0.03333333333333333
0 0.4822916666666667 0.48194444444444445 0.025 0.03333333333333333
0 0.39895833333333336 0.4861111111111111 0.025 0.03333333333333333
0 0.315625 0.49166666666666664 0.025 0.03333333333333333
0 0.23125 0.49583333333333335 0.025 0.03333333333333333
0 0.7479166666666667 0.5652777777777778 0.025 0.03333333333333333
0 0.6604166666666667 0.5708333333333333 0.025 0.03333333333333333
0 0.5729166666666666 0.575 0.025 0.03333333333333333
0 0.48541666666666666 0.5805555555555556 0.025 0.03333333333333333
0 0.396875 0.5861111111111111 0.025 0.03333333333333333
0 0.30833333333333335 0.5916666666666667 0.025 0.03333333333333333
0 0.21979166666666666 0.5972222222222222 0.025 0.03333333333333333
0 0.7666666666666667 0.675 0.025 0.03333333333333333
0 0.6739583333333333 0.6805555555555556 0.025 0.03333333333333333
0 0.58125 0.6861111111111111 0.025 0.03333333333333333
0 0.48854166666666665 0.6916666666666667 0.025 0.03333333333333333
0 0.39479166666666665 0.6986111111111111 0.025 0.03333333333333333
0 0.30104166666666665 0.7041666666666667 0.025 0.03333333333333333
0 0.20625 0.7097222222222223 0.025 0.03333333333333333