0 0.7291666666666666 0.18333333333333332 0.025 0.03333333333333333
0 0.6614583333333334 0.18055555555555555 0.025 0.03333333333333333
0 0.59375 0.1763888888888889 0.025 0.03333333333333333
0 0.5260416666666666 0.1736111111111111 0.025 0.03333333333333333
0 0.4583333333333333 0.17083333333333334 0.025 0.03333333333333333
0 0.38958333333333334 0.16805555555555557 0.025 0.03333333333333333
0 0.32083333333333336 0.16527777777777777 0.025 0.03333333333333333
0 0.7395833333333334 0.24722222222222223 0.025 0.03333333333333333
0 0.66875 0.24444444444444444 0.025 0.03333333333333333
0 0.5979166666666667 0.24027777777777778 0.025 0.03333333333333333
0 0.5270833333333333 0.2375 0.025 0.03333333333333333
0 0.45625 0.23472222222222222 0.025 0.03333333333333333
0 0.384375 0.23194444444444445 0.025 0.03333333333333333
0 0.3125 0.22777777777777777 0.025 0.03333333333333333
0 0.7520833333333333 0.31666666666666665 0.025 0.03333333333333333
0 0.678125 0.3138888888888889 0.025 0.03333333333333333
0 0.603125 0.3111111111111111 0.025 0.03333333333333333
0 0.528125 0.30833333333333335 0.025 0.03333333333333333
0 0.453125 0.30416666666666664 0.025 0.03333333333333333
0 0.378125 0.3013888888888889 0.025 0.03333333333333333
0 0.303125 0.2986111111111111 0.025 0.03333333333333333
0 0.765625 0.39444444444444443 0.025 0.03333333333333333
0 0.6875 0.39166666666666666 0.025 0.03333333333333333
0 0.6083333333333333 0.3888888888888889 0.025 0.03333333333333333
0 0.5302083333333333 0.3861111111111111 0.025 0.03333333333333333
0 0.4510416666666667 0.3819444444444444 0.025 0.03333333333333333
0 0.371875 0.37916666666666665 0.025 0.03333333333333333
0 0.29270833333333335 0.3763888888888889 0.025 0.03333333333333333
0 0.7802083333333333 0.48194444444444445 0.025 0.03333333333333333
0 0.6979166666666666 0.4777777777777778 0.025 0.03333333333333333
0 0.6145833333333334 0.475 0.025 0.03333333333333333
0 0.5322916666666667 0.4722222222222222 0.025 0.03333333333333333
0 0.4479166666666667 0.46944444444444444 0.025 0.03333333333333333
0 0.3645833333333333 0.4652777777777778 0.025 0.03333333333333333
0 0.28020833333333334 0.4625 0.025 0.03333333333333333
0 0.796875 0.5777777777777777 0.025 0.03333333333333333
0 0.709375 0.575 0.025 0.03333333333333333
0 0.621875 0.5722222222222222 0.025 0.03333333333333333
0 0.5333333333333333 0.5694444444444444 0.025 0.03333333333333333
0 0.44479166666666664 0.5652777777777778 0.025 0.03333333333333333
0 0.35625 0.5625 0.025 0.03333333333333333
0 0.26666666666666666 0.5597222222222222 0.025 0.03333333333333333
0 0.815625 0.6875 0.025 0.03333333333333333
0 0.7229166666666667 0.6847222222222222 0.025 0.03333333333333333
0 0.6291666666666667 0.6819444444444445 0.025 0.03333333333333333
0 0.5354166666666667 0.6777777777777778 0.025 0.03333333333333333
0 0.44166666666666665 0.675 0.025 0.03333333333333333
0 0.346875 0.6722222222222223 0.025 0.03333333333333333
0 0.2520833333333333 0.6694444444444444 0.025 0.03333333333333333