0 0.715625 0.1763888888888889 0.025 0.03333333333333333
0 0.646875 0.175 0.025 0.03333333333333333
0 0.578125 0.175 0.025 0.03333333333333333
0 0.5104166666666666 0.1736111111111111 0.025 0.03333333333333333
0 0.4427083333333333 0.17222222222222222 0.025 0.03333333333333333
0 0.375 0.17222222222222222 0.025 0.03333333333333333
0 0.3072916666666667 0.17083333333333334 0.025 0.03333333333333333
0 0.725 0.24166666666666667 0.025 0.03333333333333333
0 0.653125 0.24027777777777778 0.025 0.03333333333333333
0 0.58125 0.24027777777777778 0.025 0.03333333333333333
0 0.509375 0.2388888888888889 0.025 0.03333333333333333
0 0.4375 0.2375 0.025 0.03333333333333333
0 0.36666666666666664 0.2361111111111111 0.025 0.03333333333333333
0 0.29583333333333334 0.23472222222222222 0.025 0.03333333333333333
0 0.7354166666666667 0.3138888888888889 0.025 0.03333333333333333
0 0.659375 0.3125 0.025 0.03333333333333333
0 0.5833333333333334 0.3111111111111111 0.025 0.03333333333333333
0 0.5083333333333333 0.30972222222222223 0.025 0.03333333333333333
0 0.43333333333333335 0.30833333333333335 0.025 0.03333333333333333
0 0.35833333333333334 0.30694444444444446 0.025 0.03333333333333333
0 0.284375 0.3055555555555556 0.025 0.03333333333333333
0 0.746875 0.39444444444444443 0.025 0.03333333333333333
0 0.665625 0.39305555555555555 0.025 0.03333333333333333
0 0.5864583333333333 0.3902777777777778 0.025 0.03333333333333333
0 0.5072916666666667 0.3888888888888889 0.025 0.03333333333333333
0 0.428125 0.3875 0.025 0.03333333333333333
0 0.3489583333333333 0.3861111111111111 0.025 0.03333333333333333
0 0.2708333333333333 0.38472222222222224 0.025 0.03333333333333333
0 0.7583333333333333 0.48333333333333334 0.025 0.03333333333333333
0 0.6739583333333333 0.48194444444444445 0.025 0.03333333333333333
0 0.5895833333333333 0.4791666666666667 0.025 0.03333333333333333
0 0.5052083333333334 0.4777777777777778 0.025 0.03333333333333333
0 0.421875 0.475 0.025 0.03333333333333333
0 0.3385416666666667 0.4736111111111111 0.025 0.03333333333333333
0 0.25625 0.4722222222222222 0.025 0.03333333333333333
0 0.7729166666666667 0.5833333333333334 0.025 0.03333333333333333
0 0.6822916666666666 0.5819444444444445 0.025 0.03333333333333333
0 0.5927083333333333 0.5791666666666667 0.025 0.03333333333333333
0 0.5041666666666667 0.5763888888888888 0.025 0.03333333333333333
0 0.415625 0.575 0.025 0.03333333333333333
0 0.32708333333333334 0.5722222222222222 0.025 0.03333333333333333
0 0.23958333333333334 0.5694444444444444 0.025 0.03333333333333333
0 0.7885416666666667 0.6972222222222222 0.025 0.03333333333333333
0 0.6927083333333334 0.6944444444444444 0.025 0.03333333333333333
0 0.596875 0.6916666666666667 0.025 0.03333333333333333
0 0.5020833333333333 0.6888888888888889 0.025 0.03333333333333333
0 0.40729166666666666 0.6861111111111111 0.025 0.03333333333333333
0 0.31354166666666666 0.6833333333333333 0.025 0.03333333333333333
0 0.22083333333333333 0.6805555555555556 0.025 0.03333333333333333