0 0.7666666666666667 0.225 0.03333333333333333 0.03333333333333333
0 0.690625 0.22407407407407406 0.03333333333333333 0.03333333333333333
0 0.6125 0.22314814814814815 0.03333333333333333 0.03333333333333333
0 0.5333333333333333 0.22314814814814815 0.03333333333333333 0.03333333333333333
0 0.45208333333333334 0.22175925925925927 0.03333333333333333 0.03333333333333333
0 0.36875 0.22083333333333333 0.03333333333333333 0.03333333333333333
0 0.28229166666666666 0.22083333333333333 0.03333333333333333 0.03333333333333333
0 0.7822916666666667 0.29074074074074074 0.03333333333333333 0.03333333333333333
0 0.7052083333333333 0.29074074074074074 0.03333333333333333 0.03333333333333333
0 0.625 0.2916666666666667 0.03333333333333333 0.03333333333333333
0 0.5427083333333333 0.2916666666666667 0.03333333333333333 0.03333333333333333
0 0.459375 0.2916666666666667 0.03333333333333333 0.03333333333333333
0 0.3729166666666667 0.2916666666666667 0.03333333333333333 0.03333333333333333
0 0.284375 0.2916666666666667 0.03333333333333333 0.03333333333333333
0 0.8 0.36157407407407405 0.03333333333333333 0.03333333333333333
0 0.7197916666666667 0.3625 0.03333333333333333 0.03333333333333333
0 0.6375 0.36342592592592593 0.03333333333333333 0.03333333333333333
0 0.553125 0.3648148148148148 0.03333333333333333 0.03333333333333333
0 0.4666666666666667 0.36574074074074076 0.03333333333333333 0.03333333333333333
0 0.3770833333333333 0.36666666666666664 0.03333333333333333 0.03333333333333333
0 0.28541666666666665 0.3675925925925926 0.03333333333333333 0.03333333333333333
0 0.81875 0.43657407407407406 0.03333333333333333 0.03333333333333333
0 0.7354166666666667 0.43842592592592594 0.03333333333333333 0.03333333333333333
0 0.6510416666666666 0.44074074074074077 0.03333333333333333 0.03333333333333333
0 0.5635416666666667 0.4425925925925926 0.03333333333333333 0.03333333333333333
0 0.4739583333333333 0.4449074074074074 0.03333333333333333 0.03333333333333333
0 0.38229166666666664 0.44814814814814813 0.03333333333333333 0.03333333333333333
0 0.2875 0.45 0.03333333333333333 0.03333333333333333
0 0.8385416666666666 0.5166666666666667 0.03333333333333333 0.03333333333333333
0 0.753125 0.5199074074074074 0.03333333333333333 0.03333333333333333
0 0.665625 0.5231481481481481 0.03333333333333333 0.03333333333333333
0 0.575 0.5268518518518519 0.03333333333333333 0.03333333333333333
0 0.48333333333333334 0.5300925925925926 0.03333333333333333 0.03333333333333333
0 0.3875 0.5333333333333333 0.03333333333333333 0.03333333333333333
0 0.28958333333333336 0.5375 0.03333333333333333 0.03333333333333333
0 0.859375 0.6032407407407407 0.03333333333333333 0.03333333333333333
0 0.771875 0.6074074074074074 0.03333333333333333 0.03333333333333333
0 0.68125 0.611574074074074 0.03333333333333333 0.03333333333333333
0 0.5875 0.6166666666666667 0.03333333333333333 0.03333333333333333
0 0.49166666666666664 0.6217592592592592 0.03333333333333333 0.03333333333333333
0 0.39375 0.6268518518518519 0.03333333333333333 0.03333333333333333
0 0.2916666666666667 0.6324074074074074 0.03333333333333333 0.03333333333333333
0 0.8822916666666667 0.6949074074074074 0.03333333333333333 0.03333333333333333
0 0.7916666666666666 0.700925925925926 0.03333333333333333 0.03333333333333333
0 0.6979166666666666 0.7074074074074074 0.03333333333333333 0.03333333333333333
0 0.6010416666666667 0.7134259259259259 0.03333333333333333 0.03333333333333333
0 0.5020833333333333 0.7199074074074074 0.03333333333333333 0.03333333333333333
0 0.4 0.7268518518518519 0.03333333333333333 0.03333333333333333
0 0.29375 0.7342592592592593 0.03333333333333333 0.03333333333333333