0 0.7177083333333333 0.35324074074074074 0.029166666666666667 0.029166666666666667
0 0.6510416666666666 0.3541666666666667 0.029166666666666667 0.029166666666666667
0 0.584375 0.3541666666666667 0.029166666666666667 0.029166666666666667
0 0.51875 0.3541666666666667 0.029166666666666667 0.029166666666666667
0 0.45208333333333334 0.35509259259259257 0.029166666666666667 0.029166666666666667
0 0.38645833333333335 0.35509259259259257 0.029166666666666667 0.029166666666666667
0 0.32083333333333336 0.35648148148148145 0.029166666666666667 0.029166666666666667
0 0.7260416666666667 0.4083333333333333 0.029166666666666667 0.029166666666666667
0 0.6572916666666667 0.4083333333333333 0.029166666666666667 0.029166666666666667
0 0.5875 0.40925925925925927 0.029166666666666667 0.029166666666666667
0 0.51875 0.40925925925925927 0.029166666666666667 0.029166666666666667
0 0.4510416666666667 0.4101851851851852 0.029166666666666667 0.029166666666666667
0 0.38229166666666664 0.4101851851851852 0.029166666666666667 0.029166666666666667
0 0.31354166666666666 0.4115740740740741 0.029166666666666667 0.029166666666666667
0 0.734375 0.4675925925925926 0.029166666666666667 0.029166666666666667
0 0.6635416666666667 0.4685185185185185 0.029166666666666667 0.029166666666666667
0 0.5916666666666667 0.4685185185185185 0.029166666666666667 0.029166666666666667
0 0.5197916666666667 0.4685185185185185 0.029166666666666667 0.029166666666666667
0 0.44895833333333335 0.4699074074074074 0.029166666666666667 0.029166666666666667
0 0.3770833333333333 0.4699074074074074 0.029166666666666667 0.029166666666666667
0 0.30625 0.4699074074074074 0.029166666666666667 0.029166666666666667
0 0.7447916666666666 0.5324074074074074 0.029166666666666667 0.029166666666666667
0 0.6697916666666667 0.5324074074074074 0.029166666666666667 0.029166666666666667
0 0.5947916666666667 0.5333333333333333 0.029166666666666667 0.029166666666666667
0 0.5208333333333334 0.5333333333333333 0.029166666666666667 0.029166666666666667
0 0.44583333333333336 0.5333333333333333 0.029166666666666667 0.029166666666666667
0 0.371875 0.5342592592592592 0.029166666666666667 0.029166666666666667
0 0.29791666666666666 0.5342592592592592 0.029166666666666667 0.029166666666666667
0 0.7552083333333334 0.6018518518518519 0.029166666666666667 0.029166666666666667
0 0.6770833333333334 0.6032407407407407 0.029166666666666667 0.029166666666666667
0 0.5989583333333334 0.6032407407407407 0.029166666666666667 0.029166666666666667
0 0.521875 0.6032407407407407 0.029166666666666667 0.029166666666666667
0 0.44375 0.6032407407407407 0.029166666666666667 0.029166666666666667
0 0.36666666666666664 0.6041666666666666 0.029166666666666667 0.029166666666666667
0 0.28958333333333336 0.6041666666666666 0.029166666666666667 0.029166666666666667
0 0.7666666666666667 0.6791666666666667 0.029166666666666667 0.029166666666666667
0 0.684375 0.6791666666666667 0.029166666666666667 0.029166666666666667
0 0.603125 0.6791666666666667 0.029166666666666667 0.029166666666666667
0 0.521875 0.6791666666666667 0.029166666666666667 0.029166666666666667
0 0.44166666666666665 0.6800925925925926 0.029166666666666667 0.029166666666666667
0 0.36041666666666666 0.6800925925925926 0.029166666666666667 0.029166666666666667
0 0.28020833333333334 0.6800925925925926 0.029166666666666667 0.029166666666666667
0 0.7791666666666667 0.7625 0.029166666666666667 0.029166666666666667
0 0.69375 0.7625 0.029166666666666667 0.029166666666666667
0 0.6083333333333333 0.7625 0.029166666666666667 0.029166666666666667
0 0.5229166666666667 0.7625 0.029166666666666667 0.029166666666666667
0 0.43854166666666666 0.7625 0.029166666666666667 0.029166666666666667
0 0.3541666666666667 0.7625 0.029166666666666667 0.029166666666666667
0 0.26979166666666665 0.763425925925926 0.029166666666666667 0.029166666666666667