0 0.6885416666666667 0.15138888888888888 0.025 0.03333333333333333
0 0.6197916666666666 0.1527777777777778 0.025 0.03333333333333333
0 0.5520833333333334 0.15416666666666667 0.025 0.03333333333333333
0 0.484375 0.15555555555555556 0.025 0.03333333333333333
0 0.4166666666666667 0.15694444444444444 0.025 0.03333333333333333
0 0.3489583333333333 0.1597222222222222 0.025 0.03333333333333333
0 0.28125 0.16111111111111112 0.025 0.03333333333333333
0 0.6989583333333333 0.21805555555555556 0.025 0.03333333333333333
0 0.6270833333333333 0.21944444444444444 0.025 0.03333333333333333
0 0.55625 0.22083333333333333 0.025 0.03333333333333333
0 0.484375 0.2222222222222222 0.025 0.03333333333333333
0 0.41354166666666664 0.22361111111111112 0.025 0.03333333333333333
0 0.34270833333333334 0.225 0.025 0.03333333333333333
0 0.271875 0.2263888888888889 0.025 0.03333333333333333
0 0.709375 0.2902777777777778 0.025 0.03333333333333333
0 0.6354166666666666 0.2916666666666667 0.025 0.03333333333333333
0 0.5604166666666667 0.29305555555555557 0.025 0.03333333333333333
0 0.48541666666666666 0.29444444444444445 0.025 0.03333333333333333
0 0.4114583333333333 0.29583333333333334 0.025 0.03333333333333333
0 0.33645833333333336 0.2972222222222222 0.025 0.03333333333333333
0 0.2625 0.2986111111111111 0.025 0.03333333333333333
0 0.7229166666666667 0.36944444444444446 0.025 0.03333333333333333
0 0.64375 0.37083333333333335 0.025 0.03333333333333333
0 0.5645833333333333 0.3736111111111111 0.025 0.03333333333333333
0 0.4864583333333333 0.375 0.025 0.03333333333333333
0 0.4083333333333333 0.3763888888888889 0.025 0.03333333333333333
0 0.3302083333333333 0.37777777777777777 0.025 0.03333333333333333
0 0.25104166666666666 0.37916666666666665 0.025 0.03333333333333333
0 0.7364583333333333 0.4583333333333333 0.025 0.03333333333333333
0 0.653125 0.4597222222222222 0.025 0.03333333333333333
0 0.5697916666666667 0.4625 0.025 0.03333333333333333
0 0.4875 0.4638888888888889 0.025 0.03333333333333333
0 0.4041666666666667 0.4652777777777778 0.025 0.03333333333333333
0 0.321875 0.4666666666666667 0.025 0.03333333333333333
0 0.23958333333333334 0.46805555555555556 0.025 0.03333333333333333
0 0.7520833333333333 0.5583333333333333 0.025 0.03333333333333333
0 0.6635416666666667 0.5597222222222222 0.025 0.03333333333333333
0 0.5760416666666667 0.5611111111111111 0.025 0.03333333333333333
0 0.48854166666666665 0.5625 0.025 0.03333333333333333
0 0.4010416666666667 0.5638888888888889 0.025 0.03333333333333333
0 0.31354166666666666 0.5652777777777778 0.025 0.03333333333333333
0 0.22604166666666667 0.5680555555555555 0.025 0.03333333333333333
0 0.7697916666666667 0.6694444444444444 0.025 0.03333333333333333
0 0.6760416666666667 0.6708333333333333 0.025 0.03333333333333333
0 0.5822916666666667 0.6722222222222223 0.025 0.03333333333333333
0 0.4895833333333333 0.6736111111111112 0.025 0.03333333333333333
0 0.396875 0.6763888888888889 0.025 0.03333333333333333
0 0.30416666666666664 0.6777777777777778 0.025 0.03333333333333333
0 0.21145833333333333 0.6791666666666667 0.025 0.03333333333333333