0 0.734375 0.1537037037037037 0.020833333333333332 0.03518518518518519
0 0.6614583333333334 0.1537037037037037 0.020833333333333332 0.03518518518518519
0 0.5885416666666666 0.15555555555555556 0.020833333333333332 0.03518518518518519
0 0.5166666666666667 0.15555555555555556 0.020833333333333332 0.03518518518518519
0 0.44375 0.15555555555555556 0.020833333333333332 0.03518518518518519
0 0.371875 0.15555555555555556 0.020833333333333332 0.03518518518518519
0 0.3 0.15555555555555556 0.020833333333333332 0.03518518518518519
0 0.7427083333333333 0.23425925925925925 0.020833333333333332 0.03518518518518519
0 0.6666666666666666 0.23425925925925925 0.020833333333333332 0.03518518518518519
0 0.5916666666666667 0.23425925925925925 0.020833333333333332 0.03518518518518519
0 0.515625 0.23425925925925925 0.020833333333333332 0.03518518518518519
0 0.440625 0.23425925925925925 0.020833333333333332 0.03518518518518519
0 0.365625 0.23425925925925925 0.020833333333333332 0.03518518518518519
0 0.290625 0.2361111111111111 0.020833333333333332 0.03518518518518519
0 0.7510416666666667 0.3199074074074074 0.020833333333333332 0.03518518518518519
0 0.6729166666666667 0.3199074074074074 0.020833333333333332 0.03518518518518519
0 0.59375 0.3199074074074074 0.020833333333333332 0.03518518518518519
0 0.515625 0.32175925925925924 0.020833333333333332 0.03518518518518519
0 0.4375 0.32175925925925924 0.020833333333333332 0.03518518518518519
0 0.359375 0.32175925925925924 0.020833333333333332 0.03518518518518519
0 0.28125 0.32175925925925924 0.020833333333333332 0.03518518518518519
0 0.7604166666666666 0.41435185185185186 0.020833333333333332 0.03518518518518519
0 0.678125 0.41435185185185186 0.020833333333333332 0.03518518518518519
0 0.596875 0.41435185185185186 0.020833333333333332 0.03518518518518519
0 0.5145833333333333 0.41435185185185186 0.020833333333333332 0.03518518518518519
0 0.43333333333333335 0.41435185185185186 0.020833333333333332 0.03518518518518519
0 0.35208333333333336 0.41435185185185186 0.020833333333333332 0.03518518518518519
0 0.2708333333333333 0.41435185185185186 0.020833333333333332 0.03518518518518519
0 0.7708333333333334 0.5157407407407407 0.020833333333333332 0.03518518518518519
0 0.6854166666666667 0.5157407407407407 0.020833333333333332 0.03518518518518519
0 0.6 0.5157407407407407 0.020833333333333332 0.03518518518518519
0 0.5145833333333333 0.5157407407407407 0.020833333333333332 0.03518518518518519
0 0.42916666666666664 0.5157407407407407 0.020833333333333332 0.03518518518518519
0 0.34479166666666666 0.5157407407407407 0.020833333333333332 0.03518518518518519
0 0.2604166666666667 0.5157407407407407 0.020833333333333332 0.03518518518518519
0 0.7822916666666667 0.6277777777777778 0.020833333333333332 0.03518518518518519
0 0.6927083333333334 0.6277777777777778 0.020833333333333332 0.03518518518518519
0 0.603125 0.6277777777777778 0.020833333333333332 0.03518518518518519
0 0.5135416666666667 0.6259259259259259 0.020833333333333332 0.03518518518518519
0 0.425 0.6259259259259259 0.020833333333333332 0.03518518518518519
0 0.33645833333333336 0.6259259259259259 0.020833333333333332 0.03518518518518519
0 0.24791666666666667 0.6259259259259259 0.020833333333333332 0.03518518518518519
0 0.7947916666666667 0.75 0.020833333333333332 0.03518518518518519
0 0.7 0.7481481481481481 0.020833333333333332 0.03518518518518519
0 0.60625 0.7481481481481481 0.020833333333333332 0.03518518518518519
0 0.5135416666666667 0.7481481481481481 0.020833333333333332 0.03518518518518519
0 0.4197916666666667 0.7481481481481481 0.020833333333333332 0.03518518518518519
0 0.32708333333333334 0.7462962962962963 0.020833333333333332 0.03518518518518519
0 0.234375 0.7462962962962963 0.020833333333333332 0.03518518518518519