0 0.7 0.34675925925925927 0.03333333333333333 0.03333333333333333
0 0.6302083333333334 0.3458333333333333 0.03333333333333333 0.03333333333333333
0 0.559375 0.3458333333333333 0.03333333333333333 0.03333333333333333
0 0.4895833333333333 0.3458333333333333 0.03333333333333333 0.03333333333333333
0 0.41875 0.3449074074074074 0.03333333333333333 0.03333333333333333
0 0.346875 0.3449074074074074 0.03333333333333333 0.03333333333333333
0 0.2760416666666667 0.3435185185185185 0.03333333333333333 0.03333333333333333
0 0.7104166666666667 0.40324074074074073 0.03333333333333333 0.03333333333333333
0 0.6364583333333333 0.40185185185185185 0.03333333333333333 0.03333333333333333
0 0.5635416666666667 0.40185185185185185 0.03333333333333333 0.03333333333333333
0 0.4895833333333333 0.40185185185185185 0.03333333333333333 0.03333333333333333
0 0.415625 0.4009259259259259 0.03333333333333333 0.03333333333333333
0 0.3416666666666667 0.4009259259259259 0.03333333333333333 0.03333333333333333
0 0.26666666666666666 0.4009259259259259 0.03333333333333333 0.03333333333333333
0 0.7208333333333333 0.4648148148148148 0.03333333333333333 0.03333333333333333
0 0.64375 0.4634259259259259 0.03333333333333333 0.03333333333333333
0 0.5677083333333334 0.4634259259259259 0.03333333333333333 0.03333333333333333
0 0.490625 0.4634259259259259 0.03333333333333333 0.03333333333333333
0 0.4125 0.4634259259259259 0.03333333333333333 0.03333333333333333
0 0.33541666666666664 0.4625 0.03333333333333333 0.03333333333333333
0 0.25729166666666664 0.4625 0.03333333333333333 0.03333333333333333
0 0.7322916666666667 0.5314814814814814 0.03333333333333333 0.03333333333333333
0 0.6520833333333333 0.5314814814814814 0.03333333333333333 0.03333333333333333
0 0.571875 0.5314814814814814 0.03333333333333333 0.03333333333333333
0 0.490625 0.5314814814814814 0.03333333333333333 0.03333333333333333
0 0.409375 0.5314814814814814 0.03333333333333333 0.03333333333333333
0 0.328125 0.5300925925925926 0.03333333333333333 0.03333333333333333
0 0.246875 0.5300925925925926 0.03333333333333333 0.03333333333333333
0 0.7458333333333333 0.6050925925925926 0.03333333333333333 0.03333333333333333
0 0.6614583333333334 0.6050925925925926 0.03333333333333333 0.03333333333333333
0 0.5760416666666667 0.6050925925925926 0.03333333333333333 0.03333333333333333
0 0.49166666666666664 0.6050925925925926 0.03333333333333333 0.03333333333333333
0 0.40625 0.6050925925925926 0.03333333333333333 0.03333333333333333
0 0.32083333333333336 0.6050925925925926 0.03333333333333333 0.03333333333333333
0 0.23541666666666666 0.6050925925925926 0.03333333333333333 0.03333333333333333
0 0.759375 0.6875 0.03333333333333333 0.03333333333333333
0 0.6708333333333333 0.6875 0.03333333333333333 0.03333333333333333
0 0.5822916666666667 0.6875 0.03333333333333333 0.03333333333333333
0 0.49270833333333336 0.6875 0.03333333333333333 0.03333333333333333
0 0.403125 0.6875 0.03333333333333333 0.03333333333333333
0 0.3125 0.6884259259259259 0.03333333333333333 0.03333333333333333
0 0.221875 0.6884259259259259 0.03333333333333333 0.03333333333333333
0 0.7760416666666666 0.7791666666666667 0.03333333333333333 0.03333333333333333
0 0.6822916666666666 0.7791666666666667 0.03333333333333333 0.03333333333333333
0 0.5875 0.7791666666666667 0.03333333333333333 0.03333333333333333
0 0.49375 0.7791666666666667 0.03333333333333333 0.03333333333333333
0 0.39895833333333336 0.7800925925925926 0.03333333333333333 0.03333333333333333
0 0.303125 0.7800925925925926 0.03333333333333333 0.03333333333333333
0 0.20729166666666668 0.7800925925925926 0.03333333333333333 0.03333333333333333