0 0.33645833333333336 0.3861111111111111 0.01875 0.025
0 0.33125 0.44305555555555554 0.01875 0.025
0 0.3260416666666667 0.5041666666666667 0.01875 0.025
0 0.32083333333333336 0.5680555555555555 0.01875 0.025
0 0.3145833333333333 0.6375 0.01875 0.025
0 0.30833333333333335 0.7111111111111111 0.01875 0.025
0 0.3020833333333333 0.7888888888888889 0.01875 0.025
0 0.396875 0.3888888888888889 0.01875 0.025
0 0.39375 0.44583333333333336 0.01875 0.025
0 0.390625 0.5055555555555555 0.01875 0.025
0 0.3875 0.5708333333333333 0.01875 0.025
0 0.38333333333333336 0.6388888888888888 0.01875 0.025
0 0.3802083333333333 0.7125 0.01875 0.025
0 0.37604166666666666 0.7916666666666666 0.01875 0.025
0 0.4583333333333333 0.3902777777777778 0.01875 0.025
0 0.45729166666666665 0.44722222222222224 0.01875 0.025
0 0.4552083333333333 0.5083333333333333 0.01875 0.025
0 0.45416666666666666 0.5736111111111111 0.01875 0.025
0 0.453125 0.6416666666666667 0.01875 0.025
0 0.4510416666666667 0.7152777777777778 0.01875 0.025
0 0.45 0.7944444444444444 0.01875 0.025
0 0.51875 0.39305555555555555 0.01875 0.025
0 0.5197916666666667 0.45 0.01875 0.025
0 0.5208333333333334 0.5111111111111111 0.01875 0.025
0 0.5208333333333334 0.575 0.01875 0.025
0 0.521875 0.6444444444444445 0.01875 0.025
0 0.5229166666666667 0.7180555555555556 0.01875 0.025
0 0.5239583333333333 0.7972222222222223 0.01875 0.025
0 0.5802083333333333 0.39444444444444443 0.01875 0.025
0 0.5822916666666667 0.4513888888888889 0.01875 0.025
0 0.5854166666666667 0.5125 0.01875 0.025
0 0.5885416666666666 0.5777777777777777 0.01875 0.025
0 0.5916666666666667 0.6458333333333334 0.01875 0.025
0 0.5947916666666667 0.7208333333333333 0.01875 0.025
0 0.5979166666666667 0.8 0.01875 0.025
0 0.6416666666666667 0.3958333333333333 0.01875 0.025
0 0.6458333333333334 0.45416666666666666 0.01875 0.025
0 0.65 0.5152777777777777 0.01875 0.025
0 0.6552083333333333 0.5791666666666667 0.01875 0.025
0 0.6604166666666667 0.6486111111111111 0.01875 0.025
0 0.6666666666666666 0.7222222222222222 0.01875 0.025
0 0.671875 0.8013888888888889 0.01875 0.025
0 0.7020833333333333 0.39861111111111114 0.01875 0.025
0 0.7083333333333334 0.45555555555555555 0.01875 0.025
0 0.715625 0.5166666666666667 0.01875 0.025
0 0.721875 0.5819444444444445 0.01875 0.025
0 0.7302083333333333 0.6513888888888889 0.01875 0.025
0 0.7375 0.725 0.01875 0.025
0 0.746875 0.8041666666666667 0.01875 0.025