0 0.7177083333333333 0.22083333333333333 0.03333333333333333 0.03333333333333333
0 0.64375 0.22083333333333333 0.03333333333333333 0.03333333333333333
0 0.5697916666666667 0.22175925925925927 0.03333333333333333 0.03333333333333333
0 0.496875 0.22175925925925927 0.03333333333333333 0.03333333333333333
0 0.42291666666666666 0.22314814814814815 0.03333333333333333 0.03333333333333333
0 0.35 0.22314814814814815 0.03333333333333333 0.03333333333333333
0 0.27708333333333335 0.22314814814814815 0.03333333333333333 0.03333333333333333
0 0.725 0.27314814814814814 0.03333333333333333 0.03333333333333333
0 0.6489583333333333 0.2740740740740741 0.03333333333333333 0.03333333333333333
0 0.571875 0.2740740740740741 0.03333333333333333 0.03333333333333333
0 0.49583333333333335 0.275 0.03333333333333333 0.03333333333333333
0 0.4197916666666667 0.275 0.03333333333333333 0.03333333333333333
0 0.34375 0.275 0.03333333333333333 0.03333333333333333
0 0.2677083333333333 0.2759259259259259 0.03333333333333333 0.03333333333333333
0 0.734375 0.3300925925925926 0.03333333333333333 0.03333333333333333
0 0.6541666666666667 0.3314814814814815 0.03333333333333333 0.03333333333333333
0 0.575 0.3314814814814815 0.03333333333333333 0.03333333333333333
0 0.49583333333333335 0.3314814814814815 0.03333333333333333 0.03333333333333333
0 0.4166666666666667 0.33240740740740743 0.03333333333333333 0.03333333333333333
0 0.3375 0.33240740740740743 0.03333333333333333 0.03333333333333333
0 0.25833333333333336 0.33240740740740743 0.03333333333333333 0.03333333333333333
0 0.74375 0.3925925925925926 0.03333333333333333 0.03333333333333333
0 0.6604166666666667 0.3925925925925926 0.03333333333333333 0.03333333333333333
0 0.578125 0.3925925925925926 0.03333333333333333 0.03333333333333333
0 0.4947916666666667 0.39351851851851855 0.03333333333333333 0.03333333333333333
0 0.4125 0.39351851851851855 0.03333333333333333 0.03333333333333333
0 0.3302083333333333 0.39351851851851855 0.03333333333333333 0.03333333333333333
0 0.24791666666666667 0.39490740740740743 0.03333333333333333 0.03333333333333333
0 0.7541666666666667 0.4601851851851852 0.03333333333333333 0.03333333333333333
0 0.6677083333333333 0.4601851851851852 0.03333333333333333 0.03333333333333333
0 0.58125 0.4601851851851852 0.03333333333333333 0.03333333333333333
0 0.4947916666666667 0.4601851851851852 0.03333333333333333 0.03333333333333333
0 0.4083333333333333 0.4615740740740741 0.03333333333333333 0.03333333333333333
0 0.321875 0.4615740740740741 0.03333333333333333 0.03333333333333333
0 0.23645833333333333 0.4615740740740741 0.03333333333333333 0.03333333333333333
0 0.765625 0.5333333333333333 0.03333333333333333 0.03333333333333333
0 0.675 0.5342592592592592 0.03333333333333333 0.03333333333333333
0 0.584375 0.5342592592592592 0.03333333333333333 0.03333333333333333
0 0.49375 0.5342592592592592 0.03333333333333333 0.03333333333333333
0 0.403125 0.5342592592592592 0.03333333333333333 0.03333333333333333
0 0.31354166666666666 0.5342592592592592 0.03333333333333333 0.03333333333333333
0 0.22395833333333334 0.5342592592592592 0.03333333333333333 0.03333333333333333
0 0.778125 0.6148148148148148 0.03333333333333333 0.03333333333333333
0 0.6833333333333333 0.6148148148148148 0.03333333333333333 0.03333333333333333
0 0.5875 0.6148148148148148 0.03333333333333333 0.03333333333333333
0 0.49270833333333336 0.6148148148148148 0.03333333333333333 0.03333333333333333
0 0.39895833333333336 0.6148148148148148 0.03333333333333333 0.03333333333333333
0 0.30416666666666664 0.6157407407407407 0.03333333333333333 0.03333333333333333
0 0.21041666666666667 0.6157407407407407 0.03333333333333333 0.03333333333333333