0 0.7072916666666667 0.16527777777777777 0.022916666666666665 0.03425925925925926
0 0.63125 0.16342592592592592 0.022916666666666665 0.03425925925925926
0 0.5541666666666667 0.16342592592592592 0.022916666666666665 0.03425925925925926
0 0.478125 0.16203703703703703 0.022916666666666665 0.03425925925925926
0 0.4 0.16203703703703703 0.022916666666666665 0.03425925925925926
0 0.3229166666666667 0.16064814814814815 0.022916666666666665 0.03425925925925926
0 0.24479166666666666 0.16064814814814815 0.022916666666666665 0.03425925925925926
0 0.71875 0.24444444444444444 0.022916666666666665 0.03425925925925926
0 0.640625 0.24444444444444444 0.022916666666666665 0.03425925925925926
0 0.5604166666666667 0.24305555555555555 0.022916666666666665 0.03425925925925926
0 0.48125 0.24305555555555555 0.022916666666666665 0.03425925925925926
0 0.4010416666666667 0.24305555555555555 0.022916666666666665 0.03425925925925926
0 0.31979166666666664 0.2412037037037037 0.022916666666666665 0.03425925925925926
0 0.23958333333333334 0.2412037037037037 0.022916666666666665 0.03425925925925926
0 0.7322916666666667 0.3300925925925926 0.022916666666666665 0.03425925925925926
0 0.65 0.3300925925925926 0.022916666666666665 0.03425925925925926
0 0.5677083333333334 0.3300925925925926 0.022916666666666665 0.03425925925925926
0 0.48541666666666666 0.3300925925925926 0.022916666666666665 0.03425925925925926
0 0.40208333333333335 0.3300925925925926 0.022916666666666665 0.03425925925925926
0 0.3177083333333333 0.3300925925925926 0.022916666666666665 0.03425925925925926
0 0.23333333333333334 0.3287037037037037 0.022916666666666665 0.03425925925925926
0 0.7458333333333333 0.4236111111111111 0.022916666666666665 0.03425925925925926
0 0.6604166666666667 0.4236111111111111 0.022916666666666665 0.03425925925925926
0 0.575 0.4236111111111111 0.022916666666666665 0.03425925925925926
0 0.4895833333333333 0.4236111111111111 0.022916666666666665 0.03425925925925926
0 0.40208333333333335 0.4236111111111111 0.022916666666666665 0.03425925925925926
0 0.315625 0.4236111111111111 0.022916666666666665 0.03425925925925926
0 0.22708333333333333 0.4236111111111111 0.022916666666666665 0.03425925925925926
0 0.7604166666666666 0.525 0.022916666666666665 0.03425925925925926
0 0.671875 0.525 0.022916666666666665 0.03425925925925926
0 0.5833333333333334 0.525 0.022916666666666665 0.03425925925925926
0 0.49375 0.525 0.022916666666666665 0.03425925925925926
0 0.403125 0.5263888888888889 0.022916666666666665 0.03425925925925926
0 0.3125 0.5263888888888889 0.022916666666666665 0.03425925925925926
0 0.22083333333333333 0.5263888888888889 0.022916666666666665 0.03425925925925926
0 0.7770833333333333 0.6337962962962963 0.022916666666666665 0.03425925925925926
0 0.6854166666666667 0.6356481481481482 0.022916666666666665 0.03425925925925926
0 0.5916666666666667 0.6356481481481482 0.022916666666666665 0.03425925925925926
0 0.4979166666666667 0.6370370370370371 0.022916666666666665 0.03425925925925926
0 0.4041666666666667 0.6370370370370371 0.022916666666666665 0.03425925925925926
0 0.309375 0.638425925925926 0.022916666666666665 0.03425925925925926
0 0.21354166666666666 0.638425925925926 0.022916666666666665 0.03425925925925926
0 0.7947916666666667 0.7537037037037037 0.022916666666666665 0.03425925925925926
0 0.6989583333333333 0.7555555555555555 0.022916666666666665 0.03425925925925926
0 0.6010416666666667 0.7555555555555555 0.022916666666666665 0.03425925925925926
0 0.5041666666666667 0.7569444444444444 0.022916666666666665 0.03425925925925926
0 0.40520833333333334 0.7587962962962963 0.022916666666666665 0.03425925925925926
0 0.30625 0.7601851851851852 0.022916666666666665 0.03425925925925926
0 0.20625 0.7615740740740741 0.022916666666666665 0.03425925925925926