0 0.7010416666666667 0.2884259259259259 0.03333333333333333 0.03333333333333333
0 0.6270833333333333 0.29074074074074074 0.03333333333333333 0.03333333333333333
0 0.5552083333333333 0.29259259259259257 0.03333333333333333 0.03333333333333333
0 0.4822916666666667 0.2949074074074074 0.03333333333333333 0.03333333333333333
0 0.41041666666666665 0.29583333333333334 0.03333333333333333 0.03333333333333333
0 0.33958333333333335 0.29814814814814816 0.03333333333333333 0.03333333333333333
0 0.26875 0.3 0.03333333333333333 0.03333333333333333
0 0.7083333333333334 0.34814814814814815 0.03333333333333333 0.03333333333333333
0 0.6322916666666667 0.35 0.03333333333333333 0.03333333333333333
0 0.5572916666666666 0.35185185185185186 0.03333333333333333 0.03333333333333333
0 0.48125 0.35324074074074074 0.03333333333333333 0.03333333333333333
0 0.40729166666666666 0.35509259259259257 0.03333333333333333 0.03333333333333333
0 0.3333333333333333 0.3574074074074074 0.03333333333333333 0.03333333333333333
0 0.259375 0.35833333333333334 0.03333333333333333 0.03333333333333333
0 0.7177083333333333 0.4125 0.03333333333333333 0.03333333333333333
0 0.6375 0.4148148148148148 0.03333333333333333 0.03333333333333333
0 0.559375 0.41574074074074074 0.03333333333333333 0.03333333333333333
0 0.48020833333333335 0.41759259259259257 0.03333333333333333 0.03333333333333333
0 0.403125 0.4185185185185185 0.03333333333333333 0.03333333333333333
0 0.3260416666666667 0.42083333333333334 0.03333333333333333 0.03333333333333333
0 0.24895833333333334 0.4217592592592593 0.03333333333333333 0.03333333333333333
0 0.7270833333333333 0.4824074074074074 0.03333333333333333 0.03333333333333333
0 0.64375 0.4842592592592593 0.03333333333333333 0.03333333333333333
0 0.5614583333333333 0.48518518518518516 0.03333333333333333 0.03333333333333333
0 0.48020833333333335 0.48657407407407405 0.03333333333333333 0.03333333333333333
0 0.39895833333333336 0.48842592592592593 0.03333333333333333 0.03333333333333333
0 0.3177083333333333 0.4898148148148148 0.03333333333333333 0.03333333333333333
0 0.23854166666666668 0.49074074074074076 0.03333333333333333 0.03333333333333333
0 0.7375 0.5592592592592592 0.03333333333333333 0.03333333333333333
0 0.65 0.5601851851851852 0.03333333333333333 0.03333333333333333
0 0.5635416666666667 0.5615740740740741 0.03333333333333333 0.03333333333333333
0 0.478125 0.5625 0.03333333333333333 0.03333333333333333
0 0.39375 0.5634259259259259 0.03333333333333333 0.03333333333333333
0 0.309375 0.5648148148148148 0.03333333333333333 0.03333333333333333
0 0.22604166666666667 0.5657407407407408 0.03333333333333333 0.03333333333333333
0 0.7479166666666667 0.6435185185185185 0.03333333333333333 0.03333333333333333
0 0.6572916666666667 0.6435185185185185 0.03333333333333333 0.03333333333333333
0 0.5666666666666667 0.6449074074074074 0.03333333333333333 0.03333333333333333
0 0.47708333333333336 0.6458333333333334 0.03333333333333333 0.03333333333333333
0 0.3885416666666667 0.6467592592592593 0.03333333333333333 0.03333333333333333
0 0.30104166666666665 0.6481481481481481 0.03333333333333333 0.03333333333333333
0 0.21354166666666666 0.6481481481481481 0.03333333333333333 0.03333333333333333
0 0.7604166666666666 0.7351851851851852 0.03333333333333333 0.03333333333333333
0 0.6645833333333333 0.736574074074074 0.03333333333333333 0.03333333333333333
0 0.5697916666666667 0.736574074074074 0.03333333333333333 0.03333333333333333
0 0.47604166666666664 0.7375 0.03333333333333333 0.03333333333333333
0 0.38333333333333336 0.7375 0.03333333333333333 0.03333333333333333
0 0.290625 0.7384259259259259 0.03333333333333333 0.03333333333333333
0 0.19895833333333332 0.7384259259259259 0.03333333333333333 0.03333333333333333