0 0.2635416666666667 0.2199074074074074 0.035416666666666666 0.03518518518518519
0 0.3416666666666667 0.22083333333333333 0.035416666666666666 0.03518518518518519
0 0.4197916666666667 0.22083333333333333 0.035416666666666666 0.03518518518518519
0 0.4979166666666667 0.22175925925925927 0.035416666666666666 0.03518518518518519
0 0.5760416666666667 0.22314814814814815 0.035416666666666666 0.03518518518518519
0 0.6552083333333333 0.22314814814814815 0.035416666666666666 0.03518518518518519
0 0.7333333333333333 0.22407407407407406 0.035416666666666666 0.03518518518518519
0 0.25625 0.275 0.035416666666666666 0.03518518518518519
0 0.3375 0.2759259259259259 0.035416666666666666 0.03518518518518519
0 0.41875 0.2759259259259259 0.035416666666666666 0.03518518518518519
0 0.5 0.27685185185185185 0.035416666666666666 0.03518518518518519
0 0.58125 0.27685185185185185 0.035416666666666666 0.03518518518518519
0 0.6635416666666667 0.27824074074074073 0.035416666666666666 0.03518518518518519
0 0.7458333333333333 0.2791666666666667 0.035416666666666666 0.03518518518518519
0 0.24791666666666667 0.33425925925925926 0.035416666666666666 0.03518518518518519
0 0.33229166666666665 0.3351851851851852 0.035416666666666666 0.03518518518518519
0 0.4166666666666667 0.3351851851851852 0.035416666666666666 0.03518518518518519
0 0.5020833333333333 0.3365740740740741 0.035416666666666666 0.03518518518518519
0 0.5875 0.3375 0.035416666666666666 0.03518518518518519
0 0.6729166666666667 0.3384259259259259 0.035416666666666666 0.03518518518518519
0 0.7583333333333333 0.3384259259259259 0.035416666666666666 0.03518518518518519
0 0.23854166666666668 0.3990740740740741 0.035416666666666666 0.03518518518518519
0 0.32708333333333334 0.4 0.035416666666666666 0.03518518518518519
0 0.415625 0.4009259259259259 0.035416666666666666 0.03518518518518519
0 0.5041666666666667 0.40185185185185185 0.035416666666666666 0.03518518518518519
0 0.59375 0.40324074074074073 0.035416666666666666 0.03518518518518519
0 0.6833333333333333 0.40324074074074073 0.035416666666666666 0.03518518518518519
0 0.7729166666666667 0.4041666666666667 0.035416666666666666 0.03518518518518519
0 0.228125 0.4708333333333333 0.035416666666666666 0.03518518518518519
0 0.32083333333333336 0.47175925925925927 0.035416666666666666 0.03518518518518519
0 0.41354166666666664 0.47314814814814815 0.035416666666666666 0.03518518518518519
0 0.5072916666666667 0.4740740740740741 0.035416666666666666 0.03518518518518519
0 0.6010416666666667 0.4740740740740741 0.035416666666666666 0.03518518518518519
0 0.6947916666666667 0.475 0.035416666666666666 0.03518518518518519
0 0.7885416666666667 0.4759259259259259 0.035416666666666666 0.03518518518518519
0 0.21666666666666667 0.549074074074074 0.035416666666666666 0.03518518518518519
0 0.3145833333333333 0.55 0.035416666666666666 0.03518518518518519
0 0.4125 0.5509259259259259 0.035416666666666666 0.03518518518518519
0 0.5104166666666666 0.5518518518518518 0.035416666666666666 0.03518518518518519
0 0.6083333333333333 0.5532407407407407 0.035416666666666666 0.03518518518518519
0 0.70625 0.5541666666666667 0.035416666666666666 0.03518518518518519
0 0.8052083333333333 0.5550925925925926 0.035416666666666666 0.03518518518518519
0 0.20416666666666666 0.6351851851851852 0.035416666666666666 0.03518518518518519
0 0.3072916666666667 0.6375 0.035416666666666666 0.03518518518518519
0 0.41041666666666665 0.638425925925926 0.035416666666666666 0.03518518518518519
0 0.5135416666666667 0.6398148148148148 0.035416666666666666 0.03518518518518519
0 0.6166666666666667 0.6407407407407407 0.035416666666666666 0.03518518518518519
0 0.7208333333333333 0.6416666666666667 0.035416666666666666 0.03518518518518519
0 0.8239583333333333 0.6435185185185185 0.035416666666666666 0.03518518518518519