0 0.3072916666666667 0.6458333333333334 0.020833333333333332 0.027777777777777776
0 0.38333333333333336 0.6458333333333334 0.020833333333333332 0.027777777777777776
0 0.459375 0.6458333333333334 0.020833333333333332 0.027777777777777776
0 0.5364583333333334 0.6458333333333334 0.020833333333333332 0.027777777777777776
0 0.6145833333333334 0.6458333333333334 0.020833333333333332 0.027777777777777776
0 0.6927083333333334 0.6458333333333334 0.020833333333333332 0.027777777777777776
0 0.771875 0.6444444444444445 0.020833333333333332 0.027777777777777776
0 0.3177083333333333 0.5583333333333333 0.020833333333333332 0.027777777777777776
0 0.38958333333333334 0.5583333333333333 0.020833333333333332 0.027777777777777776
0 0.4625 0.5583333333333333 0.020833333333333332 0.027777777777777776
0 0.5364583333333334 0.5569444444444445 0.020833333333333332 0.027777777777777776
0 0.6104166666666667 0.5569444444444445 0.020833333333333332 0.027777777777777776
0 0.684375 0.5569444444444445 0.020833333333333332 0.027777777777777776
0 0.759375 0.5555555555555556 0.020833333333333332 0.027777777777777776
0 0.32708333333333334 0.4791666666666667 0.020833333333333332 0.027777777777777776
0 0.396875 0.4791666666666667 0.020833333333333332 0.027777777777777776
0 0.465625 0.4777777777777778 0.020833333333333332 0.027777777777777776
0 0.5354166666666667 0.4777777777777778 0.020833333333333332 0.027777777777777776
0 0.60625 0.47638888888888886 0.020833333333333332 0.027777777777777776
0 0.6770833333333334 0.47638888888888886 0.020833333333333332 0.027777777777777776
0 0.7479166666666667 0.475 0.020833333333333332 0.027777777777777776
0 0.33645833333333336 0.40694444444444444 0.020833333333333332 0.027777777777777776
0 0.40208333333333335 0.40694444444444444 0.020833333333333332 0.027777777777777776
0 0.46875 0.40555555555555556 0.020833333333333332 0.027777777777777776
0 0.5354166666666667 0.4041666666666667 0.020833333333333332 0.027777777777777776
0 0.6020833333333333 0.4041666666666667 0.020833333333333332 0.027777777777777776
0 0.6697916666666667 0.4027777777777778 0.020833333333333332 0.027777777777777776
0 0.7385416666666667 0.4013888888888889 0.020833333333333332 0.027777777777777776
0 0.34479166666666666 0.3416666666666667 0.020833333333333332 0.027777777777777776
0 0.40729166666666666 0.3402777777777778 0.020833333333333332 0.027777777777777776
0 0.4708333333333333 0.3388888888888889 0.020833333333333332 0.027777777777777776
0 0.5354166666666667 0.3388888888888889 0.020833333333333332 0.027777777777777776
0 0.5989583333333334 0.3375 0.020833333333333332 0.027777777777777776
0 0.6635416666666667 0.33611111111111114 0.020833333333333332 0.027777777777777776
0 0.7291666666666666 0.3347222222222222 0.020833333333333332 0.027777777777777776
0 0.35208333333333336 0.28194444444444444 0.020833333333333332 0.027777777777777776
0 0.4125 0.28055555555555556 0.020833333333333332 0.027777777777777776
0 0.47291666666666665 0.2791666666666667 0.020833333333333332 0.027777777777777776
0 0.534375 0.2777777777777778 0.020833333333333332 0.027777777777777776
0 0.5958333333333333 0.2763888888888889 0.020833333333333332 0.027777777777777776
0 0.6583333333333333 0.275 0.020833333333333332 0.027777777777777776
0 0.7208333333333333 0.27361111111111114 0.020833333333333332 0.027777777777777776
0 0.359375 0.225 0.020833333333333332 0.027777777777777776
0 0.4166666666666667 0.22361111111111112 0.020833333333333332 0.027777777777777776
0 0.47604166666666664 0.2222222222222222 0.020833333333333332 0.027777777777777776
0 0.534375 0.22083333333333333 0.020833333333333332 0.027777777777777776
0 0.59375 0.21944444444444444 0.020833333333333332 0.027777777777777776
0 0.653125 0.21805555555555556 0.020833333333333332 0.027777777777777776
0 0.7125 0.21666666666666667 0.020833333333333332 0.027777777777777776