0 0.6875 0.17916666666666667 0.025 0.03333333333333333
0 0.6197916666666666 0.18194444444444444 0.025 0.03333333333333333
0 0.5520833333333334 0.18472222222222223 0.025 0.03333333333333333
0 0.484375 0.1875 0.025 0.03333333333333333
0 0.415625 0.19166666666666668 0.025 0.03333333333333333
0 0.34791666666666665 0.19444444444444445 0.025 0.03333333333333333
0 0.2791666666666667 0.19722222222222222 0.025 0.03333333333333333
0 0.6989583333333333 0.24444444444444444 0.025 0.03333333333333333
0 0.628125 0.24722222222222223 0.025 0.03333333333333333
0 0.5572916666666666 0.2513888888888889 0.025 0.03333333333333333
0 0.48541666666666666 0.25416666666666665 0.025 0.03333333333333333
0 0.41458333333333336 0.25833333333333336 0.025 0.03333333333333333
0 0.34270833333333334 0.2611111111111111 0.025 0.03333333333333333
0 0.2708333333333333 0.2638888888888889 0.025 0.03333333333333333
0 0.7114583333333333 0.31666666666666665 0.025 0.03333333333333333
0 0.6375 0.32083333333333336 0.025 0.03333333333333333
0 0.5625 0.3236111111111111 0.025 0.03333333333333333
0 0.4875 0.3277777777777778 0.025 0.03333333333333333
0 0.4125 0.33055555555555555 0.025 0.03333333333333333
0 0.3375 0.3347222222222222 0.025 0.03333333333333333
0 0.26145833333333335 0.3388888888888889 0.025 0.03333333333333333
0 0.7260416666666667 0.3972222222222222 0.025 0.03333333333333333
0 0.646875 0.4 0.025 0.03333333333333333
0 0.5677083333333334 0.4041666666666667 0.025 0.03333333333333333
0 0.4895833333333333 0.4083333333333333 0.025 0.03333333333333333
0 0.41041666666666665 0.4125 0.025 0.03333333333333333
0 0.33125 0.4152777777777778 0.025 0.03333333333333333
0 0.25104166666666666 0.41944444444444445 0.025 0.03333333333333333
0 0.740625 0.4861111111111111 0.025 0.03333333333333333
0 0.6583333333333333 0.49027777777777776 0.025 0.03333333333333333
0 0.575 0.49444444444444446 0.025 0.03333333333333333
0 0.49166666666666664 0.4986111111111111 0.025 0.03333333333333333
0 0.40729166666666666 0.5027777777777778 0.025 0.03333333333333333
0 0.32395833333333335 0.5069444444444444 0.025 0.03333333333333333
0 0.240625 0.5111111111111111 0.025 0.03333333333333333
0 0.7583333333333333 0.5861111111111111 0.025 0.03333333333333333
0 0.6697916666666667 0.5902777777777778 0.025 0.03333333333333333
0 0.5822916666666667 0.5944444444444444 0.025 0.03333333333333333
0 0.49375 0.5986111111111111 0.025 0.03333333333333333
0 0.40520833333333334 0.6027777777777777 0.025 0.03333333333333333
0 0.31666666666666665 0.6083333333333333 0.025 0.03333333333333333
0 0.22708333333333333 0.6125 0.025 0.03333333333333333
0 0.778125 0.6986111111111111 0.025 0.03333333333333333
0 0.684375 0.7027777777777777 0.025 0.03333333333333333
0 0.590625 0.7069444444444445 0.025 0.03333333333333333
0 0.49583333333333335 0.7125 0.025 0.03333333333333333
0 0.40208333333333335 0.7166666666666667 0.025 0.03333333333333333
0 0.3072916666666667 0.7222222222222222 0.025 0.03333333333333333
0 0.21354166666666666 0.7263888888888889 0.025 0.03333333333333333