0 0.71875 0.2657407407407407 0.03333333333333333 0.03333333333333333
0 0.6427083333333333 0.2657407407407407 0.03333333333333333 0.03333333333333333
0 0.5666666666666667 0.26666666666666666 0.03333333333333333 0.03333333333333333
0 0.490625 0.26666666666666666 0.03333333333333333 0.03333333333333333
0 0.415625 0.26666666666666666 0.03333333333333333 0.03333333333333333
0 0.340625 0.26666666666666666 0.03333333333333333 0.03333333333333333
0 0.265625 0.26666666666666666 0.03333333333333333 0.03333333333333333
0 0.7260416666666667 0.3282407407407407 0.03333333333333333 0.03333333333333333
0 0.646875 0.3282407407407407 0.03333333333333333 0.03333333333333333
0 0.56875 0.3282407407407407 0.03333333333333333 0.03333333333333333
0 0.490625 0.32916666666666666 0.03333333333333333 0.03333333333333333
0 0.4114583333333333 0.32916666666666666 0.03333333333333333 0.03333333333333333
0 0.3333333333333333 0.32916666666666666 0.03333333333333333 0.03333333333333333
0 0.2552083333333333 0.32916666666666666 0.03333333333333333 0.03333333333333333
0 0.734375 0.3958333333333333 0.03333333333333333 0.03333333333333333
0 0.653125 0.3958333333333333 0.03333333333333333 0.03333333333333333
0 0.5708333333333333 0.3958333333333333 0.03333333333333333 0.03333333333333333
0 0.4895833333333333 0.3958333333333333 0.03333333333333333 0.03333333333333333
0 0.40729166666666666 0.3958333333333333 0.03333333333333333 0.03333333333333333
0 0.3260416666666667 0.3958333333333333 0.03333333333333333 0.03333333333333333
0 0.24479166666666666 0.3958333333333333 0.03333333333333333 0.03333333333333333
0 0.74375 0.4685185185185185 0.03333333333333333 0.03333333333333333
0 0.6583333333333333 0.4685185185185185 0.03333333333333333 0.03333333333333333
0 0.5729166666666666 0.4685185185185185 0.03333333333333333 0.03333333333333333
0 0.48854166666666665 0.4685185185185185 0.03333333333333333 0.03333333333333333
0 0.403125 0.4685185185185185 0.03333333333333333 0.03333333333333333
0 0.31875 0.4685185185185185 0.03333333333333333 0.03333333333333333
0 0.234375 0.4685185185185185 0.03333333333333333 0.03333333333333333
0 0.7541666666666667 0.5481481481481482 0.03333333333333333 0.03333333333333333
0 0.6645833333333333 0.5481481481481482 0.03333333333333333 0.03333333333333333
0 0.5760416666666667 0.5481481481481482 0.03333333333333333 0.03333333333333333
0 0.4864583333333333 0.5481481481481482 0.03333333333333333 0.03333333333333333
0 0.39895833333333336 0.5481481481481482 0.03333333333333333 0.03333333333333333
0 0.3104166666666667 0.5481481481481482 0.03333333333333333 0.03333333333333333
0 0.221875 0.5481481481481482 0.03333333333333333 0.03333333333333333
0 0.7645833333333333 0.6342592592592593 0.03333333333333333 0.03333333333333333
0 0.6708333333333333 0.6342592592592593 0.03333333333333333 0.03333333333333333
0 0.578125 0.6342592592592593 0.03333333333333333 0.03333333333333333
0 0.48541666666666666 0.6342592592592593 0.03333333333333333 0.03333333333333333
0 0.3927083333333333 0.6342592592592593 0.03333333333333333 0.03333333333333333
0 0.30104166666666665 0.6333333333333333 0.03333333333333333 0.03333333333333333
0 0.209375 0.6333333333333333 0.03333333333333333 0.03333333333333333
0 0.7760416666666666 0.7291666666666666 0.03333333333333333 0.03333333333333333
0 0.6791666666666667 0.7291666666666666 0.03333333333333333 0.03333333333333333
0 0.58125 0.7291666666666666 0.03333333333333333 0.03333333333333333
0 0.484375 0.7282407407407407 0.03333333333333333 0.03333333333333333
0 0.3875 0.7282407407407407 0.03333333333333333 0.03333333333333333
0 0.290625 0.7282407407407407 0.03333333333333333 0.03333333333333333
0 0.19479166666666667 0.7268518518518519 0.03333333333333333 0.03333333333333333