0 0.7302083333333333 0.17777777777777778 0.025 0.03333333333333333
0 0.6625 0.175 0.025 0.03333333333333333
0 0.5947916666666667 0.1736111111111111 0.025 0.03333333333333333
0 0.5270833333333333 0.17083333333333334 0.025 0.03333333333333333
0 0.459375 0.16944444444444445 0.025 0.03333333333333333
0 0.390625 0.16666666666666666 0.025 0.03333333333333333
0 0.321875 0.1638888888888889 0.025 0.03333333333333333
0 0.7416666666666667 0.24166666666666667 0.025 0.03333333333333333
0 0.6708333333333333 0.24027777777777778 0.025 0.03333333333333333
0 0.5989583333333334 0.2375 0.025 0.03333333333333333
0 0.528125 0.23472222222222222 0.025 0.03333333333333333
0 0.45729166666666665 0.23333333333333334 0.025 0.03333333333333333
0 0.3854166666666667 0.23055555555555557 0.025 0.03333333333333333
0 0.31354166666666666 0.22777777777777777 0.025 0.03333333333333333
0 0.753125 0.3125 0.025 0.03333333333333333
0 0.6791666666666667 0.30972222222222223 0.025 0.03333333333333333
0 0.6041666666666666 0.30833333333333335 0.025 0.03333333333333333
0 0.5291666666666667 0.3055555555555556 0.025 0.03333333333333333
0 0.45416666666666666 0.30416666666666664 0.025 0.03333333333333333
0 0.37916666666666665 0.3013888888888889 0.025 0.03333333333333333
0 0.303125 0.2986111111111111 0.025 0.03333333333333333
0 0.7666666666666667 0.3902777777777778 0.025 0.03333333333333333
0 0.6885416666666667 0.3888888888888889 0.025 0.03333333333333333
0 0.609375 0.3861111111111111 0.025 0.03333333333333333
0 0.53125 0.38472222222222224 0.025 0.03333333333333333
0 0.4510416666666667 0.3819444444444444 0.025 0.03333333333333333
0 0.371875 0.37916666666666665 0.025 0.03333333333333333
0 0.29270833333333335 0.37777777777777777 0.025 0.03333333333333333
0 0.78125 0.4777777777777778 0.025 0.03333333333333333
0 0.6989583333333333 0.47638888888888886 0.025 0.03333333333333333
0 0.615625 0.4736111111111111 0.025 0.03333333333333333
0 0.5322916666666667 0.4708333333333333 0.025 0.03333333333333333
0 0.44895833333333335 0.46944444444444444 0.025 0.03333333333333333
0 0.3645833333333333 0.4666666666666667 0.025 0.03333333333333333
0 0.28020833333333334 0.4652777777777778 0.025 0.03333333333333333
0 0.7989583333333333 0.5763888888888888 0.025 0.03333333333333333
0 0.7104166666666667 0.5736111111111111 0.025 0.03333333333333333
0 0.6229166666666667 0.5722222222222222 0.025 0.03333333333333333
0 0.534375 0.5694444444444444 0.025 0.03333333333333333
0 0.44479166666666664 0.5666666666666667 0.025 0.03333333333333333
0 0.35625 0.5652777777777778 0.025 0.03333333333333333
0 0.26666666666666666 0.5625 0.025 0.03333333333333333
0 0.8177083333333334 0.6861111111111111 0.025 0.03333333333333333
0 0.7239583333333334 0.6847222222222222 0.025 0.03333333333333333
0 0.6302083333333334 0.6819444444444445 0.025 0.03333333333333333
0 0.5354166666666667 0.6805555555555556 0.025 0.03333333333333333
0 0.440625 0.6777777777777778 0.025 0.03333333333333333
0 0.3458333333333333 0.6763888888888889 0.025 0.03333333333333333
0 0.25104166666666666 0.6736111111111112 0.025 0.03333333333333333