0 0.7385416666666667 0.19814814814814816 0.035416666666666666 0.03518518518518519
0 0.6635416666666667 0.19675925925925927 0.035416666666666666 0.03518518518518519
0 0.5875 0.19583333333333333 0.035416666666666666 0.03518518518518519
0 0.5125 0.19490740740740742 0.035416666666666666 0.03518518518518519
0 0.4375 0.1935185185185185 0.035416666666666666 0.03518518518518519
0 0.3625 0.1925925925925926 0.035416666666666666 0.03518518518518519
0 0.2875 0.19166666666666668 0.035416666666666666 0.03518518518518519
0 0.746875 0.25092592592592594 0.035416666666666666 0.03518518518518519
0 0.66875 0.25 0.035416666666666666 0.03518518518518519
0 0.5895833333333333 0.2490740740740741 0.035416666666666666 0.03518518518518519
0 0.5114583333333333 0.24814814814814815 0.035416666666666666 0.03518518518518519
0 0.43333333333333335 0.24675925925925926 0.035416666666666666 0.03518518518518519
0 0.35520833333333335 0.24583333333333332 0.035416666666666666 0.03518518518518519
0 0.278125 0.2449074074074074 0.035416666666666666 0.03518518518518519
0 0.75625 0.30833333333333335 0.035416666666666666 0.03518518518518519
0 0.6739583333333333 0.3074074074074074 0.035416666666666666 0.03518518518518519
0 0.5927083333333333 0.30648148148148147 0.035416666666666666 0.03518518518518519
0 0.5104166666666666 0.3050925925925926 0.035416666666666666 0.03518518518518519
0 0.42916666666666664 0.30324074074074076 0.035416666666666666 0.03518518518518519
0 0.34791666666666665 0.30185185185185187 0.035416666666666666 0.03518518518518519
0 0.26666666666666666 0.30092592592592593 0.035416666666666666 0.03518518518518519
0 0.765625 0.37083333333333335 0.035416666666666666 0.03518518518518519
0 0.6802083333333333 0.3699074074074074 0.035416666666666666 0.03518518518518519
0 0.5947916666666667 0.3685185185185185 0.035416666666666666 0.03518518518518519
0 0.509375 0.36666666666666664 0.035416666666666666 0.03518518518518519
0 0.425 0.36574074074074076 0.035416666666666666 0.03518518518518519
0 0.33958333333333335 0.3648148148148148 0.035416666666666666 0.03518518518518519
0 0.2552083333333333 0.36342592592592593 0.035416666666666666 0.03518518518518519
0 0.7760416666666666 0.4398148148148148 0.035416666666666666 0.03518518518518519
0 0.6864583333333333 0.4375 0.035416666666666666 0.03518518518518519
0 0.5979166666666667 0.43657407407407406 0.035416666666666666 0.03518518518518519
0 0.5083333333333333 0.4351851851851852 0.035416666666666666 0.03518518518518519
0 0.4197916666666667 0.43333333333333335 0.035416666666666666 0.03518518518518519
0 0.3302083333333333 0.4324074074074074 0.035416666666666666 0.03518518518518519
0 0.24166666666666667 0.4300925925925926 0.035416666666666666 0.03518518518518519
0 0.7875 0.5148148148148148 0.035416666666666666 0.03518518518518519
0 0.69375 0.5125 0.035416666666666666 0.03518518518518519
0 0.6010416666666667 0.5115740740740741 0.035416666666666666 0.03518518518518519
0 0.5072916666666667 0.5092592592592593 0.035416666666666666 0.03518518518518519
0 0.41354166666666664 0.5083333333333333 0.035416666666666666 0.03518518518518519
0 0.32083333333333336 0.5064814814814815 0.035416666666666666 0.03518518518518519
0 0.228125 0.5050925925925925 0.035416666666666666 0.03518518518518519
0 0.8010416666666667 0.5967592592592592 0.035416666666666666 0.03518518518518519
0 0.7020833333333333 0.5949074074074074 0.035416666666666666 0.03518518518518519
0 0.6041666666666666 0.5935185185185186 0.035416666666666666 0.03518518518518519
0 0.5052083333333334 0.5916666666666667 0.035416666666666666 0.03518518518518519
0 0.40729166666666666 0.5898148148148148 0.035416666666666666 0.03518518518518519
0 0.309375 0.5884259259259259 0.035416666666666666 0.03518518518518519
0 0.2125 0.586574074074074 0.035416666666666666 0.03518518518518519