0 0.7489583333333333 0.2657407407407407 0.03333333333333333 0.03333333333333333
0 0.6739583333333333 0.26157407407407407 0.03333333333333333 0.03333333333333333
0 0.5979166666666667 0.2574074074074074 0.03333333333333333 0.03333333333333333
0 0.5208333333333334 0.25324074074074077 0.03333333333333333 0.03333333333333333
0 0.44166666666666665 0.2490740740740741 0.03333333333333333 0.03333333333333333
0 0.36041666666666666 0.24351851851851852 0.03333333333333333 0.03333333333333333
0 0.27708333333333335 0.23981481481481481 0.03333333333333333 0.03333333333333333
0 0.759375 0.3300925925925926 0.03333333333333333 0.03333333333333333
0 0.6833333333333333 0.32685185185185184 0.03333333333333333 0.03333333333333333
0 0.6052083333333333 0.32407407407407407 0.03333333333333333 0.03333333333333333
0 0.525 0.3199074074074074 0.03333333333333333 0.03333333333333333
0 0.44375 0.31666666666666665 0.03333333333333333 0.03333333333333333
0 0.359375 0.3125 0.03333333333333333 0.03333333333333333
0 0.27395833333333336 0.30833333333333335 0.03333333333333333 0.03333333333333333
0 0.7708333333333334 0.4 0.03333333333333333 0.03333333333333333
0 0.6927083333333334 0.39675925925925926 0.03333333333333333 0.03333333333333333
0 0.6114583333333333 0.39490740740740743 0.03333333333333333 0.03333333333333333
0 0.5291666666666667 0.39166666666666666 0.03333333333333333 0.03333333333333333
0 0.44583333333333336 0.38842592592592595 0.03333333333333333 0.03333333333333333
0 0.359375 0.3851851851851852 0.03333333333333333 0.03333333333333333
0 0.2708333333333333 0.3824074074074074 0.03333333333333333 0.03333333333333333
0 0.7833333333333333 0.4740740740740741 0.03333333333333333 0.03333333333333333
0 0.7020833333333333 0.47175925925925927 0.03333333333333333 0.03333333333333333
0 0.6197916666666666 0.4699074074074074 0.03333333333333333 0.03333333333333333
0 0.534375 0.4675925925925926 0.03333333333333333 0.03333333333333333
0 0.4479166666666667 0.46574074074074073 0.03333333333333333 0.03333333333333333
0 0.35833333333333334 0.4634259259259259 0.03333333333333333 0.03333333333333333
0 0.2677083333333333 0.4615740740740741 0.03333333333333333 0.03333333333333333
0 0.796875 0.5518518518518518 0.03333333333333333 0.03333333333333333
0 0.7125 0.5509259259259259 0.03333333333333333 0.03333333333333333
0 0.6270833333333333 0.55 0.03333333333333333 0.03333333333333333
0 0.5395833333333333 0.549074074074074 0.03333333333333333 0.03333333333333333
0 0.45 0.5481481481481482 0.03333333333333333 0.03333333333333333
0 0.35833333333333334 0.5467592592592593 0.03333333333333333 0.03333333333333333
0 0.2635416666666667 0.5449074074074074 0.03333333333333333 0.03333333333333333
0 0.8104166666666667 0.6365740740740741 0.03333333333333333 0.03333333333333333
0 0.7239583333333334 0.6365740740740741 0.03333333333333333 0.03333333333333333
0 0.6354166666666666 0.6351851851851852 0.03333333333333333 0.03333333333333333
0 0.5458333333333333 0.6351851851851852 0.03333333333333333 0.03333333333333333
0 0.45208333333333334 0.6351851851851852 0.03333333333333333 0.03333333333333333
0 0.3572916666666667 0.6351851851851852 0.03333333333333333 0.03333333333333333
0 0.259375 0.6351851851851852 0.03333333333333333 0.03333333333333333
0 0.825 0.725925925925926 0.03333333333333333 0.03333333333333333
0 0.7364583333333333 0.7268518518518519 0.03333333333333333 0.03333333333333333
0 0.6447916666666667 0.7268518518518519 0.03333333333333333 0.03333333333333333
0 0.5510416666666667 0.7282407407407407 0.03333333333333333 0.03333333333333333
0 0.4552083333333333 0.7291666666666666 0.03333333333333333 0.03333333333333333
0 0.35625 0.7300925925925926 0.03333333333333333 0.03333333333333333
0 0.2552083333333333 0.7314814814814815 0.03333333333333333 0.03333333333333333