0 0.7166666666666667 0.24074074074074073 0.03333333333333333 0.03333333333333333
0 0.6427083333333333 0.24166666666666667 0.03333333333333333 0.03333333333333333
0 0.5697916666666667 0.24351851851851852 0.03333333333333333 0.03333333333333333
0 0.49583333333333335 0.2449074074074074 0.03333333333333333 0.03333333333333333
0 0.42291666666666666 0.24583333333333332 0.03333333333333333 0.03333333333333333
0 0.35 0.24675925925925926 0.03333333333333333 0.03333333333333333
0 0.278125 0.24814814814814815 0.03333333333333333 0.03333333333333333
0 0.7260416666666667 0.30092592592592593 0.03333333333333333 0.03333333333333333
0 0.6489583333333333 0.30185185185185187 0.03333333333333333 0.03333333333333333
0 0.5729166666666666 0.30324074074074076 0.03333333333333333 0.03333333333333333
0 0.496875 0.3050925925925926 0.03333333333333333 0.03333333333333333
0 0.42083333333333334 0.30648148148148147 0.03333333333333333 0.03333333333333333
0 0.34479166666666666 0.3074074074074074 0.03333333333333333 0.03333333333333333
0 0.26979166666666665 0.30833333333333335 0.03333333333333333 0.03333333333333333
0 0.7354166666666667 0.36666666666666664 0.03333333333333333 0.03333333333333333
0 0.6552083333333333 0.3675925925925926 0.03333333333333333 0.03333333333333333
0 0.5760416666666667 0.3685185185185185 0.03333333333333333 0.03333333333333333
0 0.496875 0.3699074074074074 0.03333333333333333 0.03333333333333333
0 0.41770833333333335 0.37083333333333335 0.03333333333333333 0.03333333333333333
0 0.33958333333333335 0.37175925925925923 0.03333333333333333 0.03333333333333333
0 0.26145833333333335 0.3731481481481482 0.03333333333333333 0.03333333333333333
0 0.7458333333333333 0.4375 0.03333333333333333 0.03333333333333333
0 0.6625 0.4375 0.03333333333333333 0.03333333333333333
0 0.5791666666666667 0.43842592592592594 0.03333333333333333 0.03333333333333333
0 0.496875 0.4398148148148148 0.03333333333333333 0.03333333333333333
0 0.415625 0.44074074074074077 0.03333333333333333 0.03333333333333333
0 0.3333333333333333 0.44166666666666665 0.03333333333333333 0.03333333333333333
0 0.2520833333333333 0.4425925925925926 0.03333333333333333 0.03333333333333333
0 0.75625 0.513425925925926 0.03333333333333333 0.03333333333333333
0 0.6697916666666667 0.5148148148148148 0.03333333333333333 0.03333333333333333
0 0.5833333333333334 0.5157407407407407 0.03333333333333333 0.03333333333333333
0 0.4979166666666667 0.5157407407407407 0.03333333333333333 0.03333333333333333
0 0.4125 0.5166666666666667 0.03333333333333333 0.03333333333333333
0 0.32708333333333334 0.5175925925925926 0.03333333333333333 0.03333333333333333
0 0.24270833333333333 0.5185185185185185 0.03333333333333333 0.03333333333333333
0 0.76875 0.5967592592592592 0.03333333333333333 0.03333333333333333
0 0.678125 0.5981481481481481 0.03333333333333333 0.03333333333333333
0 0.5875 0.5981481481481481 0.03333333333333333 0.03333333333333333
0 0.4979166666666667 0.5990740740740741 0.03333333333333333 0.03333333333333333
0 0.4083333333333333 0.6 0.03333333333333333 0.03333333333333333
0 0.31979166666666664 0.6 0.03333333333333333 0.03333333333333333
0 0.23125 0.600925925925926 0.03333333333333333 0.03333333333333333
0 0.78125 0.6884259259259259 0.03333333333333333 0.03333333333333333
0 0.6864583333333333 0.6884259259259259 0.03333333333333333 0.03333333333333333
0 0.5927083333333333 0.6898148148148148 0.03333333333333333 0.03333333333333333
0 0.49895833333333334 0.6898148148148148 0.03333333333333333 0.03333333333333333
0 0.40520833333333334 0.6907407407407408 0.03333333333333333 0.03333333333333333
0 0.3125 0.6907407407407408 0.03333333333333333 0.03333333333333333
0 0.21979166666666666 0.6916666666666667 0.03333333333333333 0.03333333333333333