0 0.20625 0.6435185185185185 0.03125 0.03148148148148148
0 0.2916666666666667 0.6518518518518519 0.03125 0.03148148148148148
0 0.378125 0.6592592592592592 0.03125 0.03148148148148148
0 0.465625 0.6666666666666666 0.03125 0.03148148148148148
0 0.5541666666666667 0.675 0.03125 0.03148148148148148
0 0.6447916666666667 0.6824074074074075 0.03125 0.03148148148148148
0 0.7354166666666667 0.6907407407407408 0.03125 0.03148148148148148
0 0.221875 0.5592592592592592 0.03125 0.03148148148148148
0 0.30520833333333336 0.5666666666666667 0.03125 0.03148148148148148
0 0.3885416666666667 0.5731481481481482 0.03125 0.03148148148148148
0 0.4739583333333333 0.5800925925925926 0.03125 0.03148148148148148
0 0.5614583333333333 0.586574074074074 0.03125 0.03148148148148148
0 0.6489583333333333 0.5935185185185186 0.03125 0.03148148148148148
0 0.7375 0.600925925925926 0.03125 0.03148148148148148
0 0.23645833333333333 0.4791666666666667 0.03125 0.03148148148148148
0 0.3177083333333333 0.48518518518518516 0.03125 0.03148148148148148
0 0.4 0.49166666666666664 0.03125 0.03148148148148148
0 0.48333333333333334 0.4981481481481482 0.03125 0.03148148148148148
0 0.5677083333333334 0.5041666666666667 0.03125 0.03148148148148148
0 0.653125 0.5101851851851852 0.03125 0.03148148148148148
0 0.7395833333333334 0.5166666666666667 0.03125 0.03148148148148148
0 0.25104166666666666 0.40185185185185185 0.03125 0.03148148148148148
0 0.3302083333333333 0.4083333333333333 0.03125 0.03148148148148148
0 0.41041666666666665 0.4134259259259259 0.03125 0.03148148148148148
0 0.49166666666666664 0.4185185185185185 0.03125 0.03148148148148148
0 0.5739583333333333 0.42407407407407405 0.03125 0.03148148148148148
0 0.6572916666666667 0.4300925925925926 0.03125 0.03148148148148148
0 0.7416666666666667 0.4351851851851852 0.03125 0.03148148148148148
0 0.2635416666666667 0.32916666666666666 0.03125 0.03148148148148148
0 0.3416666666666667 0.33425925925925926 0.03125 0.03148148148148148
0 0.4197916666666667 0.3398148148148148 0.03125 0.03148148148148148
0 0.49895833333333334 0.3435185185185185 0.03125 0.03148148148148148
0 0.5802083333333333 0.3490740740740741 0.03125 0.03148148148148148
0 0.6614583333333334 0.3541666666666667 0.03125 0.03148148148148148
0 0.74375 0.3592592592592593 0.03125 0.03148148148148148
0 0.27708333333333335 0.2601851851851852 0.03125 0.03148148148148148
0 0.35208333333333336 0.26481481481481484 0.03125 0.03148148148148148
0 0.42916666666666664 0.26851851851851855 0.03125 0.03148148148148148
0 0.50625 0.27314814814814814 0.03125 0.03148148148148148
0 0.5854166666666667 0.27685185185185185 0.03125 0.03148148148148148
0 0.6645833333333333 0.2824074074074074 0.03125 0.03148148148148148
0 0.7458333333333333 0.2865740740740741 0.03125 0.03148148148148148
0 0.28854166666666664 0.1935185185185185 0.03125 0.03148148148148148
0 0.3625 0.19675925925925927 0.03125 0.03148148148148148
0 0.4375 0.20092592592592592 0.03125 0.03148148148148148
0 0.5135416666666667 0.2050925925925926 0.03125 0.03148148148148148
0 0.590625 0.20833333333333334 0.03125 0.03148148148148148
0 0.66875 0.2125 0.03125 0.03148148148148148
0 0.746875 0.21666666666666667 0.03125 0.03148148148148148