0 0.7520833333333333 0.19907407407407407 0.03125 0.03148148148148148
0 0.66875 0.19907407407407407 0.03125 0.03148148148148148
0 0.5875 0.2 0.03125 0.03148148148148148
0 0.5072916666666667 0.2 0.03125 0.03148148148148148
0 0.42916666666666664 0.20092592592592592 0.03125 0.03148148148148148
0 0.353125 0.20092592592592592 0.03125 0.03148148148148148
0 0.278125 0.20092592592592592 0.03125 0.03148148148148148
0 0.7520833333333333 0.27314814814814814 0.03125 0.03148148148148148
0 0.6666666666666666 0.27314814814814814 0.03125 0.03148148148148148
0 0.5822916666666667 0.27175925925925926 0.03125 0.03148148148148148
0 0.5010416666666667 0.27175925925925926 0.03125 0.03148148148148148
0 0.42083333333333334 0.27175925925925926 0.03125 0.03148148148148148
0 0.34375 0.2708333333333333 0.03125 0.03148148148148148
0 0.26666666666666666 0.2708333333333333 0.03125 0.03148148148148148
0 0.7520833333333333 0.3509259259259259 0.03125 0.03148148148148148
0 0.6635416666666667 0.3490740740740741 0.03125 0.03148148148148148
0 0.578125 0.34814814814814815 0.03125 0.03148148148148148
0 0.4947916666666667 0.34675925925925927 0.03125 0.03148148148148148
0 0.41354166666666664 0.3458333333333333 0.03125 0.03148148148148148
0 0.3333333333333333 0.3435185185185185 0.03125 0.03148148148148148
0 0.2552083333333333 0.3425925925925926 0.03125 0.03148148148148148
0 0.7510416666666667 0.4324074074074074 0.03125 0.03148148148148148
0 0.6614583333333334 0.4300925925925926 0.03125 0.03148148148148148
0 0.5739583333333333 0.42685185185185187 0.03125 0.03148148148148148
0 0.4875 0.425 0.03125 0.03148148148148148
0 0.4041666666666667 0.42314814814814816 0.03125 0.03148148148148148
0 0.3229166666666667 0.42083333333333334 0.03125 0.03148148148148148
0 0.24375 0.4185185185185185 0.03125 0.03148148148148148
0 0.7510416666666667 0.5185185185185185 0.03125 0.03148148148148148
0 0.6583333333333333 0.5148148148148148 0.03125 0.03148148148148148
0 0.56875 0.5115740740740741 0.03125 0.03148148148148148
0 0.48125 0.5074074074074074 0.03125 0.03148148148148148
0 0.3958333333333333 0.5041666666666667 0.03125 0.03148148148148148
0 0.3125 0.5009259259259259 0.03125 0.03148148148148148
0 0.23125 0.4981481481481482 0.03125 0.03148148148148148
0 0.75 0.6083333333333333 0.03125 0.03148148148148148
0 0.6552083333333333 0.6041666666666666 0.03125 0.03148148148148148
0 0.5635416666666667 0.5990740740740741 0.03125 0.03148148148148148
0 0.4739583333333333 0.5949074074074074 0.03125 0.03148148148148148
0 0.38645833333333335 0.5898148148148148 0.03125 0.03148148148148148
0 0.30104166666666665 0.5851851851851851 0.03125 0.03148148148148148
0 0.21770833333333334 0.5814814814814815 0.03125 0.03148148148148148
0 0.75 0.7041666666666667 0.03125 0.03148148148148148
0 0.6520833333333333 0.6981481481481482 0.03125 0.03148148148148148
0 0.5572916666666666 0.6916666666666667 0.03125 0.03148148148148148
0 0.465625 0.6851851851851852 0.03125 0.03148148148148148
0 0.37604166666666666 0.6800925925925926 0.03125 0.03148148148148148
0 0.28854166666666664 0.674074074074074 0.03125 0.03148148148148148
0 0.203125 0.6685185185185185 0.03125 0.03148148148148148