0 0.7020833333333333 0.1337962962962963 0.022916666666666665 0.03425925925925926
0 0.6270833333333333 0.13240740740740742 0.022916666666666665 0.03425925925925926
0 0.5520833333333334 0.12916666666666668 0.022916666666666665 0.03425925925925926
0 0.47708333333333336 0.12777777777777777 0.022916666666666665 0.03425925925925926
0 0.4010416666666667 0.12638888888888888 0.022916666666666665 0.03425925925925926
0 0.325 0.12453703703703704 0.022916666666666665 0.03425925925925926
0 0.24791666666666667 0.12314814814814815 0.022916666666666665 0.03425925925925926
0 0.7125 0.21203703703703702 0.022916666666666665 0.03425925925925926
0 0.6354166666666666 0.2101851851851852 0.022916666666666665 0.03425925925925926
0 0.5572916666666666 0.20879629629629629 0.022916666666666665 0.03425925925925926
0 0.4791666666666667 0.20694444444444443 0.022916666666666665 0.03425925925925926
0 0.4010416666666667 0.20555555555555555 0.022916666666666665 0.03425925925925926
0 0.321875 0.20416666666666666 0.022916666666666665 0.03425925925925926
0 0.24166666666666667 0.2023148148148148 0.022916666666666665 0.03425925925925926
0 0.7239583333333334 0.29444444444444445 0.022916666666666665 0.03425925925925926
0 0.64375 0.29305555555555557 0.022916666666666665 0.03425925925925926
0 0.5635416666666667 0.29305555555555557 0.022916666666666665 0.03425925925925926
0 0.4822916666666667 0.2912037037037037 0.022916666666666665 0.03425925925925926
0 0.4 0.2898148148148148 0.022916666666666665 0.03425925925925926
0 0.31875 0.287962962962963 0.022916666666666665 0.03425925925925926
0 0.23541666666666666 0.2865740740740741 0.022916666666666665 0.03425925925925926
0 0.7354166666666667 0.38472222222222224 0.022916666666666665 0.03425925925925926
0 0.6520833333333333 0.38333333333333336 0.022916666666666665 0.03425925925925926
0 0.56875 0.3814814814814815 0.022916666666666665 0.03425925925925926
0 0.48541666666666666 0.3814814814814815 0.022916666666666665 0.03425925925925926
0 0.4 0.3800925925925926 0.022916666666666665 0.03425925925925926
0 0.3145833333333333 0.3800925925925926 0.022916666666666665 0.03425925925925926
0 0.22916666666666666 0.3787037037037037 0.022916666666666665 0.03425925925925926
0 0.7479166666666667 0.48148148148148145 0.022916666666666665 0.03425925925925926
0 0.6625 0.47962962962962963 0.022916666666666665 0.03425925925925926
0 0.575 0.47962962962962963 0.022916666666666665 0.03425925925925926
0 0.48854166666666665 0.47962962962962963 0.022916666666666665 0.03425925925925926
0 0.4 0.47824074074074074 0.022916666666666665 0.03425925925925926
0 0.31145833333333334 0.47824074074074074 0.022916666666666665 0.03425925925925926
0 0.221875 0.47685185185185186 0.022916666666666665 0.03425925925925926
0 0.7625 0.5856481481481481 0.022916666666666665 0.03425925925925926
0 0.6729166666666667 0.5856481481481481 0.022916666666666665 0.03425925925925926
0 0.5822916666666667 0.5856481481481481 0.022916666666666665 0.03425925925925926
0 0.49166666666666664 0.5842592592592593 0.022916666666666665 0.03425925925925926
0 0.4 0.5842592592592593 0.022916666666666665 0.03425925925925926
0 0.3072916666666667 0.5842592592592593 0.022916666666666665 0.03425925925925926
0 0.21458333333333332 0.5842592592592593 0.022916666666666665 0.03425925925925926
0 0.7770833333333333 0.6995370370370371 0.022916666666666665 0.03425925925925926
0 0.684375 0.6995370370370371 0.022916666666666665 0.03425925925925926
0 0.5895833333333333 0.6995370370370371 0.022916666666666665 0.03425925925925926
0 0.4947916666666667 0.6995370370370371 0.022916666666666665 0.03425925925925926
0 0.4 0.6995370370370371 0.022916666666666665 0.03425925925925926
0 0.303125 0.6995370370370371 0.022916666666666665 0.03425925925925926
0 0.20625 0.6995370370370371 0.022916666666666665 0.03425925925925926