0 0.33541666666666664 0.39166666666666666 0.01875 0.025
0 0.3302083333333333 0.4486111111111111 0.01875 0.025
0 0.325 0.5097222222222222 0.01875 0.025
0 0.31875 0.5736111111111111 0.01875 0.025
0 0.3125 0.6416666666666667 0.01875 0.025
0 0.30625 0.7152777777777778 0.01875 0.025
0 0.2989583333333333 0.7930555555555555 0.01875 0.025
0 0.396875 0.39305555555555555 0.01875 0.025
0 0.39375 0.45 0.01875 0.025
0 0.38958333333333334 0.5111111111111111 0.01875 0.025
0 0.38645833333333335 0.575 0.01875 0.025
0 0.38229166666666664 0.6444444444444445 0.01875 0.025
0 0.3770833333333333 0.7166666666666667 0.01875 0.025
0 0.3729166666666667 0.7958333333333333 0.01875 0.025
0 0.4583333333333333 0.39444444444444443 0.01875 0.025
0 0.45625 0.4513888888888889 0.01875 0.025
0 0.4552083333333333 0.5125 0.01875 0.025
0 0.453125 0.5763888888888888 0.01875 0.025
0 0.4510416666666667 0.6458333333333334 0.01875 0.025
0 0.44895833333333335 0.7180555555555556 0.01875 0.025
0 0.446875 0.7972222222222223 0.01875 0.025
0 0.5197916666666667 0.3958333333333333 0.01875 0.025
0 0.5197916666666667 0.4527777777777778 0.01875 0.025
0 0.5197916666666667 0.5138888888888888 0.01875 0.025
0 0.5197916666666667 0.5777777777777777 0.01875 0.025
0 0.5197916666666667 0.6472222222222223 0.01875 0.025
0 0.5208333333333334 0.7208333333333333 0.01875 0.025
0 0.5208333333333334 0.7986111111111112 0.01875 0.025
0 0.58125 0.3972222222222222 0.01875 0.025
0 0.5833333333333334 0.45416666666666666 0.01875 0.025
0 0.5854166666666667 0.5152777777777777 0.01875 0.025
0 0.5875 0.5791666666666667 0.01875 0.025
0 0.5895833333333333 0.6486111111111111 0.01875 0.025
0 0.5916666666666667 0.7222222222222222 0.01875 0.025
0 0.5947916666666667 0.8 0.01875 0.025
0 0.6427083333333333 0.39861111111111114 0.01875 0.025
0 0.646875 0.45555555555555555 0.01875 0.025
0 0.65 0.5166666666666667 0.01875 0.025
0 0.6541666666666667 0.5819444444444445 0.01875 0.025
0 0.659375 0.65 0.01875 0.025
0 0.6635416666666667 0.7236111111111111 0.01875 0.025
0 0.66875 0.8027777777777778 0.01875 0.025
0 0.7041666666666667 0.4 0.01875 0.025
0 0.709375 0.45694444444444443 0.01875 0.025
0 0.715625 0.5180555555555556 0.01875 0.025
0 0.721875 0.5833333333333334 0.01875 0.025
0 0.728125 0.6513888888888889 0.01875 0.025
0 0.7354166666666667 0.725 0.01875 0.025
0 0.7427083333333333 0.8041666666666667 0.01875 0.025