0 0.7177083333333333 0.2300925925925926 0.03333333333333333 0.03333333333333333
0 0.6364583333333333 0.23148148148148148 0.03333333333333333 0.03333333333333333
0 0.5552083333333333 0.2324074074074074 0.03333333333333333 0.03333333333333333
0 0.47604166666666664 0.23333333333333334 0.03333333333333333 0.03333333333333333
0 0.39791666666666664 0.23425925925925925 0.03333333333333333 0.03333333333333333
0 0.32083333333333336 0.2351851851851852 0.03333333333333333 0.03333333333333333
0 0.24479166666666666 0.23657407407407408 0.03333333333333333 0.03333333333333333
0 0.7208333333333333 0.2967592592592593 0.03333333333333333 0.03333333333333333
0 0.6354166666666666 0.29814814814814816 0.03333333333333333 0.03333333333333333
0 0.553125 0.29907407407407405 0.03333333333333333 0.03333333333333333
0 0.4708333333333333 0.29907407407407405 0.03333333333333333 0.03333333333333333
0 0.38958333333333334 0.3 0.03333333333333333 0.03333333333333333
0 0.3104166666666667 0.3 0.03333333333333333 0.03333333333333333
0 0.23229166666666667 0.30092592592592593 0.03333333333333333 0.03333333333333333
0 0.7229166666666667 0.3699074074074074 0.03333333333333333 0.03333333333333333
0 0.6354166666666666 0.3699074074074074 0.03333333333333333 0.03333333333333333
0 0.55 0.3699074074074074 0.03333333333333333 0.03333333333333333
0 0.46458333333333335 0.3699074074074074 0.03333333333333333 0.03333333333333333
0 0.38125 0.3685185185185185 0.03333333333333333 0.03333333333333333
0 0.3 0.3685185185185185 0.03333333333333333 0.03333333333333333
0 0.21875 0.3685185185185185 0.03333333333333333 0.03333333333333333
0 0.7260416666666667 0.44675925925925924 0.03333333333333333 0.03333333333333333
0 0.6354166666666666 0.44583333333333336 0.03333333333333333 0.03333333333333333
0 0.5458333333333333 0.4449074074074074 0.03333333333333333 0.03333333333333333
0 0.4583333333333333 0.4449074074074074 0.03333333333333333 0.03333333333333333
0 0.3729166666666667 0.44351851851851853 0.03333333333333333 0.03333333333333333
0 0.2875 0.44351851851851853 0.03333333333333333 0.03333333333333333
0 0.20416666666666666 0.4425925925925926 0.03333333333333333 0.03333333333333333
0 0.7291666666666666 0.5291666666666667 0.03333333333333333 0.03333333333333333
0 0.6354166666666666 0.5282407407407408 0.03333333333333333 0.03333333333333333
0 0.5427083333333333 0.5268518518518519 0.03333333333333333 0.03333333333333333
0 0.45208333333333334 0.525 0.03333333333333333 0.03333333333333333
0 0.3625 0.524074074074074 0.03333333333333333 0.03333333333333333
0 0.275 0.5231481481481481 0.03333333333333333 0.03333333333333333
0 0.18854166666666666 0.5208333333333334 0.03333333333333333 0.03333333333333333
0 0.7322916666666667 0.6185185185185185 0.03333333333333333 0.03333333333333333
0 0.634375 0.6166666666666667 0.03333333333333333 0.03333333333333333
0 0.5385416666666667 0.6148148148148148 0.03333333333333333 0.03333333333333333
0 0.44479166666666664 0.6125 0.03333333333333333 0.03333333333333333
0 0.35208333333333336 0.6092592592592593 0.03333333333333333 0.03333333333333333
0 0.26145833333333335 0.6074074074074074 0.03333333333333333 0.03333333333333333
0 0.171875 0.6050925925925926 0.03333333333333333 0.03333333333333333
0 0.7364583333333333 0.7157407407407408 0.03333333333333333 0.03333333333333333
0 0.634375 0.7125 0.03333333333333333 0.03333333333333333
0 0.534375 0.7092592592592593 0.03333333333333333 0.03333333333333333
0 0.43645833333333334 0.7064814814814815 0.03333333333333333 0.03333333333333333
0 0.340625 0.7018518518518518 0.03333333333333333 0.03333333333333333
0 0.246875 0.6990740740740741 0.03333333333333333 0.03333333333333333
0 0.15416666666666667 0.6967592592592593 0.03333333333333333 0.03333333333333333