0 0.7052083333333333 0.1875 0.025 0.03333333333333333
0 0.6385416666666667 0.18888888888888888 0.025 0.03333333333333333
0 0.571875 0.18888888888888888 0.025 0.03333333333333333
0 0.5052083333333334 0.19027777777777777 0.025 0.03333333333333333
0 0.43854166666666666 0.19166666666666668 0.025 0.03333333333333333
0 0.371875 0.19166666666666668 0.025 0.03333333333333333
0 0.30520833333333336 0.19305555555555556 0.025 0.03333333333333333
0 0.7166666666666667 0.2513888888888889 0.025 0.03333333333333333
0 0.646875 0.2513888888888889 0.025 0.03333333333333333
0 0.5770833333333333 0.25277777777777777 0.025 0.03333333333333333
0 0.5072916666666667 0.25277777777777777 0.025 0.03333333333333333
0 0.43645833333333334 0.25416666666666665 0.025 0.03333333333333333
0 0.36666666666666664 0.25555555555555554 0.025 0.03333333333333333
0 0.296875 0.25555555555555554 0.025 0.03333333333333333
0 0.728125 0.3194444444444444 0.025 0.03333333333333333
0 0.6552083333333333 0.32083333333333336 0.025 0.03333333333333333
0 0.5822916666666667 0.32222222222222224 0.025 0.03333333333333333
0 0.5083333333333333 0.3236111111111111 0.025 0.03333333333333333
0 0.434375 0.3236111111111111 0.025 0.03333333333333333
0 0.3614583333333333 0.325 0.025 0.03333333333333333
0 0.2875 0.3263888888888889 0.025 0.03333333333333333
0 0.7416666666666667 0.3972222222222222 0.025 0.03333333333333333
0 0.6645833333333333 0.39861111111111114 0.025 0.03333333333333333
0 0.5875 0.39861111111111114 0.025 0.03333333333333333
0 0.5104166666666666 0.4 0.025 0.03333333333333333
0 0.4322916666666667 0.4013888888888889 0.025 0.03333333333333333
0 0.35520833333333335 0.4027777777777778 0.025 0.03333333333333333
0 0.27708333333333335 0.4027777777777778 0.025 0.03333333333333333
0 0.7572916666666667 0.48194444444444445 0.025 0.03333333333333333
0 0.675 0.48333333333333334 0.025 0.03333333333333333
0 0.59375 0.4847222222222222 0.025 0.03333333333333333
0 0.5114583333333333 0.4861111111111111 0.025 0.03333333333333333
0 0.43020833333333336 0.4875 0.025 0.03333333333333333
0 0.34791666666666665 0.4888888888888889 0.025 0.03333333333333333
0 0.265625 0.4888888888888889 0.025 0.03333333333333333
0 0.7739583333333333 0.5777777777777777 0.025 0.03333333333333333
0 0.6875 0.5791666666666667 0.025 0.03333333333333333
0 0.6 0.5805555555555556 0.025 0.03333333333333333
0 0.5135416666666667 0.5819444444444445 0.025 0.03333333333333333
0 0.4270833333333333 0.5833333333333334 0.025 0.03333333333333333
0 0.33958333333333335 0.5847222222222223 0.025 0.03333333333333333
0 0.253125 0.5861111111111111 0.025 0.03333333333333333
0 0.7927083333333333 0.6861111111111111 0.025 0.03333333333333333
0 0.7 0.6875 0.025 0.03333333333333333
0 0.6083333333333333 0.6888888888888889 0.025 0.03333333333333333
0 0.515625 0.6902777777777778 0.025 0.03333333333333333
0 0.4239583333333333 0.6916666666666667 0.025 0.03333333333333333
0 0.33125 0.6930555555555555 0.025 0.03333333333333333
0 0.23854166666666668 0.6944444444444444 0.025 0.03333333333333333