0 0.703125 0.19166666666666668 0.025 0.03333333333333333
0 0.634375 0.19027777777777777 0.025 0.03333333333333333
0 0.565625 0.19027777777777777 0.025 0.03333333333333333
0 0.4979166666666667 0.19027777777777777 0.025 0.03333333333333333
0 0.42916666666666664 0.19027777777777777 0.025 0.03333333333333333
0 0.3614583333333333 0.18888888888888888 0.025 0.03333333333333333
0 0.29375 0.18888888888888888 0.025 0.03333333333333333
0 0.7135416666666666 0.2569444444444444 0.025 0.03333333333333333
0 0.6416666666666667 0.25555555555555554 0.025 0.03333333333333333
0 0.56875 0.25555555555555554 0.025 0.03333333333333333
0 0.4979166666666667 0.25555555555555554 0.025 0.03333333333333333
0 0.42604166666666665 0.25416666666666665 0.025 0.03333333333333333
0 0.3541666666666667 0.25416666666666665 0.025 0.03333333333333333
0 0.2833333333333333 0.25416666666666665 0.025 0.03333333333333333
0 0.7239583333333334 0.32916666666666666 0.025 0.03333333333333333
0 0.6479166666666667 0.3277777777777778 0.025 0.03333333333333333
0 0.5729166666666666 0.3277777777777778 0.025 0.03333333333333333
0 0.496875 0.3263888888888889 0.025 0.03333333333333333
0 0.421875 0.3263888888888889 0.025 0.03333333333333333
0 0.346875 0.3263888888888889 0.025 0.03333333333333333
0 0.271875 0.325 0.025 0.03333333333333333
0 0.7364583333333333 0.4083333333333333 0.025 0.03333333333333333
0 0.65625 0.4083333333333333 0.025 0.03333333333333333
0 0.5760416666666667 0.40694444444444444 0.025 0.03333333333333333
0 0.496875 0.40694444444444444 0.025 0.03333333333333333
0 0.41770833333333335 0.40555555555555556 0.025 0.03333333333333333
0 0.3385416666666667 0.40555555555555556 0.025 0.03333333333333333
0 0.2604166666666667 0.4041666666666667 0.025 0.03333333333333333
0 0.7489583333333333 0.49722222222222223 0.025 0.03333333333333333
0 0.6645833333333333 0.49722222222222223 0.025 0.03333333333333333
0 0.5802083333333333 0.49583333333333335 0.025 0.03333333333333333
0 0.496875 0.49444444444444446 0.025 0.03333333333333333
0 0.4125 0.49444444444444446 0.025 0.03333333333333333
0 0.32916666666666666 0.4930555555555556 0.025 0.03333333333333333
0 0.24583333333333332 0.49166666666666664 0.025 0.03333333333333333
0 0.7645833333333333 0.5972222222222222 0.025 0.03333333333333333
0 0.675 0.5958333333333333 0.025 0.03333333333333333
0 0.5854166666666667 0.5958333333333333 0.025 0.03333333333333333
0 0.49583333333333335 0.5944444444444444 0.025 0.03333333333333333
0 0.40729166666666666 0.5930555555555556 0.025 0.03333333333333333
0 0.31875 0.5916666666666667 0.025 0.03333333333333333
0 0.23125 0.5902777777777778 0.025 0.03333333333333333
0 0.78125 0.7097222222222223 0.025 0.03333333333333333
0 0.6854166666666667 0.7083333333333334 0.025 0.03333333333333333
0 0.590625 0.7069444444444445 0.025 0.03333333333333333
0 0.49583333333333335 0.7055555555555556 0.025 0.03333333333333333
0 0.4010416666666667 0.7041666666666667 0.025 0.03333333333333333
0 0.3072916666666667 0.7027777777777777 0.025 0.03333333333333333
0 0.21354166666666666 0.7013888888888888 0.025 0.03333333333333333