0 0.6739583333333333 0.1597222222222222 0.025 0.03333333333333333
0 0.6052083333333333 0.1638888888888889 0.025 0.03333333333333333
0 0.5364583333333334 0.16805555555555557 0.025 0.03333333333333333
0 0.46770833333333334 0.17222222222222222 0.025 0.03333333333333333
0 0.39895833333333336 0.1763888888888889 0.025 0.03333333333333333
0 0.3302083333333333 0.18055555555555555 0.025 0.03333333333333333
0 0.26145833333333335 0.18472222222222223 0.025 0.03333333333333333
0 0.684375 0.225 0.025 0.03333333333333333
0 0.6125 0.22916666666666666 0.025 0.03333333333333333
0 0.540625 0.23333333333333334 0.025 0.03333333333333333
0 0.46875 0.2375 0.025 0.03333333333333333
0 0.396875 0.24166666666666667 0.025 0.03333333333333333
0 0.325 0.24583333333333332 0.025 0.03333333333333333
0 0.253125 0.25 0.025 0.03333333333333333
0 0.696875 0.29583333333333334 0.025 0.03333333333333333
0 0.621875 0.3013888888888889 0.025 0.03333333333333333
0 0.5458333333333333 0.3055555555555556 0.025 0.03333333333333333
0 0.4708333333333333 0.30972222222222223 0.025 0.03333333333333333
0 0.39479166666666665 0.3138888888888889 0.025 0.03333333333333333
0 0.31979166666666664 0.31805555555555554 0.025 0.03333333333333333
0 0.24479166666666666 0.3236111111111111 0.025 0.03333333333333333
0 0.7114583333333333 0.375 0.025 0.03333333333333333
0 0.63125 0.38055555555555554 0.025 0.03333333333333333
0 0.5520833333333334 0.38472222222222224 0.025 0.03333333333333333
0 0.47291666666666665 0.3888888888888889 0.025 0.03333333333333333
0 0.39375 0.39444444444444443 0.025 0.03333333333333333
0 0.31354166666666666 0.39861111111111114 0.025 0.03333333333333333
0 0.234375 0.4041666666666667 0.025 0.03333333333333333
0 0.7260416666666667 0.4625 0.025 0.03333333333333333
0 0.6427083333333333 0.46805555555555556 0.025 0.03333333333333333
0 0.5583333333333333 0.4736111111111111 0.025 0.03333333333333333
0 0.475 0.4777777777777778 0.025 0.03333333333333333
0 0.390625 0.48333333333333334 0.025 0.03333333333333333
0 0.3072916666666667 0.4875 0.025 0.03333333333333333
0 0.22395833333333334 0.4930555555555556 0.025 0.03333333333333333
0 0.74375 0.5611111111111111 0.025 0.03333333333333333
0 0.6541666666666667 0.5666666666666667 0.025 0.03333333333333333
0 0.565625 0.5722222222222222 0.025 0.03333333333333333
0 0.47708333333333336 0.5763888888888888 0.025 0.03333333333333333
0 0.3885416666666667 0.5819444444444445 0.025 0.03333333333333333
0 0.3 0.5875 0.025 0.03333333333333333
0 0.21145833333333333 0.5916666666666667 0.025 0.03333333333333333
0 0.7625 0.6708333333333333 0.025 0.03333333333333333
0 0.6677083333333333 0.6763888888888889 0.025 0.03333333333333333
0 0.5739583333333333 0.6819444444444445 0.025 0.03333333333333333
0 0.48020833333333335 0.6875 0.025 0.03333333333333333
0 0.3854166666666667 0.6930555555555555 0.025 0.03333333333333333
0 0.2916666666666667 0.6986111111111111 0.025 0.03333333333333333
0 0.19791666666666666 0.7041666666666667 0.025 0.03333333333333333