0 0.23020833333333332 0.19166666666666668 0.0375 0.0375
0 0.3104166666666667 0.1935185185185185 0.0375 0.0375
0 0.390625 0.19583333333333333 0.0375 0.0375
0 0.4708333333333333 0.19675925925925927 0.0375 0.0375
0 0.5520833333333334 0.19907407407407407 0.0375 0.0375
0 0.6322916666666667 0.20092592592592592 0.0375 0.0375
0 0.7135416666666666 0.20324074074074075 0.0375 0.0375
0 0.21770833333333334 0.25 0.0375 0.0375
0 0.30104166666666665 0.2518518518518518 0.0375 0.0375
0 0.3854166666666667 0.25416666666666665 0.0375 0.0375
0 0.46875 0.2550925925925926 0.0375 0.0375
0 0.5520833333333334 0.2574074074074074 0.0375 0.0375
0 0.6364583333333333 0.25925925925925924 0.0375 0.0375
0 0.7208333333333333 0.26157407407407407 0.0375 0.0375
0 0.20520833333333333 0.3125 0.0375 0.0375
0 0.2916666666666667 0.3148148148148148 0.0375 0.0375
0 0.37916666666666665 0.31666666666666665 0.0375 0.0375
0 0.4666666666666667 0.31851851851851853 0.0375 0.0375
0 0.553125 0.32083333333333336 0.0375 0.0375
0 0.640625 0.32314814814814813 0.0375 0.0375
0 0.728125 0.325 0.0375 0.0375
0 0.19166666666666668 0.3800925925925926 0.0375 0.0375
0 0.28229166666666666 0.38333333333333336 0.0375 0.0375
0 0.3729166666666667 0.3851851851851852 0.0375 0.0375
0 0.4635416666666667 0.3875 0.0375 0.0375
0 0.5541666666666667 0.38981481481481484 0.0375 0.0375
0 0.6447916666666667 0.39166666666666666 0.0375 0.0375
0 0.7364583333333333 0.39351851851851855 0.0375 0.0375
0 0.17604166666666668 0.4550925925925926 0.0375 0.0375
0 0.2708333333333333 0.45740740740740743 0.0375 0.0375
0 0.365625 0.45925925925925926 0.0375 0.0375
0 0.46041666666666664 0.4615740740740741 0.0375 0.0375
0 0.5552083333333333 0.4634259259259259 0.0375 0.0375
0 0.65 0.4666666666666667 0.0375 0.0375
0 0.7458333333333333 0.4685185185185185 0.0375 0.0375
0 0.16041666666666668 0.5351851851851852 0.0375 0.0375
0 0.259375 0.538425925925926 0.0375 0.0375
0 0.35833333333333334 0.5407407407407407 0.0375 0.0375
0 0.45729166666666665 0.5425925925925926 0.0375 0.0375
0 0.55625 0.5458333333333333 0.0375 0.0375
0 0.65625 0.5481481481481482 0.0375 0.0375
0 0.7552083333333334 0.55 0.0375 0.0375
0 0.14166666666666666 0.6240740740740741 0.0375 0.0375
0 0.24583333333333332 0.6268518518518519 0.0375 0.0375
0 0.3489583333333333 0.6291666666666667 0.0375 0.0375
0 0.453125 0.6324074074074074 0.0375 0.0375
0 0.5572916666666666 0.6351851851851852 0.0375 0.0375
0 0.6614583333333334 0.6375 0.0375 0.0375
0 0.7666666666666667 0.6407407407407407 0.0375 0.0375