0 0.234375 0.6625 0.03333333333333333 0.03333333333333333
0 0.33229166666666665 0.663425925925926 0.03333333333333333 0.03333333333333333
0 0.43020833333333336 0.6648148148148149 0.03333333333333333 0.03333333333333333
0 0.5270833333333333 0.6657407407407407 0.03333333333333333 0.03333333333333333
0 0.625 0.6666666666666666 0.03333333333333333 0.03333333333333333
0 0.721875 0.6675925925925926 0.03333333333333333 0.03333333333333333
0 0.81875 0.6685185185185185 0.03333333333333333 0.03333333333333333
0 0.24479166666666666 0.5708333333333333 0.03333333333333333 0.03333333333333333
0 0.33958333333333335 0.5731481481481482 0.03333333333333333 0.03333333333333333
0 0.434375 0.5740740740740741 0.03333333333333333 0.03333333333333333
0 0.528125 0.575 0.03333333333333333 0.03333333333333333
0 0.6229166666666667 0.575925925925926 0.03333333333333333 0.03333333333333333
0 0.7166666666666667 0.5768518518518518 0.03333333333333333 0.03333333333333333
0 0.8104166666666667 0.5782407407407407 0.03333333333333333 0.03333333333333333
0 0.25416666666666665 0.48518518518518516 0.03333333333333333 0.03333333333333333
0 0.3458333333333333 0.48657407407407405 0.03333333333333333 0.03333333333333333
0 0.43854166666666666 0.4875 0.03333333333333333 0.03333333333333333
0 0.5291666666666667 0.4898148148148148 0.03333333333333333 0.03333333333333333
0 0.6208333333333333 0.49074074074074076 0.03333333333333333 0.03333333333333333
0 0.7125 0.49166666666666664 0.03333333333333333 0.03333333333333333
0 0.803125 0.4925925925925926 0.03333333333333333 0.03333333333333333
0 0.2635416666666667 0.4041666666666667 0.03333333333333333 0.03333333333333333
0 0.353125 0.4064814814814815 0.03333333333333333 0.03333333333333333
0 0.44166666666666665 0.4074074074074074 0.03333333333333333 0.03333333333333333
0 0.5302083333333333 0.4083333333333333 0.03333333333333333 0.03333333333333333
0 0.61875 0.40925925925925927 0.03333333333333333 0.03333333333333333
0 0.7072916666666667 0.4115740740740741 0.03333333333333333 0.03333333333333333
0 0.7958333333333333 0.4125 0.03333333333333333 0.03333333333333333
0 0.271875 0.3282407407407407 0.03333333333333333 0.03333333333333333
0 0.35833333333333334 0.3300925925925926 0.03333333333333333 0.03333333333333333
0 0.44479166666666664 0.3314814814814815 0.03333333333333333 0.03333333333333333
0 0.53125 0.33240740740740743 0.03333333333333333 0.03333333333333333
0 0.6177083333333333 0.33425925925925926 0.03333333333333333 0.03333333333333333
0 0.703125 0.3351851851851852 0.03333333333333333 0.03333333333333333
0 0.7895833333333333 0.3365740740740741 0.03333333333333333 0.03333333333333333
0 0.28020833333333334 0.2564814814814815 0.03333333333333333 0.03333333333333333
0 0.3645833333333333 0.25833333333333336 0.03333333333333333 0.03333333333333333
0 0.44895833333333335 0.25925925925925924 0.03333333333333333 0.03333333333333333
0 0.5322916666666667 0.2601851851851852 0.03333333333333333 0.03333333333333333
0 0.615625 0.2625 0.03333333333333333 0.03333333333333333
0 0.7 0.26342592592592595 0.03333333333333333 0.03333333333333333
0 0.7833333333333333 0.26481481481481484 0.03333333333333333 0.03333333333333333
0 0.2875 0.1884259259259259 0.03333333333333333 0.03333333333333333
0 0.3697916666666667 0.19074074074074074 0.03333333333333333 0.03333333333333333
0 0.45208333333333334 0.19166666666666668 0.03333333333333333 0.03333333333333333
0 0.5333333333333333 0.1925925925925926 0.03333333333333333 0.03333333333333333
0 0.6145833333333334 0.19490740740740742 0.03333333333333333 0.03333333333333333
0 0.6958333333333333 0.19583333333333333 0.03333333333333333 0.03333333333333333
0 0.7770833333333333 0.19675925925925927 0.03333333333333333 0.03333333333333333