0 0.71875 0.17916666666666667 0.025 0.03333333333333333
0 0.65 0.17777777777777778 0.025 0.03333333333333333
0 0.5822916666666667 0.1763888888888889 0.025 0.03333333333333333
0 0.5135416666666667 0.1763888888888889 0.025 0.03333333333333333
0 0.44479166666666664 0.175 0.025 0.03333333333333333
0 0.3770833333333333 0.1736111111111111 0.025 0.03333333333333333
0 0.30833333333333335 0.17222222222222222 0.025 0.03333333333333333
0 0.728125 0.24583333333333332 0.025 0.03333333333333333
0 0.65625 0.24444444444444444 0.025 0.03333333333333333
0 0.584375 0.24305555555555555 0.025 0.03333333333333333
0 0.5125 0.24166666666666667 0.025 0.03333333333333333
0 0.440625 0.24027777777777778 0.025 0.03333333333333333
0 0.3697916666666667 0.2388888888888889 0.025 0.03333333333333333
0 0.29791666666666666 0.2375 0.025 0.03333333333333333
0 0.7385416666666667 0.31805555555555554 0.025 0.03333333333333333
0 0.6625 0.31666666666666665 0.025 0.03333333333333333
0 0.5864583333333333 0.31527777777777777 0.025 0.03333333333333333
0 0.5114583333333333 0.3138888888888889 0.025 0.03333333333333333
0 0.43645833333333334 0.3125 0.025 0.03333333333333333
0 0.3614583333333333 0.3111111111111111 0.025 0.03333333333333333
0 0.2864583333333333 0.30972222222222223 0.025 0.03333333333333333
0 0.7489583333333333 0.39861111111111114 0.025 0.03333333333333333
0 0.6697916666666667 0.3972222222222222 0.025 0.03333333333333333
0 0.5895833333333333 0.3958333333333333 0.025 0.03333333333333333
0 0.5104166666666666 0.39444444444444443 0.025 0.03333333333333333
0 0.43125 0.39305555555555555 0.025 0.03333333333333333
0 0.35208333333333336 0.39166666666666666 0.025 0.03333333333333333
0 0.27395833333333336 0.3888888888888889 0.025 0.03333333333333333
0 0.7614583333333333 0.4875 0.025 0.03333333333333333
0 0.6770833333333334 0.4861111111111111 0.025 0.03333333333333333
0 0.5927083333333333 0.4847222222222222 0.025 0.03333333333333333
0 0.509375 0.48333333333333334 0.025 0.03333333333333333
0 0.42604166666666665 0.48055555555555557 0.025 0.03333333333333333
0 0.34270833333333334 0.4791666666666667 0.025 0.03333333333333333
0 0.259375 0.4777777777777778 0.025 0.03333333333333333
0 0.775 0.5875 0.025 0.03333333333333333
0 0.6854166666666667 0.5861111111111111 0.025 0.03333333333333333
0 0.596875 0.5847222222222223 0.025 0.03333333333333333
0 0.5083333333333333 0.5819444444444445 0.025 0.03333333333333333
0 0.4197916666666667 0.5805555555555556 0.025 0.03333333333333333
0 0.33125 0.5777777777777777 0.025 0.03333333333333333
0 0.24375 0.5763888888888888 0.025 0.03333333333333333
0 0.7895833333333333 0.7 0.025 0.03333333333333333
0 0.6958333333333333 0.6986111111111111 0.025 0.03333333333333333
0 0.6010416666666667 0.6958333333333333 0.025 0.03333333333333333
0 0.5072916666666667 0.6944444444444444 0.025 0.03333333333333333
0 0.4125 0.6916666666666667 0.025 0.03333333333333333
0 0.31875 0.6888888888888889 0.025 0.03333333333333333
0 0.22604166666666667 0.6875 0.025 0.03333333333333333