0 0.6916666666666667 0.1597222222222222 0.025 0.03333333333333333
0 0.6229166666666667 0.1638888888888889 0.025 0.03333333333333333
0 0.5541666666666667 0.16805555555555557 0.025 0.03333333333333333
0 0.48541666666666666 0.17222222222222222 0.025 0.03333333333333333
0 0.41770833333333335 0.175 0.025 0.03333333333333333
0 0.3489583333333333 0.17916666666666667 0.025 0.03333333333333333
0 0.28125 0.18333333333333332 0.025 0.03333333333333333
0 0.7020833333333333 0.2263888888888889 0.025 0.03333333333333333
0 0.6302083333333334 0.23055555555555557 0.025 0.03333333333333333
0 0.5583333333333333 0.23472222222222222 0.025 0.03333333333333333
0 0.4864583333333333 0.2388888888888889 0.025 0.03333333333333333
0 0.415625 0.24305555555555555 0.025 0.03333333333333333
0 0.34375 0.24583333333333332 0.025 0.03333333333333333
0 0.27291666666666664 0.25 0.025 0.03333333333333333
0 0.7145833333333333 0.3 0.025 0.03333333333333333
0 0.6385416666666667 0.30416666666666664 0.025 0.03333333333333333
0 0.5635416666666667 0.30833333333333335 0.025 0.03333333333333333
0 0.48854166666666665 0.3125 0.025 0.03333333333333333
0 0.41354166666666664 0.31527777777777777 0.025 0.03333333333333333
0 0.3385416666666667 0.3194444444444444 0.025 0.03333333333333333
0 0.2635416666666667 0.3236111111111111 0.025 0.03333333333333333
0 0.728125 0.38055555555555554 0.025 0.03333333333333333
0 0.6479166666666667 0.38472222222222224 0.025 0.03333333333333333
0 0.56875 0.3888888888888889 0.025 0.03333333333333333
0 0.4895833333333333 0.39305555555555555 0.025 0.03333333333333333
0 0.41041666666666665 0.3972222222222222 0.025 0.03333333333333333
0 0.33229166666666665 0.4013888888888889 0.025 0.03333333333333333
0 0.253125 0.40555555555555556 0.025 0.03333333333333333
0 0.7427083333333333 0.4708333333333333 0.025 0.03333333333333333
0 0.6583333333333333 0.475 0.025 0.03333333333333333
0 0.575 0.4791666666666667 0.025 0.03333333333333333
0 0.490625 0.48333333333333334 0.025 0.03333333333333333
0 0.40729166666666666 0.4875 0.025 0.03333333333333333
0 0.325 0.49166666666666664 0.025 0.03333333333333333
0 0.24166666666666667 0.49583333333333335 0.025 0.03333333333333333
0 0.759375 0.5708333333333333 0.025 0.03333333333333333
0 0.6708333333333333 0.575 0.025 0.03333333333333333
0 0.58125 0.5805555555555556 0.025 0.03333333333333333
0 0.49270833333333336 0.5847222222222223 0.025 0.03333333333333333
0 0.4041666666666667 0.5888888888888889 0.025 0.03333333333333333
0 0.31666666666666665 0.5930555555555556 0.025 0.03333333333333333
0 0.22916666666666666 0.5972222222222222 0.025 0.03333333333333333
0 0.778125 0.6847222222222222 0.025 0.03333333333333333
0 0.6833333333333333 0.6888888888888889 0.025 0.03333333333333333
0 0.5895833333333333 0.6930555555555555 0.025 0.03333333333333333
0 0.4947916666666667 0.6972222222222222 0.025 0.03333333333333333
0 0.4010416666666667 0.7027777777777777 0.025 0.03333333333333333
0 0.3072916666666667 0.7069444444444445 0.025 0.03333333333333333
0 0.21458333333333332 0.7111111111111111 0.025 0.03333333333333333