0 0.3375 0.3875 0.01875 0.025
0 0.33229166666666665 0.44583333333333336 0.01875 0.025
0 0.32708333333333334 0.5069444444444444 0.01875 0.025
0 0.321875 0.5722222222222222 0.01875 0.025
0 0.315625 0.6416666666666667 0.01875 0.025
0 0.309375 0.7152777777777778 0.01875 0.025
0 0.3020833333333333 0.7930555555555555 0.01875 0.025
0 0.4 0.3888888888888889 0.01875 0.025
0 0.396875 0.44722222222222224 0.01875 0.025
0 0.39375 0.5083333333333333 0.01875 0.025
0 0.38958333333333334 0.5736111111111111 0.01875 0.025
0 0.3854166666666667 0.6430555555555556 0.01875 0.025
0 0.38125 0.7166666666666667 0.01875 0.025
0 0.3770833333333333 0.7958333333333333 0.01875 0.025
0 0.4625 0.39166666666666666 0.01875 0.025
0 0.46041666666666664 0.45 0.01875 0.025
0 0.459375 0.5111111111111111 0.01875 0.025
0 0.45729166666666665 0.5763888888888888 0.01875 0.025
0 0.45625 0.6458333333333334 0.01875 0.025
0 0.45416666666666666 0.7194444444444444 0.01875 0.025
0 0.45208333333333334 0.7972222222222223 0.01875 0.025
0 0.525 0.39305555555555555 0.01875 0.025
0 0.525 0.4513888888888889 0.01875 0.025
0 0.525 0.5125 0.01875 0.025
0 0.5260416666666666 0.5777777777777777 0.01875 0.025
0 0.5260416666666666 0.6472222222222223 0.01875 0.025
0 0.5260416666666666 0.7208333333333333 0.01875 0.025
0 0.5270833333333333 0.8 0.01875 0.025
0 0.5864583333333333 0.3958333333333333 0.01875 0.025
0 0.5885416666666666 0.45416666666666666 0.01875 0.025
0 0.590625 0.5152777777777777 0.01875 0.025
0 0.59375 0.5805555555555556 0.01875 0.025
0 0.5958333333333333 0.65 0.01875 0.025
0 0.5989583333333334 0.7236111111111111 0.01875 0.025
0 0.6010416666666667 0.8013888888888889 0.01875 0.025
0 0.6489583333333333 0.3972222222222222 0.01875 0.025
0 0.653125 0.45555555555555555 0.01875 0.025
0 0.6572916666666667 0.5166666666666667 0.01875 0.025
0 0.6614583333333334 0.5819444444444445 0.01875 0.025
0 0.665625 0.6513888888888889 0.01875 0.025
0 0.6708333333333333 0.725 0.01875 0.025
0 0.6760416666666667 0.8041666666666667 0.01875 0.025
0 0.7114583333333333 0.39861111111111114 0.01875 0.025
0 0.7166666666666667 0.45694444444444443 0.01875 0.025
0 0.7229166666666667 0.5194444444444445 0.01875 0.025
0 0.7291666666666666 0.5847222222222223 0.01875 0.025
0 0.7354166666666667 0.6541666666666667 0.01875 0.025
0 0.7427083333333333 0.7277777777777777 0.01875 0.025
0 0.75 0.8055555555555556 0.01875 0.025