0 0.3385416666666667 0.38333333333333336 0.01875 0.025
0 0.3333333333333333 0.44166666666666665 0.01875 0.025
0 0.32708333333333334 0.5027777777777778 0.01875 0.025
0 0.321875 0.5666666666666667 0.01875 0.025
0 0.3145833333333333 0.6361111111111111 0.01875 0.025
0 0.30833333333333335 0.7097222222222223 0.01875 0.025
0 0.30104166666666665 0.7875 0.01875 0.025
0 0.4010416666666667 0.3861111111111111 0.01875 0.025
0 0.396875 0.44305555555555554 0.01875 0.025
0 0.39375 0.5041666666666667 0.01875 0.025
0 0.38958333333333334 0.5694444444444444 0.01875 0.025
0 0.3854166666666667 0.6388888888888888 0.01875 0.025
0 0.38125 0.7125 0.01875 0.025
0 0.37604166666666666 0.7902777777777777 0.01875 0.025
0 0.4635416666666667 0.3888888888888889 0.01875 0.025
0 0.46145833333333336 0.44583333333333336 0.01875 0.025
0 0.459375 0.5069444444444444 0.01875 0.025
0 0.45729166666666665 0.5722222222222222 0.01875 0.025
0 0.4552083333333333 0.6402777777777777 0.01875 0.025
0 0.453125 0.7138888888888889 0.01875 0.025
0 0.4510416666666667 0.7930555555555555 0.01875 0.025
0 0.525 0.3902777777777778 0.01875 0.025
0 0.525 0.4486111111111111 0.01875 0.025
0 0.525 0.5097222222222222 0.01875 0.025
0 0.5260416666666666 0.575 0.01875 0.025
0 0.5260416666666666 0.6430555555555556 0.01875 0.025
0 0.5260416666666666 0.7166666666666667 0.01875 0.025
0 0.5260416666666666 0.7958333333333333 0.01875 0.025
0 0.5875 0.39305555555555555 0.01875 0.025
0 0.5895833333333333 0.4513888888888889 0.01875 0.025
0 0.5916666666666667 0.5125 0.01875 0.025
0 0.59375 0.5763888888888888 0.01875 0.025
0 0.5958333333333333 0.6458333333333334 0.01875 0.025
0 0.5979166666666667 0.7194444444444444 0.01875 0.025
0 0.6010416666666667 0.7986111111111112 0.01875 0.025
0 0.6489583333333333 0.3958333333333333 0.01875 0.025
0 0.653125 0.45416666666666666 0.01875 0.025
0 0.6572916666666667 0.5152777777777777 0.01875 0.025
0 0.6614583333333334 0.5791666666666667 0.01875 0.025
0 0.665625 0.6486111111111111 0.01875 0.025
0 0.6708333333333333 0.7222222222222222 0.01875 0.025
0 0.6760416666666667 0.8013888888888889 0.01875 0.025
0 0.7114583333333333 0.39861111111111114 0.01875 0.025
0 0.7166666666666667 0.45555555555555555 0.01875 0.025
0 0.7229166666666667 0.5166666666666667 0.01875 0.025
0 0.7291666666666666 0.5819444444444445 0.01875 0.025
0 0.7354166666666667 0.6513888888888889 0.01875 0.025
0 0.7427083333333333 0.725 0.01875 0.025
0 0.75 0.8041666666666667 0.01875 0.025