0 0.678125 0.2 0.025 0.03333333333333333
0 0.609375 0.20555555555555555 0.025 0.03333333333333333
0 0.5416666666666666 0.20972222222222223 0.025 0.03333333333333333
0 0.47291666666666665 0.21388888888888888 0.025 0.03333333333333333
0 0.40520833333333334 0.21944444444444444 0.025 0.03333333333333333
0 0.33645833333333336 0.22361111111111112 0.025 0.03333333333333333
0 0.26875 0.22777777777777777 0.025 0.03333333333333333
0 0.6895833333333333 0.2638888888888889 0.025 0.03333333333333333
0 0.6177083333333333 0.26944444444444443 0.025 0.03333333333333333
0 0.5458333333333333 0.27361111111111114 0.025 0.03333333333333333
0 0.4739583333333333 0.2791666666666667 0.025 0.03333333333333333
0 0.40208333333333335 0.2833333333333333 0.025 0.03333333333333333
0 0.33125 0.28888888888888886 0.025 0.03333333333333333
0 0.259375 0.29305555555555557 0.025 0.03333333333333333
0 0.7010416666666667 0.3347222222222222 0.025 0.03333333333333333
0 0.6260416666666667 0.3402777777777778 0.025 0.03333333333333333
0 0.55 0.34444444444444444 0.025 0.03333333333333333
0 0.475 0.35 0.025 0.03333333333333333
0 0.4 0.3541666666666667 0.025 0.03333333333333333
0 0.325 0.3597222222222222 0.025 0.03333333333333333
0 0.25 0.36527777777777776 0.025 0.03333333333333333
0 0.7145833333333333 0.4125 0.025 0.03333333333333333
0 0.6354166666666666 0.41805555555555557 0.025 0.03333333333333333
0 0.5552083333333333 0.4236111111111111 0.025 0.03333333333333333
0 0.47604166666666664 0.42916666666666664 0.025 0.03333333333333333
0 0.396875 0.43333333333333335 0.025 0.03333333333333333
0 0.3177083333333333 0.4388888888888889 0.025 0.03333333333333333
0 0.23854166666666668 0.4444444444444444 0.025 0.03333333333333333
0 0.7302083333333333 0.5 0.025 0.03333333333333333
0 0.6458333333333334 0.5055555555555555 0.025 0.03333333333333333
0 0.5614583333333333 0.5111111111111111 0.025 0.03333333333333333
0 0.47708333333333336 0.5166666666666667 0.025 0.03333333333333333
0 0.39375 0.5222222222222223 0.025 0.03333333333333333
0 0.309375 0.5277777777777778 0.025 0.03333333333333333
0 0.22604166666666667 0.5333333333333333 0.025 0.03333333333333333
0 0.746875 0.5986111111111111 0.025 0.03333333333333333
0 0.6572916666666667 0.6041666666666666 0.025 0.03333333333333333
0 0.5677083333333334 0.6097222222222223 0.025 0.03333333333333333
0 0.478125 0.6152777777777778 0.025 0.03333333333333333
0 0.38958333333333334 0.6208333333333333 0.025 0.03333333333333333
0 0.30104166666666665 0.6263888888888889 0.025 0.03333333333333333
0 0.2125 0.6319444444444444 0.025 0.03333333333333333
0 0.7666666666666667 0.7097222222222223 0.025 0.03333333333333333
0 0.6708333333333333 0.7152777777777778 0.025 0.03333333333333333
0 0.575 0.7208333333333333 0.025 0.03333333333333333
0 0.48020833333333335 0.7277777777777777 0.025 0.03333333333333333
0 0.3854166666666667 0.7333333333333333 0.025 0.03333333333333333
0 0.290625 0.7388888888888889 0.025 0.03333333333333333
0 0.196875 0.7444444444444445 0.025 0.03333333333333333