0 0.7052083333333333 0.1986111111111111 0.025 0.03333333333333333
0 0.6375 0.19722222222222222 0.025 0.03333333333333333
0 0.56875 0.19722222222222222 0.025 0.03333333333333333
0 0.5010416666666667 0.19583333333333333 0.025 0.03333333333333333
0 0.43333333333333335 0.19444444444444445 0.025 0.03333333333333333
0 0.365625 0.19444444444444445 0.025 0.03333333333333333
0 0.296875 0.19305555555555556 0.025 0.03333333333333333
0 0.7145833333333333 0.2625 0.025 0.03333333333333333
0 0.64375 0.2625 0.025 0.03333333333333333
0 0.5729166666666666 0.2611111111111111 0.025 0.03333333333333333
0 0.5010416666666667 0.2611111111111111 0.025 0.03333333333333333
0 0.43020833333333336 0.25972222222222224 0.025 0.03333333333333333
0 0.35833333333333334 0.25972222222222224 0.025 0.03333333333333333
0 0.2875 0.25833333333333336 0.025 0.03333333333333333
0 0.725 0.3347222222222222 0.025 0.03333333333333333
0 0.6510416666666666 0.3333333333333333 0.025 0.03333333333333333
0 0.5760416666666667 0.3333333333333333 0.025 0.03333333333333333
0 0.5010416666666667 0.33194444444444443 0.025 0.03333333333333333
0 0.42604166666666665 0.33194444444444443 0.025 0.03333333333333333
0 0.35104166666666664 0.33055555555555555 0.025 0.03333333333333333
0 0.2760416666666667 0.33055555555555555 0.025 0.03333333333333333
0 0.7375 0.41388888888888886 0.025 0.03333333333333333
0 0.6583333333333333 0.4125 0.025 0.03333333333333333
0 0.5802083333333333 0.4125 0.025 0.03333333333333333
0 0.5010416666666667 0.4111111111111111 0.025 0.03333333333333333
0 0.421875 0.4111111111111111 0.025 0.03333333333333333
0 0.34270833333333334 0.4097222222222222 0.025 0.03333333333333333
0 0.2635416666666667 0.4097222222222222 0.025 0.03333333333333333
0 0.7510416666666667 0.5013888888888889 0.025 0.03333333333333333
0 0.6677083333333333 0.5013888888888889 0.025 0.03333333333333333
0 0.584375 0.5 0.025 0.03333333333333333
0 0.5010416666666667 0.5 0.025 0.03333333333333333
0 0.41770833333333335 0.4986111111111111 0.025 0.03333333333333333
0 0.334375 0.4986111111111111 0.025 0.03333333333333333
0 0.25 0.49722222222222223 0.025 0.03333333333333333
0 0.765625 0.6 0.025 0.03333333333333333
0 0.6770833333333334 0.6 0.025 0.03333333333333333
0 0.5895833333333333 0.5986111111111111 0.025 0.03333333333333333
0 0.5010416666666667 0.5986111111111111 0.025 0.03333333333333333
0 0.4125 0.5972222222222222 0.025 0.03333333333333333
0 0.32395833333333335 0.5972222222222222 0.025 0.03333333333333333
0 0.23541666666666666 0.5958333333333333 0.025 0.03333333333333333
0 0.7822916666666667 0.7111111111111111 0.025 0.03333333333333333
0 0.6885416666666667 0.7111111111111111 0.025 0.03333333333333333
0 0.5947916666666667 0.7097222222222223 0.025 0.03333333333333333
0 0.5010416666666667 0.7097222222222223 0.025 0.03333333333333333
0 0.40625 0.7097222222222223 0.025 0.03333333333333333
0 0.3125 0.7083333333333334 0.025 0.03333333333333333
0 0.21770833333333334 0.7083333333333334 0.025 0.03333333333333333