0 0.7104166666666667 0.16666666666666666 0.022916666666666665 0.03425925925925926
0 0.634375 0.16666666666666666 0.022916666666666665 0.03425925925925926
0 0.5572916666666666 0.16666666666666666 0.022916666666666665 0.03425925925925926
0 0.48125 0.16527777777777777 0.022916666666666665 0.03425925925925926
0 0.4041666666666667 0.16527777777777777 0.022916666666666665 0.03425925925925926
0 0.32708333333333334 0.16527777777777777 0.022916666666666665 0.03425925925925926
0 0.24895833333333334 0.16342592592592592 0.022916666666666665 0.03425925925925926
0 0.721875 0.24768518518518517 0.022916666666666665 0.03425925925925926
0 0.6427083333333333 0.2462962962962963 0.022916666666666665 0.03425925925925926
0 0.5635416666666667 0.2462962962962963 0.022916666666666665 0.03425925925925926
0 0.484375 0.2462962962962963 0.022916666666666665 0.03425925925925926
0 0.4041666666666667 0.2462962962962963 0.022916666666666665 0.03425925925925926
0 0.325 0.24444444444444444 0.022916666666666665 0.03425925925925926
0 0.24375 0.24444444444444444 0.022916666666666665 0.03425925925925926
0 0.734375 0.3333333333333333 0.022916666666666665 0.03425925925925926
0 0.653125 0.3333333333333333 0.022916666666666665 0.03425925925925926
0 0.5708333333333333 0.33194444444444443 0.022916666666666665 0.03425925925925926
0 0.48854166666666665 0.33194444444444443 0.022916666666666665 0.03425925925925926
0 0.40520833333333334 0.33194444444444443 0.022916666666666665 0.03425925925925926
0 0.321875 0.33194444444444443 0.022916666666666665 0.03425925925925926
0 0.23854166666666668 0.33194444444444443 0.022916666666666665 0.03425925925925926
0 0.7479166666666667 0.425462962962963 0.022916666666666665 0.03425925925925926
0 0.6635416666666667 0.425462962962963 0.022916666666666665 0.03425925925925926
0 0.578125 0.425462962962963 0.022916666666666665 0.03425925925925926
0 0.49166666666666664 0.425462962962963 0.022916666666666665 0.03425925925925926
0 0.40625 0.425462962962963 0.022916666666666665 0.03425925925925926
0 0.31979166666666664 0.425462962962963 0.022916666666666665 0.03425925925925926
0 0.23229166666666667 0.425462962962963 0.022916666666666665 0.03425925925925926
0 0.7635416666666667 0.5263888888888889 0.022916666666666665 0.03425925925925926
0 0.675 0.5263888888888889 0.022916666666666665 0.03425925925925926
0 0.5854166666666667 0.5263888888888889 0.022916666666666665 0.03425925925925926
0 0.496875 0.5263888888888889 0.022916666666666665 0.03425925925925926
0 0.40625 0.5282407407407408 0.022916666666666665 0.03425925925925926
0 0.31666666666666665 0.5282407407407408 0.022916666666666665 0.03425925925925926
0 0.22604166666666667 0.5282407407407408 0.022916666666666665 0.03425925925925926
0 0.7791666666666667 0.6356481481481482 0.022916666666666665 0.03425925925925926
0 0.6875 0.6356481481481482 0.022916666666666665 0.03425925925925926
0 0.5947916666666667 0.6370370370370371 0.022916666666666665 0.03425925925925926
0 0.5010416666666667 0.6370370370370371 0.022916666666666665 0.03425925925925926
0 0.40729166666666666 0.6370370370370371 0.022916666666666665 0.03425925925925926
0 0.31354166666666666 0.638425925925926 0.022916666666666665 0.03425925925925926
0 0.21875 0.638425925925926 0.022916666666666665 0.03425925925925926
0 0.796875 0.7537037037037037 0.022916666666666665 0.03425925925925926
0 0.7010416666666667 0.7555555555555555 0.022916666666666665 0.03425925925925926
0 0.6041666666666666 0.7569444444444444 0.022916666666666665 0.03425925925925926
0 0.50625 0.7569444444444444 0.022916666666666665 0.03425925925925926
0 0.4083333333333333 0.7587962962962963 0.022916666666666665 0.03425925925925926
0 0.309375 0.7587962962962963 0.022916666666666665 0.03425925925925926
0 0.21041666666666667 0.7601851851851852 0.022916666666666665 0.03425925925925926