0 0.24895833333333334 0.21666666666666667 0.035416666666666666 0.03518518518518519
0 0.3260416666666667 0.2175925925925926 0.035416666666666666 0.03518518518518519
0 0.403125 0.21851851851851853 0.035416666666666666 0.03518518518518519
0 0.48020833333333335 0.2199074074074074 0.035416666666666666 0.03518518518518519
0 0.5572916666666666 0.2199074074074074 0.035416666666666666 0.03518518518518519
0 0.634375 0.22083333333333333 0.035416666666666666 0.03518518518518519
0 0.7114583333333333 0.22175925925925927 0.035416666666666666 0.03518518518518519
0 0.23958333333333334 0.27175925925925926 0.035416666666666666 0.03518518518518519
0 0.31979166666666664 0.27314814814814814 0.035416666666666666 0.03518518518518519
0 0.4 0.2740740740740741 0.035416666666666666 0.03518518518518519
0 0.48020833333333335 0.2740740740740741 0.035416666666666666 0.03518518518518519
0 0.5604166666666667 0.275 0.035416666666666666 0.03518518518518519
0 0.640625 0.2759259259259259 0.035416666666666666 0.03518518518518519
0 0.7197916666666667 0.27685185185185185 0.035416666666666666 0.03518518518518519
0 0.22916666666666666 0.33240740740740743 0.035416666666666666 0.03518518518518519
0 0.31354166666666666 0.33240740740740743 0.035416666666666666 0.03518518518518519
0 0.396875 0.3333333333333333 0.035416666666666666 0.03518518518518519
0 0.48020833333333335 0.33425925925925926 0.035416666666666666 0.03518518518518519
0 0.5635416666666667 0.33425925925925926 0.035416666666666666 0.03518518518518519
0 0.646875 0.3351851851851852 0.035416666666666666 0.03518518518518519
0 0.7302083333333333 0.3365740740740741 0.035416666666666666 0.03518518518518519
0 0.21875 0.39675925925925926 0.035416666666666666 0.03518518518518519
0 0.30625 0.39675925925925926 0.035416666666666666 0.03518518518518519
0 0.3927083333333333 0.39814814814814814 0.035416666666666666 0.03518518518518519
0 0.48020833333333335 0.3990740740740741 0.035416666666666666 0.03518518518518519
0 0.5666666666666667 0.4 0.035416666666666666 0.03518518518518519
0 0.6541666666666667 0.4 0.035416666666666666 0.03518518518518519
0 0.740625 0.4009259259259259 0.035416666666666666 0.03518518518518519
0 0.20729166666666668 0.4666666666666667 0.035416666666666666 0.03518518518518519
0 0.29791666666666666 0.4675925925925926 0.035416666666666666 0.03518518518518519
0 0.38958333333333334 0.4685185185185185 0.035416666666666666 0.03518518518518519
0 0.48020833333333335 0.4685185185185185 0.035416666666666666 0.03518518518518519
0 0.5708333333333333 0.4699074074074074 0.035416666666666666 0.03518518518518519
0 0.6614583333333334 0.4708333333333333 0.035416666666666666 0.03518518518518519
0 0.7520833333333333 0.47175925925925927 0.035416666666666666 0.03518518518518519
0 0.19479166666666667 0.5435185185185185 0.035416666666666666 0.03518518518518519
0 0.28958333333333336 0.5449074074074074 0.035416666666666666 0.03518518518518519
0 0.384375 0.5458333333333333 0.035416666666666666 0.03518518518518519
0 0.48020833333333335 0.5458333333333333 0.035416666666666666 0.03518518518518519
0 0.575 0.5467592592592593 0.035416666666666666 0.03518518518518519
0 0.6697916666666667 0.5481481481481482 0.035416666666666666 0.03518518518518519
0 0.7645833333333333 0.549074074074074 0.035416666666666666 0.03518518518518519
0 0.18020833333333333 0.6282407407407408 0.035416666666666666 0.03518518518518519
0 0.28020833333333334 0.6291666666666667 0.035416666666666666 0.03518518518518519
0 0.3802083333333333 0.6300925925925925 0.035416666666666666 0.03518518518518519
0 0.48020833333333335 0.6314814814814815 0.035416666666666666 0.03518518518518519
0 0.5791666666666667 0.6314814814814815 0.035416666666666666 0.03518518518518519
0 0.6791666666666667 0.6324074074074074 0.035416666666666666 0.03518518518518519
0 0.778125 0.6333333333333333 0.035416666666666666 0.03518518518518519