0 0.684375 0.1736111111111111 0.025 0.03333333333333333
0 0.6166666666666667 0.175 0.025 0.03333333333333333
0 0.5479166666666667 0.17777777777777778 0.025 0.03333333333333333
0 0.4791666666666667 0.17916666666666667 0.025 0.03333333333333333
0 0.409375 0.18055555555555555 0.025 0.03333333333333333
0 0.340625 0.18333333333333332 0.025 0.03333333333333333
0 0.2708333333333333 0.18472222222222223 0.025 0.03333333333333333
0 0.6958333333333333 0.2388888888888889 0.025 0.03333333333333333
0 0.6239583333333333 0.24027777777777778 0.025 0.03333333333333333
0 0.5520833333333334 0.24305555555555555 0.025 0.03333333333333333
0 0.48020833333333335 0.24583333333333332 0.025 0.03333333333333333
0 0.4083333333333333 0.24722222222222223 0.025 0.03333333333333333
0 0.33541666666666664 0.25 0.025 0.03333333333333333
0 0.26145833333333335 0.2513888888888889 0.025 0.03333333333333333
0 0.7072916666666667 0.30972222222222223 0.025 0.03333333333333333
0 0.6322916666666667 0.3125 0.025 0.03333333333333333
0 0.5572916666666666 0.31527777777777777 0.025 0.03333333333333333
0 0.48125 0.31805555555555554 0.025 0.03333333333333333
0 0.40520833333333334 0.32083333333333336 0.025 0.03333333333333333
0 0.32916666666666666 0.3236111111111111 0.025 0.03333333333333333
0 0.2520833333333333 0.325 0.025 0.03333333333333333
0 0.7208333333333333 0.3888888888888889 0.025 0.03333333333333333
0 0.6416666666666667 0.39305555555555555 0.025 0.03333333333333333
0 0.5625 0.3958333333333333 0.025 0.03333333333333333
0 0.48333333333333334 0.39861111111111114 0.025 0.03333333333333333
0 0.403125 0.4013888888888889 0.025 0.03333333333333333
0 0.3229166666666667 0.4041666666666667 0.025 0.03333333333333333
0 0.24166666666666667 0.40694444444444444 0.025 0.03333333333333333
0 0.7354166666666667 0.4777777777777778 0.025 0.03333333333333333
0 0.6520833333333333 0.48055555555555557 0.025 0.03333333333333333
0 0.56875 0.48333333333333334 0.025 0.03333333333333333
0 0.48541666666666666 0.4875 0.025 0.03333333333333333
0 0.4010416666666667 0.49027777777777776 0.025 0.03333333333333333
0 0.315625 0.49444444444444446 0.025 0.03333333333333333
0 0.23020833333333332 0.49722222222222223 0.025 0.03333333333333333
0 0.7520833333333333 0.575 0.025 0.03333333333333333
0 0.6635416666666667 0.5791666666666667 0.025 0.03333333333333333
0 0.5760416666666667 0.5833333333333334 0.025 0.03333333333333333
0 0.4875 0.5861111111111111 0.025 0.03333333333333333
0 0.39791666666666664 0.5902777777777778 0.025 0.03333333333333333
0 0.3072916666666667 0.5944444444444444 0.025 0.03333333333333333
0 0.21666666666666667 0.5986111111111111 0.025 0.03333333333333333
0 0.7697916666666667 0.6847222222222222 0.025 0.03333333333333333
0 0.6770833333333334 0.6902777777777778 0.025 0.03333333333333333
0 0.5833333333333334 0.6944444444444444 0.025 0.03333333333333333
0 0.4895833333333333 0.6986111111111111 0.025 0.03333333333333333
0 0.39375 0.7027777777777777 0.025 0.03333333333333333
0 0.2989583333333333 0.7069444444444445 0.025 0.03333333333333333
0 0.20208333333333334 0.7125 0.025 0.03333333333333333