0 0.7229166666666667 0.26481481481481484 0.035416666666666666 0.03518518518518519
0 0.6447916666666667 0.2601851851851852 0.035416666666666666 0.03518518518518519
0 0.5666666666666667 0.2574074074074074 0.035416666666666666 0.03518518518518519
0 0.48854166666666665 0.25324074074074077 0.035416666666666666 0.03518518518518519
0 0.41041666666666665 0.25 0.035416666666666666 0.03518518518518519
0 0.33229166666666665 0.24583333333333332 0.035416666666666666 0.03518518518518519
0 0.25416666666666665 0.24166666666666667 0.035416666666666666 0.03518518518518519
0 0.73125 0.3199074074074074 0.035416666666666666 0.03518518518518519
0 0.6489583333333333 0.31574074074074077 0.035416666666666666 0.03518518518518519
0 0.5677083333333334 0.31157407407407406 0.035416666666666666 0.03518518518518519
0 0.4864583333333333 0.30833333333333335 0.035416666666666666 0.03518518518518519
0 0.40520833333333334 0.30416666666666664 0.035416666666666666 0.03518518518518519
0 0.32395833333333335 0.3 0.035416666666666666 0.03518518518518519
0 0.24270833333333333 0.29583333333333334 0.035416666666666666 0.03518518518518519
0 0.7395833333333334 0.3800925925925926 0.035416666666666666 0.03518518518518519
0 0.6541666666666667 0.37592592592592594 0.035416666666666666 0.03518518518518519
0 0.5697916666666667 0.37175925925925923 0.035416666666666666 0.03518518518518519
0 0.484375 0.3675925925925926 0.035416666666666666 0.03518518518518519
0 0.4 0.36342592592592593 0.035416666666666666 0.03518518518518519
0 0.315625 0.3592592592592593 0.035416666666666666 0.03518518518518519
0 0.23020833333333332 0.35509259259259257 0.035416666666666666 0.03518518518518519
0 0.7489583333333333 0.4449074074074074 0.035416666666666666 0.03518518518518519
0 0.6604166666666667 0.44074074074074077 0.035416666666666666 0.03518518518518519
0 0.571875 0.43657407407407406 0.035416666666666666 0.03518518518518519
0 0.4822916666666667 0.4324074074074074 0.035416666666666666 0.03518518518518519
0 0.39375 0.42824074074074076 0.035416666666666666 0.03518518518518519
0 0.30520833333333336 0.42314814814814816 0.035416666666666666 0.03518518518518519
0 0.21666666666666667 0.4185185185185185 0.035416666666666666 0.03518518518518519
0 0.759375 0.5166666666666667 0.035416666666666666 0.03518518518518519
0 0.6666666666666666 0.5125 0.035416666666666666 0.03518518518518519
0 0.5739583333333333 0.5083333333333333 0.035416666666666666 0.03518518518518519
0 0.48020833333333335 0.5032407407407408 0.035416666666666666 0.03518518518518519
0 0.3875 0.49907407407407406 0.035416666666666666 0.03518518518518519
0 0.2947916666666667 0.4935185185185185 0.035416666666666666 0.03518518518518519
0 0.20208333333333334 0.4898148148148148 0.035416666666666666 0.03518518518518519
0 0.771875 0.5958333333333333 0.035416666666666666 0.03518518518518519
0 0.6739583333333333 0.5916666666666667 0.035416666666666666 0.03518518518518519
0 0.5760416666666667 0.586574074074074 0.035416666666666666 0.03518518518518519
0 0.478125 0.5814814814814815 0.035416666666666666 0.03518518518518519
0 0.3802083333333333 0.5768518518518518 0.035416666666666666 0.03518518518518519
0 0.28229166666666666 0.5717592592592593 0.035416666666666666 0.03518518518518519
0 0.18541666666666667 0.5666666666666667 0.035416666666666666 0.03518518518518519
0 0.784375 0.6833333333333333 0.035416666666666666 0.03518518518518519
0 0.68125 0.6782407407407407 0.035416666666666666 0.03518518518518519
0 0.578125 0.6731481481481482 0.035416666666666666 0.03518518518518519
0 0.475 0.6675925925925926 0.035416666666666666 0.03518518518518519
0 0.371875 0.6625 0.035416666666666666 0.03518518518518519
0 0.26979166666666665 0.6574074074074074 0.035416666666666666 0.03518518518518519
0 0.16666666666666666 0.6518518518518519 0.035416666666666666 0.03518518518518519