0 0.7166666666666667 0.2916666666666667 0.035416666666666666 0.03518518518518519
0 0.6458333333333334 0.2916666666666667 0.035416666666666666 0.03518518518518519
0 0.575 0.2916666666666667 0.035416666666666666 0.03518518518518519
0 0.503125 0.29074074074074074 0.035416666666666666 0.03518518518518519
0 0.43125 0.29074074074074074 0.035416666666666666 0.03518518518518519
0 0.359375 0.2898148148148148 0.035416666666666666 0.03518518518518519
0 0.2864583333333333 0.2898148148148148 0.035416666666666666 0.03518518518518519
0 0.7270833333333333 0.3458333333333333 0.035416666666666666 0.03518518518518519
0 0.653125 0.3449074074074074 0.035416666666666666 0.03518518518518519
0 0.5791666666666667 0.3449074074074074 0.035416666666666666 0.03518518518518519
0 0.5041666666666667 0.3449074074074074 0.035416666666666666 0.03518518518518519
0 0.42916666666666664 0.3449074074074074 0.035416666666666666 0.03518518518518519
0 0.353125 0.3435185185185185 0.035416666666666666 0.03518518518518519
0 0.278125 0.3435185185185185 0.035416666666666666 0.03518518518518519
0 0.7385416666666667 0.4041666666666667 0.035416666666666666 0.03518518518518519
0 0.6614583333333334 0.4041666666666667 0.035416666666666666 0.03518518518518519
0 0.5833333333333334 0.4041666666666667 0.035416666666666666 0.03518518518518519
0 0.5052083333333334 0.40324074074074073 0.035416666666666666 0.03518518518518519
0 0.42604166666666665 0.40324074074074073 0.035416666666666666 0.03518518518518519
0 0.346875 0.40324074074074073 0.035416666666666666 0.03518518518518519
0 0.2677083333333333 0.40324074074074073 0.035416666666666666 0.03518518518518519
0 0.7520833333333333 0.4685185185185185 0.035416666666666666 0.03518518518518519
0 0.6697916666666667 0.4685185185185185 0.035416666666666666 0.03518518518518519
0 0.5885416666666666 0.4685185185185185 0.035416666666666666 0.03518518518518519
0 0.50625 0.4685185185185185 0.035416666666666666 0.03518518518518519
0 0.4239583333333333 0.4685185185185185 0.035416666666666666 0.03518518518518519
0 0.340625 0.4685185185185185 0.035416666666666666 0.03518518518518519
0 0.25729166666666664 0.4685185185185185 0.035416666666666666 0.03518518518518519
0 0.765625 0.5398148148148149 0.035416666666666666 0.03518518518518519
0 0.6802083333333333 0.5398148148148149 0.035416666666666666 0.03518518518518519
0 0.59375 0.5407407407407407 0.035416666666666666 0.03518518518518519
0 0.5072916666666667 0.5407407407407407 0.035416666666666666 0.03518518518518519
0 0.42083333333333334 0.5407407407407407 0.035416666666666666 0.03518518518518519
0 0.3333333333333333 0.5407407407407407 0.035416666666666666 0.03518518518518519
0 0.24479166666666666 0.5407407407407407 0.035416666666666666 0.03518518518518519
0 0.78125 0.6185185185185185 0.035416666666666666 0.03518518518518519
0 0.6916666666666667 0.6199074074074075 0.035416666666666666 0.03518518518518519
0 0.6 0.6199074074074075 0.035416666666666666 0.03518518518518519
0 0.5083333333333333 0.6199074074074075 0.035416666666666666 0.03518518518518519
0 0.4166666666666667 0.6208333333333333 0.035416666666666666 0.03518518518518519
0 0.32395833333333335 0.6208333333333333 0.035416666666666666 0.03518518518518519
0 0.23125 0.6217592592592592 0.035416666666666666 0.03518518518518519
0 0.7989583333333333 0.7074074074074074 0.035416666666666666 0.03518518518518519
0 0.703125 0.7083333333333334 0.035416666666666666 0.03518518518518519
0 0.6072916666666667 0.7092592592592593 0.035416666666666666 0.03518518518518519
0 0.5104166666666666 0.7092592592592593 0.035416666666666666 0.03518518518518519
0 0.4125 0.7101851851851851 0.035416666666666666 0.03518518518518519
0 0.3145833333333333 0.711574074074074 0.035416666666666666 0.03518518518518519
0 0.21666666666666667 0.711574074074074 0.035416666666666666 0.03518518518518519