0 0.7010416666666667 0.1310185185185185 0.022916666666666665 0.03425925925925926
0 0.6270833333333333 0.12916666666666668 0.022916666666666665 0.03425925925925926
0 0.5510416666666667 0.12777777777777777 0.022916666666666665 0.03425925925925926
0 0.47604166666666664 0.12638888888888888 0.022916666666666665 0.03425925925925926
0 0.39895833333333336 0.12453703703703704 0.022916666666666665 0.03425925925925926
0 0.3229166666666667 0.12314814814814815 0.022916666666666665 0.03425925925925926
0 0.24583333333333332 0.12129629629629629 0.022916666666666665 0.03425925925925926
0 0.7125 0.20879629629629629 0.022916666666666665 0.03425925925925926
0 0.634375 0.20694444444444443 0.022916666666666665 0.03425925925925926
0 0.55625 0.20555555555555555 0.022916666666666665 0.03425925925925926
0 0.478125 0.20416666666666666 0.022916666666666665 0.03425925925925926
0 0.39895833333333336 0.2023148148148148 0.022916666666666665 0.03425925925925926
0 0.31979166666666664 0.20092592592592592 0.022916666666666665 0.03425925925925926
0 0.23958333333333334 0.19953703703703704 0.022916666666666665 0.03425925925925926
0 0.7229166666666667 0.2912037037037037 0.022916666666666665 0.03425925925925926
0 0.6427083333333333 0.2912037037037037 0.022916666666666665 0.03425925925925926
0 0.5625 0.2898148148148148 0.022916666666666665 0.03425925925925926
0 0.48125 0.287962962962963 0.022916666666666665 0.03425925925925926
0 0.39895833333333336 0.2865740740740741 0.022916666666666665 0.03425925925925926
0 0.31666666666666665 0.2851851851851852 0.022916666666666665 0.03425925925925926
0 0.234375 0.2833333333333333 0.022916666666666665 0.03425925925925926
0 0.7354166666666667 0.3814814814814815 0.022916666666666665 0.03425925925925926
0 0.6520833333333333 0.3800925925925926 0.022916666666666665 0.03425925925925926
0 0.56875 0.3800925925925926 0.022916666666666665 0.03425925925925926
0 0.484375 0.3787037037037037 0.022916666666666665 0.03425925925925926
0 0.39895833333333336 0.3768518518518518 0.022916666666666665 0.03425925925925926
0 0.31354166666666666 0.3768518518518518 0.022916666666666665 0.03425925925925926
0 0.22708333333333333 0.37546296296296294 0.022916666666666665 0.03425925925925926
0 0.7489583333333333 0.47824074074074074 0.022916666666666665 0.03425925925925926
0 0.6625 0.47685185185185186 0.022916666666666665 0.03425925925925926
0 0.575 0.47685185185185186 0.022916666666666665 0.03425925925925926
0 0.4875 0.475 0.022916666666666665 0.03425925925925926
0 0.39895833333333336 0.475 0.022916666666666665 0.03425925925925926
0 0.3104166666666667 0.4736111111111111 0.022916666666666665 0.03425925925925926
0 0.22083333333333333 0.4736111111111111 0.022916666666666665 0.03425925925925926
0 0.7625 0.5824074074074074 0.022916666666666665 0.03425925925925926
0 0.6729166666666667 0.5824074074074074 0.022916666666666665 0.03425925925925926
0 0.5822916666666667 0.5810185185185185 0.022916666666666665 0.03425925925925926
0 0.490625 0.5810185185185185 0.022916666666666665 0.03425925925925926
0 0.39895833333333336 0.5810185185185185 0.022916666666666665 0.03425925925925926
0 0.30625 0.5810185185185185 0.022916666666666665 0.03425925925925926
0 0.2125 0.5796296296296296 0.022916666666666665 0.03425925925925926
0 0.778125 0.6949074074074074 0.022916666666666665 0.03425925925925926
0 0.684375 0.6962962962962963 0.022916666666666665 0.03425925925925926
0 0.5895833333333333 0.6962962962962963 0.022916666666666665 0.03425925925925926
0 0.4947916666666667 0.6962962962962963 0.022916666666666665 0.03425925925925926
0 0.39895833333333336 0.6962962962962963 0.022916666666666665 0.03425925925925926
0 0.3020833333333333 0.6962962962962963 0.022916666666666665 0.03425925925925926
0 0.20520833333333333 0.6962962962962963 0.022916666666666665 0.03425925925925926