0 0.7041666666666667 0.2865740740740741 0.029166666666666667 0.029166666666666667
0 0.6354166666666666 0.2865740740740741 0.029166666666666667 0.029166666666666667
0 0.5677083333333334 0.2865740740740741 0.029166666666666667 0.029166666666666667
0 0.5 0.2865740740740741 0.029166666666666667 0.029166666666666667
0 0.4322916666666667 0.2865740740740741 0.029166666666666667 0.029166666666666667
0 0.365625 0.2875 0.029166666666666667 0.029166666666666667
0 0.29791666666666666 0.2875 0.029166666666666667 0.029166666666666667
0 0.709375 0.3458333333333333 0.029166666666666667 0.029166666666666667
0 0.6395833333333333 0.3458333333333333 0.029166666666666667 0.029166666666666667
0 0.5697916666666667 0.34675925925925927 0.029166666666666667 0.029166666666666667
0 0.5 0.34675925925925927 0.029166666666666667 0.029166666666666667
0 0.43020833333333336 0.34675925925925927 0.029166666666666667 0.029166666666666667
0 0.36041666666666666 0.34675925925925927 0.029166666666666667 0.029166666666666667
0 0.290625 0.34675925925925927 0.029166666666666667 0.029166666666666667
0 0.715625 0.4101851851851852 0.029166666666666667 0.029166666666666667
0 0.64375 0.4101851851851852 0.029166666666666667 0.029166666666666667
0 0.5708333333333333 0.4101851851851852 0.029166666666666667 0.029166666666666667
0 0.49895833333333334 0.4101851851851852 0.029166666666666667 0.029166666666666667
0 0.4270833333333333 0.4101851851851852 0.029166666666666667 0.029166666666666667
0 0.35520833333333335 0.4101851851851852 0.029166666666666667 0.029166666666666667
0 0.2833333333333333 0.4101851851851852 0.029166666666666667 0.029166666666666667
0 0.7229166666666667 0.47824074074074074 0.029166666666666667 0.029166666666666667
0 0.6479166666666667 0.47824074074074074 0.029166666666666667 0.029166666666666667
0 0.5729166666666666 0.47824074074074074 0.029166666666666667 0.029166666666666667
0 0.4979166666666667 0.47824074074074074 0.029166666666666667 0.029166666666666667
0 0.4239583333333333 0.47824074074074074 0.029166666666666667 0.029166666666666667
0 0.35 0.47824074074074074 0.029166666666666667 0.029166666666666667
0 0.275 0.47824074074074074 0.029166666666666667 0.029166666666666667
0 0.7302083333333333 0.5518518518518518 0.029166666666666667 0.029166666666666667
0 0.6520833333333333 0.5509259259259259 0.029166666666666667 0.029166666666666667
0 0.575 0.5509259259259259 0.029166666666666667 0.029166666666666667
0 0.4979166666666667 0.5509259259259259 0.029166666666666667 0.029166666666666667
0 0.42083333333333334 0.5509259259259259 0.029166666666666667 0.029166666666666667
0 0.34375 0.5509259259259259 0.029166666666666667 0.029166666666666667
0 0.26666666666666666 0.5509259259259259 0.029166666666666667 0.029166666666666667
0 0.7375 0.6300925925925925 0.029166666666666667 0.029166666666666667
0 0.6572916666666667 0.6300925925925925 0.029166666666666667 0.029166666666666667
0 0.5770833333333333 0.6291666666666667 0.029166666666666667 0.029166666666666667
0 0.496875 0.6291666666666667 0.029166666666666667 0.029166666666666667
0 0.4166666666666667 0.6291666666666667 0.029166666666666667 0.029166666666666667
0 0.3375 0.6291666666666667 0.029166666666666667 0.029166666666666667
0 0.25729166666666664 0.6291666666666667 0.029166666666666667 0.029166666666666667
0 0.7458333333333333 0.7148148148148148 0.029166666666666667 0.029166666666666667
0 0.6625 0.7148148148148148 0.029166666666666667 0.029166666666666667
0 0.5791666666666667 0.7134259259259259 0.029166666666666667 0.029166666666666667
0 0.49583333333333335 0.7134259259259259 0.029166666666666667 0.029166666666666667
0 0.4125 0.7134259259259259 0.029166666666666667 0.029166666666666667
0 0.3302083333333333 0.7125 0.029166666666666667 0.029166666666666667
0 0.24791666666666667 0.7125 0.029166666666666667 0.029166666666666667