0 0.69375 0.15555555555555556 0.022916666666666665 0.03425925925925926
0 0.6177083333333333 0.15416666666666667 0.022916666666666665 0.03425925925925926
0 0.5427083333333333 0.15416666666666667 0.022916666666666665 0.03425925925925926
0 0.4666666666666667 0.1527777777777778 0.022916666666666665 0.03425925925925926
0 0.38958333333333334 0.1527777777777778 0.022916666666666665 0.03425925925925926
0 0.3125 0.1527777777777778 0.022916666666666665 0.03425925925925926
0 0.234375 0.15092592592592594 0.022916666666666665 0.03425925925925926
0 0.7052083333333333 0.2351851851851852 0.022916666666666665 0.03425925925925926
0 0.6270833333333333 0.2351851851851852 0.022916666666666665 0.03425925925925926
0 0.5489583333333333 0.2351851851851852 0.022916666666666665 0.03425925925925926
0 0.46979166666666666 0.2337962962962963 0.022916666666666665 0.03425925925925926
0 0.390625 0.2337962962962963 0.022916666666666665 0.03425925925925926
0 0.3104166666666667 0.2337962962962963 0.022916666666666665 0.03425925925925926
0 0.22916666666666666 0.2337962962962963 0.022916666666666665 0.03425925925925926
0 0.7177083333333333 0.32083333333333336 0.022916666666666665 0.03425925925925926
0 0.6364583333333333 0.32083333333333336 0.022916666666666665 0.03425925925925926
0 0.5552083333333333 0.32083333333333336 0.022916666666666665 0.03425925925925926
0 0.47291666666666665 0.32083333333333336 0.022916666666666665 0.03425925925925926
0 0.390625 0.32083333333333336 0.022916666666666665 0.03425925925925926
0 0.3072916666666667 0.32083333333333336 0.022916666666666665 0.03425925925925926
0 0.22291666666666668 0.32083333333333336 0.022916666666666665 0.03425925925925926
0 0.73125 0.41435185185185186 0.022916666666666665 0.03425925925925926
0 0.646875 0.41435185185185186 0.022916666666666665 0.03425925925925926
0 0.5625 0.41574074074074074 0.022916666666666665 0.03425925925925926
0 0.47708333333333336 0.41574074074074074 0.022916666666666665 0.03425925925925926
0 0.39166666666666666 0.41574074074074074 0.022916666666666665 0.03425925925925926
0 0.30416666666666664 0.41574074074074074 0.022916666666666665 0.03425925925925926
0 0.21666666666666667 0.41759259259259257 0.022916666666666665 0.03425925925925926
0 0.7458333333333333 0.5157407407407407 0.022916666666666665 0.03425925925925926
0 0.6583333333333333 0.5157407407407407 0.022916666666666665 0.03425925925925926
0 0.5708333333333333 0.5171296296296296 0.022916666666666665 0.03425925925925926
0 0.48125 0.5171296296296296 0.022916666666666665 0.03425925925925926
0 0.39166666666666666 0.5185185185185185 0.022916666666666665 0.03425925925925926
0 0.30104166666666665 0.5203703703703704 0.022916666666666665 0.03425925925925926
0 0.21041666666666667 0.5203703703703704 0.022916666666666665 0.03425925925925926
0 0.7625 0.624537037037037 0.022916666666666665 0.03425925925925926
0 0.6708333333333333 0.6263888888888889 0.022916666666666665 0.03425925925925926
0 0.5791666666666667 0.6277777777777778 0.022916666666666665 0.03425925925925926
0 0.4864583333333333 0.6291666666666667 0.022916666666666665 0.03425925925925926
0 0.3927083333333333 0.6310185185185185 0.022916666666666665 0.03425925925925926
0 0.29791666666666666 0.6324074074074074 0.022916666666666665 0.03425925925925926
0 0.203125 0.6324074074074074 0.022916666666666665 0.03425925925925926
0 0.7791666666666667 0.7444444444444445 0.022916666666666665 0.03425925925925926
0 0.684375 0.7462962962962963 0.022916666666666665 0.03425925925925926
0 0.5885416666666666 0.7490740740740741 0.022916666666666665 0.03425925925925926
0 0.49166666666666664 0.7509259259259259 0.022916666666666665 0.03425925925925926
0 0.39375 0.7523148148148148 0.022916666666666665 0.03425925925925926
0 0.2947916666666667 0.7537037037037037 0.022916666666666665 0.03425925925925926
0 0.19479166666666667 0.7569444444444444 0.022916666666666665 0.03425925925925926