0 0.3416666666666667 0.38472222222222224 0.01875 0.025
0 0.33541666666666664 0.44305555555555554 0.01875 0.025
0 0.3302083333333333 0.5041666666666667 0.01875 0.025
0 0.32395833333333335 0.5694444444444444 0.01875 0.025
0 0.3177083333333333 0.6388888888888888 0.01875 0.025
0 0.3104166666666667 0.7138888888888889 0.01875 0.025
0 0.303125 0.7930555555555555 0.01875 0.025
0 0.403125 0.3861111111111111 0.01875 0.025
0 0.4 0.4444444444444444 0.01875 0.025
0 0.3958333333333333 0.5069444444444444 0.01875 0.025
0 0.39166666666666666 0.5722222222222222 0.01875 0.025
0 0.3875 0.6416666666666667 0.01875 0.025
0 0.38333333333333336 0.7152777777777778 0.01875 0.025
0 0.378125 0.7944444444444444 0.01875 0.025
0 0.465625 0.3888888888888889 0.01875 0.025
0 0.4635416666666667 0.44722222222222224 0.01875 0.025
0 0.46145833333333336 0.5083333333333333 0.01875 0.025
0 0.459375 0.5736111111111111 0.01875 0.025
0 0.45729166666666665 0.6444444444444445 0.01875 0.025
0 0.4552083333333333 0.7180555555555556 0.01875 0.025
0 0.453125 0.7972222222222223 0.01875 0.025
0 0.5270833333333333 0.39166666666666666 0.01875 0.025
0 0.5270833333333333 0.45 0.01875 0.025
0 0.5270833333333333 0.5111111111111111 0.01875 0.025
0 0.5270833333333333 0.5763888888888888 0.01875 0.025
0 0.5270833333333333 0.6458333333333334 0.01875 0.025
0 0.5270833333333333 0.7208333333333333 0.01875 0.025
0 0.5270833333333333 0.7986111111111112 0.01875 0.025
0 0.5885416666666666 0.39444444444444443 0.01875 0.025
0 0.590625 0.4513888888888889 0.01875 0.025
0 0.5927083333333333 0.5138888888888888 0.01875 0.025
0 0.5947916666666667 0.5791666666666667 0.01875 0.025
0 0.596875 0.6486111111111111 0.01875 0.025
0 0.5989583333333334 0.7222222222222222 0.01875 0.025
0 0.6010416666666667 0.8013888888888889 0.01875 0.025
0 0.65 0.3958333333333333 0.01875 0.025
0 0.6541666666666667 0.45416666666666666 0.01875 0.025
0 0.6572916666666667 0.5166666666666667 0.01875 0.025
0 0.6614583333333334 0.5819444444444445 0.01875 0.025
0 0.665625 0.6513888888888889 0.01875 0.025
0 0.6708333333333333 0.725 0.01875 0.025
0 0.675 0.8041666666666667 0.01875 0.025
0 0.7114583333333333 0.39861111111111114 0.01875 0.025
0 0.7166666666666667 0.45694444444444443 0.01875 0.025
0 0.7229166666666667 0.5180555555555556 0.01875 0.025
0 0.728125 0.5833333333333334 0.01875 0.025
0 0.7354166666666667 0.6527777777777778 0.01875 0.025
0 0.7416666666666667 0.7263888888888889 0.01875 0.025
0 0.7489583333333333 0.8055555555555556 0.01875 0.025