0 0.715625 0.31157407407407406 0.03125 0.03148148148148148
0 0.6479166666666667 0.3125 0.03125 0.03148148148148148
0 0.5791666666666667 0.3148148148148148 0.03125 0.03148148148148148
0 0.5114583333333333 0.31574074074074077 0.03125 0.03148148148148148
0 0.44375 0.31666666666666665 0.03125 0.03148148148148148
0 0.3770833333333333 0.3175925925925926 0.03125 0.03148148148148148
0 0.309375 0.31851851851851853 0.03125 0.03148148148148148
0 0.725 0.36666666666666664 0.03125 0.03148148148148148
0 0.6541666666666667 0.3675925925925926 0.03125 0.03148148148148148
0 0.5833333333333334 0.3699074074074074 0.03125 0.03148148148148148
0 0.5125 0.37083333333333335 0.03125 0.03148148148148148
0 0.4427083333333333 0.37175925925925923 0.03125 0.03148148148148148
0 0.371875 0.3731481481481482 0.03125 0.03148148148148148
0 0.3020833333333333 0.37407407407407406 0.03125 0.03148148148148148
0 0.734375 0.42685185185185187 0.03125 0.03148148148148148
0 0.6604166666666667 0.42824074074074076 0.03125 0.03148148148148148
0 0.5875 0.42916666666666664 0.03125 0.03148148148148148
0 0.5135416666666667 0.4300925925925926 0.03125 0.03148148148148148
0 0.440625 0.4324074074074074 0.03125 0.03148148148148148
0 0.36666666666666664 0.43333333333333335 0.03125 0.03148148148148148
0 0.29375 0.43425925925925923 0.03125 0.03148148148148148
0 0.7458333333333333 0.4925925925925926 0.03125 0.03148148148148148
0 0.66875 0.4935185185185185 0.03125 0.03148148148148148
0 0.5916666666666667 0.4949074074074074 0.03125 0.03148148148148148
0 0.5145833333333333 0.49583333333333335 0.03125 0.03148148148148148
0 0.4375 0.49675925925925923 0.03125 0.03148148148148148
0 0.3614583333333333 0.4981481481481482 0.03125 0.03148148148148148
0 0.28541666666666665 0.5 0.03125 0.03148148148148148
0 0.7572916666666667 0.5634259259259259 0.03125 0.03148148148148148
0 0.6770833333333334 0.5648148148148148 0.03125 0.03148148148148148
0 0.5958333333333333 0.5666666666666667 0.03125 0.03148148148148148
0 0.515625 0.5675925925925925 0.03125 0.03148148148148148
0 0.4354166666666667 0.5685185185185185 0.03125 0.03148148148148148
0 0.35520833333333335 0.5699074074074074 0.03125 0.03148148148148148
0 0.275 0.5708333333333333 0.03125 0.03148148148148148
0 0.7708333333333334 0.6425925925925926 0.03125 0.03148148148148148
0 0.6864583333333333 0.6435185185185185 0.03125 0.03148148148148148
0 0.6010416666666667 0.6449074074074074 0.03125 0.03148148148148148
0 0.5166666666666667 0.6458333333333334 0.03125 0.03148148148148148
0 0.4322916666666667 0.6467592592592593 0.03125 0.03148148148148148
0 0.3489583333333333 0.6481481481481481 0.03125 0.03148148148148148
0 0.26458333333333334 0.649074074074074 0.03125 0.03148148148148148
0 0.7854166666666667 0.7291666666666666 0.03125 0.03148148148148148
0 0.6958333333333333 0.7300925925925926 0.03125 0.03148148148148148
0 0.6072916666666667 0.7314814814814815 0.03125 0.03148148148148148
0 0.51875 0.7324074074074074 0.03125 0.03148148148148148
0 0.43020833333333336 0.7333333333333333 0.03125 0.03148148148148148
0 0.3416666666666667 0.7342592592592593 0.03125 0.03148148148148148
0 0.253125 0.7351851851851852 0.03125 0.03148148148148148