0 0.16145833333333334 0.6564814814814814 0.029166666666666667 0.029166666666666667
0 0.24270833333333333 0.6625 0.029166666666666667 0.029166666666666667
0 0.32708333333333334 0.6675925925925926 0.029166666666666667 0.029166666666666667
0 0.4114583333333333 0.674074074074074 0.029166666666666667 0.029166666666666667
0 0.49895833333333334 0.6814814814814815 0.029166666666666667 0.029166666666666667
0 0.5885416666666666 0.6875 0.029166666666666667 0.029166666666666667
0 0.6791666666666667 0.6935185185185185 0.029166666666666667 0.029166666666666667
0 0.17604166666666668 0.5731481481481482 0.029166666666666667 0.029166666666666667
0 0.25625 0.5782407407407407 0.029166666666666667 0.029166666666666667
0 0.3375 0.5833333333333334 0.029166666666666667 0.029166666666666667
0 0.42083333333333334 0.5884259259259259 0.029166666666666667 0.029166666666666667
0 0.50625 0.5935185185185186 0.029166666666666667 0.029166666666666667
0 0.5927083333333333 0.5990740740740741 0.029166666666666667 0.029166666666666667
0 0.68125 0.6041666666666666 0.029166666666666667 0.029166666666666667
0 0.190625 0.4925925925925926 0.029166666666666667 0.029166666666666667
0 0.26875 0.49675925925925923 0.029166666666666667 0.029166666666666667
0 0.3489583333333333 0.5018518518518519 0.029166666666666667 0.029166666666666667
0 0.43020833333333336 0.5064814814814815 0.029166666666666667 0.029166666666666667
0 0.5135416666666667 0.5101851851851852 0.029166666666666667 0.029166666666666667
0 0.5979166666666667 0.5148148148148148 0.029166666666666667 0.029166666666666667
0 0.684375 0.5199074074074074 0.029166666666666667 0.029166666666666667
0 0.20416666666666666 0.41759259259259257 0.029166666666666667 0.029166666666666667
0 0.28020833333333334 0.42083333333333334 0.029166666666666667 0.029166666666666667
0 0.35833333333333334 0.42407407407407405 0.029166666666666667 0.029166666666666667
0 0.43854166666666666 0.42685185185185187 0.029166666666666667 0.029166666666666667
0 0.5197916666666667 0.43148148148148147 0.029166666666666667 0.029166666666666667
0 0.6020833333333333 0.43425925925925923 0.029166666666666667 0.029166666666666667
0 0.6875 0.43842592592592594 0.029166666666666667 0.029166666666666667
0 0.21666666666666667 0.3449074074074074 0.029166666666666667 0.029166666666666667
0 0.2916666666666667 0.34675925925925927 0.029166666666666667 0.029166666666666667
0 0.36875 0.35 0.029166666666666667 0.029166666666666667
0 0.446875 0.35324074074074074 0.029166666666666667 0.029166666666666667
0 0.5260416666666666 0.35509259259259257 0.029166666666666667 0.029166666666666667
0 0.6072916666666667 0.35833333333333334 0.029166666666666667 0.029166666666666667
0 0.6895833333333333 0.36157407407407405 0.029166666666666667 0.029166666666666667
0 0.22916666666666666 0.275 0.029166666666666667 0.029166666666666667
0 0.303125 0.27685185185185185 0.029166666666666667 0.029166666666666667
0 0.378125 0.2791666666666667 0.029166666666666667 0.029166666666666667
0 0.45416666666666666 0.2814814814814815 0.029166666666666667 0.029166666666666667
0 0.5322916666666667 0.2833333333333333 0.029166666666666667 0.029166666666666667
0 0.6114583333333333 0.2851851851851852 0.029166666666666667 0.029166666666666667
0 0.6916666666666667 0.2875 0.029166666666666667 0.029166666666666667
0 0.240625 0.20833333333333334 0.029166666666666667 0.029166666666666667
0 0.31354166666666666 0.2101851851851852 0.029166666666666667 0.029166666666666667
0 0.38645833333333335 0.21157407407407408 0.029166666666666667 0.029166666666666667
0 0.46145833333333336 0.2125 0.029166666666666667 0.029166666666666667
0 0.5375 0.21342592592592594 0.029166666666666667 0.029166666666666667
0 0.6145833333333334 0.21574074074074073 0.029166666666666667 0.029166666666666667
0 0.69375 0.21666666666666667 0.029166666666666667 0.029166666666666667