0 0.7177083333333333 0.17916666666666667 0.025 0.03333333333333333
0 0.6479166666666667 0.17777777777777778 0.025 0.03333333333333333
0 0.5791666666666667 0.1763888888888889 0.025 0.03333333333333333
0 0.5114583333333333 0.1763888888888889 0.025 0.03333333333333333
0 0.4427083333333333 0.175 0.025 0.03333333333333333
0 0.37395833333333334 0.1736111111111111 0.025 0.03333333333333333
0 0.30625 0.17222222222222222 0.025 0.03333333333333333
0 0.7260416666666667 0.24583333333333332 0.025 0.03333333333333333
0 0.6541666666666667 0.24444444444444444 0.025 0.03333333333333333
0 0.58125 0.24305555555555555 0.025 0.03333333333333333
0 0.509375 0.24166666666666667 0.025 0.03333333333333333
0 0.43854166666666666 0.24027777777777778 0.025 0.03333333333333333
0 0.36666666666666664 0.2388888888888889 0.025 0.03333333333333333
0 0.29583333333333334 0.2375 0.025 0.03333333333333333
0 0.7354166666666667 0.31805555555555554 0.025 0.03333333333333333
0 0.659375 0.31666666666666665 0.025 0.03333333333333333
0 0.584375 0.31527777777777777 0.025 0.03333333333333333
0 0.5083333333333333 0.3138888888888889 0.025 0.03333333333333333
0 0.43333333333333335 0.3125 0.025 0.03333333333333333
0 0.35833333333333334 0.3111111111111111 0.025 0.03333333333333333
0 0.2833333333333333 0.30972222222222223 0.025 0.03333333333333333
0 0.746875 0.39861111111111114 0.025 0.03333333333333333
0 0.6666666666666666 0.3972222222222222 0.025 0.03333333333333333
0 0.5864583333333333 0.3958333333333333 0.025 0.03333333333333333
0 0.5072916666666667 0.39444444444444443 0.025 0.03333333333333333
0 0.428125 0.39305555555555555 0.025 0.03333333333333333
0 0.3489583333333333 0.3902777777777778 0.025 0.03333333333333333
0 0.26979166666666665 0.3888888888888889 0.025 0.03333333333333333
0 0.7583333333333333 0.4888888888888889 0.025 0.03333333333333333
0 0.6739583333333333 0.4875 0.025 0.03333333333333333
0 0.5895833333333333 0.4847222222222222 0.025 0.03333333333333333
0 0.5052083333333334 0.48333333333333334 0.025 0.03333333333333333
0 0.421875 0.48194444444444445 0.025 0.03333333333333333
0 0.3385416666666667 0.4791666666666667 0.025 0.03333333333333333
0 0.2552083333333333 0.4777777777777778 0.025 0.03333333333333333
0 0.771875 0.5888888888888889 0.025 0.03333333333333333
0 0.6822916666666666 0.5875 0.025 0.03333333333333333
0 0.5927083333333333 0.5847222222222223 0.025 0.03333333333333333
0 0.5041666666666667 0.5833333333333334 0.025 0.03333333333333333
0 0.415625 0.5805555555555556 0.025 0.03333333333333333
0 0.32708333333333334 0.5791666666666667 0.025 0.03333333333333333
0 0.23958333333333334 0.5763888888888888 0.025 0.03333333333333333
0 0.7864583333333334 0.7027777777777777 0.025 0.03333333333333333
0 0.6916666666666667 0.7 0.025 0.03333333333333333
0 0.596875 0.6972222222222222 0.025 0.03333333333333333
0 0.5020833333333333 0.6944444444444444 0.025 0.03333333333333333
0 0.40729166666666666 0.6930555555555555 0.025 0.03333333333333333
0 0.31354166666666666 0.6902777777777778 0.025 0.03333333333333333
0 0.22083333333333333 0.6875 0.025 0.03333333333333333