0 0.33125 0.39305555555555555 0.01875 0.025
0 0.3260416666666667 0.45 0.01875 0.025
0 0.32083333333333336 0.5111111111111111 0.01875 0.025
0 0.315625 0.575 0.01875 0.025
0 0.3104166666666667 0.6430555555555556 0.01875 0.025
0 0.30416666666666664 0.7152777777777778 0.01875 0.025
0 0.29791666666666666 0.7930555555555555 0.01875 0.025
0 0.39166666666666666 0.3958333333333333 0.01875 0.025
0 0.38958333333333334 0.4527777777777778 0.01875 0.025
0 0.38645833333333335 0.5125 0.01875 0.025
0 0.38229166666666664 0.5763888888888888 0.01875 0.025
0 0.37916666666666665 0.6444444444444445 0.01875 0.025
0 0.37604166666666666 0.7180555555555556 0.01875 0.025
0 0.371875 0.7944444444444444 0.01875 0.025
0 0.453125 0.3972222222222222 0.01875 0.025
0 0.45208333333333334 0.45416666666666666 0.01875 0.025
0 0.4510416666666667 0.5138888888888888 0.01875 0.025
0 0.45 0.5791666666666667 0.01875 0.025
0 0.44895833333333335 0.6472222222222223 0.01875 0.025
0 0.446875 0.7194444444444444 0.01875 0.025
0 0.44583333333333336 0.7972222222222223 0.01875 0.025
0 0.5145833333333333 0.39861111111111114 0.01875 0.025
0 0.515625 0.45555555555555555 0.01875 0.025
0 0.5166666666666667 0.5166666666666667 0.01875 0.025
0 0.5166666666666667 0.5805555555555556 0.01875 0.025
0 0.5177083333333333 0.6486111111111111 0.01875 0.025
0 0.51875 0.7222222222222222 0.01875 0.025
0 0.5197916666666667 0.8 0.01875 0.025
0 0.5770833333333333 0.4 0.01875 0.025
0 0.5791666666666667 0.45694444444444443 0.01875 0.025
0 0.58125 0.5180555555555556 0.01875 0.025
0 0.584375 0.5819444444444445 0.01875 0.025
0 0.5875 0.6513888888888889 0.01875 0.025
0 0.590625 0.7236111111111111 0.01875 0.025
0 0.59375 0.8013888888888889 0.01875 0.025
0 0.6385416666666667 0.4013888888888889 0.01875 0.025
0 0.6427083333333333 0.4583333333333333 0.01875 0.025
0 0.646875 0.5194444444444445 0.01875 0.025
0 0.6520833333333333 0.5847222222222223 0.01875 0.025
0 0.6572916666666667 0.6527777777777778 0.01875 0.025
0 0.6625 0.7263888888888889 0.01875 0.025
0 0.6677083333333333 0.8041666666666667 0.01875 0.025
0 0.7 0.4027777777777778 0.01875 0.025
0 0.70625 0.4597222222222222 0.01875 0.025
0 0.7125 0.5208333333333334 0.01875 0.025
0 0.7197916666666667 0.5861111111111111 0.01875 0.025
0 0.7260416666666667 0.6541666666666667 0.01875 0.025
0 0.734375 0.7277777777777777 0.01875 0.025
0 0.7427083333333333 0.8055555555555556 0.01875 0.025