0 0.7385416666666667 0.2490740740740741 0.035416666666666666 0.03518518518518519
0 0.6604166666666667 0.24583333333333332 0.035416666666666666 0.03518518518518519
0 0.5802083333333333 0.24166666666666667 0.035416666666666666 0.03518518518518519
0 0.4979166666666667 0.23842592592592593 0.035416666666666666 0.03518518518518519
0 0.41354166666666664 0.23425925925925925 0.035416666666666666 0.03518518518518519
0 0.32708333333333334 0.23148148148148148 0.035416666666666666 0.03518518518518519
0 0.23854166666666668 0.22685185185185186 0.035416666666666666 0.03518518518518519
0 0.753125 0.31574074074074077 0.035416666666666666 0.03518518518518519
0 0.6729166666666667 0.3125 0.035416666666666666 0.03518518518518519
0 0.590625 0.3101851851851852 0.035416666666666666 0.03518518518518519
0 0.5052083333333334 0.3074074074074074 0.035416666666666666 0.03518518518518519
0 0.41875 0.30416666666666664 0.035416666666666666 0.03518518518518519
0 0.328125 0.30092592592592593 0.035416666666666666 0.03518518518518519
0 0.23645833333333333 0.29907407407407405 0.035416666666666666 0.03518518518518519
0 0.7697916666666667 0.38657407407407407 0.035416666666666666 0.03518518518518519
0 0.6864583333333333 0.38425925925925924 0.035416666666666666 0.03518518518518519
0 0.6010416666666667 0.38333333333333336 0.035416666666666666 0.03518518518518519
0 0.5135416666666667 0.3814814814814815 0.035416666666666666 0.03518518518518519
0 0.42291666666666666 0.37916666666666665 0.035416666666666666 0.03518518518518519
0 0.3302083333333333 0.3768518518518518 0.035416666666666666 0.03518518518518519
0 0.234375 0.375 0.035416666666666666 0.03518518518518519
0 0.7864583333333334 0.4625 0.035416666666666666 0.03518518518518519
0 0.7010416666666667 0.4625 0.035416666666666666 0.03518518518518519
0 0.6125 0.4615740740740741 0.035416666666666666 0.03518518518518519
0 0.521875 0.4601851851851852 0.035416666666666666 0.03518518518518519
0 0.428125 0.4601851851851852 0.035416666666666666 0.03518518518518519
0 0.33125 0.45925925925925926 0.035416666666666666 0.03518518518518519
0 0.23125 0.4583333333333333 0.035416666666666666 0.03518518518518519
0 0.8052083333333333 0.5449074074074074 0.035416666666666666 0.03518518518518519
0 0.7166666666666667 0.5458333333333333 0.035416666666666666 0.03518518518518519
0 0.625 0.5458333333333333 0.035416666666666666 0.03518518518518519
0 0.5302083333333333 0.5467592592592593 0.035416666666666666 0.03518518518518519
0 0.43333333333333335 0.5481481481481482 0.035416666666666666 0.03518518518518519
0 0.33229166666666665 0.5481481481481482 0.035416666666666666 0.03518518518518519
0 0.22916666666666666 0.549074074074074 0.035416666666666666 0.03518518518518519
0 0.8260416666666667 0.6342592592592593 0.035416666666666666 0.03518518518518519
0 0.7333333333333333 0.6351851851851852 0.035416666666666666 0.03518518518518519
0 0.6385416666666667 0.6375 0.035416666666666666 0.03518518518518519
0 0.540625 0.6398148148148148 0.035416666666666666 0.03518518518518519
0 0.43854166666666666 0.6416666666666667 0.035416666666666666 0.03518518518518519
0 0.334375 0.6435185185185185 0.035416666666666666 0.03518518518518519
0 0.22604166666666667 0.6467592592592593 0.035416666666666666 0.03518518518518519
0 0.8479166666666667 0.7300925925925926 0.035416666666666666 0.03518518518518519
0 0.7520833333333333 0.7333333333333333 0.035416666666666666 0.03518518518518519
0 0.653125 0.7375 0.035416666666666666 0.03518518518518519
0 0.5510416666666667 0.7407407407407407 0.035416666666666666 0.03518518518518519
0 0.44479166666666664 0.7449074074074075 0.035416666666666666 0.03518518518518519
0 0.33541666666666664 0.7490740740740741 0.035416666666666666 0.03518518518518519
0 0.22291666666666668 0.7532407407407408 0.035416666666666666 0.03518518518518519