0 0.2604166666666667 0.3282407407407407 0.03125 0.03148148148148148
0 0.253125 0.3851851851851852 0.03125 0.03148148148148148
0 0.24479166666666666 0.44675925925925924 0.03125 0.03148148148148148
0 0.23645833333333333 0.5125 0.03125 0.03148148148148148
0 0.22708333333333333 0.5833333333333334 0.03125 0.03148148148148148
0 0.21770833333333334 0.6592592592592592 0.03125 0.03148148148148148
0 0.20625 0.7416666666666667 0.03125 0.03148148148148148
0 0.3333333333333333 0.32685185185185184 0.03125 0.03148148148148148
0 0.328125 0.38425925925925924 0.03125 0.03148148148148148
0 0.321875 0.44583333333333336 0.03125 0.03148148148148148
0 0.31666666666666665 0.5115740740740741 0.03125 0.03148148148148148
0 0.3104166666666667 0.5824074074074074 0.03125 0.03148148148148148
0 0.30416666666666664 0.6583333333333333 0.03125 0.03148148148148148
0 0.296875 0.7407407407407407 0.03125 0.03148148148148148
0 0.40520833333333334 0.32592592592592595 0.03125 0.03148148148148148
0 0.403125 0.38333333333333336 0.03125 0.03148148148148148
0 0.4 0.4449074074074074 0.03125 0.03148148148148148
0 0.396875 0.5101851851851852 0.03125 0.03148148148148148
0 0.39375 0.5814814814814815 0.03125 0.03148148148148148
0 0.390625 0.6574074074074074 0.03125 0.03148148148148148
0 0.38645833333333335 0.7398148148148148 0.03125 0.03148148148148148
0 0.478125 0.32407407407407407 0.03125 0.03148148148148148
0 0.478125 0.3824074074074074 0.03125 0.03148148148148148
0 0.47708333333333336 0.44351851851851853 0.03125 0.03148148148148148
0 0.47708333333333336 0.5092592592592593 0.03125 0.03148148148148148
0 0.47708333333333336 0.5800925925925926 0.03125 0.03148148148148148
0 0.47708333333333336 0.6564814814814814 0.03125 0.03148148148148148
0 0.47604166666666664 0.7384259259259259 0.03125 0.03148148148148148
0 0.5510416666666667 0.32314814814814813 0.03125 0.03148148148148148
0 0.553125 0.3800925925925926 0.03125 0.03148148148148148
0 0.5552083333333333 0.44166666666666665 0.03125 0.03148148148148148
0 0.5583333333333333 0.5083333333333333 0.03125 0.03148148148148148
0 0.5604166666666667 0.5791666666666667 0.03125 0.03148148148148148
0 0.5635416666666667 0.6550925925925926 0.03125 0.03148148148148148
0 0.5666666666666667 0.7375 0.03125 0.03148148148148148
0 0.6229166666666667 0.32175925925925924 0.03125 0.03148148148148148
0 0.628125 0.37916666666666665 0.03125 0.03148148148148148
0 0.6333333333333333 0.44074074074074077 0.03125 0.03148148148148148
0 0.6385416666666667 0.5074074074074074 0.03125 0.03148148148148148
0 0.6447916666666667 0.5782407407407407 0.03125 0.03148148148148148
0 0.6510416666666666 0.6541666666666667 0.03125 0.03148148148148148
0 0.6572916666666667 0.736574074074074 0.03125 0.03148148148148148
0 0.696875 0.32083333333333336 0.03125 0.03148148148148148
0 0.703125 0.37824074074074077 0.03125 0.03148148148148148
0 0.7114583333333333 0.4398148148148148 0.03125 0.03148148148148148
0 0.7197916666666667 0.5050925925925925 0.03125 0.03148148148148148
0 0.728125 0.5768518518518518 0.03125 0.03148148148148148
0 0.7375 0.6532407407407408 0.03125 0.03148148148148148
0 0.7479166666666667 0.7351851851851852 0.03125 0.03148148148148148