0 0.246875 0.18333333333333332 0.035416666666666666 0.03518518518518519
0 0.325 0.18425925925925926 0.035416666666666666 0.03518518518518519
0 0.40208333333333335 0.18518518518518517 0.035416666666666666 0.03518518518518519
0 0.48020833333333335 0.18518518518518517 0.035416666666666666 0.03518518518518519
0 0.5583333333333333 0.1865740740740741 0.035416666666666666 0.03518518518518519
0 0.6354166666666666 0.1875 0.035416666666666666 0.03518518518518519
0 0.7125 0.1875 0.035416666666666666 0.03518518518518519
0 0.234375 0.2375 0.035416666666666666 0.03518518518518519
0 0.315625 0.23842592592592593 0.035416666666666666 0.03518518518518519
0 0.396875 0.23981481481481481 0.035416666666666666 0.03518518518518519
0 0.478125 0.23981481481481481 0.035416666666666666 0.03518518518518519
0 0.5583333333333333 0.24074074074074073 0.035416666666666666 0.03518518518518519
0 0.6395833333333333 0.24166666666666667 0.035416666666666666 0.03518518518518519
0 0.7197916666666667 0.24166666666666667 0.035416666666666666 0.03518518518518519
0 0.221875 0.2967592592592593 0.035416666666666666 0.03518518518518519
0 0.30625 0.2967592592592593 0.035416666666666666 0.03518518518518519
0 0.390625 0.29814814814814816 0.035416666666666666 0.03518518518518519
0 0.475 0.29907407407407405 0.035416666666666666 0.03518518518518519
0 0.559375 0.29907407407407405 0.035416666666666666 0.03518518518518519
0 0.64375 0.3 0.035416666666666666 0.03518518518518519
0 0.7270833333333333 0.30092592592592593 0.035416666666666666 0.03518518518518519
0 0.20729166666666668 0.36018518518518516 0.035416666666666666 0.03518518518518519
0 0.29583333333333334 0.36157407407407405 0.035416666666666666 0.03518518518518519
0 0.384375 0.3625 0.035416666666666666 0.03518518518518519
0 0.471875 0.3625 0.035416666666666666 0.03518518518518519
0 0.5604166666666667 0.36342592592592593 0.035416666666666666 0.03518518518518519
0 0.6479166666666667 0.3648148148148148 0.035416666666666666 0.03518518518518519
0 0.7354166666666667 0.3648148148148148 0.035416666666666666 0.03518518518518519
0 0.19166666666666668 0.43148148148148147 0.035416666666666666 0.03518518518518519
0 0.284375 0.43148148148148147 0.035416666666666666 0.03518518518518519
0 0.3770833333333333 0.4324074074074074 0.035416666666666666 0.03518518518518519
0 0.46875 0.4324074074074074 0.035416666666666666 0.03518518518518519
0 0.5614583333333333 0.43333333333333335 0.035416666666666666 0.03518518518518519
0 0.653125 0.43425925925925923 0.035416666666666666 0.03518518518518519
0 0.7447916666666666 0.43425925925925923 0.035416666666666666 0.03518518518518519
0 0.175 0.5083333333333333 0.035416666666666666 0.03518518518518519
0 0.271875 0.5083333333333333 0.035416666666666666 0.03518518518518519
0 0.36875 0.5092592592592593 0.035416666666666666 0.03518518518518519
0 0.465625 0.5092592592592593 0.035416666666666666 0.03518518518518519
0 0.5625 0.5101851851851852 0.035416666666666666 0.03518518518518519
0 0.6583333333333333 0.5101851851851852 0.035416666666666666 0.03518518518518519
0 0.7552083333333334 0.5115740740740741 0.035416666666666666 0.03518518518518519
0 0.15625 0.5925925925925926 0.035416666666666666 0.03518518518518519
0 0.25833333333333336 0.5935185185185186 0.035416666666666666 0.03518518518518519
0 0.36041666666666666 0.5935185185185186 0.035416666666666666 0.03518518518518519
0 0.46145833333333336 0.5949074074074074 0.035416666666666666 0.03518518518518519
0 0.5635416666666667 0.5949074074074074 0.035416666666666666 0.03518518518518519
0 0.6645833333333333 0.5958333333333333 0.035416666666666666 0.03518518518518519
0 0.765625 0.5958333333333333 0.035416666666666666 0.03518518518518519