0 0.240625 0.24259259259259258 0.035416666666666666 0.03518518518518519
0 0.31979166666666664 0.24166666666666667 0.035416666666666666 0.03518518518518519
0 0.39791666666666664 0.24166666666666667 0.035416666666666666 0.03518518518518519
0 0.47708333333333336 0.24166666666666667 0.035416666666666666 0.03518518518518519
0 0.5552083333333333 0.24166666666666667 0.035416666666666666 0.03518518518518519
0 0.634375 0.24074074074074073 0.035416666666666666 0.03518518518518519
0 0.7125 0.24074074074074073 0.035416666666666666 0.03518518518518519
0 0.23020833333333332 0.29907407407407405 0.035416666666666666 0.03518518518518519
0 0.3125 0.29907407407407405 0.035416666666666666 0.03518518518518519
0 0.39375 0.29814814814814816 0.035416666666666666 0.03518518518518519
0 0.47604166666666664 0.29814814814814816 0.035416666666666666 0.03518518518518519
0 0.5572916666666666 0.29814814814814816 0.035416666666666666 0.03518518518518519
0 0.6395833333333333 0.2967592592592593 0.035416666666666666 0.03518518518518519
0 0.7208333333333333 0.2967592592592593 0.035416666666666666 0.03518518518518519
0 0.21875 0.3592592592592593 0.035416666666666666 0.03518518518518519
0 0.30416666666666664 0.3592592592592593 0.035416666666666666 0.03518518518518519
0 0.38958333333333334 0.3592592592592593 0.035416666666666666 0.03518518518518519
0 0.475 0.3592592592592593 0.035416666666666666 0.03518518518518519
0 0.559375 0.35833333333333334 0.035416666666666666 0.03518518518518519
0 0.6447916666666667 0.35833333333333334 0.035416666666666666 0.03518518518518519
0 0.7302083333333333 0.35833333333333334 0.035416666666666666 0.03518518518518519
0 0.20625 0.42592592592592593 0.035416666666666666 0.03518518518518519
0 0.29583333333333334 0.42592592592592593 0.035416666666666666 0.03518518518518519
0 0.384375 0.425 0.035416666666666666 0.03518518518518519
0 0.47291666666666665 0.425 0.035416666666666666 0.03518518518518519
0 0.5625 0.425 0.035416666666666666 0.03518518518518519
0 0.6510416666666666 0.42407407407407405 0.035416666666666666 0.03518518518518519
0 0.7395833333333334 0.42407407407407405 0.035416666666666666 0.03518518518518519
0 0.19270833333333334 0.49907407407407406 0.035416666666666666 0.03518518518518519
0 0.2864583333333333 0.4981481481481482 0.035416666666666666 0.03518518518518519
0 0.37916666666666665 0.4981481481481482 0.035416666666666666 0.03518518518518519
0 0.471875 0.4981481481481482 0.035416666666666666 0.03518518518518519
0 0.5645833333333333 0.49675925925925923 0.035416666666666666 0.03518518518518519
0 0.6572916666666667 0.49675925925925923 0.035416666666666666 0.03518518518518519
0 0.75 0.49583333333333335 0.035416666666666666 0.03518518518518519
0 0.178125 0.5782407407407407 0.035416666666666666 0.03518518518518519
0 0.2760416666666667 0.5768518518518518 0.035416666666666666 0.03518518518518519
0 0.3729166666666667 0.5768518518518518 0.035416666666666666 0.03518518518518519
0 0.4708333333333333 0.575925925925926 0.035416666666666666 0.03518518518518519
0 0.5677083333333334 0.575925925925926 0.035416666666666666 0.03518518518518519
0 0.6645833333333333 0.575925925925926 0.035416666666666666 0.03518518518518519
0 0.7625 0.575 0.035416666666666666 0.03518518518518519
0 0.1625 0.6648148148148149 0.035416666666666666 0.03518518518518519
0 0.26458333333333334 0.6648148148148149 0.035416666666666666 0.03518518518518519
0 0.36666666666666664 0.663425925925926 0.035416666666666666 0.03518518518518519
0 0.46875 0.663425925925926 0.035416666666666666 0.03518518518518519
0 0.5708333333333333 0.663425925925926 0.035416666666666666 0.03518518518518519
0 0.6729166666666667 0.6625 0.035416666666666666 0.03518518518518519
0 0.775 0.6625 0.035416666666666666 0.03518518518518519