0 0.7052083333333333 0.1574074074074074 0.022916666666666665 0.03425925925925926
0 0.6302083333333334 0.1574074074074074 0.022916666666666665 0.03425925925925926
0 0.5541666666666667 0.1574074074074074 0.022916666666666665 0.03425925925925926
0 0.478125 0.15555555555555556 0.022916666666666665 0.03425925925925926
0 0.4010416666666667 0.15555555555555556 0.022916666666666665 0.03425925925925926
0 0.3229166666666667 0.15555555555555556 0.022916666666666665 0.03425925925925926
0 0.24583333333333332 0.15555555555555556 0.022916666666666665 0.03425925925925926
0 0.7166666666666667 0.23657407407407408 0.022916666666666665 0.03425925925925926
0 0.6385416666666667 0.23657407407407408 0.022916666666666665 0.03425925925925926
0 0.5604166666666667 0.23657407407407408 0.022916666666666665 0.03425925925925926
0 0.48125 0.23657407407407408 0.022916666666666665 0.03425925925925926
0 0.4010416666666667 0.23657407407407408 0.022916666666666665 0.03425925925925926
0 0.32083333333333336 0.23657407407407408 0.022916666666666665 0.03425925925925926
0 0.23958333333333334 0.23657407407407408 0.022916666666666665 0.03425925925925926
0 0.7291666666666666 0.32222222222222224 0.022916666666666665 0.03425925925925926
0 0.6479166666666667 0.32222222222222224 0.022916666666666665 0.03425925925925926
0 0.5666666666666667 0.32222222222222224 0.022916666666666665 0.03425925925925926
0 0.484375 0.32222222222222224 0.022916666666666665 0.03425925925925926
0 0.4010416666666667 0.32407407407407407 0.022916666666666665 0.03425925925925926
0 0.3177083333333333 0.32407407407407407 0.022916666666666665 0.03425925925925926
0 0.23333333333333334 0.32407407407407407 0.022916666666666665 0.03425925925925926
0 0.7427083333333333 0.41435185185185186 0.022916666666666665 0.03425925925925926
0 0.6583333333333333 0.41574074074074074 0.022916666666666665 0.03425925925925926
0 0.5729166666666666 0.41574074074074074 0.022916666666666665 0.03425925925925926
0 0.4875 0.41574074074074074 0.022916666666666665 0.03425925925925926
0 0.4010416666666667 0.41759259259259257 0.022916666666666665 0.03425925925925926
0 0.3145833333333333 0.41759259259259257 0.022916666666666665 0.03425925925925926
0 0.22708333333333333 0.41898148148148145 0.022916666666666665 0.03425925925925926
0 0.7572916666666667 0.5157407407407407 0.022916666666666665 0.03425925925925926
0 0.6697916666666667 0.5157407407407407 0.022916666666666665 0.03425925925925926
0 0.58125 0.5171296296296296 0.022916666666666665 0.03425925925925926
0 0.49166666666666664 0.5185185185185185 0.022916666666666665 0.03425925925925926
0 0.40208333333333335 0.5185185185185185 0.022916666666666665 0.03425925925925926
0 0.31145833333333334 0.5203703703703704 0.022916666666666665 0.03425925925925926
0 0.21979166666666666 0.5203703703703704 0.022916666666666665 0.03425925925925926
0 0.7729166666666667 0.624537037037037 0.022916666666666665 0.03425925925925926
0 0.68125 0.6263888888888889 0.022916666666666665 0.03425925925925926
0 0.5885416666666666 0.6277777777777778 0.022916666666666665 0.03425925925925926
0 0.49583333333333335 0.6277777777777778 0.022916666666666665 0.03425925925925926
0 0.40208333333333335 0.6291666666666667 0.022916666666666665 0.03425925925925926
0 0.3072916666666667 0.6310185185185185 0.022916666666666665 0.03425925925925926
0 0.21145833333333333 0.6324074074074074 0.022916666666666665 0.03425925925925926
0 0.790625 0.7430555555555556 0.022916666666666665 0.03425925925925926
0 0.6947916666666667 0.7444444444444445 0.022916666666666665 0.03425925925925926
0 0.5979166666666667 0.7476851851851852 0.022916666666666665 0.03425925925925926
0 0.5010416666666667 0.7490740740740741 0.022916666666666665 0.03425925925925926
0 0.40208333333333335 0.7509259259259259 0.022916666666666665 0.03425925925925926
0 0.303125 0.7523148148148148 0.022916666666666665 0.03425925925925926
0 0.203125 0.7555555555555555 0.022916666666666665 0.03425925925925926