0 0.7072916666666667 0.16342592592592592 0.022916666666666665 0.03425925925925926
0 0.63125 0.16342592592592592 0.022916666666666665 0.03425925925925926
0 0.5552083333333333 0.16203703703703703 0.022916666666666665 0.03425925925925926
0 0.4791666666666667 0.16064814814814815 0.022916666666666665 0.03425925925925926
0 0.40208333333333335 0.1587962962962963 0.022916666666666665 0.03425925925925926
0 0.32395833333333335 0.1587962962962963 0.022916666666666665 0.03425925925925926
0 0.24479166666666666 0.1574074074074074 0.022916666666666665 0.03425925925925926
0 0.71875 0.24444444444444444 0.022916666666666665 0.03425925925925926
0 0.640625 0.24305555555555555 0.022916666666666665 0.03425925925925926
0 0.5614583333333333 0.24305555555555555 0.022916666666666665 0.03425925925925926
0 0.4822916666666667 0.2412037037037037 0.022916666666666665 0.03425925925925926
0 0.40208333333333335 0.23981481481481481 0.022916666666666665 0.03425925925925926
0 0.32083333333333336 0.23981481481481481 0.022916666666666665 0.03425925925925926
0 0.23958333333333334 0.23842592592592593 0.022916666666666665 0.03425925925925926
0 0.73125 0.3300925925925926 0.022916666666666665 0.03425925925925926
0 0.65 0.3300925925925926 0.022916666666666665 0.03425925925925926
0 0.56875 0.3287037037037037 0.022916666666666665 0.03425925925925926
0 0.48541666666666666 0.3287037037037037 0.022916666666666665 0.03425925925925926
0 0.40208333333333335 0.3287037037037037 0.022916666666666665 0.03425925925925926
0 0.31875 0.32731481481481484 0.022916666666666665 0.03425925925925926
0 0.23333333333333334 0.32731481481481484 0.022916666666666665 0.03425925925925926
0 0.7447916666666666 0.4236111111111111 0.022916666666666665 0.03425925925925926
0 0.6604166666666667 0.4236111111111111 0.022916666666666665 0.03425925925925926
0 0.575 0.4222222222222222 0.022916666666666665 0.03425925925925926
0 0.4895833333333333 0.4222222222222222 0.022916666666666665 0.03425925925925926
0 0.403125 0.4222222222222222 0.022916666666666665 0.03425925925925926
0 0.315625 0.4222222222222222 0.022916666666666665 0.03425925925925926
0 0.22708333333333333 0.4222222222222222 0.022916666666666665 0.03425925925925926
0 0.7583333333333333 0.5231481481481481 0.022916666666666665 0.03425925925925926
0 0.6708333333333333 0.5231481481481481 0.022916666666666665 0.03425925925925926
0 0.5833333333333334 0.5231481481481481 0.022916666666666665 0.03425925925925926
0 0.49375 0.525 0.022916666666666665 0.03425925925925926
0 0.403125 0.525 0.022916666666666665 0.03425925925925926
0 0.3125 0.525 0.022916666666666665 0.03425925925925926
0 0.22083333333333333 0.525 0.022916666666666665 0.03425925925925926
0 0.7739583333333333 0.6324074074074074 0.022916666666666665 0.03425925925925926
0 0.6833333333333333 0.6324074074074074 0.022916666666666665 0.03425925925925926
0 0.5916666666666667 0.6337962962962963 0.022916666666666665 0.03425925925925926
0 0.4979166666666667 0.6356481481481482 0.022916666666666665 0.03425925925925926
0 0.4041666666666667 0.6356481481481482 0.022916666666666665 0.03425925925925926
0 0.309375 0.6370370370370371 0.022916666666666665 0.03425925925925926
0 0.21354166666666666 0.6370370370370371 0.022916666666666665 0.03425925925925926
0 0.7916666666666666 0.7509259259259259 0.022916666666666665 0.03425925925925926
0 0.6958333333333333 0.7523148148148148 0.022916666666666665 0.03425925925925926
0 0.6 0.7537037037037037 0.022916666666666665 0.03425925925925926
0 0.503125 0.7555555555555555 0.022916666666666665 0.03425925925925926
0 0.40520833333333334 0.7569444444444444 0.022916666666666665 0.03425925925925926
0 0.30520833333333336 0.7587962962962963 0.022916666666666665 0.03425925925925926
0 0.20520833333333333 0.7601851851851852 0.022916666666666665 0.03425925925925926