0 0.296875 0.6472222222222223 0.020833333333333332 0.027777777777777776
0 0.3729166666666667 0.6458333333333334 0.020833333333333332 0.027777777777777776
0 0.45 0.6444444444444445 0.020833333333333332 0.027777777777777776
0 0.528125 0.6444444444444445 0.020833333333333332 0.027777777777777776
0 0.60625 0.6430555555555556 0.020833333333333332 0.027777777777777776
0 0.6854166666666667 0.6416666666666667 0.020833333333333332 0.027777777777777776
0 0.765625 0.6416666666666667 0.020833333333333332 0.027777777777777776
0 0.3072916666666667 0.5569444444444445 0.020833333333333332 0.027777777777777776
0 0.3802083333333333 0.5555555555555556 0.020833333333333332 0.027777777777777776
0 0.453125 0.5541666666666667 0.020833333333333332 0.027777777777777776
0 0.5270833333333333 0.5527777777777778 0.020833333333333332 0.027777777777777776
0 0.6020833333333333 0.5513888888888889 0.020833333333333332 0.027777777777777776
0 0.678125 0.55 0.020833333333333332 0.027777777777777776
0 0.7541666666666667 0.5486111111111112 0.020833333333333332 0.027777777777777776
0 0.31666666666666665 0.475 0.020833333333333332 0.027777777777777776
0 0.38645833333333335 0.4736111111111111 0.020833333333333332 0.027777777777777776
0 0.45625 0.4722222222222222 0.020833333333333332 0.027777777777777776
0 0.5270833333333333 0.4708333333333333 0.020833333333333332 0.027777777777777776
0 0.5979166666666667 0.46944444444444444 0.020833333333333332 0.027777777777777776
0 0.6697916666666667 0.46805555555555556 0.020833333333333332 0.027777777777777776
0 0.7427083333333333 0.4652777777777778 0.020833333333333332 0.027777777777777776
0 0.325 0.4013888888888889 0.020833333333333332 0.027777777777777776
0 0.39166666666666666 0.4 0.020833333333333332 0.027777777777777776
0 0.459375 0.3972222222222222 0.020833333333333332 0.027777777777777776
0 0.5260416666666666 0.3958333333333333 0.020833333333333332 0.027777777777777776
0 0.5947916666666667 0.39305555555555555 0.020833333333333332 0.027777777777777776
0 0.6635416666666667 0.39166666666666666 0.020833333333333332 0.027777777777777776
0 0.7322916666666667 0.3902777777777778 0.020833333333333332 0.027777777777777776
0 0.3333333333333333 0.3333333333333333 0.020833333333333332 0.027777777777777776
0 0.396875 0.33055555555555555 0.020833333333333332 0.027777777777777776
0 0.46145833333333336 0.32916666666666666 0.020833333333333332 0.027777777777777776
0 0.5260416666666666 0.3263888888888889 0.020833333333333332 0.027777777777777776
0 0.5916666666666667 0.325 0.020833333333333332 0.027777777777777776
0 0.6572916666666667 0.32222222222222224 0.020833333333333332 0.027777777777777776
0 0.7229166666666667 0.32083333333333336 0.020833333333333332 0.027777777777777776
0 0.340625 0.2708333333333333 0.020833333333333332 0.027777777777777776
0 0.40208333333333335 0.26805555555555555 0.020833333333333332 0.027777777777777776
0 0.4635416666666667 0.26666666666666666 0.020833333333333332 0.027777777777777776
0 0.5260416666666666 0.2638888888888889 0.020833333333333332 0.027777777777777776
0 0.5885416666666666 0.2611111111111111 0.020833333333333332 0.027777777777777776
0 0.6510416666666666 0.25972222222222224 0.020833333333333332 0.027777777777777776
0 0.7145833333333333 0.2569444444444444 0.020833333333333332 0.027777777777777776
0 0.34791666666666665 0.2125 0.020833333333333332 0.027777777777777776
0 0.40625 0.20972222222222223 0.020833333333333332 0.027777777777777776
0 0.465625 0.20833333333333334 0.020833333333333332 0.027777777777777776
0 0.525 0.20555555555555555 0.020833333333333332 0.027777777777777776
0 0.5854166666666667 0.20277777777777778 0.020833333333333332 0.027777777777777776
0 0.6458333333333334 0.2013888888888889 0.020833333333333332 0.027777777777777776
0 0.7072916666666667 0.1986111111111111 0.020833333333333332 0.027777777777777776