0 0.6385416666666667 0.17777777777777778 0.025 0.03333333333333333
0 0.5729166666666666 0.18055555555555555 0.025 0.03333333333333333
0 0.5072916666666667 0.18333333333333332 0.025 0.03333333333333333
0 0.4395833333333333 0.18611111111111112 0.025 0.03333333333333333
0 0.371875 0.18888888888888888 0.025 0.03333333333333333
0 0.3020833333333333 0.19305555555555556 0.025 0.03333333333333333
0 0.23229166666666667 0.19583333333333333 0.025 0.03333333333333333
0 0.6520833333333333 0.24027777777777778 0.025 0.03333333333333333
0 0.584375 0.24444444444444444 0.025 0.03333333333333333
0 0.5145833333333333 0.24722222222222223 0.025 0.03333333333333333
0 0.44479166666666664 0.2513888888888889 0.025 0.03333333333333333
0 0.3729166666666667 0.25416666666666665 0.025 0.03333333333333333
0 0.3 0.25833333333333336 0.025 0.03333333333333333
0 0.22604166666666667 0.2611111111111111 0.025 0.03333333333333333
0 0.6677083333333333 0.30833333333333335 0.025 0.03333333333333333
0 0.5958333333333333 0.3125 0.025 0.03333333333333333
0 0.5229166666666667 0.31666666666666665 0.025 0.03333333333333333
0 0.44895833333333335 0.32222222222222224 0.025 0.03333333333333333
0 0.37395833333333334 0.3263888888888889 0.025 0.03333333333333333
0 0.296875 0.33055555555555555 0.025 0.03333333333333333
0 0.21875 0.3347222222222222 0.025 0.03333333333333333
0 0.684375 0.38472222222222224 0.025 0.03333333333333333
0 0.609375 0.3902777777777778 0.025 0.03333333333333333
0 0.5322916666666667 0.39444444444444443 0.025 0.03333333333333333
0 0.45416666666666666 0.4 0.025 0.03333333333333333
0 0.375 0.40555555555555556 0.025 0.03333333333333333
0 0.29375 0.4111111111111111 0.025 0.03333333333333333
0 0.21145833333333333 0.4166666666666667 0.025 0.03333333333333333
0 0.7041666666666667 0.46944444444444444 0.025 0.03333333333333333
0 0.6239583333333333 0.475 0.025 0.03333333333333333
0 0.5427083333333333 0.48194444444444445 0.025 0.03333333333333333
0 0.46041666666666664 0.4888888888888889 0.025 0.03333333333333333
0 0.37604166666666666 0.49444444444444446 0.025 0.03333333333333333
0 0.290625 0.5013888888888889 0.025 0.03333333333333333
0 0.20208333333333334 0.5083333333333333 0.025 0.03333333333333333
0 0.725 0.5638888888888889 0.025 0.03333333333333333
0 0.640625 0.5722222222222222 0.025 0.03333333333333333
0 0.5552083333333333 0.5791666666666667 0.025 0.03333333333333333
0 0.46770833333333334 0.5875 0.025 0.03333333333333333
0 0.378125 0.5958333333333333 0.025 0.03333333333333333
0 0.2864583333333333 0.6041666666666666 0.025 0.03333333333333333
0 0.19270833333333334 0.6125 0.025 0.03333333333333333
0 0.7489583333333333 0.6708333333333333 0.025 0.03333333333333333
0 0.659375 0.6805555555555556 0.025 0.03333333333333333
0 0.56875 0.6902777777777778 0.025 0.03333333333333333
0 0.475 0.7 0.025 0.03333333333333333
0 0.37916666666666665 0.7097222222222223 0.025 0.03333333333333333
0 0.28125 0.7194444444444444 0.025 0.03333333333333333
0 0.18125 0.7291666666666666 0.025 0.03333333333333333