0 0.7052083333333333 0.18472222222222223 0.025 0.03333333333333333
0 0.6385416666666667 0.18611111111111112 0.025 0.03333333333333333
0 0.5729166666666666 0.18611111111111112 0.025 0.03333333333333333
0 0.50625 0.18611111111111112 0.025 0.03333333333333333
0 0.4395833333333333 0.1875 0.025 0.03333333333333333
0 0.3729166666666667 0.1875 0.025 0.03333333333333333
0 0.30520833333333336 0.18888888888888888 0.025 0.03333333333333333
0 0.7166666666666667 0.24722222222222223 0.025 0.03333333333333333
0 0.646875 0.24722222222222223 0.025 0.03333333333333333
0 0.578125 0.24861111111111112 0.025 0.03333333333333333
0 0.5083333333333333 0.25 0.025 0.03333333333333333
0 0.43854166666666666 0.25 0.025 0.03333333333333333
0 0.36770833333333336 0.2513888888888889 0.025 0.03333333333333333
0 0.29791666666666666 0.2513888888888889 0.025 0.03333333333333333
0 0.7291666666666666 0.31527777777777777 0.025 0.03333333333333333
0 0.65625 0.31666666666666665 0.025 0.03333333333333333
0 0.5833333333333334 0.31805555555555554 0.025 0.03333333333333333
0 0.5104166666666666 0.31805555555555554 0.025 0.03333333333333333
0 0.43645833333333334 0.3194444444444444 0.025 0.03333333333333333
0 0.3625 0.32083333333333336 0.025 0.03333333333333333
0 0.28854166666666664 0.32083333333333336 0.025 0.03333333333333333
0 0.7427083333333333 0.39166666666666666 0.025 0.03333333333333333
0 0.6666666666666666 0.39305555555555555 0.025 0.03333333333333333
0 0.5895833333333333 0.39444444444444443 0.025 0.03333333333333333
0 0.5125 0.39444444444444443 0.025 0.03333333333333333
0 0.434375 0.3958333333333333 0.025 0.03333333333333333
0 0.3572916666666667 0.3972222222222222 0.025 0.03333333333333333
0 0.2791666666666667 0.39861111111111114 0.025 0.03333333333333333
0 0.7583333333333333 0.47638888888888886 0.025 0.03333333333333333
0 0.678125 0.4777777777777778 0.025 0.03333333333333333
0 0.596875 0.4791666666666667 0.025 0.03333333333333333
0 0.5145833333333333 0.48055555555555557 0.025 0.03333333333333333
0 0.43333333333333335 0.48194444444444445 0.025 0.03333333333333333
0 0.35104166666666664 0.48333333333333334 0.025 0.03333333333333333
0 0.2677083333333333 0.4847222222222222 0.025 0.03333333333333333
0 0.7760416666666666 0.5708333333333333 0.025 0.03333333333333333
0 0.690625 0.5722222222222222 0.025 0.03333333333333333
0 0.6041666666666666 0.5736111111111111 0.025 0.03333333333333333
0 0.5177083333333333 0.5763888888888888 0.025 0.03333333333333333
0 0.43020833333333336 0.5777777777777777 0.025 0.03333333333333333
0 0.34375 0.5791666666666667 0.025 0.03333333333333333
0 0.25625 0.5805555555555556 0.025 0.03333333333333333
0 0.7958333333333333 0.6777777777777778 0.025 0.03333333333333333
0 0.7041666666666667 0.6791666666666667 0.025 0.03333333333333333
0 0.6125 0.6819444444444445 0.025 0.03333333333333333
0 0.5208333333333334 0.6833333333333333 0.025 0.03333333333333333
0 0.428125 0.6861111111111111 0.025 0.03333333333333333
0 0.33541666666666664 0.6875 0.025 0.03333333333333333
0 0.24166666666666667 0.6902777777777778 0.025 0.03333333333333333