0 0.6833333333333333 0.17222222222222222 0.025 0.03333333333333333
0 0.6166666666666667 0.17222222222222222 0.025 0.03333333333333333
0 0.55 0.17222222222222222 0.025 0.03333333333333333
0 0.4822916666666667 0.1736111111111111 0.025 0.03333333333333333
0 0.41458333333333336 0.1736111111111111 0.025 0.03333333333333333
0 0.3458333333333333 0.1736111111111111 0.025 0.03333333333333333
0 0.2760416666666667 0.175 0.025 0.03333333333333333
0 0.6958333333333333 0.23472222222222222 0.025 0.03333333333333333
0 0.6260416666666667 0.2361111111111111 0.025 0.03333333333333333
0 0.55625 0.2361111111111111 0.025 0.03333333333333333
0 0.48541666666666666 0.2375 0.025 0.03333333333333333
0 0.41354166666666664 0.2375 0.025 0.03333333333333333
0 0.3416666666666667 0.2388888888888889 0.025 0.03333333333333333
0 0.26875 0.2388888888888889 0.025 0.03333333333333333
0 0.7104166666666667 0.30416666666666664 0.025 0.03333333333333333
0 0.6364583333333333 0.3055555555555556 0.025 0.03333333333333333
0 0.5625 0.30694444444444446 0.025 0.03333333333333333
0 0.48854166666666665 0.30833333333333335 0.025 0.03333333333333333
0 0.4125 0.30972222222222223 0.025 0.03333333333333333
0 0.3375 0.30972222222222223 0.025 0.03333333333333333
0 0.2604166666666667 0.3111111111111111 0.025 0.03333333333333333
0 0.7260416666666667 0.3819444444444444 0.025 0.03333333333333333
0 0.6489583333333333 0.38333333333333336 0.025 0.03333333333333333
0 0.5708333333333333 0.38472222222222224 0.025 0.03333333333333333
0 0.49166666666666664 0.3861111111111111 0.025 0.03333333333333333
0 0.4125 0.3888888888888889 0.025 0.03333333333333333
0 0.33229166666666665 0.3902777777777778 0.025 0.03333333333333333
0 0.25104166666666666 0.39166666666666666 0.025 0.03333333333333333
0 0.74375 0.46944444444444444 0.025 0.03333333333333333
0 0.6614583333333334 0.4708333333333333 0.025 0.03333333333333333
0 0.5791666666666667 0.4722222222222222 0.025 0.03333333333333333
0 0.49583333333333335 0.475 0.025 0.03333333333333333
0 0.4114583333333333 0.47638888888888886 0.025 0.03333333333333333
0 0.3260416666666667 0.4791666666666667 0.025 0.03333333333333333
0 0.240625 0.48055555555555557 0.025 0.03333333333333333
0 0.7635416666666667 0.5666666666666667 0.025 0.03333333333333333
0 0.6760416666666667 0.5694444444444444 0.025 0.03333333333333333
0 0.5885416666666666 0.5708333333333333 0.025 0.03333333333333333
0 0.5 0.5736111111111111 0.025 0.03333333333333333
0 0.41041666666666665 0.5763888888888888 0.025 0.03333333333333333
0 0.31979166666666664 0.5791666666666667 0.025 0.03333333333333333
0 0.22916666666666666 0.5819444444444445 0.025 0.03333333333333333
0 0.7854166666666667 0.6763888888888889 0.025 0.03333333333333333
0 0.6927083333333334 0.6805555555555556 0.025 0.03333333333333333
0 0.5989583333333334 0.6833333333333333 0.025 0.03333333333333333
0 0.5052083333333334 0.6861111111111111 0.025 0.03333333333333333
0 0.409375 0.6902777777777778 0.025 0.03333333333333333
0 0.3125 0.6930555555555555 0.025 0.03333333333333333
0 0.215625 0.6958333333333333 0.025 0.03333333333333333