0 0.7 0.19166666666666668 0.025 0.03333333333333333
0 0.6322916666666667 0.19166666666666668 0.025 0.03333333333333333
0 0.565625 0.19305555555555556 0.025 0.03333333333333333
0 0.4979166666666667 0.19305555555555556 0.025 0.03333333333333333
0 0.43125 0.19444444444444445 0.025 0.03333333333333333
0 0.3645833333333333 0.19444444444444445 0.025 0.03333333333333333
0 0.29791666666666666 0.19583333333333333 0.025 0.03333333333333333
0 0.7104166666666667 0.25555555555555554 0.025 0.03333333333333333
0 0.6395833333333333 0.25555555555555554 0.025 0.03333333333333333
0 0.56875 0.2569444444444444 0.025 0.03333333333333333
0 0.4979166666666667 0.2569444444444444 0.025 0.03333333333333333
0 0.428125 0.25833333333333336 0.025 0.03333333333333333
0 0.35833333333333334 0.25833333333333336 0.025 0.03333333333333333
0 0.2875 0.25972222222222224 0.025 0.03333333333333333
0 0.7208333333333333 0.3263888888888889 0.025 0.03333333333333333
0 0.6458333333333334 0.3263888888888889 0.025 0.03333333333333333
0 0.571875 0.3277777777777778 0.025 0.03333333333333333
0 0.4979166666666667 0.3277777777777778 0.025 0.03333333333333333
0 0.4239583333333333 0.32916666666666666 0.025 0.03333333333333333
0 0.35 0.32916666666666666 0.025 0.03333333333333333
0 0.27708333333333335 0.32916666666666666 0.025 0.03333333333333333
0 0.7322916666666667 0.40555555555555556 0.025 0.03333333333333333
0 0.6541666666666667 0.40555555555555556 0.025 0.03333333333333333
0 0.575 0.40555555555555556 0.025 0.03333333333333333
0 0.496875 0.40694444444444444 0.025 0.03333333333333333
0 0.4197916666666667 0.40694444444444444 0.025 0.03333333333333333
0 0.3416666666666667 0.4083333333333333 0.025 0.03333333333333333
0 0.26458333333333334 0.4083333333333333 0.025 0.03333333333333333
0 0.7458333333333333 0.4930555555555556 0.025 0.03333333333333333
0 0.6625 0.4930555555555556 0.025 0.03333333333333333
0 0.5791666666666667 0.49444444444444446 0.025 0.03333333333333333
0 0.496875 0.49444444444444446 0.025 0.03333333333333333
0 0.41458333333333336 0.49444444444444446 0.025 0.03333333333333333
0 0.33229166666666665 0.49444444444444446 0.025 0.03333333333333333
0 0.25 0.49583333333333335 0.025 0.03333333333333333
0 0.7604166666666666 0.5916666666666667 0.025 0.03333333333333333
0 0.671875 0.5930555555555556 0.025 0.03333333333333333
0 0.584375 0.5930555555555556 0.025 0.03333333333333333
0 0.496875 0.5930555555555556 0.025 0.03333333333333333
0 0.409375 0.5930555555555556 0.025 0.03333333333333333
0 0.321875 0.5930555555555556 0.025 0.03333333333333333
0 0.23541666666666666 0.5930555555555556 0.025 0.03333333333333333
0 0.7770833333333333 0.7041666666666667 0.025 0.03333333333333333
0 0.6833333333333333 0.7041666666666667 0.025 0.03333333333333333
0 0.5895833333333333 0.7041666666666667 0.025 0.03333333333333333
0 0.49583333333333335 0.7041666666666667 0.025 0.03333333333333333
0 0.403125 0.7041666666666667 0.025 0.03333333333333333
0 0.309375 0.7041666666666667 0.025 0.03333333333333333
0 0.21770833333333334 0.7041666666666667 0.025 0.03333333333333333