0 0.26666666666666666 0.22407407407407406 0.035416666666666666 0.03518518518518519
0 0.34479166666666666 0.22314814814814815 0.035416666666666666 0.03518518518518519
0 0.42291666666666666 0.22083333333333333 0.035416666666666666 0.03518518518518519
0 0.5010416666666667 0.2199074074074074 0.035416666666666666 0.03518518518518519
0 0.5791666666666667 0.21851851851851853 0.035416666666666666 0.03518518518518519
0 0.6572916666666667 0.2175925925925926 0.035416666666666666 0.03518518518518519
0 0.7354166666666667 0.21666666666666667 0.035416666666666666 0.03518518518518519
0 0.25625 0.2800925925925926 0.035416666666666666 0.03518518518518519
0 0.3375 0.27824074074074073 0.035416666666666666 0.03518518518518519
0 0.41875 0.27685185185185185 0.035416666666666666 0.03518518518518519
0 0.5 0.2759259259259259 0.035416666666666666 0.03518518518518519
0 0.58125 0.275 0.035416666666666666 0.03518518518518519
0 0.6625 0.27314814814814814 0.035416666666666666 0.03518518518518519
0 0.74375 0.27175925925925926 0.035416666666666666 0.03518518518518519
0 0.24583333333333332 0.34074074074074073 0.035416666666666666 0.03518518518518519
0 0.33125 0.3384259259259259 0.035416666666666666 0.03518518518518519
0 0.415625 0.3375 0.035416666666666666 0.03518518518518519
0 0.5 0.3365740740740741 0.035416666666666666 0.03518518518518519
0 0.584375 0.3351851851851852 0.035416666666666666 0.03518518518518519
0 0.6697916666666667 0.3333333333333333 0.035416666666666666 0.03518518518518519
0 0.7541666666666667 0.33240740740740743 0.035416666666666666 0.03518518518518519
0 0.23541666666666666 0.4064814814814815 0.035416666666666666 0.03518518518518519
0 0.3229166666666667 0.4050925925925926 0.035416666666666666 0.03518518518518519
0 0.4114583333333333 0.40324074074074073 0.035416666666666666 0.03518518518518519
0 0.5 0.40185185185185185 0.035416666666666666 0.03518518518518519
0 0.5875 0.4009259259259259 0.035416666666666666 0.03518518518518519
0 0.6760416666666667 0.3990740740740741 0.035416666666666666 0.03518518518518519
0 0.7645833333333333 0.39814814814814814 0.035416666666666666 0.03518518518518519
0 0.22291666666666668 0.47824074074074074 0.035416666666666666 0.03518518518518519
0 0.3145833333333333 0.47685185185185186 0.035416666666666666 0.03518518518518519
0 0.40729166666666666 0.475 0.035416666666666666 0.03518518518518519
0 0.49895833333333334 0.4740740740740741 0.035416666666666666 0.03518518518518519
0 0.5916666666666667 0.47175925925925927 0.035416666666666666 0.03518518518518519
0 0.684375 0.4708333333333333 0.035416666666666666 0.03518518518518519
0 0.7760416666666666 0.4699074074074074 0.035416666666666666 0.03518518518518519
0 0.209375 0.5564814814814815 0.035416666666666666 0.03518518518518519
0 0.30520833333333336 0.5550925925925926 0.035416666666666666 0.03518518518518519
0 0.40208333333333335 0.5541666666666667 0.035416666666666666 0.03518518518518519
0 0.49895833333333334 0.5518518518518518 0.035416666666666666 0.03518518518518519
0 0.5958333333333333 0.5509259259259259 0.035416666666666666 0.03518518518518519
0 0.6927083333333334 0.549074074074074 0.035416666666666666 0.03518518518518519
0 0.7885416666666667 0.5481481481481482 0.035416666666666666 0.03518518518518519
0 0.19375 0.6425925925925926 0.035416666666666666 0.03518518518518519
0 0.29583333333333334 0.6416666666666667 0.035416666666666666 0.03518518518518519
0 0.396875 0.6398148148148148 0.035416666666666666 0.03518518518518519
0 0.49895833333333334 0.638425925925926 0.035416666666666666 0.03518518518518519
0 0.6 0.6365740740740741 0.035416666666666666 0.03518518518518519
0 0.7010416666666667 0.6351851851851852 0.035416666666666666 0.03518518518518519
0 0.803125 0.6333333333333333 0.035416666666666666 0.03518518518518519