0 0.69375 0.15555555555555556 0.022916666666666665 0.03425925925925926
0 0.61875 0.15555555555555556 0.022916666666666665 0.03425925925925926
0 0.5416666666666666 0.15416666666666667 0.022916666666666665 0.03425925925925926
0 0.46458333333333335 0.15416666666666667 0.022916666666666665 0.03425925925925926
0 0.3875 0.1527777777777778 0.022916666666666665 0.03425925925925926
0 0.309375 0.1527777777777778 0.022916666666666665 0.03425925925925926
0 0.23020833333333332 0.15092592592592594 0.022916666666666665 0.03425925925925926
0 0.70625 0.23657407407407408 0.022916666666666665 0.03425925925925926
0 0.6270833333333333 0.2351851851851852 0.022916666666666665 0.03425925925925926
0 0.5479166666666667 0.2351851851851852 0.022916666666666665 0.03425925925925926
0 0.46875 0.2351851851851852 0.022916666666666665 0.03425925925925926
0 0.3885416666666667 0.2351851851851852 0.022916666666666665 0.03425925925925926
0 0.3072916666666667 0.2337962962962963 0.022916666666666665 0.03425925925925926
0 0.22604166666666667 0.2337962962962963 0.022916666666666665 0.03425925925925926
0 0.71875 0.32222222222222224 0.022916666666666665 0.03425925925925926
0 0.6375 0.32222222222222224 0.022916666666666665 0.03425925925925926
0 0.5552083333333333 0.32222222222222224 0.022916666666666665 0.03425925925925926
0 0.471875 0.32222222222222224 0.022916666666666665 0.03425925925925926
0 0.3885416666666667 0.32222222222222224 0.022916666666666665 0.03425925925925926
0 0.30520833333333336 0.32222222222222224 0.022916666666666665 0.03425925925925926
0 0.21979166666666666 0.32222222222222224 0.022916666666666665 0.03425925925925926
0 0.7322916666666667 0.41574074074074074 0.022916666666666665 0.03425925925925926
0 0.6479166666666667 0.41574074074074074 0.022916666666666665 0.03425925925925926
0 0.5625 0.41759259259259257 0.022916666666666665 0.03425925925925926
0 0.47604166666666664 0.41759259259259257 0.022916666666666665 0.03425925925925926
0 0.38958333333333334 0.41759259259259257 0.022916666666666665 0.03425925925925926
0 0.3020833333333333 0.41759259259259257 0.022916666666666665 0.03425925925925926
0 0.21458333333333332 0.41759259259259257 0.022916666666666665 0.03425925925925926
0 0.746875 0.5171296296296296 0.022916666666666665 0.03425925925925926
0 0.659375 0.5171296296296296 0.022916666666666665 0.03425925925925926
0 0.5708333333333333 0.5185185185185185 0.022916666666666665 0.03425925925925926
0 0.48125 0.5185185185185185 0.022916666666666665 0.03425925925925926
0 0.390625 0.5203703703703704 0.022916666666666665 0.03425925925925926
0 0.3 0.5203703703703704 0.022916666666666665 0.03425925925925926
0 0.20729166666666668 0.5217592592592593 0.022916666666666665 0.03425925925925926
0 0.7635416666666667 0.6263888888888889 0.022916666666666665 0.03425925925925926
0 0.671875 0.6277777777777778 0.022916666666666665 0.03425925925925926
0 0.5791666666666667 0.6291666666666667 0.022916666666666665 0.03425925925925926
0 0.48541666666666666 0.6310185185185185 0.022916666666666665 0.03425925925925926
0 0.39166666666666666 0.6310185185185185 0.022916666666666665 0.03425925925925926
0 0.296875 0.6324074074074074 0.022916666666666665 0.03425925925925926
0 0.20104166666666667 0.6337962962962963 0.022916666666666665 0.03425925925925926
0 0.7802083333333333 0.7462962962962963 0.022916666666666665 0.03425925925925926
0 0.6854166666666667 0.7476851851851852 0.022916666666666665 0.03425925925925926
0 0.5885416666666666 0.7490740740740741 0.022916666666666665 0.03425925925925926
0 0.490625 0.7509259259259259 0.022916666666666665 0.03425925925925926
0 0.3927083333333333 0.7537037037037037 0.022916666666666665 0.03425925925925926
0 0.29375 0.7555555555555555 0.022916666666666665 0.03425925925925926
0 0.19270833333333334 0.7569444444444444 0.022916666666666665 0.03425925925925926