0 0.646875 0.16944444444444445 0.025 0.03333333333333333
0 0.5802083333333333 0.1763888888888889 0.025 0.03333333333333333
0 0.5125 0.18333333333333332 0.025 0.03333333333333333
0 0.44479166666666664 0.19166666666666668 0.025 0.03333333333333333
0 0.3770833333333333 0.1986111111111111 0.025 0.03333333333333333
0 0.309375 0.20555555555555555 0.025 0.03333333333333333
0 0.24166666666666667 0.21388888888888888 0.025 0.03333333333333333
0 0.659375 0.23333333333333334 0.025 0.03333333333333333
0 0.5895833333333333 0.24027777777777778 0.025 0.03333333333333333
0 0.51875 0.24861111111111112 0.025 0.03333333333333333
0 0.4479166666666667 0.2569444444444444 0.025 0.03333333333333333
0 0.3770833333333333 0.2638888888888889 0.025 0.03333333333333333
0 0.30520833333333336 0.2722222222222222 0.025 0.03333333333333333
0 0.234375 0.28055555555555556 0.025 0.03333333333333333
0 0.6739583333333333 0.30416666666666664 0.025 0.03333333333333333
0 0.6 0.3125 0.025 0.03333333333333333
0 0.5260416666666666 0.32083333333333336 0.025 0.03333333333333333
0 0.4510416666666667 0.32916666666666666 0.025 0.03333333333333333
0 0.37604166666666666 0.3375 0.025 0.03333333333333333
0 0.30104166666666665 0.3458333333333333 0.025 0.03333333333333333
0 0.22604166666666667 0.3541666666666667 0.025 0.03333333333333333
0 0.6895833333333333 0.3819444444444444 0.025 0.03333333333333333
0 0.6114583333333333 0.3902777777777778 0.025 0.03333333333333333
0 0.5333333333333333 0.4 0.025 0.03333333333333333
0 0.4552083333333333 0.4083333333333333 0.025 0.03333333333333333
0 0.37604166666666666 0.41805555555555557 0.025 0.03333333333333333
0 0.296875 0.4263888888888889 0.025 0.03333333333333333
0 0.21666666666666667 0.4361111111111111 0.025 0.03333333333333333
0 0.7072916666666667 0.46944444444444444 0.025 0.03333333333333333
0 0.625 0.4791666666666667 0.025 0.03333333333333333
0 0.5416666666666666 0.4888888888888889 0.025 0.03333333333333333
0 0.4583333333333333 0.4986111111111111 0.025 0.03333333333333333
0 0.375 0.5083333333333333 0.025 0.03333333333333333
0 0.2916666666666667 0.5180555555555556 0.025 0.03333333333333333
0 0.20729166666666668 0.5277777777777778 0.025 0.03333333333333333
0 0.728125 0.5680555555555555 0.025 0.03333333333333333
0 0.6395833333333333 0.5777777777777777 0.025 0.03333333333333333
0 0.5520833333333334 0.5888888888888889 0.025 0.03333333333333333
0 0.4635416666666667 0.5986111111111111 0.025 0.03333333333333333
0 0.37395833333333334 0.6097222222222223 0.025 0.03333333333333333
0 0.28541666666666665 0.6208333333333333 0.025 0.03333333333333333
0 0.19583333333333333 0.6305555555555555 0.025 0.03333333333333333
0 0.75 0.6791666666666667 0.025 0.03333333333333333
0 0.65625 0.6902777777777778 0.025 0.03333333333333333
0 0.5625 0.7027777777777777 0.025 0.03333333333333333
0 0.46875 0.7138888888888889 0.025 0.03333333333333333
0 0.37395833333333334 0.725 0.025 0.03333333333333333
0 0.278125 0.7361111111111112 0.025 0.03333333333333333
0 0.18333333333333332 0.7472222222222222 0.025 0.03333333333333333