0 0.734375 0.1537037037037037 0.020833333333333332 0.03518518518518519
0 0.6604166666666667 0.1537037037037037 0.020833333333333332 0.03518518518518519
0 0.5875 0.1537037037037037 0.020833333333333332 0.03518518518518519
0 0.5145833333333333 0.1537037037037037 0.020833333333333332 0.03518518518518519
0 0.4427083333333333 0.1537037037037037 0.020833333333333332 0.03518518518518519
0 0.37083333333333335 0.1537037037037037 0.020833333333333332 0.03518518518518519
0 0.2989583333333333 0.1537037037037037 0.020833333333333332 0.03518518518518519
0 0.7416666666666667 0.23425925925925925 0.020833333333333332 0.03518518518518519
0 0.665625 0.23425925925925925 0.020833333333333332 0.03518518518518519
0 0.5895833333333333 0.23425925925925925 0.020833333333333332 0.03518518518518519
0 0.5145833333333333 0.23425925925925925 0.020833333333333332 0.03518518518518519
0 0.4395833333333333 0.2324074074074074 0.020833333333333332 0.03518518518518519
0 0.3645833333333333 0.2324074074074074 0.020833333333333332 0.03518518518518519
0 0.290625 0.2324074074074074 0.020833333333333332 0.03518518518518519
0 0.7510416666666667 0.32175925925925924 0.020833333333333332 0.03518518518518519
0 0.671875 0.32175925925925924 0.020833333333333332 0.03518518518518519
0 0.5927083333333333 0.3199074074074074 0.020833333333333332 0.03518518518518519
0 0.5135416666666667 0.3199074074074074 0.020833333333333332 0.03518518518518519
0 0.4354166666666667 0.3199074074074074 0.020833333333333332 0.03518518518518519
0 0.35833333333333334 0.31805555555555554 0.020833333333333332 0.03518518518518519
0 0.28125 0.31805555555555554 0.020833333333333332 0.03518518518518519
0 0.7604166666666666 0.4162037037037037 0.020833333333333332 0.03518518518518519
0 0.678125 0.4162037037037037 0.020833333333333332 0.03518518518518519
0 0.5958333333333333 0.41435185185185186 0.020833333333333332 0.03518518518518519
0 0.5135416666666667 0.41435185185185186 0.020833333333333332 0.03518518518518519
0 0.4322916666666667 0.4125 0.020833333333333332 0.03518518518518519
0 0.35104166666666664 0.4125 0.020833333333333332 0.03518518518518519
0 0.2708333333333333 0.41064814814814815 0.020833333333333332 0.03518518518518519
0 0.7708333333333334 0.5194444444444445 0.020833333333333332 0.03518518518518519
0 0.684375 0.5175925925925926 0.020833333333333332 0.03518518518518519
0 0.5989583333333334 0.5175925925925926 0.020833333333333332 0.03518518518518519
0 0.5125 0.5157407407407407 0.020833333333333332 0.03518518518518519
0 0.428125 0.5138888888888888 0.020833333333333332 0.03518518518518519
0 0.34375 0.5138888888888888 0.020833333333333332 0.03518518518518519
0 0.259375 0.5120370370370371 0.020833333333333332 0.03518518518518519
0 0.7822916666666667 0.6328703703703704 0.020833333333333332 0.03518518518518519
0 0.6916666666666667 0.6310185185185185 0.020833333333333332 0.03518518518518519
0 0.6020833333333333 0.6291666666666667 0.020833333333333332 0.03518518518518519
0 0.5125 0.6277777777777778 0.020833333333333332 0.03518518518518519
0 0.42291666666666666 0.6259259259259259 0.020833333333333332 0.03518518518518519
0 0.334375 0.6240740740740741 0.020833333333333332 0.03518518518518519
0 0.246875 0.6222222222222222 0.020833333333333332 0.03518518518518519
0 0.7958333333333333 0.7569444444444444 0.020833333333333332 0.03518518518518519
0 0.7 0.7537037037037037 0.020833333333333332 0.03518518518518519
0 0.6052083333333333 0.7518518518518519 0.020833333333333332 0.03518518518518519
0 0.5114583333333333 0.75 0.020833333333333332 0.03518518518518519
0 0.41875 0.7481481481481481 0.020833333333333332 0.03518518518518519
0 0.3260416666666667 0.7449074074074075 0.020833333333333332 0.03518518518518519
0 0.23333333333333334 0.7430555555555556 0.020833333333333332 0.03518518518518519