0 0.26875 0.2064814814814815 0.035416666666666666 0.03518518518518519
0 0.346875 0.20833333333333334 0.035416666666666666 0.03518518518518519
0 0.425 0.20925925925925926 0.035416666666666666 0.03518518518518519
0 0.503125 0.21157407407407408 0.035416666666666666 0.03518518518518519
0 0.58125 0.2125 0.035416666666666666 0.03518518518518519
0 0.6604166666666667 0.21481481481481482 0.035416666666666666 0.03518518518518519
0 0.7385416666666667 0.21574074074074073 0.035416666666666666 0.03518518518518519
0 0.2604166666666667 0.2625 0.035416666666666666 0.03518518518518519
0 0.340625 0.26342592592592595 0.035416666666666666 0.03518518518518519
0 0.421875 0.2657407407407407 0.035416666666666666 0.03518518518518519
0 0.503125 0.26666666666666666 0.035416666666666666 0.03518518518518519
0 0.584375 0.26851851851851855 0.035416666666666666 0.03518518518518519
0 0.665625 0.26990740740740743 0.035416666666666666 0.03518518518518519
0 0.7479166666666667 0.27175925925925926 0.035416666666666666 0.03518518518518519
0 0.25 0.32175925925925924 0.035416666666666666 0.03518518518518519
0 0.334375 0.32407407407407407 0.035416666666666666 0.03518518518518519
0 0.41875 0.325 0.035416666666666666 0.03518518518518519
0 0.503125 0.32685185185185184 0.035416666666666666 0.03518518518518519
0 0.5875 0.32916666666666666 0.035416666666666666 0.03518518518518519
0 0.6729166666666667 0.3300925925925926 0.035416666666666666 0.03518518518518519
0 0.7572916666666667 0.33240740740740743 0.035416666666666666 0.03518518518518519
0 0.23958333333333334 0.38657407407407407 0.035416666666666666 0.03518518518518519
0 0.32708333333333334 0.38842592592592595 0.035416666666666666 0.03518518518518519
0 0.415625 0.3907407407407407 0.035416666666666666 0.03518518518518519
0 0.503125 0.39166666666666666 0.035416666666666666 0.03518518518518519
0 0.5916666666666667 0.39351851851851855 0.035416666666666666 0.03518518518518519
0 0.6791666666666667 0.3958333333333333 0.035416666666666666 0.03518518518518519
0 0.7677083333333333 0.39814814814814814 0.035416666666666666 0.03518518518518519
0 0.228125 0.45740740740740743 0.035416666666666666 0.03518518518518519
0 0.31979166666666664 0.45925925925925926 0.035416666666666666 0.03518518518518519
0 0.4114583333333333 0.4615740740740741 0.035416666666666666 0.03518518518518519
0 0.503125 0.4625 0.035416666666666666 0.03518518518518519
0 0.5958333333333333 0.4648148148148148 0.035416666666666666 0.03518518518518519
0 0.6875 0.4666666666666667 0.035416666666666666 0.03518518518518519
0 0.7791666666666667 0.4685185185185185 0.035416666666666666 0.03518518518518519
0 0.215625 0.5333333333333333 0.035416666666666666 0.03518518518518519
0 0.31145833333333334 0.5351851851851852 0.035416666666666666 0.03518518518518519
0 0.40729166666666666 0.5375 0.035416666666666666 0.03518518518518519
0 0.503125 0.5398148148148149 0.035416666666666666 0.03518518518518519
0 0.6 0.5416666666666666 0.035416666666666666 0.03518518518518519
0 0.6958333333333333 0.5435185185185185 0.035416666666666666 0.03518518518518519
0 0.7916666666666666 0.5458333333333333 0.035416666666666666 0.03518518518518519
0 0.20208333333333334 0.6175925925925926 0.035416666666666666 0.03518518518518519
0 0.303125 0.6199074074074075 0.035416666666666666 0.03518518518518519
0 0.403125 0.6217592592592592 0.035416666666666666 0.03518518518518519
0 0.503125 0.6240740740740741 0.035416666666666666 0.03518518518518519
0 0.6041666666666666 0.6268518518518519 0.035416666666666666 0.03518518518518519
0 0.7052083333333333 0.6291666666666667 0.035416666666666666 0.03518518518518519
0 0.80625 0.6314814814814815 0.035416666666666666 0.03518518518518519