0 0.3302083333333333 0.22962962962962963 0.0125 0.022222222222222223
0 0.3260416666666667 0.2833333333333333 0.0125 0.022222222222222223
0 0.321875 0.3388888888888889 0.0125 0.022222222222222223
0 0.3177083333333333 0.40185185185185185 0.0125 0.022222222222222223
0 0.3125 0.4685185185185185 0.0125 0.022222222222222223
0 0.3072916666666667 0.5407407407407407 0.0125 0.022222222222222223
0 0.30104166666666665 0.6203703703703703 0.0125 0.022222222222222223
0 0.375 0.22962962962962963 0.0125 0.022222222222222223
0 0.3729166666666667 0.2814814814814815 0.0125 0.022222222222222223
0 0.37083333333333335 0.3388888888888889 0.0125 0.022222222222222223
0 0.36770833333333336 0.4 0.0125 0.022222222222222223
0 0.365625 0.4666666666666667 0.0125 0.022222222222222223
0 0.3625 0.5388888888888889 0.0125 0.022222222222222223
0 0.359375 0.6166666666666667 0.0125 0.022222222222222223
0 0.4197916666666667 0.22962962962962963 0.0125 0.022222222222222223
0 0.4197916666666667 0.2814814814814815 0.0125 0.022222222222222223
0 0.41875 0.3388888888888889 0.0125 0.022222222222222223
0 0.41875 0.39814814814814814 0.0125 0.022222222222222223
0 0.41770833333333335 0.4648148148148148 0.0125 0.022222222222222223
0 0.41770833333333335 0.5370370370370371 0.0125 0.022222222222222223
0 0.4166666666666667 0.6148148148148148 0.0125 0.022222222222222223
0 0.46458333333333335 0.22962962962962963 0.0125 0.022222222222222223
0 0.465625 0.2814814814814815 0.0125 0.022222222222222223
0 0.4666666666666667 0.337037037037037 0.0125 0.022222222222222223
0 0.46875 0.39814814814814814 0.0125 0.022222222222222223
0 0.46979166666666666 0.46296296296296297 0.0125 0.022222222222222223
0 0.471875 0.5351851851851852 0.0125 0.022222222222222223
0 0.47291666666666665 0.6129629629629629 0.0125 0.022222222222222223
0 0.5083333333333333 0.22962962962962963 0.0125 0.022222222222222223
0 0.5114583333333333 0.2814814814814815 0.0125 0.022222222222222223
0 0.5145833333333333 0.337037037037037 0.0125 0.022222222222222223
0 0.5177083333333333 0.3962962962962963 0.0125 0.022222222222222223
0 0.5208333333333334 0.46111111111111114 0.0125 0.022222222222222223
0 0.525 0.5333333333333333 0.0125 0.022222222222222223
0 0.5291666666666667 0.6092592592592593 0.0125 0.022222222222222223
0 0.5520833333333334 0.22962962962962963 0.0125 0.022222222222222223
0 0.55625 0.2796296296296296 0.0125 0.022222222222222223
0 0.5614583333333333 0.3351851851851852 0.0125 0.022222222222222223
0 0.5666666666666667 0.3962962962962963 0.0125 0.022222222222222223
0 0.571875 0.46111111111111114 0.0125 0.022222222222222223
0 0.578125 0.5314814814814814 0.0125 0.022222222222222223
0 0.584375 0.6074074074074074 0.0125 0.022222222222222223
0 0.5958333333333333 0.22777777777777777 0.0125 0.022222222222222223
0 0.6010416666666667 0.2796296296296296 0.0125 0.022222222222222223
0 0.6083333333333333 0.3351851851851852 0.0125 0.022222222222222223
0 0.6145833333333334 0.39444444444444443 0.0125 0.022222222222222223
0 0.621875 0.45925925925925926 0.0125 0.022222222222222223
0 0.6302083333333334 0.5296296296296297 0.0125 0.022222222222222223
0 0.6395833333333333 0.6055555555555555 0.0125 0.022222222222222223