0 0.33645833333333336 0.3861111111111111 0.01875 0.025
0 0.33125 0.44305555555555554 0.01875 0.025
0 0.3260416666666667 0.5055555555555555 0.01875 0.025
0 0.31979166666666664 0.5708333333333333 0.01875 0.025
0 0.31354166666666666 0.6402777777777777 0.01875 0.025
0 0.3072916666666667 0.7138888888888889 0.01875 0.025
0 0.3 0.7930555555555555 0.01875 0.025
0 0.39895833333333336 0.3875 0.01875 0.025
0 0.39479166666666665 0.44583333333333336 0.01875 0.025
0 0.39166666666666666 0.5069444444444444 0.01875 0.025
0 0.3875 0.5722222222222222 0.01875 0.025
0 0.38333333333333336 0.6416666666666667 0.01875 0.025
0 0.37916666666666665 0.7152777777777778 0.01875 0.025
0 0.37395833333333334 0.7944444444444444 0.01875 0.025
0 0.46041666666666664 0.3888888888888889 0.01875 0.025
0 0.4583333333333333 0.44722222222222224 0.01875 0.025
0 0.45729166666666665 0.5083333333333333 0.01875 0.025
0 0.4552083333333333 0.5736111111111111 0.01875 0.025
0 0.453125 0.6444444444444445 0.01875 0.025
0 0.4510416666666667 0.7180555555555556 0.01875 0.025
0 0.44895833333333335 0.7972222222222223 0.01875 0.025
0 0.5229166666666667 0.3902777777777778 0.01875 0.025
0 0.5229166666666667 0.4486111111111111 0.01875 0.025
0 0.5229166666666667 0.5111111111111111 0.01875 0.025
0 0.5229166666666667 0.5763888888888888 0.01875 0.025
0 0.5229166666666667 0.6458333333333334 0.01875 0.025
0 0.5229166666666667 0.7194444444444444 0.01875 0.025
0 0.5229166666666667 0.7986111111111112 0.01875 0.025
0 0.584375 0.39305555555555555 0.01875 0.025
0 0.5864583333333333 0.4513888888888889 0.01875 0.025
0 0.5885416666666666 0.5125 0.01875 0.025
0 0.590625 0.5777777777777777 0.01875 0.025
0 0.5927083333333333 0.6472222222222223 0.01875 0.025
0 0.5947916666666667 0.7222222222222222 0.01875 0.025
0 0.596875 0.8013888888888889 0.01875 0.025
0 0.6458333333333334 0.39444444444444443 0.01875 0.025
0 0.65 0.4527777777777778 0.01875 0.025
0 0.6541666666666667 0.5138888888888888 0.01875 0.025
0 0.6583333333333333 0.5805555555555556 0.01875 0.025
0 0.6625 0.65 0.01875 0.025
0 0.6666666666666666 0.7236111111111111 0.01875 0.025
0 0.671875 0.8027777777777778 0.01875 0.025
0 0.7083333333333334 0.3958333333333333 0.01875 0.025
0 0.7135416666666666 0.45416666666666666 0.01875 0.025
0 0.7197916666666667 0.5166666666666667 0.01875 0.025
0 0.725 0.5819444444444445 0.01875 0.025
0 0.7322916666666667 0.6513888888888889 0.01875 0.025
0 0.7385416666666667 0.7263888888888889 0.01875 0.025
0 0.7458333333333333 0.8055555555555556 0.01875 0.025