0 0.309375 0.6472222222222223 0.020833333333333332 0.027777777777777776
0 0.384375 0.6486111111111111 0.020833333333333332 0.027777777777777776
0 0.46041666666666664 0.6486111111111111 0.020833333333333332 0.027777777777777776
0 0.5375 0.6486111111111111 0.020833333333333332 0.027777777777777776
0 0.6145833333333334 0.65 0.020833333333333332 0.027777777777777776
0 0.6927083333333334 0.65 0.020833333333333332 0.027777777777777776
0 0.7708333333333334 0.6513888888888889 0.020833333333333332 0.027777777777777776
0 0.32083333333333336 0.5611111111111111 0.020833333333333332 0.027777777777777776
0 0.3927083333333333 0.5611111111111111 0.020833333333333332 0.027777777777777776
0 0.46458333333333335 0.5611111111111111 0.020833333333333332 0.027777777777777776
0 0.5375 0.5611111111111111 0.020833333333333332 0.027777777777777776
0 0.6104166666666667 0.5611111111111111 0.020833333333333332 0.027777777777777776
0 0.684375 0.5611111111111111 0.020833333333333332 0.027777777777777776
0 0.759375 0.5625 0.020833333333333332 0.027777777777777776
0 0.3302083333333333 0.48194444444444445 0.020833333333333332 0.027777777777777776
0 0.39895833333333336 0.48194444444444445 0.020833333333333332 0.027777777777777776
0 0.46770833333333334 0.48194444444444445 0.020833333333333332 0.027777777777777776
0 0.5375 0.48194444444444445 0.020833333333333332 0.027777777777777776
0 0.6072916666666667 0.48194444444444445 0.020833333333333332 0.027777777777777776
0 0.678125 0.48194444444444445 0.020833333333333332 0.027777777777777776
0 0.7489583333333333 0.48194444444444445 0.020833333333333332 0.027777777777777776
0 0.33958333333333335 0.4097222222222222 0.020833333333333332 0.027777777777777776
0 0.40520833333333334 0.4097222222222222 0.020833333333333332 0.027777777777777776
0 0.4708333333333333 0.4097222222222222 0.020833333333333332 0.027777777777777776
0 0.5375 0.4097222222222222 0.020833333333333332 0.027777777777777776
0 0.6041666666666666 0.4083333333333333 0.020833333333333332 0.027777777777777776
0 0.671875 0.4083333333333333 0.020833333333333332 0.027777777777777776
0 0.7395833333333334 0.4083333333333333 0.020833333333333332 0.027777777777777776
0 0.34791666666666665 0.34444444444444444 0.020833333333333332 0.027777777777777776
0 0.4114583333333333 0.34444444444444444 0.020833333333333332 0.027777777777777776
0 0.4739583333333333 0.34305555555555556 0.020833333333333332 0.027777777777777776
0 0.5375 0.34305555555555556 0.020833333333333332 0.027777777777777776
0 0.6010416666666667 0.3416666666666667 0.020833333333333332 0.027777777777777776
0 0.665625 0.3416666666666667 0.020833333333333332 0.027777777777777776
0 0.7302083333333333 0.3416666666666667 0.020833333333333332 0.027777777777777776
0 0.35625 0.2833333333333333 0.020833333333333332 0.027777777777777776
0 0.4166666666666667 0.2833333333333333 0.020833333333333332 0.027777777777777776
0 0.47708333333333336 0.28194444444444444 0.020833333333333332 0.027777777777777776
0 0.5375 0.28194444444444444 0.020833333333333332 0.027777777777777776
0 0.5989583333333334 0.28055555555555556 0.020833333333333332 0.027777777777777776
0 0.6604166666666667 0.28055555555555556 0.020833333333333332 0.027777777777777776
0 0.7229166666666667 0.2791666666666667 0.020833333333333332 0.027777777777777776
0 0.36354166666666665 0.22777777777777777 0.020833333333333332 0.027777777777777776
0 0.42083333333333334 0.22777777777777777 0.020833333333333332 0.027777777777777776
0 0.4791666666666667 0.2263888888888889 0.020833333333333332 0.027777777777777776
0 0.5375 0.225 0.020833333333333332 0.027777777777777776
0 0.596875 0.225 0.020833333333333332 0.027777777777777776
0 0.65625 0.22361111111111112 0.020833333333333332 0.027777777777777776
0 0.715625 0.22361111111111112 0.020833333333333332 0.027777777777777776