0 0.31666666666666665 0.22962962962962963 0.01875 0.03333333333333333
0 0.3104166666666667 0.3074074074074074 0.01875 0.03333333333333333
0 0.30416666666666664 0.3925925925925926 0.01875 0.03333333333333333
0 0.29791666666666666 0.48148148148148145 0.01875 0.03333333333333333
0 0.290625 0.5796296296296296 0.01875 0.03333333333333333
0 0.28229166666666666 0.6851851851851852 0.01875 0.03333333333333333
0 0.27395833333333336 0.8 0.01875 0.03333333333333333
0 0.37395833333333334 0.23148148148148148 0.01875 0.03333333333333333
0 0.3697916666666667 0.30925925925925923 0.01875 0.03333333333333333
0 0.365625 0.3925925925925926 0.01875 0.03333333333333333
0 0.3614583333333333 0.48333333333333334 0.01875 0.03333333333333333
0 0.35625 0.5796296296296296 0.01875 0.03333333333333333
0 0.35208333333333336 0.6851851851851852 0.01875 0.03333333333333333
0 0.3458333333333333 0.8 0.01875 0.03333333333333333
0 0.43020833333333336 0.23148148148148148 0.01875 0.03333333333333333
0 0.42916666666666664 0.30925925925925923 0.01875 0.03333333333333333
0 0.4270833333333333 0.39444444444444443 0.01875 0.03333333333333333
0 0.425 0.48333333333333334 0.01875 0.03333333333333333
0 0.42291666666666666 0.5814814814814815 0.01875 0.03333333333333333
0 0.42083333333333334 0.687037037037037 0.01875 0.03333333333333333
0 0.41770833333333335 0.8 0.01875 0.03333333333333333
0 0.4875 0.23333333333333334 0.01875 0.03333333333333333
0 0.4875 0.3111111111111111 0.01875 0.03333333333333333
0 0.48854166666666665 0.39444444444444443 0.01875 0.03333333333333333
0 0.48854166666666665 0.48518518518518516 0.01875 0.03333333333333333
0 0.48854166666666665 0.5814814814814815 0.01875 0.03333333333333333
0 0.48854166666666665 0.687037037037037 0.01875 0.03333333333333333
0 0.4895833333333333 0.8 0.01875 0.03333333333333333
0 0.5447916666666667 0.23333333333333334 0.01875 0.03333333333333333
0 0.546875 0.31296296296296294 0.01875 0.03333333333333333
0 0.5489583333333333 0.3962962962962963 0.01875 0.03333333333333333
0 0.5520833333333334 0.48518518518518516 0.01875 0.03333333333333333
0 0.5541666666666667 0.5833333333333334 0.01875 0.03333333333333333
0 0.5572916666666666 0.687037037037037 0.01875 0.03333333333333333
0 0.5604166666666667 0.8018518518518518 0.01875 0.03333333333333333
0 0.6010416666666667 0.2351851851851852 0.01875 0.03333333333333333
0 0.6052083333333333 0.31296296296296294 0.01875 0.03333333333333333
0 0.609375 0.3962962962962963 0.01875 0.03333333333333333
0 0.6145833333333334 0.48703703703703705 0.01875 0.03333333333333333
0 0.6197916666666666 0.5833333333333334 0.01875 0.03333333333333333
0 0.6260416666666667 0.6888888888888889 0.01875 0.03333333333333333
0 0.63125 0.8018518518518518 0.01875 0.03333333333333333
0 0.6572916666666667 0.2351851851851852 0.01875 0.03333333333333333
0 0.6635416666666667 0.3148148148148148 0.01875 0.03333333333333333
0 0.6708333333333333 0.39814814814814814 0.01875 0.03333333333333333
0 0.678125 0.48703703703703705 0.01875 0.03333333333333333
0 0.6854166666666667 0.5833333333333334 0.01875 0.03333333333333333
0 0.69375 0.6888888888888889 0.01875 0.03333333333333333
0 0.703125 0.8018518518518518 0.01875 0.03333333333333333