0 0.746875 0.17175925925925925 0.0375 0.0375
0 0.665625 0.17083333333333334 0.0375 0.0375
0 0.584375 0.1699074074074074 0.0375 0.0375
0 0.503125 0.1685185185185185 0.0375 0.0375
0 0.421875 0.1675925925925926 0.0375 0.0375
0 0.340625 0.16666666666666666 0.0375 0.0375
0 0.2604166666666667 0.16574074074074074 0.0375 0.0375
0 0.75625 0.22824074074074074 0.0375 0.0375
0 0.6708333333333333 0.22685185185185186 0.0375 0.0375
0 0.5864583333333333 0.22592592592592592 0.0375 0.0375
0 0.5010416666666667 0.225 0.0375 0.0375
0 0.4166666666666667 0.22407407407407406 0.0375 0.0375
0 0.33229166666666665 0.22175925925925927 0.0375 0.0375
0 0.24895833333333334 0.22083333333333333 0.0375 0.0375
0 0.7666666666666667 0.2898148148148148 0.0375 0.0375
0 0.6770833333333334 0.2884259259259259 0.0375 0.0375
0 0.5885416666666666 0.2865740740740741 0.0375 0.0375
0 0.5 0.2851851851851852 0.0375 0.0375
0 0.4114583333333333 0.28425925925925927 0.0375 0.0375
0 0.32395833333333335 0.2833333333333333 0.0375 0.0375
0 0.23541666666666666 0.2814814814814815 0.0375 0.0375
0 0.7770833333333333 0.3574074074074074 0.0375 0.0375
0 0.684375 0.35509259259259257 0.0375 0.0375
0 0.590625 0.3541666666666667 0.0375 0.0375
0 0.4979166666666667 0.35185185185185186 0.0375 0.0375
0 0.40520833333333334 0.3509259259259259 0.0375 0.0375
0 0.31354166666666666 0.35 0.0375 0.0375
0 0.22083333333333333 0.34814814814814815 0.0375 0.0375
0 0.7895833333333333 0.43148148148148147 0.0375 0.0375
0 0.6916666666666667 0.42916666666666664 0.0375 0.0375
0 0.59375 0.42685185185185187 0.0375 0.0375
0 0.49583333333333335 0.42592592592592593 0.0375 0.0375
0 0.39895833333333336 0.42407407407407405 0.0375 0.0375
0 0.3020833333333333 0.42314814814814816 0.0375 0.0375
0 0.20520833333333333 0.42083333333333334 0.0375 0.0375
0 0.803125 0.5125 0.0375 0.0375
0 0.7 0.5101851851851852 0.0375 0.0375
0 0.596875 0.5092592592592593 0.0375 0.0375
0 0.49375 0.5074074074074074 0.0375 0.0375
0 0.39166666666666666 0.5050925925925925 0.0375 0.0375
0 0.28958333333333336 0.5032407407407408 0.0375 0.0375
0 0.18854166666666666 0.5009259259259259 0.0375 0.0375
0 0.8177083333333334 0.6032407407407407 0.0375 0.0375
0 0.7083333333333334 0.600925925925926 0.0375 0.0375
0 0.6 0.5990740740740741 0.0375 0.0375
0 0.49166666666666664 0.5967592592592592 0.0375 0.0375
0 0.384375 0.5949074074074074 0.0375 0.0375
0 0.2760416666666667 0.5925925925925926 0.0375 0.0375
0 0.16875 0.5907407407407408 0.0375 0.0375