0 0.6447916666666667 0.20092592592592592 0.03125 0.03148148148148148
0 0.5760416666666667 0.2125 0.03125 0.03148148148148148
0 0.5072916666666667 0.22407407407407406 0.03125 0.03148148148148148
0 0.4354166666666667 0.23657407407407408 0.03125 0.03148148148148148
0 0.36354166666666665 0.2490740740740741 0.03125 0.03148148148148148
0 0.28854166666666664 0.2625 0.03125 0.03148148148148148
0 0.2125 0.275 0.03125 0.03148148148148148
0 0.66875 0.2601851851851852 0.03125 0.03148148148148148
0 0.5989583333333334 0.27314814814814814 0.03125 0.03148148148148148
0 0.5270833333333333 0.2851851851851852 0.03125 0.03148148148148148
0 0.45416666666666666 0.29907407407407405 0.03125 0.03148148148148148
0 0.3802083333333333 0.31342592592592594 0.03125 0.03148148148148148
0 0.303125 0.32685185185185184 0.03125 0.03148148148148148
0 0.225 0.3416666666666667 0.03125 0.03148148148148148
0 0.69375 0.32314814814814813 0.03125 0.03148148148148148
0 0.621875 0.3365740740740741 0.03125 0.03148148148148148
0 0.5489583333333333 0.3509259259259259 0.03125 0.03148148148148148
0 0.4739583333333333 0.36574074074074076 0.03125 0.03148148148148148
0 0.39791666666666664 0.3800925925925926 0.03125 0.03148148148148148
0 0.31875 0.3958333333333333 0.03125 0.03148148148148148
0 0.23854166666666668 0.4115740740740741 0.03125 0.03148148148148148
0 0.7197916666666667 0.38981481481481484 0.03125 0.03148148148148148
0 0.646875 0.4041666666666667 0.03125 0.03148148148148148
0 0.571875 0.4199074074074074 0.03125 0.03148148148148148
0 0.49583333333333335 0.43657407407407406 0.03125 0.03148148148148148
0 0.4166666666666667 0.45185185185185184 0.03125 0.03148148148148148
0 0.33541666666666664 0.4699074074074074 0.03125 0.03148148148148148
0 0.2520833333333333 0.48657407407407405 0.03125 0.03148148148148148
0 0.7489583333333333 0.45925925925925926 0.03125 0.03148148148148148
0 0.6739583333333333 0.4759259259259259 0.03125 0.03148148148148148
0 0.596875 0.4935185185185185 0.03125 0.03148148148148148
0 0.5177083333333333 0.5101851851851852 0.03125 0.03148148148148148
0 0.43645833333333334 0.5291666666666667 0.03125 0.03148148148148148
0 0.353125 0.5467592592592593 0.03125 0.03148148148148148
0 0.2677083333333333 0.5666666666666667 0.03125 0.03148148148148148
0 0.7791666666666667 0.5342592592592592 0.03125 0.03148148148148148
0 0.7020833333333333 0.5532407407407407 0.03125 0.03148148148148148
0 0.6229166666666667 0.5717592592592593 0.03125 0.03148148148148148
0 0.5416666666666666 0.5907407407407408 0.03125 0.03148148148148148
0 0.4583333333333333 0.6101851851851852 0.03125 0.03148148148148148
0 0.3729166666666667 0.6300925925925925 0.03125 0.03148148148148148
0 0.284375 0.6509259259259259 0.03125 0.03148148148148148
0 0.8114583333333333 0.6148148148148148 0.03125 0.03148148148148148
0 0.7322916666666667 0.6342592592592593 0.03125 0.03148148148148148
0 0.6510416666666666 0.6550925925925926 0.03125 0.03148148148148148
0 0.5677083333333334 0.6759259259259259 0.03125 0.03148148148148148
0 0.48125 0.6967592592592593 0.03125 0.03148148148148148
0 0.3927083333333333 0.7199074074074074 0.03125 0.03148148148148148
0 0.3020833333333333 0.7425925925925926 0.03125 0.03148148148148148