0 0.7229166666666667 0.13240740740740742 0.022916666666666665 0.03425925925925926
0 0.6479166666666667 0.12777777777777777 0.022916666666666665 0.03425925925925926
0 0.5729166666666666 0.12453703703703704 0.022916666666666665 0.03425925925925926
0 0.496875 0.11990740740740741 0.022916666666666665 0.03425925925925926
0 0.42083333333333334 0.11666666666666667 0.022916666666666665 0.03425925925925926
0 0.34375 0.11203703703703703 0.022916666666666665 0.03425925925925926
0 0.26666666666666666 0.10925925925925926 0.022916666666666665 0.03425925925925926
0 0.7333333333333333 0.2101851851851852 0.022916666666666665 0.03425925925925926
0 0.6552083333333333 0.20694444444444443 0.022916666666666665 0.03425925925925926
0 0.5770833333333333 0.2023148148148148 0.022916666666666665 0.03425925925925926
0 0.49895833333333334 0.19953703703703704 0.022916666666666665 0.03425925925925926
0 0.4197916666666667 0.1962962962962963 0.022916666666666665 0.03425925925925926
0 0.340625 0.19166666666666668 0.022916666666666665 0.03425925925925926
0 0.2604166666666667 0.1884259259259259 0.022916666666666665 0.03425925925925926
0 0.74375 0.29444444444444445 0.022916666666666665 0.03425925925925926
0 0.6635416666666667 0.2912037037037037 0.022916666666666665 0.03425925925925926
0 0.5822916666666667 0.287962962962963 0.022916666666666665 0.03425925925925926
0 0.5010416666666667 0.2833333333333333 0.022916666666666665 0.03425925925925926
0 0.41875 0.28055555555555556 0.022916666666666665 0.03425925925925926
0 0.33645833333333336 0.2773148148148148 0.022916666666666665 0.03425925925925926
0 0.253125 0.2726851851851852 0.022916666666666665 0.03425925925925926
0 0.7552083333333334 0.38472222222222224 0.022916666666666665 0.03425925925925926
0 0.6708333333333333 0.3814814814814815 0.022916666666666665 0.03425925925925926
0 0.5875 0.3787037037037037 0.022916666666666665 0.03425925925925926
0 0.503125 0.37546296296296294 0.022916666666666665 0.03425925925925926
0 0.41770833333333335 0.37083333333333335 0.022916666666666665 0.03425925925925926
0 0.33229166666666665 0.3675925925925926 0.022916666666666665 0.03425925925925926
0 0.24583333333333332 0.36435185185185187 0.022916666666666665 0.03425925925925926
0 0.7666666666666667 0.4828703703703704 0.022916666666666665 0.03425925925925926
0 0.6802083333333333 0.47962962962962963 0.022916666666666665 0.03425925925925926
0 0.5927083333333333 0.47685185185185186 0.022916666666666665 0.03425925925925926
0 0.5052083333333334 0.4736111111111111 0.022916666666666665 0.03425925925925926
0 0.4166666666666667 0.4703703703703704 0.022916666666666665 0.03425925925925926
0 0.328125 0.4671296296296296 0.022916666666666665 0.03425925925925926
0 0.23854166666666668 0.4625 0.022916666666666665 0.03425925925925926
0 0.7802083333333333 0.5888888888888889 0.022916666666666665 0.03425925925925926
0 0.6895833333333333 0.5856481481481481 0.022916666666666665 0.03425925925925926
0 0.5989583333333334 0.5824074074074074 0.022916666666666665 0.03425925925925926
0 0.5072916666666667 0.5796296296296296 0.022916666666666665 0.03425925925925926
0 0.415625 0.5763888888888888 0.022916666666666665 0.03425925925925926
0 0.3229166666666667 0.5731481481481482 0.022916666666666665 0.03425925925925926
0 0.22916666666666666 0.5699074074074074 0.022916666666666665 0.03425925925925926
0 0.79375 0.7023148148148148 0.022916666666666665 0.03425925925925926
0 0.7 0.6995370370370371 0.022916666666666665 0.03425925925925926
0 0.6052083333333333 0.6976851851851852 0.022916666666666665 0.03425925925925926
0 0.5104166666666666 0.6949074074074074 0.022916666666666665 0.03425925925925926
0 0.41458333333333336 0.6916666666666667 0.022916666666666665 0.03425925925925926
0 0.3177083333333333 0.6884259259259259 0.022916666666666665 0.03425925925925926
0 0.21979166666666666 0.687037037037037 0.022916666666666665 0.03425925925925926