0 0.7125 0.30925925925925923 0.03125 0.03148148148148148
0 0.6447916666666667 0.3101851851851852 0.03125 0.03148148148148148
0 0.5770833333333333 0.3101851851851852 0.03125 0.03148148148148148
0 0.509375 0.31157407407407406 0.03125 0.03148148148148148
0 0.44166666666666665 0.31157407407407406 0.03125 0.03148148148148148
0 0.37395833333333334 0.3125 0.03125 0.03148148148148148
0 0.30520833333333336 0.3125 0.03125 0.03148148148148148
0 0.721875 0.3648148148148148 0.03125 0.03148148148148148
0 0.6520833333333333 0.36574074074074076 0.03125 0.03148148148148148
0 0.58125 0.36574074074074076 0.03125 0.03148148148148148
0 0.5114583333333333 0.36666666666666664 0.03125 0.03148148148148148
0 0.440625 0.3675925925925926 0.03125 0.03148148148148148
0 0.3697916666666667 0.3675925925925926 0.03125 0.03148148148148148
0 0.2989583333333333 0.3685185185185185 0.03125 0.03148148148148148
0 0.7322916666666667 0.425 0.03125 0.03148148148148148
0 0.659375 0.425 0.03125 0.03148148148148148
0 0.5864583333333333 0.42592592592592593 0.03125 0.03148148148148148
0 0.5125 0.42685185185185187 0.03125 0.03148148148148148
0 0.4395833333333333 0.42685185185185187 0.03125 0.03148148148148148
0 0.36666666666666664 0.42824074074074076 0.03125 0.03148148148148148
0 0.29270833333333335 0.42916666666666664 0.03125 0.03148148148148148
0 0.74375 0.4898148148148148 0.03125 0.03148148148148148
0 0.6677083333333333 0.49074074074074076 0.03125 0.03148148148148148
0 0.5916666666666667 0.49074074074074076 0.03125 0.03148148148148148
0 0.5145833333333333 0.49166666666666664 0.03125 0.03148148148148148
0 0.43854166666666666 0.4925925925925926 0.03125 0.03148148148148148
0 0.3625 0.4935185185185185 0.03125 0.03148148148148148
0 0.28541666666666665 0.4935185185185185 0.03125 0.03148148148148148
0 0.7552083333333334 0.5601851851851852 0.03125 0.03148148148148148
0 0.6760416666666667 0.5601851851851852 0.03125 0.03148148148148148
0 0.596875 0.5615740740740741 0.03125 0.03148148148148148
0 0.5177083333333333 0.5625 0.03125 0.03148148148148148
0 0.4375 0.5634259259259259 0.03125 0.03148148148148148
0 0.35833333333333334 0.5648148148148148 0.03125 0.03148148148148148
0 0.278125 0.5657407407407408 0.03125 0.03148148148148148
0 0.76875 0.6365740740740741 0.03125 0.03148148148148148
0 0.6854166666666667 0.6375 0.03125 0.03148148148148148
0 0.603125 0.638425925925926 0.03125 0.03148148148148148
0 0.5197916666666667 0.6398148148148148 0.03125 0.03148148148148148
0 0.43645833333333334 0.6407407407407407 0.03125 0.03148148148148148
0 0.353125 0.6416666666666667 0.03125 0.03148148148148148
0 0.26979166666666665 0.6425925925925926 0.03125 0.03148148148148148
0 0.7833333333333333 0.7208333333333333 0.03125 0.03148148148148148
0 0.696875 0.7217592592592592 0.03125 0.03148148148148148
0 0.609375 0.7231481481481481 0.03125 0.03148148148148148
0 0.5229166666666667 0.7240740740740741 0.03125 0.03148148148148148
0 0.4354166666666667 0.725 0.03125 0.03148148148148148
0 0.34791666666666665 0.725925925925926 0.03125 0.03148148148148148
0 0.2604166666666667 0.7282407407407407 0.03125 0.03148148148148148