0 0.7104166666666667 0.3050925925925926 0.03125 0.03148148148148148
0 0.6385416666666667 0.3050925925925926 0.03125 0.03148148148148148
0 0.5677083333333334 0.3050925925925926 0.03125 0.03148148148148148
0 0.496875 0.3050925925925926 0.03125 0.03148148148148148
0 0.425 0.3050925925925926 0.03125 0.03148148148148148
0 0.353125 0.30416666666666664 0.03125 0.03148148148148148
0 0.28125 0.30416666666666664 0.03125 0.03148148148148148
0 0.71875 0.36666666666666664 0.03125 0.03148148148148148
0 0.6447916666666667 0.36666666666666664 0.03125 0.03148148148148148
0 0.5708333333333333 0.36574074074074076 0.03125 0.03148148148148148
0 0.496875 0.36574074074074076 0.03125 0.03148148148148148
0 0.42291666666666666 0.36574074074074076 0.03125 0.03148148148148148
0 0.34791666666666665 0.36574074074074076 0.03125 0.03148148148148148
0 0.27395833333333336 0.36574074074074076 0.03125 0.03148148148148148
0 0.728125 0.4324074074074074 0.03125 0.03148148148148148
0 0.6510416666666666 0.4324074074074074 0.03125 0.03148148148148148
0 0.5739583333333333 0.4324074074074074 0.03125 0.03148148148148148
0 0.496875 0.4324074074074074 0.03125 0.03148148148148148
0 0.4197916666666667 0.43148148148148147 0.03125 0.03148148148148148
0 0.34270833333333334 0.43148148148148147 0.03125 0.03148148148148148
0 0.26458333333333334 0.43148148148148147 0.03125 0.03148148148148148
0 0.7385416666666667 0.5032407407407408 0.03125 0.03148148148148148
0 0.6583333333333333 0.5032407407407408 0.03125 0.03148148148148148
0 0.578125 0.5032407407407408 0.03125 0.03148148148148148
0 0.4979166666666667 0.5032407407407408 0.03125 0.03148148148148148
0 0.41770833333333335 0.5032407407407408 0.03125 0.03148148148148148
0 0.33645833333333336 0.5032407407407408 0.03125 0.03148148148148148
0 0.25625 0.5032407407407408 0.03125 0.03148148148148148
0 0.7489583333333333 0.5800925925925926 0.03125 0.03148148148148148
0 0.665625 0.5800925925925926 0.03125 0.03148148148148148
0 0.5822916666666667 0.5800925925925926 0.03125 0.03148148148148148
0 0.4979166666666667 0.5814814814814815 0.03125 0.03148148148148148
0 0.41458333333333336 0.5814814814814815 0.03125 0.03148148148148148
0 0.3302083333333333 0.5814814814814815 0.03125 0.03148148148148148
0 0.24583333333333332 0.5814814814814815 0.03125 0.03148148148148148
0 0.7614583333333333 0.6648148148148149 0.03125 0.03148148148148148
0 0.6739583333333333 0.6648148148148149 0.03125 0.03148148148148148
0 0.5864583333333333 0.6657407407407407 0.03125 0.03148148148148148
0 0.49895833333333334 0.6657407407407407 0.03125 0.03148148148148148
0 0.4114583333333333 0.6657407407407407 0.03125 0.03148148148148148
0 0.3229166666666667 0.6657407407407407 0.03125 0.03148148148148148
0 0.234375 0.6657407407407407 0.03125 0.03148148148148148
0 0.7739583333333333 0.7574074074074074 0.03125 0.03148148148148148
0 0.6833333333333333 0.7574074074074074 0.03125 0.03148148148148148
0 0.5916666666666667 0.7583333333333333 0.03125 0.03148148148148148
0 0.49895833333333334 0.7583333333333333 0.03125 0.03148148148148148
0 0.40729166666666666 0.7583333333333333 0.03125 0.03148148148148148
0 0.315625 0.7592592592592593 0.03125 0.03148148148148148
0 0.22291666666666668 0.7592592592592593 0.03125 0.03148148148148148