0 0.6802083333333333 0.1986111111111111 0.025 0.03333333333333333
0 0.6135416666666667 0.2 0.025 0.03333333333333333
0 0.546875 0.2 0.025 0.03333333333333333
0 0.4791666666666667 0.2013888888888889 0.025 0.03333333333333333
0 0.41041666666666665 0.2013888888888889 0.025 0.03333333333333333
0 0.340625 0.20277777777777778 0.025 0.03333333333333333
0 0.26979166666666665 0.20416666666666666 0.025 0.03333333333333333
0 0.69375 0.2625 0.025 0.03333333333333333
0 0.6239583333333333 0.2638888888888889 0.025 0.03333333333333333
0 0.553125 0.2652777777777778 0.025 0.03333333333333333
0 0.4822916666666667 0.26666666666666666 0.025 0.03333333333333333
0 0.41041666666666665 0.26805555555555555 0.025 0.03333333333333333
0 0.3375 0.26805555555555555 0.025 0.03333333333333333
0 0.2635416666666667 0.26944444444444443 0.025 0.03333333333333333
0 0.7072916666666667 0.33194444444444443 0.025 0.03333333333333333
0 0.634375 0.3347222222222222 0.025 0.03333333333333333
0 0.5604166666666667 0.33611111111111114 0.025 0.03333333333333333
0 0.4864583333333333 0.3375 0.025 0.03333333333333333
0 0.41041666666666665 0.3388888888888889 0.025 0.03333333333333333
0 0.334375 0.3416666666666667 0.025 0.03333333333333333
0 0.25625 0.34305555555555556 0.025 0.03333333333333333
0 0.7229166666666667 0.4097222222222222 0.025 0.03333333333333333
0 0.646875 0.4125 0.025 0.03333333333333333
0 0.56875 0.41388888888888886 0.025 0.03333333333333333
0 0.490625 0.4166666666666667 0.025 0.03333333333333333
0 0.41041666666666665 0.41944444444444445 0.025 0.03333333333333333
0 0.3302083333333333 0.42083333333333334 0.025 0.03333333333333333
0 0.24895833333333334 0.4236111111111111 0.025 0.03333333333333333
0 0.740625 0.49583333333333335 0.025 0.03333333333333333
0 0.659375 0.4986111111111111 0.025 0.03333333333333333
0 0.578125 0.5013888888888889 0.025 0.03333333333333333
0 0.4947916666666667 0.5041666666666667 0.025 0.03333333333333333
0 0.4114583333333333 0.5069444444444444 0.025 0.03333333333333333
0 0.3260416666666667 0.5111111111111111 0.025 0.03333333333333333
0 0.240625 0.5138888888888888 0.025 0.03333333333333333
0 0.759375 0.5902777777777778 0.025 0.03333333333333333
0 0.6739583333333333 0.5944444444444444 0.025 0.03333333333333333
0 0.5885416666666666 0.5986111111111111 0.025 0.03333333333333333
0 0.5010416666666667 0.6027777777777777 0.025 0.03333333333333333
0 0.4114583333333333 0.6055555555555555 0.025 0.03333333333333333
0 0.321875 0.6097222222222223 0.025 0.03333333333333333
0 0.23020833333333332 0.6138888888888889 0.025 0.03333333333333333
0 0.78125 0.6972222222222222 0.025 0.03333333333333333
0 0.690625 0.7027777777777777 0.025 0.03333333333333333
0 0.5989583333333334 0.7069444444444445 0.025 0.03333333333333333
0 0.50625 0.7125 0.025 0.03333333333333333
0 0.4125 0.7166666666666667 0.025 0.03333333333333333
0 0.31666666666666665 0.7222222222222222 0.025 0.03333333333333333
0 0.21979166666666666 0.7277777777777777 0.025 0.03333333333333333