0 0.23541666666666666 0.6583333333333333 0.03333333333333333 0.03333333333333333
0 0.3333333333333333 0.6592592592592592 0.03333333333333333 0.03333333333333333
0 0.4322916666666667 0.6592592592592592 0.03333333333333333 0.03333333333333333
0 0.5302083333333333 0.6601851851851852 0.03333333333333333 0.03333333333333333
0 0.628125 0.6615740740740741 0.03333333333333333 0.03333333333333333
0 0.725 0.6625 0.03333333333333333 0.03333333333333333
0 0.8229166666666666 0.663425925925926 0.03333333333333333 0.03333333333333333
0 0.24583333333333332 0.5666666666666667 0.03333333333333333 0.03333333333333333
0 0.340625 0.5675925925925925 0.03333333333333333 0.03333333333333333
0 0.4354166666666667 0.5685185185185185 0.03333333333333333 0.03333333333333333
0 0.53125 0.5685185185185185 0.03333333333333333 0.03333333333333333
0 0.625 0.5699074074074074 0.03333333333333333 0.03333333333333333
0 0.7197916666666667 0.5708333333333333 0.03333333333333333 0.03333333333333333
0 0.8135416666666667 0.5717592592592593 0.03333333333333333 0.03333333333333333
0 0.2552083333333333 0.48009259259259257 0.03333333333333333 0.03333333333333333
0 0.34791666666666665 0.48148148148148145 0.03333333333333333 0.03333333333333333
0 0.4395833333333333 0.4824074074074074 0.03333333333333333 0.03333333333333333
0 0.53125 0.48333333333333334 0.03333333333333333 0.03333333333333333
0 0.6229166666666667 0.4842592592592593 0.03333333333333333 0.03333333333333333
0 0.7145833333333333 0.48518518518518516 0.03333333333333333 0.03333333333333333
0 0.80625 0.48657407407407405 0.03333333333333333 0.03333333333333333
0 0.26458333333333334 0.4 0.03333333333333333 0.03333333333333333
0 0.3541666666666667 0.4009259259259259 0.03333333333333333 0.03333333333333333
0 0.44375 0.40185185185185185 0.03333333333333333 0.03333333333333333
0 0.5322916666666667 0.40324074074074073 0.03333333333333333 0.03333333333333333
0 0.6208333333333333 0.4041666666666667 0.03333333333333333 0.03333333333333333
0 0.709375 0.4050925925925926 0.03333333333333333 0.03333333333333333
0 0.7979166666666667 0.4064814814814815 0.03333333333333333 0.03333333333333333
0 0.27395833333333336 0.32407407407407407 0.03333333333333333 0.03333333333333333
0 0.36041666666666666 0.325 0.03333333333333333 0.03333333333333333
0 0.446875 0.32592592592592595 0.03333333333333333 0.03333333333333333
0 0.5333333333333333 0.3282407407407407 0.03333333333333333 0.03333333333333333
0 0.61875 0.32916666666666666 0.03333333333333333 0.03333333333333333
0 0.7052083333333333 0.3300925925925926 0.03333333333333333 0.03333333333333333
0 0.790625 0.3314814814814815 0.03333333333333333 0.03333333333333333
0 0.28229166666666666 0.25324074074074077 0.03333333333333333 0.03333333333333333
0 0.365625 0.25416666666666665 0.03333333333333333 0.03333333333333333
0 0.45 0.2550925925925926 0.03333333333333333 0.03333333333333333
0 0.5333333333333333 0.2564814814814815 0.03333333333333333 0.03333333333333333
0 0.6177083333333333 0.2574074074074074 0.03333333333333333 0.03333333333333333
0 0.7010416666666667 0.25833333333333336 0.03333333333333333 0.03333333333333333
0 0.784375 0.25925925925925924 0.03333333333333333 0.03333333333333333
0 0.28958333333333336 0.18518518518518517 0.03333333333333333 0.03333333333333333
0 0.37083333333333335 0.1875 0.03333333333333333 0.03333333333333333
0 0.453125 0.1884259259259259 0.03333333333333333 0.03333333333333333
0 0.534375 0.18981481481481483 0.03333333333333333 0.03333333333333333
0 0.615625 0.19074074074074074 0.03333333333333333 0.03333333333333333
0 0.696875 0.19166666666666668 0.03333333333333333 0.03333333333333333
0 0.7770833333333333 0.1925925925925926 0.03333333333333333 0.03333333333333333