0 0.7072916666666667 0.16064814814814815 0.022916666666666665 0.03425925925925926
0 0.63125 0.16064814814814815 0.022916666666666665 0.03425925925925926
0 0.5552083333333333 0.16064814814814815 0.022916666666666665 0.03425925925925926
0 0.4791666666666667 0.1587962962962963 0.022916666666666665 0.03425925925925926
0 0.40208333333333335 0.1587962962962963 0.022916666666666665 0.03425925925925926
0 0.32395833333333335 0.1587962962962963 0.022916666666666665 0.03425925925925926
0 0.24583333333333332 0.1587962962962963 0.022916666666666665 0.03425925925925926
0 0.71875 0.2412037037037037 0.022916666666666665 0.03425925925925926
0 0.640625 0.2412037037037037 0.022916666666666665 0.03425925925925926
0 0.5614583333333333 0.23981481481481481 0.022916666666666665 0.03425925925925926
0 0.4822916666666667 0.23981481481481481 0.022916666666666665 0.03425925925925926
0 0.40208333333333335 0.23981481481481481 0.022916666666666665 0.03425925925925926
0 0.321875 0.23981481481481481 0.022916666666666665 0.03425925925925926
0 0.240625 0.23981481481481481 0.022916666666666665 0.03425925925925926
0 0.73125 0.32731481481481484 0.022916666666666665 0.03425925925925926
0 0.65 0.32731481481481484 0.022916666666666665 0.03425925925925926
0 0.5677083333333334 0.32731481481481484 0.022916666666666665 0.03425925925925926
0 0.48541666666666666 0.32731481481481484 0.022916666666666665 0.03425925925925926
0 0.40208333333333335 0.32731481481481484 0.022916666666666665 0.03425925925925926
0 0.31875 0.3287037037037037 0.022916666666666665 0.03425925925925926
0 0.23541666666666666 0.3287037037037037 0.022916666666666665 0.03425925925925926
0 0.74375 0.4203703703703704 0.022916666666666665 0.03425925925925926
0 0.659375 0.4203703703703704 0.022916666666666665 0.03425925925925926
0 0.575 0.4203703703703704 0.022916666666666665 0.03425925925925926
0 0.4895833333333333 0.4222222222222222 0.022916666666666665 0.03425925925925926
0 0.403125 0.4222222222222222 0.022916666666666665 0.03425925925925926
0 0.31666666666666665 0.4222222222222222 0.022916666666666665 0.03425925925925926
0 0.22916666666666666 0.4236111111111111 0.022916666666666665 0.03425925925925926
0 0.7583333333333333 0.5203703703703704 0.022916666666666665 0.03425925925925926
0 0.6708333333333333 0.5217592592592593 0.022916666666666665 0.03425925925925926
0 0.5822916666666667 0.5217592592592593 0.022916666666666665 0.03425925925925926
0 0.49375 0.5231481481481481 0.022916666666666665 0.03425925925925926
0 0.403125 0.525 0.022916666666666665 0.03425925925925926
0 0.31354166666666666 0.525 0.022916666666666665 0.03425925925925926
0 0.221875 0.5263888888888889 0.022916666666666665 0.03425925925925926
0 0.7739583333333333 0.6291666666666667 0.022916666666666665 0.03425925925925926
0 0.6822916666666666 0.6310185185185185 0.022916666666666665 0.03425925925925926
0 0.590625 0.6324074074074074 0.022916666666666665 0.03425925925925926
0 0.4979166666666667 0.6337962962962963 0.022916666666666665 0.03425925925925926
0 0.4041666666666667 0.6356481481481482 0.022916666666666665 0.03425925925925926
0 0.3104166666666667 0.6370370370370371 0.022916666666666665 0.03425925925925926
0 0.21458333333333332 0.638425925925926 0.022916666666666665 0.03425925925925926
0 0.790625 0.7476851851851852 0.022916666666666665 0.03425925925925926
0 0.6958333333333333 0.7509259259259259 0.022916666666666665 0.03425925925925926
0 0.6 0.7523148148148148 0.022916666666666665 0.03425925925925926
0 0.503125 0.7537037037037037 0.022916666666666665 0.03425925925925926
0 0.40520833333333334 0.7569444444444444 0.022916666666666665 0.03425925925925926
0 0.30625 0.7587962962962963 0.022916666666666665 0.03425925925925926
0 0.20729166666666668 0.7601851851851852 0.022916666666666665 0.03425925925925926