0 0.7135416666666666 0.1712962962962963 0.022916666666666665 0.03425925925925926
0 0.6375 0.1699074074074074 0.022916666666666665 0.03425925925925926
0 0.5614583333333333 0.1699074074074074 0.022916666666666665 0.03425925925925926
0 0.48541666666666666 0.16805555555555557 0.022916666666666665 0.03425925925925926
0 0.4083333333333333 0.16805555555555557 0.022916666666666665 0.03425925925925926
0 0.3302083333333333 0.16666666666666666 0.022916666666666665 0.03425925925925926
0 0.2520833333333333 0.16527777777777777 0.022916666666666665 0.03425925925925926
0 0.725 0.25092592592592594 0.022916666666666665 0.03425925925925926
0 0.646875 0.25092592592592594 0.022916666666666665 0.03425925925925926
0 0.5677083333333334 0.2490740740740741 0.022916666666666665 0.03425925925925926
0 0.48854166666666665 0.2490740740740741 0.022916666666666665 0.03425925925925926
0 0.4083333333333333 0.24768518518518517 0.022916666666666665 0.03425925925925926
0 0.328125 0.24768518518518517 0.022916666666666665 0.03425925925925926
0 0.246875 0.2462962962962963 0.022916666666666665 0.03425925925925926
0 0.7375 0.3365740740740741 0.022916666666666665 0.03425925925925926
0 0.65625 0.3365740740740741 0.022916666666666665 0.03425925925925926
0 0.5739583333333333 0.3365740740740741 0.022916666666666665 0.03425925925925926
0 0.49166666666666664 0.3347222222222222 0.022916666666666665 0.03425925925925926
0 0.409375 0.3347222222222222 0.022916666666666665 0.03425925925925926
0 0.325 0.3347222222222222 0.022916666666666665 0.03425925925925926
0 0.240625 0.3347222222222222 0.022916666666666665 0.03425925925925926
0 0.7510416666666667 0.42824074074074076 0.022916666666666665 0.03425925925925926
0 0.6666666666666666 0.42824074074074076 0.022916666666666665 0.03425925925925926
0 0.58125 0.42824074074074076 0.022916666666666665 0.03425925925925926
0 0.49583333333333335 0.42824074074074076 0.022916666666666665 0.03425925925925926
0 0.409375 0.42824074074074076 0.022916666666666665 0.03425925925925926
0 0.3229166666666667 0.42824074074074076 0.022916666666666665 0.03425925925925926
0 0.234375 0.42824074074074076 0.022916666666666665 0.03425925925925926
0 0.7645833333333333 0.5296296296296297 0.022916666666666665 0.03425925925925926
0 0.6770833333333334 0.5296296296296297 0.022916666666666665 0.03425925925925926
0 0.5885416666666666 0.5296296296296297 0.022916666666666665 0.03425925925925926
0 0.5 0.5296296296296297 0.022916666666666665 0.03425925925925926
0 0.409375 0.5310185185185186 0.022916666666666665 0.03425925925925926
0 0.31979166666666664 0.5310185185185186 0.022916666666666665 0.03425925925925926
0 0.228125 0.5310185185185186 0.022916666666666665 0.03425925925925926
0 0.7802083333333333 0.6370370370370371 0.022916666666666665 0.03425925925925926
0 0.6895833333333333 0.638425925925926 0.022916666666666665 0.03425925925925926
0 0.596875 0.638425925925926 0.022916666666666665 0.03425925925925926
0 0.5041666666666667 0.6402777777777777 0.022916666666666665 0.03425925925925926
0 0.41041666666666665 0.6402777777777777 0.022916666666666665 0.03425925925925926
0 0.315625 0.6416666666666667 0.022916666666666665 0.03425925925925926
0 0.22083333333333333 0.6416666666666667 0.022916666666666665 0.03425925925925926
0 0.7979166666666667 0.7555555555555555 0.022916666666666665 0.03425925925925926
0 0.7020833333333333 0.7569444444444444 0.022916666666666665 0.03425925925925926
0 0.60625 0.7587962962962963 0.022916666666666665 0.03425925925925926
0 0.509375 0.7601851851851852 0.022916666666666665 0.03425925925925926
0 0.41041666666666665 0.7615740740740741 0.022916666666666665 0.03425925925925926
0 0.3125 0.763425925925926 0.022916666666666665 0.03425925925925926
0 0.2125 0.763425925925926 0.022916666666666665 0.03425925925925926