0 0.740625 0.26666666666666666 0.03125 0.03148148148148148
0 0.6697916666666667 0.26666666666666666 0.03125 0.03148148148148148
0 0.5979166666666667 0.2675925925925926 0.03125 0.03148148148148148
0 0.5270833333333333 0.2675925925925926 0.03125 0.03148148148148148
0 0.45729166666666665 0.26851851851851855 0.03125 0.03148148148148148
0 0.38645833333333335 0.26851851851851855 0.03125 0.03148148148148148
0 0.3177083333333333 0.26990740740740743 0.03125 0.03148148148148148
0 0.7479166666666667 0.3282407407407407 0.03125 0.03148148148148148
0 0.6739583333333333 0.3282407407407407 0.03125 0.03148148148148148
0 0.6 0.32916666666666666 0.03125 0.03148148148148148
0 0.5270833333333333 0.32916666666666666 0.03125 0.03148148148148148
0 0.45416666666666666 0.32916666666666666 0.03125 0.03148148148148148
0 0.38125 0.3300925925925926 0.03125 0.03148148148148148
0 0.309375 0.3300925925925926 0.03125 0.03148148148148148
0 0.7552083333333334 0.39351851851851855 0.03125 0.03148148148148148
0 0.6791666666666667 0.39490740740740743 0.03125 0.03148148148148148
0 0.6020833333333333 0.39490740740740743 0.03125 0.03148148148148148
0 0.5260416666666666 0.39490740740740743 0.03125 0.03148148148148148
0 0.4510416666666667 0.39490740740740743 0.03125 0.03148148148148148
0 0.37604166666666666 0.39490740740740743 0.03125 0.03148148148148148
0 0.3020833333333333 0.3958333333333333 0.03125 0.03148148148148148
0 0.7635416666666667 0.46574074074074073 0.03125 0.03148148148148148
0 0.684375 0.46574074074074073 0.03125 0.03148148148148148
0 0.6041666666666666 0.46574074074074073 0.03125 0.03148148148148148
0 0.5260416666666666 0.46574074074074073 0.03125 0.03148148148148148
0 0.4479166666666667 0.46574074074074073 0.03125 0.03148148148148148
0 0.3697916666666667 0.46574074074074073 0.03125 0.03148148148148148
0 0.29270833333333335 0.46574074074074073 0.03125 0.03148148148148148
0 0.7729166666666667 0.5416666666666666 0.03125 0.03148148148148148
0 0.6895833333333333 0.5416666666666666 0.03125 0.03148148148148148
0 0.6072916666666667 0.5416666666666666 0.03125 0.03148148148148148
0 0.525 0.5416666666666666 0.03125 0.03148148148148148
0 0.44479166666666664 0.5407407407407407 0.03125 0.03148148148148148
0 0.36354166666666665 0.5407407407407407 0.03125 0.03148148148148148
0 0.2833333333333333 0.5407407407407407 0.03125 0.03148148148148148
0 0.7822916666666667 0.625 0.03125 0.03148148148148148
0 0.6958333333333333 0.6240740740740741 0.03125 0.03148148148148148
0 0.6104166666666667 0.6240740740740741 0.03125 0.03148148148148148
0 0.525 0.6231481481481481 0.03125 0.03148148148148148
0 0.440625 0.6231481481481481 0.03125 0.03148148148148148
0 0.3572916666666667 0.6217592592592592 0.03125 0.03148148148148148
0 0.27395833333333336 0.6208333333333333 0.03125 0.03148148148148148
0 0.7927083333333333 0.7148148148148148 0.03125 0.03148148148148148
0 0.7020833333333333 0.7134259259259259 0.03125 0.03148148148148148
0 0.6125 0.7125 0.03125 0.03148148148148148
0 0.5239583333333333 0.711574074074074 0.03125 0.03148148148148148
0 0.43645833333333334 0.7101851851851851 0.03125 0.03148148148148148
0 0.3489583333333333 0.7092592592592593 0.03125 0.03148148148148148
0 0.2625 0.7083333333333334 0.03125 0.03148148148148148