0 0.6739583333333333 0.16527777777777777 0.025 0.03333333333333333
0 0.6052083333333333 0.16805555555555557 0.025 0.03333333333333333
0 0.5375 0.17083333333333334 0.025 0.03333333333333333
0 0.46875 0.1736111111111111 0.025 0.03333333333333333
0 0.4 0.1763888888888889 0.025 0.03333333333333333
0 0.33125 0.17916666666666667 0.025 0.03333333333333333
0 0.2625 0.18194444444444444 0.025 0.03333333333333333
0 0.684375 0.23055555555555557 0.025 0.03333333333333333
0 0.6135416666666667 0.23333333333333334 0.025 0.03333333333333333
0 0.5416666666666666 0.2361111111111111 0.025 0.03333333333333333
0 0.46979166666666666 0.24027777777777778 0.025 0.03333333333333333
0 0.39791666666666664 0.24305555555555555 0.025 0.03333333333333333
0 0.3260416666666667 0.24583333333333332 0.025 0.03333333333333333
0 0.25416666666666665 0.24861111111111112 0.025 0.03333333333333333
0 0.696875 0.30277777777777776 0.025 0.03333333333333333
0 0.621875 0.3055555555555556 0.025 0.03333333333333333
0 0.546875 0.30972222222222223 0.025 0.03333333333333333
0 0.471875 0.3125 0.025 0.03333333333333333
0 0.396875 0.31527777777777777 0.025 0.03333333333333333
0 0.32083333333333336 0.3194444444444444 0.025 0.03333333333333333
0 0.24479166666666666 0.32222222222222224 0.025 0.03333333333333333
0 0.7104166666666667 0.3819444444444444 0.025 0.03333333333333333
0 0.63125 0.3861111111111111 0.025 0.03333333333333333
0 0.553125 0.3888888888888889 0.025 0.03333333333333333
0 0.4739583333333333 0.39305555555555555 0.025 0.03333333333333333
0 0.39479166666666665 0.3958333333333333 0.025 0.03333333333333333
0 0.3145833333333333 0.4 0.025 0.03333333333333333
0 0.23541666666666666 0.4041666666666667 0.025 0.03333333333333333
0 0.725 0.46944444444444444 0.025 0.03333333333333333
0 0.6416666666666667 0.4736111111111111 0.025 0.03333333333333333
0 0.559375 0.4777777777777778 0.025 0.03333333333333333
0 0.47604166666666664 0.48194444444444445 0.025 0.03333333333333333
0 0.39166666666666666 0.4861111111111111 0.025 0.03333333333333333
0 0.30833333333333335 0.49027777777777776 0.025 0.03333333333333333
0 0.22395833333333334 0.4930555555555556 0.025 0.03333333333333333
0 0.7416666666666667 0.5680555555555555 0.025 0.03333333333333333
0 0.653125 0.5722222222222222 0.025 0.03333333333333333
0 0.565625 0.5763888888888888 0.025 0.03333333333333333
0 0.478125 0.5805555555555556 0.025 0.03333333333333333
0 0.38958333333333334 0.5847222222222223 0.025 0.03333333333333333
0 0.30104166666666665 0.5888888888888889 0.025 0.03333333333333333
0 0.2125 0.5930555555555556 0.025 0.03333333333333333
0 0.759375 0.6777777777777778 0.025 0.03333333333333333
0 0.6666666666666666 0.6819444444444445 0.025 0.03333333333333333
0 0.5739583333333333 0.6875 0.025 0.03333333333333333
0 0.48020833333333335 0.6916666666666667 0.025 0.03333333333333333
0 0.38645833333333335 0.6972222222222222 0.025 0.03333333333333333
0 0.29270833333333335 0.7013888888888888 0.025 0.03333333333333333
0 0.19791666666666666 0.7055555555555556 0.025 0.03333333333333333