0 0.6885416666666667 0.15416666666666667 0.025 0.03333333333333333
0 0.61875 0.15694444444444444 0.025 0.03333333333333333
0 0.55 0.1597222222222222 0.025 0.03333333333333333
0 0.48125 0.1638888888888889 0.025 0.03333333333333333
0 0.4114583333333333 0.16666666666666666 0.025 0.03333333333333333
0 0.34270833333333334 0.17083333333333334 0.025 0.03333333333333333
0 0.27395833333333336 0.1736111111111111 0.025 0.03333333333333333
0 0.7 0.21944444444444444 0.025 0.03333333333333333
0 0.6270833333333333 0.22361111111111112 0.025 0.03333333333333333
0 0.5552083333333333 0.2263888888888889 0.025 0.03333333333333333
0 0.4822916666666667 0.23055555555555557 0.025 0.03333333333333333
0 0.41041666666666665 0.23333333333333334 0.025 0.03333333333333333
0 0.3385416666666667 0.2375 0.025 0.03333333333333333
0 0.265625 0.24027777777777778 0.025 0.03333333333333333
0 0.7125 0.29305555555555557 0.025 0.03333333333333333
0 0.6364583333333333 0.2972222222222222 0.025 0.03333333333333333
0 0.5604166666666667 0.3 0.025 0.03333333333333333
0 0.484375 0.30416666666666664 0.025 0.03333333333333333
0 0.4083333333333333 0.30694444444444446 0.025 0.03333333333333333
0 0.33229166666666665 0.3111111111111111 0.025 0.03333333333333333
0 0.25729166666666664 0.31527777777777777 0.025 0.03333333333333333
0 0.7260416666666667 0.3736111111111111 0.025 0.03333333333333333
0 0.646875 0.37777777777777777 0.025 0.03333333333333333
0 0.5666666666666667 0.38055555555555554 0.025 0.03333333333333333
0 0.4864583333333333 0.38472222222222224 0.025 0.03333333333333333
0 0.40625 0.3888888888888889 0.025 0.03333333333333333
0 0.32708333333333334 0.39305555555555555 0.025 0.03333333333333333
0 0.246875 0.3958333333333333 0.025 0.03333333333333333
0 0.7416666666666667 0.4625 0.025 0.03333333333333333
0 0.6572916666666667 0.4666666666666667 0.025 0.03333333333333333
0 0.5729166666666666 0.4708333333333333 0.025 0.03333333333333333
0 0.48854166666666665 0.475 0.025 0.03333333333333333
0 0.4041666666666667 0.4791666666666667 0.025 0.03333333333333333
0 0.32083333333333336 0.48333333333333334 0.025 0.03333333333333333
0 0.23645833333333333 0.4861111111111111 0.025 0.03333333333333333
0 0.759375 0.5625 0.025 0.03333333333333333
0 0.6697916666666667 0.5666666666666667 0.025 0.03333333333333333
0 0.5802083333333333 0.5708333333333333 0.025 0.03333333333333333
0 0.49166666666666664 0.575 0.025 0.03333333333333333
0 0.40208333333333335 0.5791666666666667 0.025 0.03333333333333333
0 0.31354166666666666 0.5833333333333334 0.025 0.03333333333333333
0 0.22395833333333334 0.5875 0.025 0.03333333333333333
0 0.7791666666666667 0.675 0.025 0.03333333333333333
0 0.684375 0.6791666666666667 0.025 0.03333333333333333
0 0.5885416666666666 0.6847222222222222 0.025 0.03333333333333333
0 0.49375 0.6888888888888889 0.025 0.03333333333333333
0 0.39895833333333336 0.6930555555555555 0.025 0.03333333333333333
0 0.30520833333333336 0.6972222222222222 0.025 0.03333333333333333
0 0.21041666666666667 0.7013888888888888 0.025 0.03333333333333333