0 0.6822916666666666 0.17777777777777778 0.025 0.03333333333333333
0 0.615625 0.17777777777777778 0.025 0.03333333333333333
0 0.5489583333333333 0.17777777777777778 0.025 0.03333333333333333
0 0.48125 0.17777777777777778 0.025 0.03333333333333333
0 0.41354166666666664 0.17777777777777778 0.025 0.03333333333333333
0 0.34375 0.17916666666666667 0.025 0.03333333333333333
0 0.27395833333333336 0.17916666666666667 0.025 0.03333333333333333
0 0.6947916666666667 0.24027777777777778 0.025 0.03333333333333333
0 0.625 0.24027777777777778 0.025 0.03333333333333333
0 0.5552083333333333 0.24166666666666667 0.025 0.03333333333333333
0 0.484375 0.24166666666666667 0.025 0.03333333333333333
0 0.4125 0.24305555555555555 0.025 0.03333333333333333
0 0.340625 0.24305555555555555 0.025 0.03333333333333333
0 0.26666666666666666 0.24444444444444444 0.025 0.03333333333333333
0 0.7083333333333334 0.30972222222222223 0.025 0.03333333333333333
0 0.6354166666666666 0.3111111111111111 0.025 0.03333333333333333
0 0.5625 0.3111111111111111 0.025 0.03333333333333333
0 0.4875 0.3125 0.025 0.03333333333333333
0 0.4125 0.3138888888888889 0.025 0.03333333333333333
0 0.33541666666666664 0.31527777777777777 0.025 0.03333333333333333
0 0.25833333333333336 0.31527777777777777 0.025 0.03333333333333333
0 0.7239583333333334 0.3861111111111111 0.025 0.03333333333333333
0 0.646875 0.3875 0.025 0.03333333333333333
0 0.5697916666666667 0.3888888888888889 0.025 0.03333333333333333
0 0.490625 0.39166666666666666 0.025 0.03333333333333333
0 0.4114583333333333 0.39305555555555555 0.025 0.03333333333333333
0 0.33125 0.39444444444444443 0.025 0.03333333333333333
0 0.25 0.3958333333333333 0.025 0.03333333333333333
0 0.7416666666666667 0.4722222222222222 0.025 0.03333333333333333
0 0.6604166666666667 0.4736111111111111 0.025 0.03333333333333333
0 0.578125 0.47638888888888886 0.025 0.03333333333333333
0 0.4947916666666667 0.4791666666666667 0.025 0.03333333333333333
0 0.41041666666666665 0.48055555555555557 0.025 0.03333333333333333
0 0.325 0.48333333333333334 0.025 0.03333333333333333
0 0.23958333333333334 0.4847222222222222 0.025 0.03333333333333333
0 0.7604166666666666 0.5680555555555555 0.025 0.03333333333333333
0 0.675 0.5708333333333333 0.025 0.03333333333333333
0 0.5875 0.5736111111111111 0.025 0.03333333333333333
0 0.49895833333333334 0.5763888888888888 0.025 0.03333333333333333
0 0.41041666666666665 0.5791666666666667 0.025 0.03333333333333333
0 0.31979166666666664 0.5833333333333334 0.025 0.03333333333333333
0 0.228125 0.5861111111111111 0.025 0.03333333333333333
0 0.7822916666666667 0.6763888888888889 0.025 0.03333333333333333
0 0.690625 0.6805555555555556 0.025 0.03333333333333333
0 0.5979166666666667 0.6833333333333333 0.025 0.03333333333333333
0 0.5041666666666667 0.6875 0.025 0.03333333333333333
0 0.409375 0.6916666666666667 0.025 0.03333333333333333
0 0.3125 0.6958333333333333 0.025 0.03333333333333333
0 0.21458333333333332 0.7 0.025 0.03333333333333333