0 0.6979166666666666 0.15833333333333333 0.025 0.03333333333333333
0 0.6291666666666667 0.16111111111111112 0.025 0.03333333333333333
0 0.559375 0.16527777777777777 0.025 0.03333333333333333
0 0.490625 0.16805555555555557 0.025 0.03333333333333333
0 0.42083333333333334 0.17222222222222222 0.025 0.03333333333333333
0 0.35208333333333336 0.175 0.025 0.03333333333333333
0 0.2833333333333333 0.17916666666666667 0.025 0.03333333333333333
0 0.709375 0.225 0.025 0.03333333333333333
0 0.6364583333333333 0.22916666666666666 0.025 0.03333333333333333
0 0.5645833333333333 0.23194444444444445 0.025 0.03333333333333333
0 0.49166666666666664 0.2361111111111111 0.025 0.03333333333333333
0 0.4197916666666667 0.2388888888888889 0.025 0.03333333333333333
0 0.346875 0.24305555555555555 0.025 0.03333333333333333
0 0.275 0.24722222222222223 0.025 0.03333333333333333
0 0.7208333333333333 0.2986111111111111 0.025 0.03333333333333333
0 0.6447916666666667 0.30277777777777776 0.025 0.03333333333333333
0 0.56875 0.30694444444444446 0.025 0.03333333333333333
0 0.49270833333333336 0.30972222222222223 0.025 0.03333333333333333
0 0.4166666666666667 0.3138888888888889 0.025 0.03333333333333333
0 0.3416666666666667 0.31805555555555554 0.025 0.03333333333333333
0 0.265625 0.32083333333333336 0.025 0.03333333333333333
0 0.734375 0.38055555555555554 0.025 0.03333333333333333
0 0.6541666666666667 0.38472222222222224 0.025 0.03333333333333333
0 0.575 0.3875 0.025 0.03333333333333333
0 0.4947916666666667 0.39166666666666666 0.025 0.03333333333333333
0 0.41458333333333336 0.3958333333333333 0.025 0.03333333333333333
0 0.334375 0.4 0.025 0.03333333333333333
0 0.2552083333333333 0.4041666666666667 0.025 0.03333333333333333
0 0.7489583333333333 0.4708333333333333 0.025 0.03333333333333333
0 0.6645833333333333 0.475 0.025 0.03333333333333333
0 0.5802083333333333 0.4791666666666667 0.025 0.03333333333333333
0 0.49583333333333335 0.48333333333333334 0.025 0.03333333333333333
0 0.4125 0.4861111111111111 0.025 0.03333333333333333
0 0.328125 0.49027777777777776 0.025 0.03333333333333333
0 0.24375 0.49444444444444446 0.025 0.03333333333333333
0 0.765625 0.5708333333333333 0.025 0.03333333333333333
0 0.6760416666666667 0.575 0.025 0.03333333333333333
0 0.5875 0.5791666666666667 0.025 0.03333333333333333
0 0.4979166666666667 0.5833333333333334 0.025 0.03333333333333333
0 0.409375 0.5875 0.025 0.03333333333333333
0 0.31979166666666664 0.5916666666666667 0.025 0.03333333333333333
0 0.23125 0.5958333333333333 0.025 0.03333333333333333
0 0.784375 0.6833333333333333 0.025 0.03333333333333333
0 0.6895833333333333 0.6888888888888889 0.025 0.03333333333333333
0 0.5947916666666667 0.6930555555555555 0.025 0.03333333333333333
0 0.5 0.6972222222222222 0.025 0.03333333333333333
0 0.40520833333333334 0.7013888888888888 0.025 0.03333333333333333
0 0.31145833333333334 0.7055555555555556 0.025 0.03333333333333333
0 0.21666666666666667 0.7111111111111111 0.025 0.03333333333333333