0 0.7020833333333333 0.18888888888888888 0.025 0.03333333333333333
0 0.6333333333333333 0.19027777777777777 0.025 0.03333333333333333
0 0.565625 0.19027777777777777 0.025 0.03333333333333333
0 0.496875 0.19166666666666668 0.025 0.03333333333333333
0 0.42916666666666664 0.19305555555555556 0.025 0.03333333333333333
0 0.36041666666666666 0.19444444444444445 0.025 0.03333333333333333
0 0.29270833333333335 0.19444444444444445 0.025 0.03333333333333333
0 0.7114583333333333 0.25416666666666665 0.025 0.03333333333333333
0 0.640625 0.25555555555555554 0.025 0.03333333333333333
0 0.56875 0.2569444444444444 0.025 0.03333333333333333
0 0.496875 0.25833333333333336 0.025 0.03333333333333333
0 0.42604166666666665 0.25833333333333336 0.025 0.03333333333333333
0 0.3541666666666667 0.25972222222222224 0.025 0.03333333333333333
0 0.28229166666666666 0.2611111111111111 0.025 0.03333333333333333
0 0.7229166666666667 0.3263888888888889 0.025 0.03333333333333333
0 0.6479166666666667 0.3277777777777778 0.025 0.03333333333333333
0 0.5729166666666666 0.32916666666666666 0.025 0.03333333333333333
0 0.4979166666666667 0.33055555555555555 0.025 0.03333333333333333
0 0.421875 0.33194444444444443 0.025 0.03333333333333333
0 0.346875 0.3333333333333333 0.025 0.03333333333333333
0 0.271875 0.3333333333333333 0.025 0.03333333333333333
0 0.7354166666666667 0.40694444444444444 0.025 0.03333333333333333
0 0.65625 0.4083333333333333 0.025 0.03333333333333333
0 0.5770833333333333 0.4097222222222222 0.025 0.03333333333333333
0 0.4979166666666667 0.4111111111111111 0.025 0.03333333333333333
0 0.41875 0.4125 0.025 0.03333333333333333
0 0.3385416666666667 0.41388888888888886 0.025 0.03333333333333333
0 0.259375 0.4152777777777778 0.025 0.03333333333333333
0 0.7489583333333333 0.49722222222222223 0.025 0.03333333333333333
0 0.665625 0.4986111111111111 0.025 0.03333333333333333
0 0.58125 0.5 0.025 0.03333333333333333
0 0.4979166666666667 0.5013888888888889 0.025 0.03333333333333333
0 0.41354166666666664 0.5027777777777778 0.025 0.03333333333333333
0 0.3302083333333333 0.5041666666666667 0.025 0.03333333333333333
0 0.24583333333333332 0.5055555555555555 0.025 0.03333333333333333
0 0.7645833333333333 0.5972222222222222 0.025 0.03333333333333333
0 0.6760416666666667 0.5986111111111111 0.025 0.03333333333333333
0 0.5864583333333333 0.6 0.025 0.03333333333333333
0 0.4979166666666667 0.6013888888888889 0.025 0.03333333333333333
0 0.409375 0.6027777777777777 0.025 0.03333333333333333
0 0.31979166666666664 0.6041666666666666 0.025 0.03333333333333333
0 0.23125 0.6055555555555555 0.025 0.03333333333333333
0 0.7822916666666667 0.7111111111111111 0.025 0.03333333333333333
0 0.6875 0.7125 0.025 0.03333333333333333
0 0.5927083333333333 0.7138888888888889 0.025 0.03333333333333333
0 0.4979166666666667 0.7152777777777778 0.025 0.03333333333333333
0 0.403125 0.7166666666666667 0.025 0.03333333333333333
0 0.30833333333333335 0.7194444444444444 0.025 0.03333333333333333
0 0.21354166666666666 0.7208333333333333 0.025 0.03333333333333333