0 0.2947916666666667 0.6472222222222223 0.020833333333333332 0.027777777777777776
0 0.371875 0.6458333333333334 0.020833333333333332 0.027777777777777776
0 0.44895833333333335 0.6444444444444445 0.020833333333333332 0.027777777777777776
0 0.5270833333333333 0.6430555555555556 0.020833333333333332 0.027777777777777776
0 0.6052083333333333 0.6430555555555556 0.020833333333333332 0.027777777777777776
0 0.684375 0.6416666666666667 0.020833333333333332 0.027777777777777776
0 0.7635416666666667 0.6402777777777777 0.020833333333333332 0.027777777777777776
0 0.30520833333333336 0.5583333333333333 0.020833333333333332 0.027777777777777776
0 0.378125 0.5569444444444445 0.020833333333333332 0.027777777777777776
0 0.45208333333333334 0.5555555555555556 0.020833333333333332 0.027777777777777776
0 0.5260416666666666 0.5541666666666667 0.020833333333333332 0.027777777777777776
0 0.6010416666666667 0.5527777777777778 0.020833333333333332 0.027777777777777776
0 0.6760416666666667 0.5513888888888889 0.020833333333333332 0.027777777777777776
0 0.7520833333333333 0.55 0.020833333333333332 0.027777777777777776
0 0.31354166666666666 0.4777777777777778 0.020833333333333332 0.027777777777777776
0 0.38333333333333336 0.47638888888888886 0.020833333333333332 0.027777777777777776
0 0.45416666666666666 0.475 0.020833333333333332 0.027777777777777776
0 0.525 0.4722222222222222 0.020833333333333332 0.027777777777777776
0 0.596875 0.4708333333333333 0.020833333333333332 0.027777777777777776
0 0.66875 0.46944444444444444 0.020833333333333332 0.027777777777777776
0 0.740625 0.46805555555555556 0.020833333333333332 0.027777777777777776
0 0.321875 0.4041666666666667 0.020833333333333332 0.027777777777777776
0 0.3885416666666667 0.4013888888888889 0.020833333333333332 0.027777777777777776
0 0.45625 0.4 0.020833333333333332 0.027777777777777776
0 0.5239583333333333 0.39861111111111114 0.020833333333333332 0.027777777777777776
0 0.5927083333333333 0.3958333333333333 0.020833333333333332 0.027777777777777776
0 0.6614583333333334 0.39444444444444443 0.020833333333333332 0.027777777777777776
0 0.73125 0.39305555555555555 0.020833333333333332 0.027777777777777776
0 0.32916666666666666 0.3347222222222222 0.020833333333333332 0.027777777777777776
0 0.39375 0.3333333333333333 0.020833333333333332 0.027777777777777776
0 0.4583333333333333 0.33194444444444443 0.020833333333333332 0.027777777777777776
0 0.5239583333333333 0.32916666666666666 0.020833333333333332 0.027777777777777776
0 0.5895833333333333 0.3277777777777778 0.020833333333333332 0.027777777777777776
0 0.6552083333333333 0.325 0.020833333333333332 0.027777777777777776
0 0.721875 0.3236111111111111 0.020833333333333332 0.027777777777777776
0 0.33541666666666664 0.2722222222222222 0.020833333333333332 0.027777777777777776
0 0.39791666666666664 0.2708333333333333 0.020833333333333332 0.027777777777777776
0 0.46041666666666664 0.26805555555555555 0.020833333333333332 0.027777777777777776
0 0.5229166666666667 0.26666666666666666 0.020833333333333332 0.027777777777777776
0 0.5864583333333333 0.2638888888888889 0.020833333333333332 0.027777777777777776
0 0.65 0.2625 0.020833333333333332 0.027777777777777776
0 0.7135416666666666 0.25972222222222224 0.020833333333333332 0.027777777777777776
0 0.3416666666666667 0.21388888888888888 0.020833333333333332 0.027777777777777776
0 0.40208333333333335 0.2111111111111111 0.020833333333333332 0.027777777777777776
0 0.46145833333333336 0.20972222222222223 0.020833333333333332 0.027777777777777776
0 0.5229166666666667 0.20694444444444443 0.020833333333333332 0.027777777777777776
0 0.5833333333333334 0.20555555555555555 0.020833333333333332 0.027777777777777776
0 0.6447916666666667 0.20277777777777778 0.020833333333333332 0.027777777777777776
0 0.70625 0.2013888888888889 0.020833333333333332 0.027777777777777776