0 0.6802083333333333 0.16527777777777777 0.025 0.03333333333333333
0 0.6114583333333333 0.16805555555555557 0.025 0.03333333333333333
0 0.5427083333333333 0.17083333333333334 0.025 0.03333333333333333
0 0.4739583333333333 0.175 0.025 0.03333333333333333
0 0.40520833333333334 0.17777777777777778 0.025 0.03333333333333333
0 0.33541666666666664 0.18055555555555555 0.025 0.03333333333333333
0 0.265625 0.18472222222222223 0.025 0.03333333333333333
0 0.690625 0.23055555555555557 0.025 0.03333333333333333
0 0.61875 0.23472222222222222 0.025 0.03333333333333333
0 0.5479166666666667 0.2375 0.025 0.03333333333333333
0 0.475 0.24166666666666667 0.025 0.03333333333333333
0 0.403125 0.24444444444444444 0.025 0.03333333333333333
0 0.33125 0.24861111111111112 0.025 0.03333333333333333
0 0.25833333333333336 0.2513888888888889 0.025 0.03333333333333333
0 0.703125 0.30277777777777776 0.025 0.03333333333333333
0 0.628125 0.30694444444444446 0.025 0.03333333333333333
0 0.553125 0.30972222222222223 0.025 0.03333333333333333
0 0.47708333333333336 0.3138888888888889 0.025 0.03333333333333333
0 0.4010416666666667 0.31805555555555554 0.025 0.03333333333333333
0 0.325 0.32222222222222224 0.025 0.03333333333333333
0 0.24895833333333334 0.325 0.025 0.03333333333333333
0 0.715625 0.3819444444444444 0.025 0.03333333333333333
0 0.6375 0.3861111111111111 0.025 0.03333333333333333
0 0.5583333333333333 0.3902777777777778 0.025 0.03333333333333333
0 0.4791666666666667 0.39444444444444443 0.025 0.03333333333333333
0 0.4 0.39861111111111114 0.025 0.03333333333333333
0 0.31979166666666664 0.4027777777777778 0.025 0.03333333333333333
0 0.23958333333333334 0.40694444444444444 0.025 0.03333333333333333
0 0.7302083333333333 0.46944444444444444 0.025 0.03333333333333333
0 0.6479166666666667 0.4736111111111111 0.025 0.03333333333333333
0 0.5645833333333333 0.4791666666666667 0.025 0.03333333333333333
0 0.48125 0.48333333333333334 0.025 0.03333333333333333
0 0.396875 0.4875 0.025 0.03333333333333333
0 0.31354166666666666 0.49166666666666664 0.025 0.03333333333333333
0 0.22916666666666666 0.49722222222222223 0.025 0.03333333333333333
0 0.746875 0.5666666666666667 0.025 0.03333333333333333
0 0.659375 0.5722222222222222 0.025 0.03333333333333333
0 0.571875 0.5763888888888888 0.025 0.03333333333333333
0 0.48333333333333334 0.5819444444444445 0.025 0.03333333333333333
0 0.39479166666666665 0.5875 0.025 0.03333333333333333
0 0.30625 0.5916666666666667 0.025 0.03333333333333333
0 0.21666666666666667 0.5972222222222222 0.025 0.03333333333333333
0 0.7645833333333333 0.6763888888888889 0.025 0.03333333333333333
0 0.671875 0.6819444444444445 0.025 0.03333333333333333
0 0.5791666666666667 0.6875 0.025 0.03333333333333333
0 0.4864583333333333 0.6930555555555555 0.025 0.03333333333333333
0 0.3927083333333333 0.6986111111111111 0.025 0.03333333333333333
0 0.29791666666666666 0.7041666666666667 0.025 0.03333333333333333
0 0.203125 0.7097222222222223 0.025 0.03333333333333333