0 0.8041666666666667 0.14675925925925926 0.020833333333333332 0.03518518518518519
0 0.73125 0.1486111111111111 0.020833333333333332 0.03518518518518519
0 0.6583333333333333 0.1486111111111111 0.020833333333333332 0.03518518518518519
0 0.5864583333333333 0.15046296296296297 0.020833333333333332 0.03518518518518519
0 0.5145833333333333 0.15046296296296297 0.020833333333333332 0.03518518518518519
0 0.4427083333333333 0.15231481481481482 0.020833333333333332 0.03518518518518519
0 0.37083333333333335 0.15231481481481482 0.020833333333333332 0.03518518518518519
0 0.8041666666666667 0.2273148148148148 0.020833333333333332 0.03518518518518519
0 0.728125 0.22916666666666666 0.020833333333333332 0.03518518518518519
0 0.653125 0.22916666666666666 0.020833333333333332 0.03518518518518519
0 0.578125 0.23055555555555557 0.020833333333333332 0.03518518518518519
0 0.503125 0.23055555555555557 0.020833333333333332 0.03518518518518519
0 0.428125 0.2324074074074074 0.020833333333333332 0.03518518518518519
0 0.3541666666666667 0.2324074074074074 0.020833333333333332 0.03518518518518519
0 0.8041666666666667 0.3148148148148148 0.020833333333333332 0.03518518518518519
0 0.7260416666666667 0.3148148148148148 0.020833333333333332 0.03518518518518519
0 0.6479166666666667 0.3162037037037037 0.020833333333333332 0.03518518518518519
0 0.5697916666666667 0.3162037037037037 0.020833333333333332 0.03518518518518519
0 0.49166666666666664 0.31805555555555554 0.020833333333333332 0.03518518518518519
0 0.41354166666666664 0.31805555555555554 0.020833333333333332 0.03518518518518519
0 0.33645833333333336 0.31805555555555554 0.020833333333333332 0.03518518518518519
0 0.8052083333333333 0.40925925925925927 0.020833333333333332 0.03518518518518519
0 0.7229166666666667 0.40925925925925927 0.020833333333333332 0.03518518518518519
0 0.6416666666666667 0.41064814814814815 0.020833333333333332 0.03518518518518519
0 0.559375 0.41064814814814815 0.020833333333333332 0.03518518518518519
0 0.4791666666666667 0.41064814814814815 0.020833333333333332 0.03518518518518519
0 0.39791666666666664 0.4125 0.020833333333333332 0.03518518518518519
0 0.3177083333333333 0.4125 0.020833333333333332 0.03518518518518519
0 0.8052083333333333 0.5120370370370371 0.020833333333333332 0.03518518518518519
0 0.7197916666666667 0.5120370370370371 0.020833333333333332 0.03518518518518519
0 0.634375 0.5120370370370371 0.020833333333333332 0.03518518518518519
0 0.5489583333333333 0.5120370370370371 0.020833333333333332 0.03518518518518519
0 0.46458333333333335 0.5138888888888888 0.020833333333333332 0.03518518518518519
0 0.3802083333333333 0.5138888888888888 0.020833333333333332 0.03518518518518519
0 0.296875 0.5138888888888888 0.020833333333333332 0.03518518518518519
0 0.8052083333333333 0.6240740740740741 0.020833333333333332 0.03518518518518519
0 0.715625 0.6240740740740741 0.020833333333333332 0.03518518518518519
0 0.6270833333333333 0.6240740740740741 0.020833333333333332 0.03518518518518519
0 0.5385416666666667 0.6240740740740741 0.020833333333333332 0.03518518518518519
0 0.45 0.6240740740740741 0.020833333333333332 0.03518518518518519
0 0.3614583333333333 0.6240740740740741 0.020833333333333332 0.03518518518518519
0 0.27395833333333336 0.6240740740740741 0.020833333333333332 0.03518518518518519
0 0.80625 0.7462962962962963 0.020833333333333332 0.03518518518518519
0 0.7125 0.7462962962962963 0.020833333333333332 0.03518518518518519
0 0.61875 0.7462962962962963 0.020833333333333332 0.03518518518518519
0 0.5260416666666666 0.7462962962962963 0.020833333333333332 0.03518518518518519
0 0.43333333333333335 0.7462962962962963 0.020833333333333332 0.03518518518518519
0 0.340625 0.7462962962962963 0.020833333333333332 0.03518518518518519
0 0.24895833333333334 0.7462962962962963 0.020833333333333332 0.03518518518518519