0 0.20208333333333334 0.725925925925926 0.03125 0.03148148148148148
0 0.290625 0.725 0.03125 0.03148148148148148
0 0.378125 0.725 0.03125 0.03148148148148148
0 0.4666666666666667 0.725 0.03125 0.03148148148148148
0 0.55625 0.725 0.03125 0.03148148148148148
0 0.6458333333333334 0.7240740740740741 0.03125 0.03148148148148148
0 0.7364583333333333 0.7240740740740741 0.03125 0.03148148148148148
0 0.21666666666666667 0.6375 0.03125 0.03148148148148148
0 0.3 0.6375 0.03125 0.03148148148148148
0 0.384375 0.6365740740740741 0.03125 0.03148148148148148
0 0.46875 0.6365740740740741 0.03125 0.03148148148148148
0 0.5541666666666667 0.6351851851851852 0.03125 0.03148148148148148
0 0.6395833333333333 0.6351851851851852 0.03125 0.03148148148148148
0 0.7260416666666667 0.6342592592592593 0.03125 0.03148148148148148
0 0.22916666666666666 0.5574074074074075 0.03125 0.03148148148148148
0 0.309375 0.5564814814814815 0.03125 0.03148148148148148
0 0.38958333333333334 0.5564814814814815 0.03125 0.03148148148148148
0 0.4708333333333333 0.5550925925925926 0.03125 0.03148148148148148
0 0.5520833333333334 0.5541666666666667 0.03125 0.03148148148148148
0 0.634375 0.5541666666666667 0.03125 0.03148148148148148
0 0.7166666666666667 0.5532407407407407 0.03125 0.03148148148148148
0 0.240625 0.48333333333333334 0.03125 0.03148148148148148
0 0.3177083333333333 0.4824074074074074 0.03125 0.03148148148148148
0 0.39479166666666665 0.4824074074074074 0.03125 0.03148148148148148
0 0.47291666666666665 0.48148148148148145 0.03125 0.03148148148148148
0 0.5510416666666667 0.48009259259259257 0.03125 0.03148148148148148
0 0.6291666666666667 0.4791666666666667 0.03125 0.03148148148148148
0 0.7083333333333334 0.47824074074074074 0.03125 0.03148148148148148
0 0.2520833333333333 0.41574074074074074 0.03125 0.03148148148148148
0 0.3260416666666667 0.4148148148148148 0.03125 0.03148148148148148
0 0.4 0.4134259259259259 0.03125 0.03148148148148148
0 0.475 0.4125 0.03125 0.03148148148148148
0 0.55 0.4115740740740741 0.03125 0.03148148148148148
0 0.625 0.4101851851851852 0.03125 0.03148148148148148
0 0.7010416666666667 0.40925925925925927 0.03125 0.03148148148148148
0 0.26145833333333335 0.35324074074074074 0.03125 0.03148148148148148
0 0.33229166666666665 0.35185185185185186 0.03125 0.03148148148148148
0 0.4041666666666667 0.3509259259259259 0.03125 0.03148148148148148
0 0.47604166666666664 0.3490740740740741 0.03125 0.03148148148148148
0 0.5479166666666667 0.34814814814814815 0.03125 0.03148148148148148
0 0.6208333333333333 0.34675925925925927 0.03125 0.03148148148148148
0 0.69375 0.3458333333333333 0.03125 0.03148148148148148
0 0.2708333333333333 0.2949074074074074 0.03125 0.03148148148148148
0 0.33958333333333335 0.2935185185185185 0.03125 0.03148148148148148
0 0.4083333333333333 0.2916666666666667 0.03125 0.03148148148148148
0 0.47708333333333336 0.29074074074074074 0.03125 0.03148148148148148
0 0.546875 0.2898148148148148 0.03125 0.03148148148148148
0 0.6166666666666667 0.2884259259259259 0.03125 0.03148148148148148
0 0.6864583333333333 0.2875 0.03125 0.03148148148148148