0 0.26458333333333334 0.22083333333333333 0.035416666666666666 0.03518518518518519
0 0.33958333333333335 0.22314814814814815 0.035416666666666666 0.03518518518518519
0 0.415625 0.225 0.035416666666666666 0.03518518518518519
0 0.490625 0.22685185185185186 0.035416666666666666 0.03518518518518519
0 0.5666666666666667 0.22824074074074074 0.035416666666666666 0.03518518518518519
0 0.6416666666666667 0.2300925925925926 0.035416666666666666 0.03518518518518519
0 0.7177083333333333 0.2324074074074074 0.035416666666666666 0.03518518518518519
0 0.25416666666666665 0.27175925925925926 0.035416666666666666 0.03518518518518519
0 0.33229166666666665 0.2740740740740741 0.035416666666666666 0.03518518518518519
0 0.4114583333333333 0.2759259259259259 0.035416666666666666 0.03518518518518519
0 0.4895833333333333 0.27824074074074073 0.035416666666666666 0.03518518518518519
0 0.56875 0.2800925925925926 0.035416666666666666 0.03518518518518519
0 0.646875 0.2824074074074074 0.035416666666666666 0.03518518518518519
0 0.7260416666666667 0.28425925925925927 0.035416666666666666 0.03518518518518519
0 0.24270833333333333 0.3282407407407407 0.035416666666666666 0.03518518518518519
0 0.32395833333333335 0.3300925925925926 0.035416666666666666 0.03518518518518519
0 0.40625 0.33240740740740743 0.035416666666666666 0.03518518518518519
0 0.48854166666666665 0.33425925925925926 0.035416666666666666 0.03518518518518519
0 0.5708333333333333 0.3375 0.035416666666666666 0.03518518518518519
0 0.653125 0.3398148148148148 0.035416666666666666 0.03518518518518519
0 0.7354166666666667 0.3416666666666667 0.035416666666666666 0.03518518518518519
0 0.22916666666666666 0.38981481481481484 0.035416666666666666 0.03518518518518519
0 0.315625 0.39166666666666666 0.035416666666666666 0.03518518518518519
0 0.4010416666666667 0.39351851851851855 0.035416666666666666 0.03518518518518519
0 0.4875 0.3958333333333333 0.035416666666666666 0.03518518518518519
0 0.5729166666666666 0.3990740740740741 0.035416666666666666 0.03518518518518519
0 0.659375 0.4009259259259259 0.035416666666666666 0.03518518518518519
0 0.7458333333333333 0.40324074074074073 0.035416666666666666 0.03518518518518519
0 0.215625 0.4564814814814815 0.035416666666666666 0.03518518518518519
0 0.30520833333333336 0.4583333333333333 0.035416666666666666 0.03518518518518519
0 0.3958333333333333 0.4615740740740741 0.035416666666666666 0.03518518518518519
0 0.48541666666666666 0.4634259259259259 0.035416666666666666 0.03518518518518519
0 0.5760416666666667 0.4666666666666667 0.035416666666666666 0.03518518518518519
0 0.6666666666666666 0.4685185185185185 0.035416666666666666 0.03518518518518519
0 0.7572916666666667 0.47175925925925927 0.035416666666666666 0.03518518518518519
0 0.2 0.5300925925925926 0.035416666666666666 0.03518518518518519
0 0.2947916666666667 0.5333333333333333 0.035416666666666666 0.03518518518518519
0 0.38958333333333334 0.5351851851851852 0.035416666666666666 0.03518518518518519
0 0.484375 0.538425925925926 0.035416666666666666 0.03518518518518519
0 0.5791666666666667 0.5407407407407407 0.035416666666666666 0.03518518518518519
0 0.6739583333333333 0.5435185185185185 0.035416666666666666 0.03518518518518519
0 0.76875 0.5467592592592593 0.035416666666666666 0.03518518518518519
0 0.18333333333333332 0.6125 0.035416666666666666 0.03518518518518519
0 0.2833333333333333 0.6148148148148148 0.035416666666666666 0.03518518518518519
0 0.38229166666666664 0.6175925925925926 0.035416666666666666 0.03518518518518519
0 0.4822916666666667 0.6208333333333333 0.035416666666666666 0.03518518518518519
0 0.5822916666666667 0.6240740740740741 0.035416666666666666 0.03518518518518519
0 0.6822916666666666 0.6259259259259259 0.035416666666666666 0.03518518518518519
0 0.7822916666666667 0.6291666666666667 0.035416666666666666 0.03518518518518519