0 0.709375 0.16527777777777777 0.022916666666666665 0.03425925925925926
0 0.6333333333333333 0.16527777777777777 0.022916666666666665 0.03425925925925926
0 0.5572916666666666 0.16527777777777777 0.022916666666666665 0.03425925925925926
0 0.48125 0.16342592592592592 0.022916666666666665 0.03425925925925926
0 0.4041666666666667 0.16342592592592592 0.022916666666666665 0.03425925925925926
0 0.3260416666666667 0.16342592592592592 0.022916666666666665 0.03425925925925926
0 0.24895833333333334 0.16203703703703703 0.022916666666666665 0.03425925925925926
0 0.7208333333333333 0.2462962962962963 0.022916666666666665 0.03425925925925926
0 0.6427083333333333 0.24444444444444444 0.022916666666666665 0.03425925925925926
0 0.5635416666666667 0.24444444444444444 0.022916666666666665 0.03425925925925926
0 0.484375 0.24444444444444444 0.022916666666666665 0.03425925925925926
0 0.4041666666666667 0.24444444444444444 0.022916666666666665 0.03425925925925926
0 0.32395833333333335 0.24444444444444444 0.022916666666666665 0.03425925925925926
0 0.24270833333333333 0.24444444444444444 0.022916666666666665 0.03425925925925926
0 0.7333333333333333 0.33194444444444443 0.022916666666666665 0.03425925925925926
0 0.6520833333333333 0.33194444444444443 0.022916666666666665 0.03425925925925926
0 0.5697916666666667 0.33194444444444443 0.022916666666666665 0.03425925925925926
0 0.4875 0.33194444444444443 0.022916666666666665 0.03425925925925926
0 0.4041666666666667 0.33194444444444443 0.022916666666666665 0.03425925925925926
0 0.32083333333333336 0.33194444444444443 0.022916666666666665 0.03425925925925926
0 0.23645833333333333 0.33194444444444443 0.022916666666666665 0.03425925925925926
0 0.746875 0.425462962962963 0.022916666666666665 0.03425925925925926
0 0.6625 0.425462962962963 0.022916666666666665 0.03425925925925926
0 0.5770833333333333 0.425462962962963 0.022916666666666665 0.03425925925925926
0 0.490625 0.425462962962963 0.022916666666666665 0.03425925925925926
0 0.4041666666666667 0.42685185185185187 0.022916666666666665 0.03425925925925926
0 0.3177083333333333 0.42685185185185187 0.022916666666666665 0.03425925925925926
0 0.23020833333333332 0.42685185185185187 0.022916666666666665 0.03425925925925926
0 0.7614583333333333 0.5263888888888889 0.022916666666666665 0.03425925925925926
0 0.6729166666666667 0.5263888888888889 0.022916666666666665 0.03425925925925926
0 0.584375 0.5282407407407408 0.022916666666666665 0.03425925925925926
0 0.4947916666666667 0.5282407407407408 0.022916666666666665 0.03425925925925926
0 0.40520833333333334 0.5282407407407408 0.022916666666666665 0.03425925925925926
0 0.3145833333333333 0.5296296296296297 0.022916666666666665 0.03425925925925926
0 0.22291666666666668 0.5296296296296297 0.022916666666666665 0.03425925925925926
0 0.7770833333333333 0.6356481481481482 0.022916666666666665 0.03425925925925926
0 0.6854166666666667 0.6370370370370371 0.022916666666666665 0.03425925925925926
0 0.5927083333333333 0.6370370370370371 0.022916666666666665 0.03425925925925926
0 0.49895833333333334 0.638425925925926 0.022916666666666665 0.03425925925925926
0 0.40520833333333334 0.6402777777777777 0.022916666666666665 0.03425925925925926
0 0.3104166666666667 0.6402777777777777 0.022916666666666665 0.03425925925925926
0 0.215625 0.6416666666666667 0.022916666666666665 0.03425925925925926
0 0.7947916666666667 0.7555555555555555 0.022916666666666665 0.03425925925925926
0 0.6979166666666666 0.7569444444444444 0.022916666666666665 0.03425925925925926
0 0.6010416666666667 0.7587962962962963 0.022916666666666665 0.03425925925925926
0 0.503125 0.7601851851851852 0.022916666666666665 0.03425925925925926
0 0.40520833333333334 0.7601851851851852 0.022916666666666665 0.03425925925925926
0 0.30625 0.7615740740740741 0.022916666666666665 0.03425925925925926
0 0.20729166666666668 0.763425925925926 0.022916666666666665 0.03425925925925926