0 0.725 0.2949074074074074 0.03333333333333333 0.03333333333333333
0 0.6510416666666666 0.29583333333333334 0.03333333333333333 0.03333333333333333
0 0.578125 0.29583333333333334 0.03333333333333333 0.03333333333333333
0 0.5052083333333334 0.2967592592592593 0.03333333333333333 0.03333333333333333
0 0.43333333333333335 0.2967592592592593 0.03333333333333333 0.03333333333333333
0 0.3614583333333333 0.29814814814814816 0.03333333333333333 0.03333333333333333
0 0.290625 0.29814814814814816 0.03333333333333333 0.03333333333333333
0 0.7333333333333333 0.3541666666666667 0.03333333333333333 0.03333333333333333
0 0.6552083333333333 0.35509259259259257 0.03333333333333333 0.03333333333333333
0 0.5791666666666667 0.35509259259259257 0.03333333333333333 0.03333333333333333
0 0.503125 0.35509259259259257 0.03333333333333333 0.03333333333333333
0 0.428125 0.35509259259259257 0.03333333333333333 0.03333333333333333
0 0.353125 0.35509259259259257 0.03333333333333333 0.03333333333333333
0 0.2791666666666667 0.35648148148148145 0.03333333333333333 0.03333333333333333
0 0.7416666666666667 0.4199074074074074 0.03333333333333333 0.03333333333333333
0 0.6604166666666667 0.4199074074074074 0.03333333333333333 0.03333333333333333
0 0.5802083333333333 0.4185185185185185 0.03333333333333333 0.03333333333333333
0 0.5010416666666667 0.4185185185185185 0.03333333333333333 0.03333333333333333
0 0.421875 0.4185185185185185 0.03333333333333333 0.03333333333333333
0 0.34479166666666666 0.4185185185185185 0.03333333333333333 0.03333333333333333
0 0.2677083333333333 0.4185185185185185 0.03333333333333333 0.03333333333333333
0 0.75 0.49074074074074076 0.03333333333333333 0.03333333333333333
0 0.665625 0.4898148148148148 0.03333333333333333 0.03333333333333333
0 0.58125 0.4898148148148148 0.03333333333333333 0.03333333333333333
0 0.4979166666666667 0.4898148148148148 0.03333333333333333 0.03333333333333333
0 0.4166666666666667 0.48842592592592593 0.03333333333333333 0.03333333333333333
0 0.33541666666666664 0.48842592592592593 0.03333333333333333 0.03333333333333333
0 0.25416666666666665 0.4875 0.03333333333333333 0.03333333333333333
0 0.7604166666666666 0.5685185185185185 0.03333333333333333 0.03333333333333333
0 0.6708333333333333 0.5675925925925925 0.03333333333333333 0.03333333333333333
0 0.5833333333333334 0.5666666666666667 0.03333333333333333 0.03333333333333333
0 0.49583333333333335 0.5657407407407408 0.03333333333333333 0.03333333333333333
0 0.409375 0.5648148148148148 0.03333333333333333 0.03333333333333333
0 0.32395833333333335 0.5648148148148148 0.03333333333333333 0.03333333333333333
0 0.23958333333333334 0.5634259259259259 0.03333333333333333 0.03333333333333333
0 0.771875 0.6550925925925926 0.03333333333333333 0.03333333333333333
0 0.6770833333333334 0.6541666666666667 0.03333333333333333 0.03333333333333333
0 0.584375 0.6518518518518519 0.03333333333333333 0.03333333333333333
0 0.49270833333333336 0.6509259259259259 0.03333333333333333 0.03333333333333333
0 0.40208333333333335 0.649074074074074 0.03333333333333333 0.03333333333333333
0 0.3125 0.6481481481481481 0.03333333333333333 0.03333333333333333
0 0.22395833333333334 0.6467592592592593 0.03333333333333333 0.03333333333333333
0 0.7833333333333333 0.7509259259259259 0.03333333333333333 0.03333333333333333
0 0.684375 0.7490740740740741 0.03333333333333333 0.03333333333333333
0 0.5864583333333333 0.7467592592592592 0.03333333333333333 0.03333333333333333
0 0.4895833333333333 0.7449074074074075 0.03333333333333333 0.03333333333333333
0 0.39375 0.7425925925925926 0.03333333333333333 0.03333333333333333
0 0.3 0.7407407407407407 0.03333333333333333 0.03333333333333333
0 0.20625 0.7384259259259259 0.03333333333333333 0.03333333333333333