0 0.65 0.24444444444444444 0.014583333333333334 0.025925925925925925
0 0.6 0.24259259259259258 0.014583333333333334 0.025925925925925925
0 0.5489583333333333 0.24259259259259258 0.014583333333333334 0.025925925925925925
0 0.4979166666666667 0.24074074074074073 0.014583333333333334 0.025925925925925925
0 0.446875 0.24074074074074073 0.014583333333333334 0.025925925925925925
0 0.396875 0.24074074074074073 0.014583333333333334 0.025925925925925925
0 0.3458333333333333 0.2388888888888889 0.014583333333333334 0.025925925925925925
0 0.6541666666666667 0.30925925925925923 0.014583333333333334 0.025925925925925925
0 0.6020833333333333 0.3074074074074074 0.014583333333333334 0.025925925925925925
0 0.55 0.3074074074074074 0.014583333333333334 0.025925925925925925
0 0.496875 0.3074074074074074 0.014583333333333334 0.025925925925925925
0 0.44479166666666664 0.3055555555555556 0.014583333333333334 0.025925925925925925
0 0.39166666666666666 0.3055555555555556 0.014583333333333334 0.025925925925925925
0 0.33958333333333335 0.3037037037037037 0.014583333333333334 0.025925925925925925
0 0.659375 0.37777777777777777 0.014583333333333334 0.025925925925925925
0 0.6052083333333333 0.37777777777777777 0.014583333333333334 0.025925925925925925
0 0.5510416666666667 0.37777777777777777 0.014583333333333334 0.025925925925925925
0 0.496875 0.37592592592592594 0.014583333333333334 0.025925925925925925
0 0.44166666666666665 0.37592592592592594 0.014583333333333334 0.025925925925925925
0 0.3875 0.37592592592592594 0.014583333333333334 0.025925925925925925
0 0.3333333333333333 0.37407407407407406 0.014583333333333334 0.025925925925925925
0 0.6645833333333333 0.4537037037037037 0.014583333333333334 0.025925925925925925
0 0.6083333333333333 0.4537037037037037 0.014583333333333334 0.025925925925925925
0 0.5520833333333334 0.45185185185185184 0.014583333333333334 0.025925925925925925
0 0.49583333333333335 0.45185185185185184 0.014583333333333334 0.025925925925925925
0 0.4395833333333333 0.45 0.014583333333333334 0.025925925925925925
0 0.38229166666666664 0.45 0.014583333333333334 0.025925925925925925
0 0.3260416666666667 0.45 0.014583333333333334 0.025925925925925925
0 0.6708333333333333 0.5333333333333333 0.014583333333333334 0.025925925925925925
0 0.6114583333333333 0.5333333333333333 0.014583333333333334 0.025925925925925925
0 0.553125 0.5333333333333333 0.014583333333333334 0.025925925925925925
0 0.4947916666666667 0.5314814814814814 0.014583333333333334 0.025925925925925925
0 0.43645833333333334 0.5314814814814814 0.014583333333333334 0.025925925925925925
0 0.3770833333333333 0.5314814814814814 0.014583333333333334 0.025925925925925925
0 0.3177083333333333 0.5296296296296297 0.014583333333333334 0.025925925925925925
0 0.6760416666666667 0.6222222222222222 0.014583333333333334 0.025925925925925925
0 0.615625 0.6203703703703703 0.014583333333333334 0.025925925925925925
0 0.5552083333333333 0.6203703703703703 0.014583333333333334 0.025925925925925925
0 0.49375 0.6203703703703703 0.014583333333333334 0.025925925925925925
0 0.4322916666666667 0.6185185185185185 0.014583333333333334 0.025925925925925925
0 0.371875 0.6185185185185185 0.014583333333333334 0.025925925925925925
0 0.3104166666666667 0.6185185185185185 0.014583333333333334 0.025925925925925925
0 0.6833333333333333 0.7166666666666667 0.014583333333333334 0.025925925925925925
0 0.6197916666666666 0.7148148148148148 0.014583333333333334 0.025925925925925925
0 0.55625 0.7148148148148148 0.014583333333333334 0.025925925925925925
0 0.49270833333333336 0.7148148148148148 0.014583333333333334 0.025925925925925925
0 0.42916666666666664 0.7148148148148148 0.014583333333333334 0.025925925925925925
0 0.365625 0.7129629629629629 0.014583333333333334 0.025925925925925925
0 0.30104166666666665 0.7129629629629629 0.014583333333333334 0.025925925925925925