0 0.7072916666666667 0.16064814814814815 0.022916666666666665 0.03425925925925926
0 0.6322916666666667 0.16064814814814815 0.022916666666666665 0.03425925925925926
0 0.5552083333333333 0.1587962962962963 0.022916666666666665 0.03425925925925926
0 0.4791666666666667 0.1587962962962963 0.022916666666666665 0.03425925925925926
0 0.40208333333333335 0.1587962962962963 0.022916666666666665 0.03425925925925926
0 0.32395833333333335 0.1574074074074074 0.022916666666666665 0.03425925925925926
0 0.24583333333333332 0.1574074074074074 0.022916666666666665 0.03425925925925926
0 0.71875 0.2412037037037037 0.022916666666666665 0.03425925925925926
0 0.640625 0.23981481481481481 0.022916666666666665 0.03425925925925926
0 0.5614583333333333 0.23981481481481481 0.022916666666666665 0.03425925925925926
0 0.48125 0.23981481481481481 0.022916666666666665 0.03425925925925926
0 0.40208333333333335 0.23981481481481481 0.022916666666666665 0.03425925925925926
0 0.321875 0.23981481481481481 0.022916666666666665 0.03425925925925926
0 0.240625 0.23981481481481481 0.022916666666666665 0.03425925925925926
0 0.73125 0.32731481481481484 0.022916666666666665 0.03425925925925926
0 0.6489583333333333 0.32731481481481484 0.022916666666666665 0.03425925925925926
0 0.5677083333333334 0.32731481481481484 0.022916666666666665 0.03425925925925926
0 0.48541666666666666 0.32731481481481484 0.022916666666666665 0.03425925925925926
0 0.40208333333333335 0.32731481481481484 0.022916666666666665 0.03425925925925926
0 0.31875 0.32731481481481484 0.022916666666666665 0.03425925925925926
0 0.234375 0.32731481481481484 0.022916666666666665 0.03425925925925926
0 0.74375 0.4203703703703704 0.022916666666666665 0.03425925925925926
0 0.659375 0.4203703703703704 0.022916666666666665 0.03425925925925926
0 0.5739583333333333 0.4203703703703704 0.022916666666666665 0.03425925925925926
0 0.48854166666666665 0.4203703703703704 0.022916666666666665 0.03425925925925926
0 0.40208333333333335 0.4203703703703704 0.022916666666666665 0.03425925925925926
0 0.315625 0.4222222222222222 0.022916666666666665 0.03425925925925926
0 0.228125 0.4222222222222222 0.022916666666666665 0.03425925925925926
0 0.7583333333333333 0.5203703703703704 0.022916666666666665 0.03425925925925926
0 0.6697916666666667 0.5217592592592593 0.022916666666666665 0.03425925925925926
0 0.58125 0.5217592592592593 0.022916666666666665 0.03425925925925926
0 0.49270833333333336 0.5217592592592593 0.022916666666666665 0.03425925925925926
0 0.40208333333333335 0.5231481481481481 0.022916666666666665 0.03425925925925926
0 0.3125 0.5231481481481481 0.022916666666666665 0.03425925925925926
0 0.221875 0.525 0.022916666666666665 0.03425925925925926
0 0.7729166666666667 0.6291666666666667 0.022916666666666665 0.03425925925925926
0 0.68125 0.6310185185185185 0.022916666666666665 0.03425925925925926
0 0.5895833333333333 0.6324074074074074 0.022916666666666665 0.03425925925925926
0 0.49583333333333335 0.6324074074074074 0.022916666666666665 0.03425925925925926
0 0.403125 0.6337962962962963 0.022916666666666665 0.03425925925925926
0 0.30833333333333335 0.6337962962962963 0.022916666666666665 0.03425925925925926
0 0.21458333333333332 0.6356481481481482 0.022916666666666665 0.03425925925925926
0 0.7895833333333333 0.7490740740740741 0.022916666666666665 0.03425925925925926
0 0.69375 0.7490740740740741 0.022916666666666665 0.03425925925925926
0 0.5979166666666667 0.7509259259259259 0.022916666666666665 0.03425925925925926
0 0.5010416666666667 0.7523148148148148 0.022916666666666665 0.03425925925925926
0 0.403125 0.7537037037037037 0.022916666666666665 0.03425925925925926
0 0.30520833333333336 0.7555555555555555 0.022916666666666665 0.03425925925925926
0 0.20625 0.7569444444444444 0.022916666666666665 0.03425925925925926