0 0.675 0.15416666666666667 0.025 0.03333333333333333
0 0.6072916666666667 0.15833333333333333 0.025 0.03333333333333333
0 0.5395833333333333 0.16111111111111112 0.025 0.03333333333333333
0 0.471875 0.16527777777777777 0.025 0.03333333333333333
0 0.4041666666666667 0.16944444444444445 0.025 0.03333333333333333
0 0.33645833333333336 0.17222222222222222 0.025 0.03333333333333333
0 0.26875 0.1763888888888889 0.025 0.03333333333333333
0 0.6864583333333333 0.21944444444444444 0.025 0.03333333333333333
0 0.615625 0.22361111111111112 0.025 0.03333333333333333
0 0.5447916666666667 0.2263888888888889 0.025 0.03333333333333333
0 0.4739583333333333 0.23055555555555557 0.025 0.03333333333333333
0 0.403125 0.23472222222222222 0.025 0.03333333333333333
0 0.33125 0.2388888888888889 0.025 0.03333333333333333
0 0.2604166666666667 0.24166666666666667 0.025 0.03333333333333333
0 0.7 0.2902777777777778 0.025 0.03333333333333333
0 0.625 0.29444444444444445 0.025 0.03333333333333333
0 0.5510416666666667 0.2986111111111111 0.025 0.03333333333333333
0 0.47604166666666664 0.30277777777777776 0.025 0.03333333333333333
0 0.4010416666666667 0.30694444444444446 0.025 0.03333333333333333
0 0.3260416666666667 0.3111111111111111 0.025 0.03333333333333333
0 0.2520833333333333 0.31527777777777777 0.025 0.03333333333333333
0 0.7135416666666666 0.36944444444444446 0.025 0.03333333333333333
0 0.6354166666666666 0.3736111111111111 0.025 0.03333333333333333
0 0.5572916666666666 0.37777777777777777 0.025 0.03333333333333333
0 0.478125 0.3819444444444444 0.025 0.03333333333333333
0 0.39895833333333336 0.3875 0.025 0.03333333333333333
0 0.32083333333333336 0.39166666666666666 0.025 0.03333333333333333
0 0.24166666666666667 0.3958333333333333 0.025 0.03333333333333333
0 0.7302083333333333 0.45694444444444443 0.025 0.03333333333333333
0 0.646875 0.4625 0.025 0.03333333333333333
0 0.5635416666666667 0.4666666666666667 0.025 0.03333333333333333
0 0.48020833333333335 0.4708333333333333 0.025 0.03333333333333333
0 0.39791666666666664 0.47638888888888886 0.025 0.03333333333333333
0 0.3145833333333333 0.48055555555555557 0.025 0.03333333333333333
0 0.23125 0.4847222222222222 0.025 0.03333333333333333
0 0.7479166666666667 0.5555555555555556 0.025 0.03333333333333333
0 0.659375 0.5611111111111111 0.025 0.03333333333333333
0 0.571875 0.5666666666666667 0.025 0.03333333333333333
0 0.48333333333333334 0.5708333333333333 0.025 0.03333333333333333
0 0.39479166666666665 0.5763888888888888 0.025 0.03333333333333333
0 0.3072916666666667 0.5805555555555556 0.025 0.03333333333333333
0 0.21875 0.5861111111111111 0.025 0.03333333333333333
0 0.7677083333333333 0.6680555555555555 0.025 0.03333333333333333
0 0.6739583333333333 0.6722222222222223 0.025 0.03333333333333333
0 0.5802083333333333 0.6777777777777778 0.025 0.03333333333333333
0 0.4864583333333333 0.6833333333333333 0.025 0.03333333333333333
0 0.3927083333333333 0.6888888888888889 0.025 0.03333333333333333
0 0.2989583333333333 0.6944444444444444 0.025 0.03333333333333333
0 0.20520833333333333 0.7 0.025 0.03333333333333333