0 0.7083333333333334 0.18611111111111112 0.025 0.03333333333333333
0 0.6395833333333333 0.1875 0.025 0.03333333333333333
0 0.571875 0.18888888888888888 0.025 0.03333333333333333
0 0.5041666666666667 0.19027777777777777 0.025 0.03333333333333333
0 0.43645833333333334 0.19305555555555556 0.025 0.03333333333333333
0 0.3697916666666667 0.19444444444444445 0.025 0.03333333333333333
0 0.3020833333333333 0.19583333333333333 0.025 0.03333333333333333
0 0.71875 0.24861111111111112 0.025 0.03333333333333333
0 0.6479166666666667 0.2513888888888889 0.025 0.03333333333333333
0 0.5760416666666667 0.25277777777777777 0.025 0.03333333333333333
0 0.5052083333333334 0.25416666666666665 0.025 0.03333333333333333
0 0.434375 0.25555555555555554 0.025 0.03333333333333333
0 0.3645833333333333 0.25833333333333336 0.025 0.03333333333333333
0 0.29375 0.25972222222222224 0.025 0.03333333333333333
0 0.7302083333333333 0.3194444444444444 0.025 0.03333333333333333
0 0.65625 0.32083333333333336 0.025 0.03333333333333333
0 0.58125 0.32222222222222224 0.025 0.03333333333333333
0 0.5072916666666667 0.3236111111111111 0.025 0.03333333333333333
0 0.4322916666666667 0.3263888888888889 0.025 0.03333333333333333
0 0.35833333333333334 0.3277777777777778 0.025 0.03333333333333333
0 0.28541666666666665 0.32916666666666666 0.025 0.03333333333333333
0 0.74375 0.3958333333333333 0.025 0.03333333333333333
0 0.6645833333333333 0.39861111111111114 0.025 0.03333333333333333
0 0.5864583333333333 0.4 0.025 0.03333333333333333
0 0.5083333333333333 0.4013888888888889 0.025 0.03333333333333333
0 0.43020833333333336 0.4027777777777778 0.025 0.03333333333333333
0 0.35208333333333336 0.4041666666666667 0.025 0.03333333333333333
0 0.275 0.40694444444444444 0.025 0.03333333333333333
0 0.7583333333333333 0.48194444444444445 0.025 0.03333333333333333
0 0.675 0.48333333333333334 0.025 0.03333333333333333
0 0.5927083333333333 0.4847222222222222 0.025 0.03333333333333333
0 0.5104166666666666 0.4861111111111111 0.025 0.03333333333333333
0 0.428125 0.4888888888888889 0.025 0.03333333333333333
0 0.3458333333333333 0.49027777777777776 0.025 0.03333333333333333
0 0.26458333333333334 0.49166666666666664 0.025 0.03333333333333333
0 0.775 0.5777777777777777 0.025 0.03333333333333333
0 0.6864583333333333 0.5791666666666667 0.025 0.03333333333333333
0 0.5989583333333334 0.5805555555555556 0.025 0.03333333333333333
0 0.5114583333333333 0.5819444444444445 0.025 0.03333333333333333
0 0.425 0.5833333333333334 0.025 0.03333333333333333
0 0.3385416666666667 0.5847222222222223 0.025 0.03333333333333333
0 0.2520833333333333 0.5861111111111111 0.025 0.03333333333333333
0 0.7927083333333333 0.6847222222222222 0.025 0.03333333333333333
0 0.6989583333333333 0.6861111111111111 0.025 0.03333333333333333
0 0.60625 0.6875 0.025 0.03333333333333333
0 0.5135416666666667 0.6888888888888889 0.025 0.03333333333333333
0 0.421875 0.6902777777777778 0.025 0.03333333333333333
0 0.3302083333333333 0.6916666666666667 0.025 0.03333333333333333
0 0.23854166666666668 0.6930555555555555 0.025 0.03333333333333333