0 0.15 0.6282407407407408 0.03125 0.03148148148148148
0 0.2375 0.6407407407407407 0.03125 0.03148148148148148
0 0.32708333333333334 0.6532407407407408 0.03125 0.03148148148148148
0 0.41875 0.6657407407407407 0.03125 0.03148148148148148
0 0.5114583333333333 0.6791666666666667 0.03125 0.03148148148148148
0 0.6052083333333333 0.6916666666666667 0.03125 0.03148148148148148
0 0.7020833333333333 0.7050925925925926 0.03125 0.03148148148148148
0 0.17291666666666666 0.5416666666666666 0.03125 0.03148148148148148
0 0.25833333333333336 0.5532407407407407 0.03125 0.03148148148148148
0 0.3458333333333333 0.5648148148148148 0.03125 0.03148148148148148
0 0.434375 0.575925925925926 0.03125 0.03148148148148148
0 0.5239583333333333 0.5884259259259259 0.03125 0.03148148148148148
0 0.615625 0.6 0.03125 0.03148148148148148
0 0.709375 0.6125 0.03125 0.03148148148148148
0 0.19375 0.4601851851851852 0.03125 0.03148148148148148
0 0.278125 0.4708333333333333 0.03125 0.03148148148148148
0 0.3625 0.48148148148148145 0.03125 0.03148148148148148
0 0.44895833333333335 0.49166666666666664 0.03125 0.03148148148148148
0 0.5364583333333334 0.5032407407407408 0.03125 0.03148148148148148
0 0.6260416666666667 0.513425925925926 0.03125 0.03148148148148148
0 0.7166666666666667 0.525 0.03125 0.03148148148148148
0 0.21458333333333332 0.38333333333333336 0.03125 0.03148148148148148
0 0.29583333333333334 0.3925925925925926 0.03125 0.03148148148148148
0 0.37916666666666665 0.40185185185185185 0.03125 0.03148148148148148
0 0.4625 0.4125 0.03125 0.03148148148148148
0 0.5479166666666667 0.4217592592592593 0.03125 0.03148148148148148
0 0.6354166666666666 0.4324074074074074 0.03125 0.03148148148148148
0 0.7229166666666667 0.4425925925925926 0.03125 0.03148148148148148
0 0.234375 0.3101851851851852 0.03125 0.03148148148148148
0 0.31354166666666666 0.31851851851851853 0.03125 0.03148148148148148
0 0.39375 0.3282407407407407 0.03125 0.03148148148148148
0 0.47604166666666664 0.3365740740740741 0.03125 0.03148148148148148
0 0.559375 0.3458333333333333 0.03125 0.03148148148148148
0 0.64375 0.35509259259259257 0.03125 0.03148148148148148
0 0.7291666666666666 0.3648148148148148 0.03125 0.03148148148148148
0 0.2520833333333333 0.24074074074074073 0.03125 0.03148148148148148
0 0.3302083333333333 0.2490740740740741 0.03125 0.03148148148148148
0 0.4083333333333333 0.2574074074074074 0.03125 0.03148148148148148
0 0.48854166666666665 0.2657407407407407 0.03125 0.03148148148148148
0 0.5697916666666667 0.2740740740740741 0.03125 0.03148148148148148
0 0.6520833333333333 0.2824074074074074 0.03125 0.03148148148148148
0 0.7354166666666667 0.29074074074074074 0.03125 0.03148148148148148
0 0.26979166666666665 0.175 0.03125 0.03148148148148148
0 0.3458333333333333 0.1824074074074074 0.03125 0.03148148148148148
0 0.42291666666666666 0.18981481481481483 0.03125 0.03148148148148148
0 0.5 0.19675925925925927 0.03125 0.03148148148148148
0 0.5791666666666667 0.2050925925925926 0.03125 0.03148148148148148
0 0.659375 0.2125 0.03125 0.03148148148148148
0 0.740625 0.22083333333333333 0.03125 0.03148148148148148