0 0.3375 0.38333333333333336 0.01875 0.025
0 0.33229166666666665 0.44166666666666665 0.01875 0.025
0 0.32708333333333334 0.5041666666666667 0.01875 0.025
0 0.32083333333333336 0.5694444444444444 0.01875 0.025
0 0.3145833333333333 0.6402777777777777 0.01875 0.025
0 0.30833333333333335 0.7138888888888889 0.01875 0.025
0 0.30104166666666665 0.7930555555555555 0.01875 0.025
0 0.4 0.3861111111111111 0.01875 0.025
0 0.396875 0.4444444444444444 0.01875 0.025
0 0.3927083333333333 0.5055555555555555 0.01875 0.025
0 0.3885416666666667 0.5722222222222222 0.01875 0.025
0 0.3854166666666667 0.6416666666666667 0.01875 0.025
0 0.3802083333333333 0.7152777777777778 0.01875 0.025
0 0.37604166666666666 0.7958333333333333 0.01875 0.025
0 0.4625 0.3875 0.01875 0.025
0 0.46041666666666664 0.44583333333333336 0.01875 0.025
0 0.459375 0.5083333333333333 0.01875 0.025
0 0.45729166666666665 0.5736111111111111 0.01875 0.025
0 0.4552083333333333 0.6430555555555556 0.01875 0.025
0 0.453125 0.7180555555555556 0.01875 0.025
0 0.4510416666666667 0.7972222222222223 0.01875 0.025
0 0.5239583333333333 0.3902777777777778 0.01875 0.025
0 0.525 0.4486111111111111 0.01875 0.025
0 0.525 0.5097222222222222 0.01875 0.025
0 0.525 0.575 0.01875 0.025
0 0.525 0.6444444444444445 0.01875 0.025
0 0.5260416666666666 0.7194444444444444 0.01875 0.025
0 0.5260416666666666 0.7986111111111112 0.01875 0.025
0 0.5864583333333333 0.39166666666666666 0.01875 0.025
0 0.5885416666666666 0.45 0.01875 0.025
0 0.590625 0.5111111111111111 0.01875 0.025
0 0.5927083333333333 0.5777777777777777 0.01875 0.025
0 0.5947916666666667 0.6472222222222223 0.01875 0.025
0 0.5979166666666667 0.7208333333333333 0.01875 0.025
0 0.6010416666666667 0.8 0.01875 0.025
0 0.6479166666666667 0.39305555555555555 0.01875 0.025
0 0.6520833333333333 0.4513888888888889 0.01875 0.025
0 0.65625 0.5138888888888888 0.01875 0.025
0 0.6604166666666667 0.5791666666666667 0.01875 0.025
0 0.6645833333333333 0.6486111111111111 0.01875 0.025
0 0.6697916666666667 0.7236111111111111 0.01875 0.025
0 0.675 0.8027777777777778 0.01875 0.025
0 0.7104166666666667 0.3958333333333333 0.01875 0.025
0 0.715625 0.45416666666666666 0.01875 0.025
0 0.721875 0.5152777777777777 0.01875 0.025
0 0.728125 0.5805555555555556 0.01875 0.025
0 0.734375 0.65 0.01875 0.025
0 0.7416666666666667 0.725 0.01875 0.025
0 0.7489583333333333 0.8041666666666667 0.01875 0.025