0 0.28854166666666664 0.6638888888888889 0.020833333333333332 0.027777777777777776
0 0.365625 0.6625 0.020833333333333332 0.027777777777777776
0 0.4427083333333333 0.6611111111111111 0.020833333333333332 0.027777777777777776
0 0.5229166666666667 0.6583333333333333 0.020833333333333332 0.027777777777777776
0 0.6041666666666666 0.6569444444444444 0.020833333333333332 0.027777777777777776
0 0.6864583333333333 0.6541666666666667 0.020833333333333332 0.027777777777777776
0 0.771875 0.6527777777777778 0.020833333333333332 0.027777777777777776
0 0.30104166666666665 0.5736111111111111 0.020833333333333332 0.027777777777777776
0 0.37395833333333334 0.5708333333333333 0.020833333333333332 0.027777777777777776
0 0.4479166666666667 0.5680555555555555 0.020833333333333332 0.027777777777777776
0 0.5239583333333333 0.5652777777777778 0.020833333333333332 0.027777777777777776
0 0.6010416666666667 0.5625 0.020833333333333332 0.027777777777777776
0 0.6791666666666667 0.5597222222222222 0.020833333333333332 0.027777777777777776
0 0.759375 0.5569444444444445 0.020833333333333332 0.027777777777777776
0 0.3125 0.49166666666666664 0.020833333333333332 0.027777777777777776
0 0.38229166666666664 0.4875 0.020833333333333332 0.027777777777777776
0 0.45208333333333334 0.4847222222222222 0.020833333333333332 0.027777777777777776
0 0.5239583333333333 0.48055555555555557 0.020833333333333332 0.027777777777777776
0 0.5979166666666667 0.4777777777777778 0.020833333333333332 0.027777777777777776
0 0.671875 0.4736111111111111 0.020833333333333332 0.027777777777777776
0 0.7479166666666667 0.4708333333333333 0.020833333333333332 0.027777777777777776
0 0.3229166666666667 0.4166666666666667 0.020833333333333332 0.027777777777777776
0 0.38958333333333334 0.4125 0.020833333333333332 0.027777777777777776
0 0.45625 0.4083333333333333 0.020833333333333332 0.027777777777777776
0 0.525 0.4041666666666667 0.020833333333333332 0.027777777777777776
0 0.5947916666666667 0.4013888888888889 0.020833333333333332 0.027777777777777776
0 0.665625 0.3972222222222222 0.020833333333333332 0.027777777777777776
0 0.7385416666666667 0.39305555555555555 0.020833333333333332 0.027777777777777776
0 0.33229166666666665 0.3486111111111111 0.020833333333333332 0.027777777777777776
0 0.3958333333333333 0.34444444444444444 0.020833333333333332 0.027777777777777776
0 0.46041666666666664 0.3402777777777778 0.020833333333333332 0.027777777777777776
0 0.5260416666666666 0.3347222222222222 0.020833333333333332 0.027777777777777776
0 0.5927083333333333 0.33055555555555555 0.020833333333333332 0.027777777777777776
0 0.6604166666666667 0.3263888888888889 0.020833333333333332 0.027777777777777776
0 0.7291666666666666 0.32222222222222224 0.020833333333333332 0.027777777777777776
0 0.340625 0.2861111111111111 0.020833333333333332 0.027777777777777776
0 0.40208333333333335 0.28055555555555556 0.020833333333333332 0.027777777777777776
0 0.4635416666666667 0.2763888888888889 0.020833333333333332 0.027777777777777776
0 0.5260416666666666 0.2722222222222222 0.020833333333333332 0.027777777777777776
0 0.590625 0.26666666666666666 0.020833333333333332 0.027777777777777776
0 0.6552083333333333 0.2625 0.020833333333333332 0.027777777777777776
0 0.7208333333333333 0.2569444444444444 0.020833333333333332 0.027777777777777776
0 0.3489583333333333 0.22777777777777777 0.020833333333333332 0.027777777777777776
0 0.40729166666666666 0.22361111111111112 0.020833333333333332 0.027777777777777776
0 0.4666666666666667 0.21805555555555556 0.020833333333333332 0.027777777777777776
0 0.5270833333333333 0.2125 0.020833333333333332 0.027777777777777776
0 0.5885416666666666 0.20833333333333334 0.020833333333333332 0.027777777777777776
0 0.65 0.20277777777777778 0.020833333333333332 0.027777777777777776
0 0.7135416666666666 0.19722222222222222 0.020833333333333332 0.027777777777777776