0 0.6989583333333333 0.2625 0.03125 0.03148148148148148
0 0.6291666666666667 0.26342592592592595 0.03125 0.03148148148148148
0 0.5604166666666667 0.2657407407407407 0.03125 0.03148148148148148
0 0.490625 0.2675925925925926 0.03125 0.03148148148148148
0 0.421875 0.26851851851851855 0.03125 0.03148148148148148
0 0.353125 0.2708333333333333 0.03125 0.03148148148148148
0 0.284375 0.27314814814814814 0.03125 0.03148148148148148
0 0.7083333333333334 0.31666666666666665 0.03125 0.03148148148148148
0 0.6354166666666666 0.31851851851851853 0.03125 0.03148148148148148
0 0.5635416666666667 0.3199074074074074 0.03125 0.03148148148148148
0 0.490625 0.32175925925925924 0.03125 0.03148148148148148
0 0.41875 0.32407407407407407 0.03125 0.03148148148148148
0 0.346875 0.325 0.03125 0.03148148148148148
0 0.2760416666666667 0.32685185185185184 0.03125 0.03148148148148148
0 0.7177083333333333 0.37592592592592594 0.03125 0.03148148148148148
0 0.6416666666666667 0.37824074074074077 0.03125 0.03148148148148148
0 0.5666666666666667 0.3800925925925926 0.03125 0.03148148148148148
0 0.49166666666666664 0.3814814814814815 0.03125 0.03148148148148148
0 0.4166666666666667 0.38333333333333336 0.03125 0.03148148148148148
0 0.3416666666666667 0.3851851851851852 0.03125 0.03148148148148148
0 0.26666666666666666 0.38657407407407407 0.03125 0.03148148148148148
0 0.728125 0.44074074074074077 0.03125 0.03148148148148148
0 0.6489583333333333 0.4425925925925926 0.03125 0.03148148148148148
0 0.5697916666666667 0.4449074074074074 0.03125 0.03148148148148148
0 0.49166666666666664 0.44583333333333336 0.03125 0.03148148148148148
0 0.41354166666666664 0.44814814814814813 0.03125 0.03148148148148148
0 0.33541666666666664 0.45 0.03125 0.03148148148148148
0 0.25729166666666664 0.45092592592592595 0.03125 0.03148148148148148
0 0.7385416666666667 0.5115740740740741 0.03125 0.03148148148148148
0 0.65625 0.513425925925926 0.03125 0.03148148148148148
0 0.5739583333333333 0.5157407407407407 0.03125 0.03148148148148148
0 0.49166666666666664 0.5166666666666667 0.03125 0.03148148148148148
0 0.409375 0.5185185185185185 0.03125 0.03148148148148148
0 0.328125 0.5199074074074074 0.03125 0.03148148148148148
0 0.246875 0.5217592592592593 0.03125 0.03148148148148148
0 0.7510416666666667 0.5898148148148148 0.03125 0.03148148148148148
0 0.6645833333333333 0.5907407407407408 0.03125 0.03148148148148148
0 0.578125 0.5925925925925926 0.03125 0.03148148148148148
0 0.49166666666666664 0.5949074074074074 0.03125 0.03148148148148148
0 0.40625 0.5958333333333333 0.03125 0.03148148148148148
0 0.31979166666666664 0.5981481481481481 0.03125 0.03148148148148148
0 0.234375 0.5990740740740741 0.03125 0.03148148148148148
0 0.7645833333333333 0.675 0.03125 0.03148148148148148
0 0.6739583333333333 0.6768518518518518 0.03125 0.03148148148148148
0 0.5822916666666667 0.6782407407407407 0.03125 0.03148148148148148
0 0.49166666666666664 0.6800925925925926 0.03125 0.03148148148148148
0 0.40208333333333335 0.6814814814814815 0.03125 0.03148148148148148
0 0.31145833333333334 0.6833333333333333 0.03125 0.03148148148148148
0 0.221875 0.6842592592592592 0.03125 0.03148148148148148