0 0.7291666666666666 0.14814814814814814 0.035416666666666666 0.03518518518518519
0 0.6520833333333333 0.15 0.035416666666666666 0.03518518518518519
0 0.575 0.15185185185185185 0.035416666666666666 0.03518518518518519
0 0.4979166666666667 0.15416666666666667 0.035416666666666666 0.03518518518518519
0 0.4197916666666667 0.15648148148148147 0.035416666666666666 0.03518518518518519
0 0.3416666666666667 0.15833333333333333 0.035416666666666666 0.03518518518518519
0 0.2635416666666667 0.16018518518518518 0.035416666666666666 0.03518518518518519
0 0.7375 0.20185185185185187 0.035416666666666666 0.03518518518518519
0 0.6572916666666667 0.20416666666666666 0.035416666666666666 0.03518518518518519
0 0.5770833333333333 0.2064814814814815 0.035416666666666666 0.03518518518518519
0 0.496875 0.20833333333333334 0.035416666666666666 0.03518518518518519
0 0.415625 0.21157407407407408 0.035416666666666666 0.03518518518518519
0 0.334375 0.21342592592592594 0.035416666666666666 0.03518518518518519
0 0.253125 0.21574074074074073 0.035416666666666666 0.03518518518518519
0 0.7458333333333333 0.2601851851851852 0.035416666666666666 0.03518518518518519
0 0.6625 0.2625 0.035416666666666666 0.03518518518518519
0 0.5791666666666667 0.2657407407407407 0.035416666666666666 0.03518518518518519
0 0.4947916666666667 0.2675925925925926 0.035416666666666666 0.03518518518518519
0 0.4114583333333333 0.26990740740740743 0.035416666666666666 0.03518518518518519
0 0.32708333333333334 0.27314814814814814 0.035416666666666666 0.03518518518518519
0 0.24270833333333333 0.275 0.035416666666666666 0.03518518518518519
0 0.7541666666666667 0.32407407407407407 0.035416666666666666 0.03518518518518519
0 0.6677083333333333 0.32592592592592595 0.035416666666666666 0.03518518518518519
0 0.58125 0.32916666666666666 0.035416666666666666 0.03518518518518519
0 0.49375 0.3314814814814815 0.035416666666666666 0.03518518518518519
0 0.40625 0.33425925925925926 0.035416666666666666 0.03518518518518519
0 0.3177083333333333 0.3365740740740741 0.035416666666666666 0.03518518518518519
0 0.23020833333333332 0.3398148148148148 0.035416666666666666 0.03518518518518519
0 0.7645833333333333 0.3925925925925926 0.035416666666666666 0.03518518518518519
0 0.6739583333333333 0.39490740740740743 0.035416666666666666 0.03518518518518519
0 0.5833333333333334 0.39814814814814814 0.035416666666666666 0.03518518518518519
0 0.49166666666666664 0.4009259259259259 0.035416666666666666 0.03518518518518519
0 0.4010416666666667 0.4041666666666667 0.035416666666666666 0.03518518518518519
0 0.30833333333333335 0.4064814814814815 0.035416666666666666 0.03518518518518519
0 0.21666666666666667 0.40925925925925927 0.035416666666666666 0.03518518518518519
0 0.775 0.4675925925925926 0.035416666666666666 0.03518518518518519
0 0.6802083333333333 0.4708333333333333 0.035416666666666666 0.03518518518518519
0 0.5854166666666667 0.4740740740740741 0.035416666666666666 0.03518518518518519
0 0.490625 0.47685185185185186 0.035416666666666666 0.03518518518518519
0 0.39479166666666665 0.48009259259259257 0.035416666666666666 0.03518518518518519
0 0.2989583333333333 0.48333333333333334 0.035416666666666666 0.03518518518518519
0 0.20208333333333334 0.48657407407407405 0.035416666666666666 0.03518518518518519
0 0.7875 0.55 0.035416666666666666 0.03518518518518519
0 0.6875 0.5532407407407407 0.035416666666666666 0.03518518518518519
0 0.5885416666666666 0.5564814814814815 0.035416666666666666 0.03518518518518519
0 0.48854166666666665 0.5601851851851852 0.035416666666666666 0.03518518518518519
0 0.3875 0.5634259259259259 0.035416666666666666 0.03518518518518519
0 0.2875 0.5666666666666667 0.035416666666666666 0.03518518518518519
0 0.18645833333333334 0.5708333333333333 0.035416666666666666 0.03518518518518519