0 0.65625 0.1638888888888889 0.025 0.03333333333333333
0 0.5885416666666666 0.16944444444444445 0.025 0.03333333333333333
0 0.5197916666666667 0.175 0.025 0.03333333333333333
0 0.4510416666666667 0.18194444444444444 0.025 0.03333333333333333
0 0.38229166666666664 0.1875 0.025 0.03333333333333333
0 0.3125 0.19305555555555556 0.025 0.03333333333333333
0 0.24166666666666667 0.1986111111111111 0.025 0.03333333333333333
0 0.66875 0.22916666666666666 0.025 0.03333333333333333
0 0.5979166666666667 0.2361111111111111 0.025 0.03333333333333333
0 0.5270833333333333 0.24166666666666667 0.025 0.03333333333333333
0 0.4552083333333333 0.24861111111111112 0.025 0.03333333333333333
0 0.38229166666666664 0.25416666666666665 0.025 0.03333333333333333
0 0.309375 0.2611111111111111 0.025 0.03333333333333333
0 0.23541666666666666 0.26666666666666666 0.025 0.03333333333333333
0 0.6833333333333333 0.3013888888888889 0.025 0.03333333333333333
0 0.609375 0.30833333333333335 0.025 0.03333333333333333
0 0.534375 0.31527777777777777 0.025 0.03333333333333333
0 0.459375 0.32222222222222224 0.025 0.03333333333333333
0 0.38229166666666664 0.32916666666666666 0.025 0.03333333333333333
0 0.30520833333333336 0.33611111111111114 0.025 0.03333333333333333
0 0.228125 0.34305555555555556 0.025 0.03333333333333333
0 0.7 0.38055555555555554 0.025 0.03333333333333333
0 0.621875 0.3875 0.025 0.03333333333333333
0 0.5427083333333333 0.3958333333333333 0.025 0.03333333333333333
0 0.4635416666666667 0.4027777777777778 0.025 0.03333333333333333
0 0.38333333333333336 0.4111111111111111 0.025 0.03333333333333333
0 0.3020833333333333 0.41944444444444445 0.025 0.03333333333333333
0 0.21979166666666666 0.4263888888888889 0.025 0.03333333333333333
0 0.7177083333333333 0.46805555555555556 0.025 0.03333333333333333
0 0.6354166666666666 0.47638888888888886 0.025 0.03333333333333333
0 0.5520833333333334 0.4847222222222222 0.025 0.03333333333333333
0 0.46770833333333334 0.49444444444444446 0.025 0.03333333333333333
0 0.38333333333333336 0.5027777777777778 0.025 0.03333333333333333
0 0.29791666666666666 0.5111111111111111 0.025 0.03333333333333333
0 0.21041666666666667 0.5194444444444445 0.025 0.03333333333333333
0 0.7375 0.5666666666666667 0.025 0.03333333333333333
0 0.6510416666666666 0.5763888888888888 0.025 0.03333333333333333
0 0.5625 0.5861111111111111 0.025 0.03333333333333333
0 0.4739583333333333 0.5958333333333333 0.025 0.03333333333333333
0 0.38333333333333336 0.6055555555555555 0.025 0.03333333333333333
0 0.29270833333333335 0.6152777777777778 0.025 0.03333333333333333
0 0.20104166666666667 0.625 0.025 0.03333333333333333
0 0.7604166666666666 0.6777777777777778 0.025 0.03333333333333333
0 0.6677083333333333 0.6875 0.025 0.03333333333333333
0 0.5739583333333333 0.6986111111111111 0.025 0.03333333333333333
0 0.48020833333333335 0.7097222222222223 0.025 0.03333333333333333
0 0.384375 0.7208333333333333 0.025 0.03333333333333333
0 0.2875 0.7319444444444444 0.025 0.03333333333333333
0 0.18958333333333333 0.7430555555555556 0.025 0.03333333333333333