0 0.675 0.20555555555555555 0.025 0.03333333333333333
0 0.60625 0.20972222222222223 0.025 0.03333333333333333
0 0.5395833333333333 0.2152777777777778 0.025 0.03333333333333333
0 0.471875 0.21944444444444444 0.025 0.03333333333333333
0 0.4041666666666667 0.22361111111111112 0.025 0.03333333333333333
0 0.3375 0.22777777777777777 0.025 0.03333333333333333
0 0.2708333333333333 0.23333333333333334 0.025 0.03333333333333333
0 0.6854166666666667 0.26805555555555555 0.025 0.03333333333333333
0 0.6145833333333334 0.27361111111111114 0.025 0.03333333333333333
0 0.54375 0.2777777777777778 0.025 0.03333333333333333
0 0.47291666666666665 0.28194444444444444 0.025 0.03333333333333333
0 0.40208333333333335 0.2875 0.025 0.03333333333333333
0 0.33229166666666665 0.2916666666666667 0.025 0.03333333333333333
0 0.2625 0.2972222222222222 0.025 0.03333333333333333
0 0.6979166666666666 0.3375 0.025 0.03333333333333333
0 0.6229166666666667 0.34305555555555556 0.025 0.03333333333333333
0 0.5489583333333333 0.3472222222222222 0.025 0.03333333333333333
0 0.4739583333333333 0.3527777777777778 0.025 0.03333333333333333
0 0.4 0.35694444444444445 0.025 0.03333333333333333
0 0.3260416666666667 0.3625 0.025 0.03333333333333333
0 0.2520833333333333 0.36666666666666664 0.025 0.03333333333333333
0 0.7125 0.4152777777777778 0.025 0.03333333333333333
0 0.6333333333333333 0.41944444444444445 0.025 0.03333333333333333
0 0.5541666666666667 0.425 0.025 0.03333333333333333
0 0.475 0.4305555555555556 0.025 0.03333333333333333
0 0.396875 0.43472222222222223 0.025 0.03333333333333333
0 0.31875 0.44027777777777777 0.025 0.03333333333333333
0 0.24166666666666667 0.4444444444444444 0.025 0.03333333333333333
0 0.728125 0.5013888888888889 0.025 0.03333333333333333
0 0.64375 0.5069444444444444 0.025 0.03333333333333333
0 0.5604166666666667 0.5125 0.025 0.03333333333333333
0 0.47708333333333336 0.5166666666666667 0.025 0.03333333333333333
0 0.39375 0.5222222222222223 0.025 0.03333333333333333
0 0.31145833333333334 0.5277777777777778 0.025 0.03333333333333333
0 0.22916666666666666 0.5319444444444444 0.025 0.03333333333333333
0 0.7458333333333333 0.5986111111111111 0.025 0.03333333333333333
0 0.65625 0.6041666666666666 0.025 0.03333333333333333
0 0.5677083333333334 0.6097222222222223 0.025 0.03333333333333333
0 0.4791666666666667 0.6152777777777778 0.025 0.03333333333333333
0 0.390625 0.6194444444444445 0.025 0.03333333333333333
0 0.303125 0.625 0.025 0.03333333333333333
0 0.215625 0.6305555555555555 0.025 0.03333333333333333
0 0.765625 0.7097222222222223 0.025 0.03333333333333333
0 0.6697916666666667 0.7152777777777778 0.025 0.03333333333333333
0 0.575 0.7208333333333333 0.025 0.03333333333333333
0 0.48020833333333335 0.7263888888888889 0.025 0.03333333333333333
0 0.38645833333333335 0.7305555555555555 0.025 0.03333333333333333
0 0.29270833333333335 0.7361111111111112 0.025 0.03333333333333333
0 0.2 0.7416666666666667 0.025 0.03333333333333333