0 0.3302083333333333 0.21388888888888888 0.020833333333333332 0.027777777777777776
0 0.3260416666666667 0.2777777777777778 0.020833333333333332 0.027777777777777776
0 0.321875 0.3472222222222222 0.020833333333333332 0.027777777777777776
0 0.31666666666666665 0.4222222222222222 0.020833333333333332 0.027777777777777776
0 0.31145833333333334 0.5041666666666667 0.020833333333333332 0.027777777777777776
0 0.30520833333333336 0.5944444444444444 0.020833333333333332 0.027777777777777776
0 0.2989583333333333 0.6916666666666667 0.020833333333333332 0.027777777777777776
0 0.39375 0.20833333333333334 0.020833333333333332 0.027777777777777776
0 0.39166666666666666 0.2722222222222222 0.020833333333333332 0.027777777777777776
0 0.38958333333333334 0.3416666666666667 0.020833333333333332 0.027777777777777776
0 0.3875 0.4166666666666667 0.020833333333333332 0.027777777777777776
0 0.3854166666666667 0.4986111111111111 0.020833333333333332 0.027777777777777776
0 0.38333333333333336 0.5875 0.020833333333333332 0.027777777777777776
0 0.3802083333333333 0.6861111111111111 0.020833333333333332 0.027777777777777776
0 0.45729166666666665 0.20277777777777778 0.020833333333333332 0.027777777777777776
0 0.4583333333333333 0.26666666666666666 0.020833333333333332 0.027777777777777776
0 0.4583333333333333 0.33611111111111114 0.020833333333333332 0.027777777777777776
0 0.459375 0.4111111111111111 0.020833333333333332 0.027777777777777776
0 0.46041666666666664 0.4930555555555556 0.020833333333333332 0.027777777777777776
0 0.46145833333333336 0.5819444444444445 0.020833333333333332 0.027777777777777776
0 0.4625 0.6805555555555556 0.020833333333333332 0.027777777777777776
0 0.5208333333333334 0.19583333333333333 0.020833333333333332 0.027777777777777776
0 0.5239583333333333 0.25972222222222224 0.020833333333333332 0.027777777777777776
0 0.5270833333333333 0.32916666666666666 0.020833333333333332 0.027777777777777776
0 0.53125 0.4041666666666667 0.020833333333333332 0.027777777777777776
0 0.5354166666666667 0.4861111111111111 0.020833333333333332 0.027777777777777776
0 0.5395833333333333 0.5763888888888888 0.020833333333333332 0.027777777777777776
0 0.5447916666666667 0.675 0.020833333333333332 0.027777777777777776
0 0.5854166666666667 0.19027777777777777 0.020833333333333332 0.027777777777777776
0 0.590625 0.25416666666666665 0.020833333333333332 0.027777777777777776
0 0.596875 0.3236111111111111 0.020833333333333332 0.027777777777777776
0 0.603125 0.39861111111111114 0.020833333333333332 0.027777777777777776
0 0.6104166666666667 0.48055555555555557 0.020833333333333332 0.027777777777777776
0 0.61875 0.5694444444444444 0.020833333333333332 0.027777777777777776
0 0.628125 0.6680555555555555 0.020833333333333332 0.027777777777777776
0 0.6489583333333333 0.18472222222222223 0.020833333333333332 0.027777777777777776
0 0.6572916666666667 0.24861111111111112 0.020833333333333332 0.027777777777777776
0 0.6666666666666666 0.31805555555555554 0.020833333333333332 0.027777777777777776
0 0.6760416666666667 0.39305555555555555 0.020833333333333332 0.027777777777777776
0 0.6864583333333333 0.475 0.020833333333333332 0.027777777777777776
0 0.6989583333333333 0.5638888888888889 0.020833333333333332 0.027777777777777776
0 0.7114583333333333 0.6625 0.020833333333333332 0.027777777777777776
0 0.7135416666666666 0.17916666666666667 0.020833333333333332 0.027777777777777776
0 0.725 0.24305555555555555 0.020833333333333332 0.027777777777777776
0 0.7364583333333333 0.3111111111111111 0.020833333333333332 0.027777777777777776
0 0.7489583333333333 0.3861111111111111 0.020833333333333332 0.027777777777777776
0 0.7635416666666667 0.46805555555555556 0.020833333333333332 0.027777777777777776
0 0.778125 0.5583333333333333 0.020833333333333332 0.027777777777777776
0 0.7947916666666667 0.6555555555555556 0.020833333333333332 0.027777777777777776