0 0.278125 0.22592592592592592 0.035416666666666666 0.03518518518518519
0 0.35208333333333336 0.22407407407407406 0.035416666666666666 0.03518518518518519
0 0.4270833333333333 0.22314814814814815 0.035416666666666666 0.03518518518518519
0 0.5020833333333333 0.22083333333333333 0.035416666666666666 0.03518518518518519
0 0.5770833333333333 0.21851851851851853 0.035416666666666666 0.03518518518518519
0 0.6520833333333333 0.21666666666666667 0.035416666666666666 0.03518518518518519
0 0.728125 0.21481481481481482 0.035416666666666666 0.03518518518518519
0 0.26875 0.27824074074074073 0.035416666666666666 0.03518518518518519
0 0.3458333333333333 0.2759259259259259 0.035416666666666666 0.03518518518518519
0 0.4239583333333333 0.2740740740740741 0.035416666666666666 0.03518518518518519
0 0.5020833333333333 0.27175925925925926 0.035416666666666666 0.03518518518518519
0 0.5802083333333333 0.26990740740740743 0.035416666666666666 0.03518518518518519
0 0.659375 0.2675925925925926 0.035416666666666666 0.03518518518518519
0 0.7375 0.26666666666666666 0.035416666666666666 0.03518518518518519
0 0.25833333333333336 0.3333333333333333 0.035416666666666666 0.03518518518518519
0 0.33958333333333335 0.3314814814814815 0.035416666666666666 0.03518518518518519
0 0.42083333333333334 0.3300925925925926 0.035416666666666666 0.03518518518518519
0 0.5020833333333333 0.3282407407407407 0.035416666666666666 0.03518518518518519
0 0.584375 0.32592592592592595 0.035416666666666666 0.03518518518518519
0 0.665625 0.32407407407407407 0.035416666666666666 0.03518518518518519
0 0.7489583333333333 0.32175925925925924 0.035416666666666666 0.03518518518518519
0 0.246875 0.39490740740740743 0.035416666666666666 0.03518518518518519
0 0.33125 0.3925925925925926 0.035416666666666666 0.03518518518518519
0 0.4166666666666667 0.3907407407407407 0.035416666666666666 0.03518518518518519
0 0.5020833333333333 0.38981481481481484 0.035416666666666666 0.03518518518518519
0 0.5875 0.3875 0.035416666666666666 0.03518518518518519
0 0.6739583333333333 0.3851851851851852 0.035416666666666666 0.03518518518518519
0 0.7604166666666666 0.38333333333333336 0.035416666666666666 0.03518518518518519
0 0.234375 0.4615740740740741 0.035416666666666666 0.03518518518518519
0 0.32395833333333335 0.4601851851851852 0.035416666666666666 0.03518518518518519
0 0.4125 0.4583333333333333 0.035416666666666666 0.03518518518518519
0 0.5020833333333333 0.4564814814814815 0.035416666666666666 0.03518518518518519
0 0.5916666666666667 0.45416666666666666 0.035416666666666666 0.03518518518518519
0 0.6822916666666666 0.4532407407407407 0.035416666666666666 0.03518518518518519
0 0.7729166666666667 0.45092592592592595 0.035416666666666666 0.03518518518518519
0 0.22083333333333333 0.5351851851851852 0.035416666666666666 0.03518518518518519
0 0.3145833333333333 0.5333333333333333 0.035416666666666666 0.03518518518518519
0 0.4083333333333333 0.5324074074074074 0.035416666666666666 0.03518518518518519
0 0.5020833333333333 0.5300925925925926 0.035416666666666666 0.03518518518518519
0 0.596875 0.5291666666666667 0.035416666666666666 0.03518518518518519
0 0.6916666666666667 0.5268518518518519 0.035416666666666666 0.03518518518518519
0 0.7875 0.525 0.035416666666666666 0.03518518518518519
0 0.20625 0.6175925925925926 0.035416666666666666 0.03518518518518519
0 0.30416666666666664 0.6157407407407407 0.035416666666666666 0.03518518518518519
0 0.403125 0.6148148148148148 0.035416666666666666 0.03518518518518519
0 0.5020833333333333 0.6125 0.035416666666666666 0.03518518518518519
0 0.6020833333333333 0.6101851851851852 0.035416666666666666 0.03518518518518519
0 0.7020833333333333 0.6092592592592593 0.035416666666666666 0.03518518518518519
0 0.8020833333333334 0.6074074074074074 0.035416666666666666 0.03518518518518519