0 0.6572916666666667 0.16527777777777777 0.025 0.03333333333333333
0 0.5885416666666666 0.17083333333333334 0.025 0.03333333333333333
0 0.5197916666666667 0.1763888888888889 0.025 0.03333333333333333
0 0.4510416666666667 0.18194444444444444 0.025 0.03333333333333333
0 0.38125 0.18888888888888888 0.025 0.03333333333333333
0 0.31145833333333334 0.19444444444444445 0.025 0.03333333333333333
0 0.240625 0.2 0.025 0.03333333333333333
0 0.6708333333333333 0.23055555555555557 0.025 0.03333333333333333
0 0.5989583333333334 0.2361111111111111 0.025 0.03333333333333333
0 0.5270833333333333 0.24305555555555555 0.025 0.03333333333333333
0 0.45416666666666666 0.24861111111111112 0.025 0.03333333333333333
0 0.38125 0.25555555555555554 0.025 0.03333333333333333
0 0.30833333333333335 0.2625 0.025 0.03333333333333333
0 0.234375 0.26805555555555555 0.025 0.03333333333333333
0 0.684375 0.30277777777777776 0.025 0.03333333333333333
0 0.609375 0.30833333333333335 0.025 0.03333333333333333
0 0.5333333333333333 0.31527777777777777 0.025 0.03333333333333333
0 0.45729166666666665 0.32222222222222224 0.025 0.03333333333333333
0 0.38125 0.32916666666666666 0.025 0.03333333333333333
0 0.30416666666666664 0.33611111111111114 0.025 0.03333333333333333
0 0.22708333333333333 0.34305555555555556 0.025 0.03333333333333333
0 0.7010416666666667 0.3819444444444444 0.025 0.03333333333333333
0 0.6208333333333333 0.3888888888888889 0.025 0.03333333333333333
0 0.5416666666666666 0.3958333333333333 0.025 0.03333333333333333
0 0.46145833333333336 0.4041666666666667 0.025 0.03333333333333333
0 0.38125 0.4111111111111111 0.025 0.03333333333333333
0 0.3 0.41805555555555557 0.025 0.03333333333333333
0 0.21875 0.4263888888888889 0.025 0.03333333333333333
0 0.7177083333333333 0.46944444444444444 0.025 0.03333333333333333
0 0.634375 0.4777777777777778 0.025 0.03333333333333333
0 0.55 0.4861111111111111 0.025 0.03333333333333333
0 0.465625 0.4930555555555556 0.025 0.03333333333333333
0 0.38125 0.5013888888888889 0.025 0.03333333333333333
0 0.29583333333333334 0.5097222222222222 0.025 0.03333333333333333
0 0.209375 0.5180555555555556 0.025 0.03333333333333333
0 0.7375 0.5680555555555555 0.025 0.03333333333333333
0 0.6489583333333333 0.5763888888888888 0.025 0.03333333333333333
0 0.5604166666666667 0.5861111111111111 0.025 0.03333333333333333
0 0.4708333333333333 0.5944444444444444 0.025 0.03333333333333333
0 0.38125 0.6027777777777777 0.025 0.03333333333333333
0 0.290625 0.6125 0.025 0.03333333333333333
0 0.19895833333333332 0.6208333333333333 0.025 0.03333333333333333
0 0.759375 0.6777777777777778 0.025 0.03333333333333333
0 0.665625 0.6875 0.025 0.03333333333333333
0 0.571875 0.6972222222222222 0.025 0.03333333333333333
0 0.47604166666666664 0.7069444444444445 0.025 0.03333333333333333
0 0.38125 0.7180555555555556 0.025 0.03333333333333333
0 0.284375 0.7277777777777777 0.025 0.03333333333333333
0 0.1875 0.7375 0.025 0.03333333333333333