0 0.33125 0.6138888888888889 0.020833333333333332 0.027777777777777776
0 0.4083333333333333 0.6097222222222223 0.020833333333333332 0.027777777777777776
0 0.48333333333333334 0.6069444444444444 0.020833333333333332 0.027777777777777776
0 0.559375 0.6027777777777777 0.020833333333333332 0.027777777777777776
0 0.634375 0.6 0.020833333333333332 0.027777777777777776
0 0.709375 0.5958333333333333 0.020833333333333332 0.027777777777777776
0 0.784375 0.5916666666666667 0.020833333333333332 0.027777777777777776
0 0.33645833333333336 0.5305555555555556 0.020833333333333332 0.027777777777777776
0 0.409375 0.5263888888888889 0.020833333333333332 0.027777777777777776
0 0.48125 0.5236111111111111 0.020833333333333332 0.027777777777777776
0 0.553125 0.5208333333333334 0.020833333333333332 0.027777777777777776
0 0.625 0.5166666666666667 0.020833333333333332 0.027777777777777776
0 0.6958333333333333 0.5138888888888888 0.020833333333333332 0.027777777777777776
0 0.7677083333333333 0.5111111111111111 0.020833333333333332 0.027777777777777776
0 0.3416666666666667 0.45416666666666666 0.020833333333333332 0.027777777777777776
0 0.41041666666666665 0.4513888888888889 0.020833333333333332 0.027777777777777776
0 0.4791666666666667 0.4486111111111111 0.020833333333333332 0.027777777777777776
0 0.5479166666666667 0.44583333333333336 0.020833333333333332 0.027777777777777776
0 0.615625 0.44305555555555554 0.020833333333333332 0.027777777777777776
0 0.684375 0.4388888888888889 0.020833333333333332 0.027777777777777776
0 0.7520833333333333 0.4361111111111111 0.020833333333333332 0.027777777777777776
0 0.34479166666666666 0.38472222222222224 0.020833333333333332 0.027777777777777776
0 0.4114583333333333 0.38333333333333336 0.020833333333333332 0.027777777777777776
0 0.47708333333333336 0.38055555555555554 0.020833333333333332 0.027777777777777776
0 0.5427083333333333 0.37777777777777777 0.020833333333333332 0.027777777777777776
0 0.6083333333333333 0.375 0.020833333333333332 0.027777777777777776
0 0.6729166666666667 0.37222222222222223 0.020833333333333332 0.027777777777777776
0 0.7375 0.36944444444444446 0.020833333333333332 0.027777777777777776
0 0.3489583333333333 0.32222222222222224 0.020833333333333332 0.027777777777777776
0 0.4125 0.3194444444444444 0.020833333333333332 0.027777777777777776
0 0.475 0.31666666666666665 0.020833333333333332 0.027777777777777776
0 0.5375 0.31527777777777777 0.020833333333333332 0.027777777777777776
0 0.6 0.3125 0.020833333333333332 0.027777777777777776
0 0.6625 0.30972222222222223 0.020833333333333332 0.027777777777777776
0 0.725 0.30694444444444446 0.020833333333333332 0.027777777777777776
0 0.35208333333333336 0.2638888888888889 0.020833333333333332 0.027777777777777776
0 0.41354166666666664 0.2625 0.020833333333333332 0.027777777777777776
0 0.47291666666666665 0.25972222222222224 0.020833333333333332 0.027777777777777776
0 0.5333333333333333 0.2569444444444444 0.020833333333333332 0.027777777777777776
0 0.59375 0.25555555555555554 0.020833333333333332 0.027777777777777776
0 0.653125 0.25277777777777777 0.020833333333333332 0.027777777777777776
0 0.7135416666666666 0.25 0.020833333333333332 0.027777777777777776
0 0.35520833333333335 0.2111111111111111 0.020833333333333332 0.027777777777777776
0 0.41354166666666664 0.20833333333333334 0.020833333333333332 0.027777777777777776
0 0.471875 0.20694444444444443 0.020833333333333332 0.027777777777777776
0 0.5291666666666667 0.20416666666666666 0.020833333333333332 0.027777777777777776
0 0.5875 0.20277777777777778 0.020833333333333332 0.027777777777777776
0 0.6447916666666667 0.2 0.020833333333333332 0.027777777777777776
0 0.7020833333333333 0.1986111111111111 0.020833333333333332 0.027777777777777776