0 0.734375 0.22824074074074074 0.035416666666666666 0.03518518518518519
0 0.6572916666666667 0.225 0.035416666666666666 0.03518518518518519
0 0.58125 0.22175925925925927 0.035416666666666666 0.03518518518518519
0 0.5052083333333334 0.2199074074074074 0.035416666666666666 0.03518518518518519
0 0.42916666666666664 0.21666666666666667 0.035416666666666666 0.03518518518518519
0 0.3541666666666667 0.21342592592592594 0.035416666666666666 0.03518518518518519
0 0.2791666666666667 0.21157407407407408 0.035416666666666666 0.03518518518518519
0 0.7416666666666667 0.2824074074074074 0.035416666666666666 0.03518518518518519
0 0.6614583333333334 0.2791666666666667 0.035416666666666666 0.03518518518518519
0 0.5822916666666667 0.2759259259259259 0.035416666666666666 0.03518518518518519
0 0.503125 0.27314814814814814 0.035416666666666666 0.03518518518518519
0 0.4239583333333333 0.26990740740740743 0.035416666666666666 0.03518518518518519
0 0.3458333333333333 0.26666666666666666 0.035416666666666666 0.03518518518518519
0 0.2677083333333333 0.26342592592592595 0.035416666666666666 0.03518518518518519
0 0.7489583333333333 0.34074074074074073 0.035416666666666666 0.03518518518518519
0 0.665625 0.3375 0.035416666666666666 0.03518518518518519
0 0.5822916666666667 0.3333333333333333 0.035416666666666666 0.03518518518518519
0 0.5 0.3300925925925926 0.035416666666666666 0.03518518518518519
0 0.41770833333333335 0.32685185185185184 0.035416666666666666 0.03518518518518519
0 0.33645833333333336 0.32407407407407407 0.035416666666666666 0.03518518518518519
0 0.25416666666666665 0.32083333333333336 0.035416666666666666 0.03518518518518519
0 0.75625 0.4041666666666667 0.035416666666666666 0.03518518518518519
0 0.6697916666666667 0.4 0.035416666666666666 0.03518518518518519
0 0.5833333333333334 0.39675925925925926 0.035416666666666666 0.03518518518518519
0 0.496875 0.39351851851851855 0.035416666666666666 0.03518518518518519
0 0.4114583333333333 0.38981481481481484 0.035416666666666666 0.03518518518518519
0 0.3260416666666667 0.38657407407407407 0.035416666666666666 0.03518518518518519
0 0.240625 0.38333333333333336 0.035416666666666666 0.03518518518518519
0 0.765625 0.4740740740740741 0.035416666666666666 0.03518518518518519
0 0.675 0.4699074074074074 0.035416666666666666 0.03518518518518519
0 0.584375 0.46574074074074073 0.035416666666666666 0.03518518518518519
0 0.49375 0.4625 0.035416666666666666 0.03518518518518519
0 0.4041666666666667 0.4583333333333333 0.035416666666666666 0.03518518518518519
0 0.315625 0.45416666666666666 0.035416666666666666 0.03518518518518519
0 0.22604166666666667 0.45092592592592595 0.035416666666666666 0.03518518518518519
0 0.775 0.55 0.035416666666666666 0.03518518518518519
0 0.6802083333333333 0.5458333333333333 0.035416666666666666 0.03518518518518519
0 0.5854166666666667 0.5416666666666666 0.035416666666666666 0.03518518518518519
0 0.490625 0.5375 0.035416666666666666 0.03518518518518519
0 0.396875 0.5333333333333333 0.035416666666666666 0.03518518518518519
0 0.303125 0.5291666666666667 0.035416666666666666 0.03518518518518519
0 0.209375 0.525 0.035416666666666666 0.03518518518518519
0 0.7864583333333334 0.6342592592592593 0.035416666666666666 0.03518518518518519
0 0.6854166666666667 0.6291666666666667 0.035416666666666666 0.03518518518518519
0 0.5864583333333333 0.625 0.035416666666666666 0.03518518518518519
0 0.4864583333333333 0.6208333333333333 0.035416666666666666 0.03518518518518519
0 0.3885416666666667 0.6157407407407407 0.035416666666666666 0.03518518518518519
0 0.28958333333333336 0.611574074074074 0.035416666666666666 0.03518518518518519
0 0.19166666666666668 0.6064814814814815 0.035416666666666666 0.03518518518518519