0 0.30833333333333335 0.37777777777777777 0.01875 0.025
0 0.3020833333333333 0.44027777777777777 0.01875 0.025
0 0.296875 0.5069444444444444 0.01875 0.025
0 0.290625 0.5777777777777777 0.01875 0.025
0 0.2833333333333333 0.6541666666666667 0.01875 0.025
0 0.2760416666666667 0.7347222222222223 0.01875 0.025
0 0.26875 0.8222222222222222 0.01875 0.025
0 0.37083333333333335 0.37777777777777777 0.01875 0.025
0 0.36666666666666664 0.44166666666666665 0.01875 0.025
0 0.36354166666666665 0.5083333333333333 0.01875 0.025
0 0.359375 0.5791666666666667 0.01875 0.025
0 0.3541666666666667 0.6555555555555556 0.01875 0.025
0 0.35 0.7361111111111112 0.01875 0.025
0 0.34479166666666666 0.8222222222222222 0.01875 0.025
0 0.43333333333333335 0.37916666666666665 0.01875 0.025
0 0.43125 0.44166666666666665 0.01875 0.025
0 0.42916666666666664 0.5083333333333333 0.01875 0.025
0 0.4270833333333333 0.5805555555555556 0.01875 0.025
0 0.425 0.6555555555555556 0.01875 0.025
0 0.42291666666666666 0.7375 0.01875 0.025
0 0.42083333333333334 0.8236111111111111 0.01875 0.025
0 0.49583333333333335 0.37916666666666665 0.01875 0.025
0 0.49583333333333335 0.44305555555555554 0.01875 0.025
0 0.49583333333333335 0.5097222222222222 0.01875 0.025
0 0.49583333333333335 0.5805555555555556 0.01875 0.025
0 0.49583333333333335 0.6569444444444444 0.01875 0.025
0 0.496875 0.7375 0.01875 0.025
0 0.496875 0.825 0.01875 0.025
0 0.559375 0.38055555555555554 0.01875 0.025
0 0.5604166666666667 0.44305555555555554 0.01875 0.025
0 0.5625 0.5111111111111111 0.01875 0.025
0 0.5645833333333333 0.5819444444444445 0.01875 0.025
0 0.5677083333333334 0.6583333333333333 0.01875 0.025
0 0.5697916666666667 0.7388888888888889 0.01875 0.025
0 0.5729166666666666 0.8263888888888888 0.01875 0.025
0 0.621875 0.38055555555555554 0.01875 0.025
0 0.625 0.4444444444444444 0.01875 0.025
0 0.6291666666666667 0.5111111111111111 0.01875 0.025
0 0.634375 0.5833333333333334 0.01875 0.025
0 0.6385416666666667 0.6583333333333333 0.01875 0.025
0 0.64375 0.7402777777777778 0.01875 0.025
0 0.6489583333333333 0.8277777777777777 0.01875 0.025
0 0.684375 0.3819444444444444 0.01875 0.025
0 0.690625 0.44583333333333336 0.01875 0.025
0 0.6958333333333333 0.5125 0.01875 0.025
0 0.703125 0.5833333333333334 0.01875 0.025
0 0.709375 0.6597222222222222 0.01875 0.025
0 0.7166666666666667 0.7416666666666667 0.01875 0.025
0 0.725 0.8277777777777777 0.01875 0.025