0 0.30833333333333335 0.3819444444444444 0.01875 0.025
0 0.303125 0.44305555555555554 0.01875 0.025
0 0.296875 0.5083333333333333 0.01875 0.025
0 0.28958333333333336 0.5777777777777777 0.01875 0.025
0 0.2833333333333333 0.6527777777777778 0.01875 0.025
0 0.2760416666666667 0.7319444444444444 0.01875 0.025
0 0.2677083333333333 0.8166666666666667 0.01875 0.025
0 0.3697916666666667 0.3819444444444444 0.01875 0.025
0 0.36666666666666664 0.44305555555555554 0.01875 0.025
0 0.3625 0.5083333333333333 0.01875 0.025
0 0.3572916666666667 0.5791666666666667 0.01875 0.025
0 0.353125 0.6527777777777778 0.01875 0.025
0 0.34791666666666665 0.7333333333333333 0.01875 0.025
0 0.34270833333333334 0.8180555555555555 0.01875 0.025
0 0.4322916666666667 0.3819444444444444 0.01875 0.025
0 0.43020833333333336 0.44305555555555554 0.01875 0.025
0 0.428125 0.5097222222222222 0.01875 0.025
0 0.42604166666666665 0.5791666666666667 0.01875 0.025
0 0.42291666666666666 0.6541666666666667 0.01875 0.025
0 0.42083333333333334 0.7333333333333333 0.01875 0.025
0 0.41770833333333335 0.8194444444444444 0.01875 0.025
0 0.4947916666666667 0.3819444444444444 0.01875 0.025
0 0.49375 0.44305555555555554 0.01875 0.025
0 0.49375 0.5097222222222222 0.01875 0.025
0 0.49375 0.5791666666666667 0.01875 0.025
0 0.49375 0.6541666666666667 0.01875 0.025
0 0.49375 0.7347222222222223 0.01875 0.025
0 0.49270833333333336 0.8194444444444444 0.01875 0.025
0 0.55625 0.3819444444444444 0.01875 0.025
0 0.5583333333333333 0.44305555555555554 0.01875 0.025
0 0.5604166666666667 0.5097222222222222 0.01875 0.025
0 0.5625 0.5791666666666667 0.01875 0.025
0 0.5645833333333333 0.6541666666666667 0.01875 0.025
0 0.5666666666666667 0.7347222222222223 0.01875 0.025
0 0.56875 0.8208333333333333 0.01875 0.025
0 0.61875 0.3819444444444444 0.01875 0.025
0 0.6229166666666667 0.4444444444444444 0.01875 0.025
0 0.6260416666666667 0.5097222222222222 0.01875 0.025
0 0.6302083333333334 0.5805555555555556 0.01875 0.025
0 0.6354166666666666 0.6555555555555556 0.01875 0.025
0 0.6395833333333333 0.7347222222222223 0.01875 0.025
0 0.6447916666666667 0.8208333333333333 0.01875 0.025
0 0.68125 0.3819444444444444 0.01875 0.025
0 0.6875 0.4444444444444444 0.01875 0.025
0 0.6927083333333334 0.5097222222222222 0.01875 0.025
0 0.6989583333333333 0.5805555555555556 0.01875 0.025
0 0.70625 0.6555555555555556 0.01875 0.025
0 0.7135416666666666 0.7361111111111112 0.01875 0.025
0 0.7208333333333333 0.8222222222222222 0.01875 0.025