0 0.6770833333333334 0.1625 0.025 0.03333333333333333
0 0.609375 0.16527777777777777 0.025 0.03333333333333333
0 0.540625 0.16805555555555557 0.025 0.03333333333333333
0 0.47291666666666665 0.17083333333333334 0.025 0.03333333333333333
0 0.4041666666666667 0.17222222222222222 0.025 0.03333333333333333
0 0.33645833333333336 0.175 0.025 0.03333333333333333
0 0.2677083333333333 0.17777777777777778 0.025 0.03333333333333333
0 0.6885416666666667 0.22777777777777777 0.025 0.03333333333333333
0 0.6166666666666667 0.23055555555555557 0.025 0.03333333333333333
0 0.5458333333333333 0.23333333333333334 0.025 0.03333333333333333
0 0.4739583333333333 0.2361111111111111 0.025 0.03333333333333333
0 0.403125 0.2388888888888889 0.025 0.03333333333333333
0 0.33125 0.24166666666666667 0.025 0.03333333333333333
0 0.259375 0.24444444444444444 0.025 0.03333333333333333
0 0.7 0.3 0.025 0.03333333333333333
0 0.6260416666666667 0.30277777777777776 0.025 0.03333333333333333
0 0.5510416666666667 0.3055555555555556 0.025 0.03333333333333333
0 0.47604166666666664 0.30972222222222223 0.025 0.03333333333333333
0 0.4010416666666667 0.3125 0.025 0.03333333333333333
0 0.3260416666666667 0.31527777777777777 0.025 0.03333333333333333
0 0.25104166666666666 0.31805555555555554 0.025 0.03333333333333333
0 0.7135416666666666 0.37916666666666665 0.025 0.03333333333333333
0 0.6354166666666666 0.38333333333333336 0.025 0.03333333333333333
0 0.55625 0.3861111111111111 0.025 0.03333333333333333
0 0.478125 0.3888888888888889 0.025 0.03333333333333333
0 0.39895833333333336 0.39305555555555555 0.025 0.03333333333333333
0 0.31979166666666664 0.3958333333333333 0.025 0.03333333333333333
0 0.240625 0.39861111111111114 0.025 0.03333333333333333
0 0.7291666666666666 0.46805555555555556 0.025 0.03333333333333333
0 0.6458333333333334 0.4722222222222222 0.025 0.03333333333333333
0 0.5625 0.475 0.025 0.03333333333333333
0 0.48020833333333335 0.4777777777777778 0.025 0.03333333333333333
0 0.396875 0.48194444444444445 0.025 0.03333333333333333
0 0.31354166666666666 0.4847222222222222 0.025 0.03333333333333333
0 0.23020833333333332 0.4888888888888889 0.025 0.03333333333333333
0 0.7458333333333333 0.5666666666666667 0.025 0.03333333333333333
0 0.6583333333333333 0.5708333333333333 0.025 0.03333333333333333
0 0.5697916666666667 0.5736111111111111 0.025 0.03333333333333333
0 0.4822916666666667 0.5777777777777777 0.025 0.03333333333333333
0 0.39375 0.5805555555555556 0.025 0.03333333333333333
0 0.30625 0.5847222222222223 0.025 0.03333333333333333
0 0.21770833333333334 0.5888888888888889 0.025 0.03333333333333333
0 0.7645833333333333 0.6777777777777778 0.025 0.03333333333333333
0 0.6708333333333333 0.6819444444444445 0.025 0.03333333333333333
0 0.578125 0.6847222222222222 0.025 0.03333333333333333
0 0.484375 0.6888888888888889 0.025 0.03333333333333333
0 0.390625 0.6930555555555555 0.025 0.03333333333333333
0 0.29791666666666666 0.6972222222222222 0.025 0.03333333333333333
0 0.20416666666666666 0.7013888888888888 0.025 0.03333333333333333