0 0.7 0.12638888888888888 0.022916666666666665 0.03425925925925926
0 0.6260416666666667 0.12453703703703704 0.022916666666666665 0.03425925925925926
0 0.55 0.12314814814814815 0.022916666666666665 0.03425925925925926
0 0.475 0.12129629629629629 0.022916666666666665 0.03425925925925926
0 0.39895833333333336 0.12129629629629629 0.022916666666666665 0.03425925925925926
0 0.321875 0.11990740740740741 0.022916666666666665 0.03425925925925926
0 0.24583333333333332 0.11851851851851852 0.022916666666666665 0.03425925925925926
0 0.7114583333333333 0.20416666666666666 0.022916666666666665 0.03425925925925926
0 0.6333333333333333 0.2023148148148148 0.022916666666666665 0.03425925925925926
0 0.55625 0.20092592592592592 0.022916666666666665 0.03425925925925926
0 0.478125 0.20092592592592592 0.022916666666666665 0.03425925925925926
0 0.39895833333333336 0.19953703703703704 0.022916666666666665 0.03425925925925926
0 0.31979166666666664 0.19768518518518519 0.022916666666666665 0.03425925925925926
0 0.23958333333333334 0.1962962962962963 0.022916666666666665 0.03425925925925926
0 0.7229166666666667 0.287962962962963 0.022916666666666665 0.03425925925925926
0 0.6427083333333333 0.2865740740740741 0.022916666666666665 0.03425925925925926
0 0.5625 0.2851851851851852 0.022916666666666665 0.03425925925925926
0 0.48125 0.2851851851851852 0.022916666666666665 0.03425925925925926
0 0.39895833333333336 0.2833333333333333 0.022916666666666665 0.03425925925925926
0 0.31666666666666665 0.28194444444444444 0.022916666666666665 0.03425925925925926
0 0.234375 0.28194444444444444 0.022916666666666665 0.03425925925925926
0 0.7354166666666667 0.3768518518518518 0.022916666666666665 0.03425925925925926
0 0.6520833333333333 0.3768518518518518 0.022916666666666665 0.03425925925925926
0 0.56875 0.37546296296296294 0.022916666666666665 0.03425925925925926
0 0.484375 0.37546296296296294 0.022916666666666665 0.03425925925925926
0 0.39895833333333336 0.3736111111111111 0.022916666666666665 0.03425925925925926
0 0.31354166666666666 0.3736111111111111 0.022916666666666665 0.03425925925925926
0 0.22708333333333333 0.3736111111111111 0.022916666666666665 0.03425925925925926
0 0.7489583333333333 0.475 0.022916666666666665 0.03425925925925926
0 0.6625 0.4736111111111111 0.022916666666666665 0.03425925925925926
0 0.5760416666666667 0.4736111111111111 0.022916666666666665 0.03425925925925926
0 0.4875 0.4736111111111111 0.022916666666666665 0.03425925925925926
0 0.39895833333333336 0.4736111111111111 0.022916666666666665 0.03425925925925926
0 0.3104166666666667 0.47175925925925927 0.022916666666666665 0.03425925925925926
0 0.22083333333333333 0.47175925925925927 0.022916666666666665 0.03425925925925926
0 0.7645833333333333 0.5796296296296296 0.022916666666666665 0.03425925925925926
0 0.6739583333333333 0.5796296296296296 0.022916666666666665 0.03425925925925926
0 0.5833333333333334 0.5796296296296296 0.022916666666666665 0.03425925925925926
0 0.49166666666666664 0.5796296296296296 0.022916666666666665 0.03425925925925926
0 0.4 0.5796296296296296 0.022916666666666665 0.03425925925925926
0 0.30625 0.5796296296296296 0.022916666666666665 0.03425925925925926
0 0.21354166666666666 0.5796296296296296 0.022916666666666665 0.03425925925925926
0 0.7802083333333333 0.6949074074074074 0.022916666666666665 0.03425925925925926
0 0.6864583333333333 0.6949074074074074 0.022916666666666665 0.03425925925925926
0 0.5916666666666667 0.6949074074074074 0.022916666666666665 0.03425925925925926
0 0.49583333333333335 0.6949074074074074 0.022916666666666665 0.03425925925925926
0 0.4 0.6962962962962963 0.022916666666666665 0.03425925925925926
0 0.303125 0.6962962962962963 0.022916666666666665 0.03425925925925926
0 0.20520833333333333 0.6962962962962963 0.022916666666666665 0.03425925925925926