0 0.709375 0.36157407407407405 0.03125 0.03148148148148148
0 0.6416666666666667 0.36157407407407405 0.03125 0.03148148148148148
0 0.5739583333333333 0.36018518518518516 0.03125 0.03148148148148148
0 0.50625 0.36018518518518516 0.03125 0.03148148148148148
0 0.43854166666666666 0.36018518518518516 0.03125 0.03148148148148148
0 0.3697916666666667 0.36018518518518516 0.03125 0.03148148148148148
0 0.3020833333333333 0.3592592592592593 0.03125 0.03148148148148148
0 0.71875 0.41574074074074074 0.03125 0.03148148148148148
0 0.6479166666666667 0.41574074074074074 0.03125 0.03148148148148148
0 0.5770833333333333 0.41574074074074074 0.03125 0.03148148148148148
0 0.50625 0.4148148148148148 0.03125 0.03148148148148148
0 0.4354166666666667 0.4148148148148148 0.03125 0.03148148148148148
0 0.3645833333333333 0.4148148148148148 0.03125 0.03148148148148148
0 0.29375 0.4134259259259259 0.03125 0.03148148148148148
0 0.728125 0.475 0.03125 0.03148148148148148
0 0.6541666666666667 0.475 0.03125 0.03148148148148148
0 0.5802083333333333 0.475 0.03125 0.03148148148148148
0 0.50625 0.4740740740740741 0.03125 0.03148148148148148
0 0.4322916666666667 0.4740740740740741 0.03125 0.03148148148148148
0 0.35833333333333334 0.4740740740740741 0.03125 0.03148148148148148
0 0.284375 0.47314814814814815 0.03125 0.03148148148148148
0 0.7385416666666667 0.5407407407407407 0.03125 0.03148148148148148
0 0.6614583333333334 0.5398148148148149 0.03125 0.03148148148148148
0 0.5833333333333334 0.5398148148148149 0.03125 0.03148148148148148
0 0.50625 0.5398148148148149 0.03125 0.03148148148148148
0 0.428125 0.538425925925926 0.03125 0.03148148148148148
0 0.35104166666666664 0.538425925925926 0.03125 0.03148148148148148
0 0.27395833333333336 0.538425925925926 0.03125 0.03148148148148148
0 0.7510416666666667 0.6125 0.03125 0.03148148148148148
0 0.66875 0.611574074074074 0.03125 0.03148148148148148
0 0.5875 0.611574074074074 0.03125 0.03148148148148148
0 0.50625 0.6101851851851852 0.03125 0.03148148148148148
0 0.425 0.6101851851851852 0.03125 0.03148148148148148
0 0.34375 0.6101851851851852 0.03125 0.03148148148148148
0 0.2625 0.6092592592592593 0.03125 0.03148148148148148
0 0.7635416666666667 0.6916666666666667 0.03125 0.03148148148148148
0 0.678125 0.6907407407407408 0.03125 0.03148148148148148
0 0.5916666666666667 0.6907407407407408 0.03125 0.03148148148148148
0 0.50625 0.6898148148148148 0.03125 0.03148148148148148
0 0.42083333333333334 0.6898148148148148 0.03125 0.03148148148148148
0 0.33541666666666664 0.6898148148148148 0.03125 0.03148148148148148
0 0.24895833333333334 0.6884259259259259 0.03125 0.03148148148148148
0 0.778125 0.7791666666666667 0.03125 0.03148148148148148
0 0.6875 0.7791666666666667 0.03125 0.03148148148148148
0 0.596875 0.7782407407407408 0.03125 0.03148148148148148
0 0.50625 0.7782407407407408 0.03125 0.03148148148148148
0 0.415625 0.7768518518518519 0.03125 0.03148148148148148
0 0.3260416666666667 0.7768518518518519 0.03125 0.03148148148148148
0 0.23541666666666666 0.7768518518518519 0.03125 0.03148148148148148