0 0.7135416666666666 0.18055555555555555 0.025 0.03333333333333333
0 0.6447916666666667 0.17916666666666667 0.025 0.03333333333333333
0 0.5760416666666667 0.17777777777777778 0.025 0.03333333333333333
0 0.5083333333333333 0.1763888888888889 0.025 0.03333333333333333
0 0.440625 0.175 0.025 0.03333333333333333
0 0.371875 0.1736111111111111 0.025 0.03333333333333333
0 0.30416666666666664 0.17222222222222222 0.025 0.03333333333333333
0 0.721875 0.24583333333333332 0.025 0.03333333333333333
0 0.65 0.24444444444444444 0.025 0.03333333333333333
0 0.578125 0.24305555555555555 0.025 0.03333333333333333
0 0.5072916666666667 0.24166666666666667 0.025 0.03333333333333333
0 0.4354166666666667 0.24027777777777778 0.025 0.03333333333333333
0 0.3645833333333333 0.2388888888888889 0.025 0.03333333333333333
0 0.29375 0.2375 0.025 0.03333333333333333
0 0.73125 0.3194444444444444 0.025 0.03333333333333333
0 0.65625 0.31666666666666665 0.025 0.03333333333333333
0 0.58125 0.31527777777777777 0.025 0.03333333333333333
0 0.50625 0.3138888888888889 0.025 0.03333333333333333
0 0.43125 0.3125 0.025 0.03333333333333333
0 0.35625 0.30972222222222223 0.025 0.03333333333333333
0 0.28229166666666666 0.30833333333333335 0.025 0.03333333333333333
0 0.7427083333333333 0.39861111111111114 0.025 0.03333333333333333
0 0.6625 0.3972222222222222 0.025 0.03333333333333333
0 0.5833333333333334 0.3958333333333333 0.025 0.03333333333333333
0 0.5041666666666667 0.39305555555555555 0.025 0.03333333333333333
0 0.42604166666666665 0.39166666666666666 0.025 0.03333333333333333
0 0.346875 0.3888888888888889 0.025 0.03333333333333333
0 0.26875 0.3875 0.025 0.03333333333333333
0 0.7541666666666667 0.4888888888888889 0.025 0.03333333333333333
0 0.6697916666666667 0.4861111111111111 0.025 0.03333333333333333
0 0.5864583333333333 0.48333333333333334 0.025 0.03333333333333333
0 0.503125 0.48194444444444445 0.025 0.03333333333333333
0 0.4197916666666667 0.4791666666666667 0.025 0.03333333333333333
0 0.33645833333333336 0.4777777777777778 0.025 0.03333333333333333
0 0.25416666666666665 0.475 0.025 0.03333333333333333
0 0.7677083333333333 0.5888888888888889 0.025 0.03333333333333333
0 0.678125 0.5861111111111111 0.025 0.03333333333333333
0 0.5895833333333333 0.5833333333333334 0.025 0.03333333333333333
0 0.5010416666666667 0.5805555555555556 0.025 0.03333333333333333
0 0.4125 0.5777777777777777 0.025 0.03333333333333333
0 0.325 0.5763888888888888 0.025 0.03333333333333333
0 0.2375 0.5736111111111111 0.025 0.03333333333333333
0 0.7822916666666667 0.7013888888888888 0.025 0.03333333333333333
0 0.6875 0.6986111111111111 0.025 0.03333333333333333
0 0.59375 0.6958333333333333 0.025 0.03333333333333333
0 0.49895833333333334 0.6930555555555555 0.025 0.03333333333333333
0 0.40520833333333334 0.6902777777777778 0.025 0.03333333333333333
0 0.31145833333333334 0.6875 0.025 0.03333333333333333
0 0.21875 0.6847222222222222 0.025 0.03333333333333333