0 0.7135416666666666 0.17453703703703705 0.022916666666666665 0.03425925925925926
0 0.6385416666666667 0.17453703703703705 0.022916666666666665 0.03425925925925926
0 0.5625 0.1726851851851852 0.022916666666666665 0.03425925925925926
0 0.4864583333333333 0.1726851851851852 0.022916666666666665 0.03425925925925926
0 0.41041666666666665 0.1726851851851852 0.022916666666666665 0.03425925925925926
0 0.3333333333333333 0.1712962962962963 0.022916666666666665 0.03425925925925926
0 0.25625 0.1712962962962963 0.022916666666666665 0.03425925925925926
0 0.725 0.2537037037037037 0.022916666666666665 0.03425925925925926
0 0.6479166666666667 0.2537037037037037 0.022916666666666665 0.03425925925925926
0 0.56875 0.2537037037037037 0.022916666666666665 0.03425925925925926
0 0.4895833333333333 0.2537037037037037 0.022916666666666665 0.03425925925925926
0 0.41041666666666665 0.2523148148148148 0.022916666666666665 0.03425925925925926
0 0.33125 0.2523148148148148 0.022916666666666665 0.03425925925925926
0 0.25104166666666666 0.2523148148148148 0.022916666666666665 0.03425925925925926
0 0.7375 0.33935185185185185 0.022916666666666665 0.03425925925925926
0 0.6572916666666667 0.33935185185185185 0.022916666666666665 0.03425925925925926
0 0.575 0.33935185185185185 0.022916666666666665 0.03425925925925926
0 0.49375 0.33935185185185185 0.022916666666666665 0.03425925925925926
0 0.4114583333333333 0.33935185185185185 0.022916666666666665 0.03425925925925926
0 0.328125 0.33935185185185185 0.022916666666666665 0.03425925925925926
0 0.24479166666666666 0.33935185185185185 0.022916666666666665 0.03425925925925926
0 0.7510416666666667 0.43148148148148147 0.022916666666666665 0.03425925925925926
0 0.6677083333333333 0.43287037037037035 0.022916666666666665 0.03425925925925926
0 0.5822916666666667 0.43287037037037035 0.022916666666666665 0.03425925925925926
0 0.496875 0.43287037037037035 0.022916666666666665 0.03425925925925926
0 0.4114583333333333 0.43287037037037035 0.022916666666666665 0.03425925925925926
0 0.325 0.43472222222222223 0.022916666666666665 0.03425925925925926
0 0.23854166666666668 0.43472222222222223 0.022916666666666665 0.03425925925925926
0 0.7666666666666667 0.5328703703703703 0.022916666666666665 0.03425925925925926
0 0.678125 0.5328703703703703 0.022916666666666665 0.03425925925925926
0 0.5895833333333333 0.5342592592592592 0.022916666666666665 0.03425925925925926
0 0.5010416666666667 0.5342592592592592 0.022916666666666665 0.03425925925925926
0 0.4114583333333333 0.5356481481481481 0.022916666666666665 0.03425925925925926
0 0.321875 0.5356481481481481 0.022916666666666665 0.03425925925925926
0 0.23125 0.5356481481481481 0.022916666666666665 0.03425925925925926
0 0.7822916666666667 0.6416666666666667 0.022916666666666665 0.03425925925925926
0 0.690625 0.6435185185185185 0.022916666666666665 0.03425925925925926
0 0.5979166666666667 0.6435185185185185 0.022916666666666665 0.03425925925925926
0 0.5052083333333334 0.6449074074074074 0.022916666666666665 0.03425925925925926
0 0.4125 0.6462962962962963 0.022916666666666665 0.03425925925925926
0 0.3177083333333333 0.6462962962962963 0.022916666666666665 0.03425925925925926
0 0.22291666666666668 0.6481481481481481 0.022916666666666665 0.03425925925925926
0 0.8 0.7615740740740741 0.022916666666666665 0.03425925925925926
0 0.7041666666666667 0.763425925925926 0.022916666666666665 0.03425925925925926
0 0.6072916666666667 0.7648148148148148 0.022916666666666665 0.03425925925925926
0 0.5104166666666666 0.7662037037037037 0.022916666666666665 0.03425925925925926
0 0.4125 0.7680555555555556 0.022916666666666665 0.03425925925925926
0 0.3145833333333333 0.7694444444444445 0.022916666666666665 0.03425925925925926
0 0.21458333333333332 0.7708333333333334 0.022916666666666665 0.03425925925925926