0 0.2125 0.6481481481481481 0.03333333333333333 0.03333333333333333
0 0.309375 0.649074074074074 0.03333333333333333 0.03333333333333333
0 0.40729166666666666 0.649074074074074 0.03333333333333333 0.03333333333333333
0 0.5041666666666667 0.65 0.03333333333333333 0.03333333333333333
0 0.6010416666666667 0.6509259259259259 0.03333333333333333 0.03333333333333333
0 0.6979166666666666 0.6518518518518519 0.03333333333333333 0.03333333333333333
0 0.7947916666666667 0.6518518518518519 0.03333333333333333 0.03333333333333333
0 0.221875 0.5550925925925926 0.03333333333333333 0.03333333333333333
0 0.31666666666666665 0.5564814814814815 0.03333333333333333 0.03333333333333333
0 0.41041666666666665 0.5574074074074075 0.03333333333333333 0.03333333333333333
0 0.5041666666666667 0.5583333333333333 0.03333333333333333 0.03333333333333333
0 0.5979166666666667 0.5592592592592592 0.03333333333333333 0.03333333333333333
0 0.6916666666666667 0.5592592592592592 0.03333333333333333 0.03333333333333333
0 0.7854166666666667 0.5601851851851852 0.03333333333333333 0.03333333333333333
0 0.23125 0.4699074074074074 0.03333333333333333 0.03333333333333333
0 0.3229166666666667 0.4708333333333333 0.03333333333333333 0.03333333333333333
0 0.41354166666666664 0.4708333333333333 0.03333333333333333 0.03333333333333333
0 0.5041666666666667 0.47175925925925927 0.03333333333333333 0.03333333333333333
0 0.5947916666666667 0.47314814814814815 0.03333333333333333 0.03333333333333333
0 0.6854166666666667 0.4740740740740741 0.03333333333333333 0.03333333333333333
0 0.7760416666666666 0.475 0.03333333333333333 0.03333333333333333
0 0.240625 0.38842592592592595 0.03333333333333333 0.03333333333333333
0 0.328125 0.38981481481481484 0.03333333333333333 0.03333333333333333
0 0.4166666666666667 0.3907407407407407 0.03333333333333333 0.03333333333333333
0 0.5041666666666667 0.39166666666666666 0.03333333333333333 0.03333333333333333
0 0.5927083333333333 0.3925925925925926 0.03333333333333333 0.03333333333333333
0 0.6802083333333333 0.39351851851851855 0.03333333333333333 0.03333333333333333
0 0.7677083333333333 0.39490740740740743 0.03333333333333333 0.03333333333333333
0 0.24895833333333334 0.31342592592592594 0.03333333333333333 0.03333333333333333
0 0.334375 0.3148148148148148 0.03333333333333333 0.03333333333333333
0 0.4197916666666667 0.31574074074074077 0.03333333333333333 0.03333333333333333
0 0.5041666666666667 0.31666666666666665 0.03333333333333333 0.03333333333333333
0 0.5895833333333333 0.31666666666666665 0.03333333333333333 0.03333333333333333
0 0.675 0.3175925925925926 0.03333333333333333 0.03333333333333333
0 0.759375 0.31851851851851853 0.03333333333333333 0.03333333333333333
0 0.25625 0.24259259259259258 0.03333333333333333 0.03333333333333333
0 0.33958333333333335 0.24351851851851852 0.03333333333333333 0.03333333333333333
0 0.421875 0.2449074074074074 0.03333333333333333 0.03333333333333333
0 0.5041666666666667 0.2449074074074074 0.03333333333333333 0.03333333333333333
0 0.5875 0.24583333333333332 0.03333333333333333 0.03333333333333333
0 0.6697916666666667 0.24675925925925926 0.03333333333333333 0.03333333333333333
0 0.7520833333333333 0.24814814814814815 0.03333333333333333 0.03333333333333333
0 0.2635416666666667 0.17592592592592593 0.03333333333333333 0.03333333333333333
0 0.34375 0.17592592592592593 0.03333333333333333 0.03333333333333333
0 0.4239583333333333 0.17685185185185184 0.03333333333333333 0.03333333333333333
0 0.5041666666666667 0.17824074074074073 0.03333333333333333 0.03333333333333333
0 0.584375 0.17916666666666667 0.03333333333333333 0.03333333333333333
0 0.6645833333333333 0.18009259259259258 0.03333333333333333 0.03333333333333333
0 0.7447916666666666 0.1814814814814815 0.03333333333333333 0.03333333333333333