0 0.653125 0.1763888888888889 0.025 0.03333333333333333
0 0.5875 0.17916666666666667 0.025 0.03333333333333333
0 0.5208333333333334 0.18194444444444444 0.025 0.03333333333333333
0 0.453125 0.18472222222222223 0.025 0.03333333333333333
0 0.384375 0.1875 0.025 0.03333333333333333
0 0.3145833333333333 0.19027777777777777 0.025 0.03333333333333333
0 0.24375 0.19305555555555556 0.025 0.03333333333333333
0 0.6677083333333333 0.2388888888888889 0.025 0.03333333333333333
0 0.5989583333333334 0.24166666666666667 0.025 0.03333333333333333
0 0.5291666666666667 0.24444444444444444 0.025 0.03333333333333333
0 0.4583333333333333 0.24861111111111112 0.025 0.03333333333333333
0 0.38645833333333335 0.2513888888888889 0.025 0.03333333333333333
0 0.31354166666666666 0.25555555555555554 0.025 0.03333333333333333
0 0.23958333333333334 0.25972222222222224 0.025 0.03333333333333333
0 0.684375 0.30694444444444446 0.025 0.03333333333333333
0 0.6125 0.3111111111111111 0.025 0.03333333333333333
0 0.5395833333333333 0.31527777777777777 0.025 0.03333333333333333
0 0.46458333333333335 0.3194444444444444 0.025 0.03333333333333333
0 0.38958333333333334 0.3236111111111111 0.025 0.03333333333333333
0 0.3125 0.3277777777777778 0.025 0.03333333333333333
0 0.234375 0.33194444444444443 0.025 0.03333333333333333
0 0.703125 0.3819444444444444 0.025 0.03333333333333333
0 0.6270833333333333 0.3875 0.025 0.03333333333333333
0 0.55 0.39166666666666666 0.025 0.03333333333333333
0 0.471875 0.3972222222222222 0.025 0.03333333333333333
0 0.3927083333333333 0.4027777777777778 0.025 0.03333333333333333
0 0.31145833333333334 0.4083333333333333 0.025 0.03333333333333333
0 0.228125 0.41388888888888886 0.025 0.03333333333333333
0 0.7229166666666667 0.4652777777777778 0.025 0.03333333333333333
0 0.64375 0.4722222222222222 0.025 0.03333333333333333
0 0.5625 0.4777777777777778 0.025 0.03333333333333333
0 0.48020833333333335 0.4847222222222222 0.025 0.03333333333333333
0 0.3958333333333333 0.49027777777777776 0.025 0.03333333333333333
0 0.309375 0.49722222222222223 0.025 0.03333333333333333
0 0.221875 0.5041666666666667 0.025 0.03333333333333333
0 0.7458333333333333 0.5597222222222222 0.025 0.03333333333333333
0 0.6614583333333334 0.5666666666666667 0.025 0.03333333333333333
0 0.5760416666666667 0.575 0.025 0.03333333333333333
0 0.48854166666666665 0.5819444444444445 0.025 0.03333333333333333
0 0.39895833333333336 0.5902777777777778 0.025 0.03333333333333333
0 0.3072916666666667 0.5986111111111111 0.025 0.03333333333333333
0 0.21458333333333332 0.6069444444444444 0.025 0.03333333333333333
0 0.771875 0.6652777777777777 0.025 0.03333333333333333
0 0.6822916666666666 0.675 0.025 0.03333333333333333
0 0.5916666666666667 0.6833333333333333 0.025 0.03333333333333333
0 0.4979166666666667 0.6930555555555555 0.025 0.03333333333333333
0 0.403125 0.7027777777777777 0.025 0.03333333333333333
0 0.30520833333333336 0.7125 0.025 0.03333333333333333
0 0.20625 0.7222222222222222 0.025 0.03333333333333333