0 0.28229166666666666 0.2300925925925926 0.03333333333333333 0.03333333333333333
0 0.3572916666666667 0.2300925925925926 0.03333333333333333 0.03333333333333333
0 0.4322916666666667 0.2300925925925926 0.03333333333333333 0.03333333333333333
0 0.5072916666666667 0.2300925925925926 0.03333333333333333 0.03333333333333333
0 0.58125 0.2300925925925926 0.03333333333333333 0.03333333333333333
0 0.65625 0.2300925925925926 0.03333333333333333 0.03333333333333333
0 0.7302083333333333 0.2300925925925926 0.03333333333333333 0.03333333333333333
0 0.2760416666666667 0.2833333333333333 0.03333333333333333 0.03333333333333333
0 0.3541666666666667 0.2833333333333333 0.03333333333333333 0.03333333333333333
0 0.4322916666666667 0.2833333333333333 0.03333333333333333 0.03333333333333333
0 0.5104166666666666 0.2833333333333333 0.03333333333333333 0.03333333333333333
0 0.5875 0.2833333333333333 0.03333333333333333 0.03333333333333333
0 0.6645833333333333 0.2833333333333333 0.03333333333333333 0.03333333333333333
0 0.7427083333333333 0.2833333333333333 0.03333333333333333 0.03333333333333333
0 0.26979166666666665 0.3416666666666667 0.03333333333333333 0.03333333333333333
0 0.35104166666666664 0.3416666666666667 0.03333333333333333 0.03333333333333333
0 0.4322916666666667 0.34074074074074073 0.03333333333333333 0.03333333333333333
0 0.5135416666666667 0.34074074074074073 0.03333333333333333 0.03333333333333333
0 0.5947916666666667 0.34074074074074073 0.03333333333333333 0.03333333333333333
0 0.675 0.34074074074074073 0.03333333333333333 0.03333333333333333
0 0.7552083333333334 0.34074074074074073 0.03333333333333333 0.03333333333333333
0 0.2625 0.4041666666666667 0.03333333333333333 0.03333333333333333
0 0.34791666666666665 0.4041666666666667 0.03333333333333333 0.03333333333333333
0 0.4322916666666667 0.4041666666666667 0.03333333333333333 0.03333333333333333
0 0.5166666666666667 0.4041666666666667 0.03333333333333333 0.03333333333333333
0 0.6010416666666667 0.40324074074074073 0.03333333333333333 0.03333333333333333
0 0.6854166666666667 0.40324074074074073 0.03333333333333333 0.03333333333333333
0 0.7697916666666667 0.40324074074074073 0.03333333333333333 0.03333333333333333
0 0.2552083333333333 0.47314814814814815 0.03333333333333333 0.03333333333333333
0 0.34375 0.47314814814814815 0.03333333333333333 0.03333333333333333
0 0.4322916666666667 0.47314814814814815 0.03333333333333333 0.03333333333333333
0 0.5208333333333334 0.47175925925925927 0.03333333333333333 0.03333333333333333
0 0.609375 0.47175925925925927 0.03333333333333333 0.03333333333333333
0 0.6979166666666666 0.47175925925925927 0.03333333333333333 0.03333333333333333
0 0.7854166666666667 0.4708333333333333 0.03333333333333333 0.03333333333333333
0 0.246875 0.549074074074074 0.03333333333333333 0.03333333333333333
0 0.33958333333333335 0.5481481481481482 0.03333333333333333 0.03333333333333333
0 0.4322916666666667 0.5481481481481482 0.03333333333333333 0.03333333333333333
0 0.5260416666666666 0.5481481481481482 0.03333333333333333 0.03333333333333333
0 0.6177083333333333 0.5467592592592593 0.03333333333333333 0.03333333333333333
0 0.7104166666666667 0.5467592592592593 0.03333333333333333 0.03333333333333333
0 0.803125 0.5458333333333333 0.03333333333333333 0.03333333333333333
0 0.2375 0.6324074074074074 0.03333333333333333 0.03333333333333333
0 0.33541666666666664 0.6314814814814815 0.03333333333333333 0.03333333333333333
0 0.43333333333333335 0.6314814814814815 0.03333333333333333 0.03333333333333333
0 0.5302083333333333 0.6300925925925925 0.03333333333333333 0.03333333333333333
0 0.628125 0.6300925925925925 0.03333333333333333 0.03333333333333333
0 0.725 0.6291666666666667 0.03333333333333333 0.03333333333333333
0 0.821875 0.6282407407407408 0.03333333333333333 0.03333333333333333