0 0.303125 0.3763888888888889 0.020833333333333332 0.027777777777777776
0 0.29791666666666666 0.4388888888888889 0.020833333333333332 0.027777777777777776
0 0.2916666666666667 0.5069444444444444 0.020833333333333332 0.027777777777777776
0 0.28541666666666665 0.5777777777777777 0.020833333333333332 0.027777777777777776
0 0.2791666666666667 0.6541666666666667 0.020833333333333332 0.027777777777777776
0 0.271875 0.7347222222222223 0.020833333333333332 0.027777777777777776
0 0.26458333333333334 0.8222222222222222 0.020833333333333332 0.027777777777777776
0 0.36666666666666664 0.3763888888888889 0.020833333333333332 0.027777777777777776
0 0.36354166666666665 0.44027777777777777 0.020833333333333332 0.027777777777777776
0 0.359375 0.5069444444444444 0.020833333333333332 0.027777777777777776
0 0.35520833333333335 0.5791666666666667 0.020833333333333332 0.027777777777777776
0 0.35104166666666664 0.6555555555555556 0.020833333333333332 0.027777777777777776
0 0.346875 0.7361111111111112 0.020833333333333332 0.027777777777777776
0 0.3416666666666667 0.8222222222222222 0.020833333333333332 0.027777777777777776
0 0.43020833333333336 0.37777777777777777 0.020833333333333332 0.027777777777777776
0 0.42916666666666664 0.44166666666666665 0.020833333333333332 0.027777777777777776
0 0.4270833333333333 0.5083333333333333 0.020833333333333332 0.027777777777777776
0 0.425 0.5791666666666667 0.020833333333333332 0.027777777777777776
0 0.42291666666666666 0.6555555555555556 0.020833333333333332 0.027777777777777776
0 0.42083333333333334 0.7375 0.020833333333333332 0.027777777777777776
0 0.41770833333333335 0.8236111111111111 0.020833333333333332 0.027777777777777776
0 0.49375 0.37777777777777777 0.020833333333333332 0.027777777777777776
0 0.4947916666666667 0.44166666666666665 0.020833333333333332 0.027777777777777776
0 0.4947916666666667 0.5097222222222222 0.020833333333333332 0.027777777777777776
0 0.4947916666666667 0.5805555555555556 0.020833333333333332 0.027777777777777776
0 0.4947916666666667 0.6569444444444444 0.020833333333333332 0.027777777777777776
0 0.4947916666666667 0.7375 0.020833333333333332 0.027777777777777776
0 0.4947916666666667 0.825 0.020833333333333332 0.027777777777777776
0 0.5583333333333333 0.37916666666666665 0.020833333333333332 0.027777777777777776
0 0.559375 0.44305555555555554 0.020833333333333332 0.027777777777777776
0 0.5614583333333333 0.5097222222222222 0.020833333333333332 0.027777777777777776
0 0.5635416666666667 0.5819444444444445 0.020833333333333332 0.027777777777777776
0 0.5666666666666667 0.6569444444444444 0.020833333333333332 0.027777777777777776
0 0.56875 0.7388888888888889 0.020833333333333332 0.027777777777777776
0 0.571875 0.825 0.020833333333333332 0.027777777777777776
0 0.621875 0.37916666666666665 0.020833333333333332 0.027777777777777776
0 0.625 0.44305555555555554 0.020833333333333332 0.027777777777777776
0 0.6291666666666667 0.5111111111111111 0.020833333333333332 0.027777777777777776
0 0.6333333333333333 0.5819444444444445 0.020833333333333332 0.027777777777777776
0 0.6385416666666667 0.6583333333333333 0.020833333333333332 0.027777777777777776
0 0.6427083333333333 0.7402777777777778 0.020833333333333332 0.027777777777777776
0 0.6479166666666667 0.8263888888888888 0.020833333333333332 0.027777777777777776
0 0.6854166666666667 0.38055555555555554 0.020833333333333332 0.027777777777777776
0 0.690625 0.4444444444444444 0.020833333333333332 0.027777777777777776
0 0.696875 0.5111111111111111 0.020833333333333332 0.027777777777777776
0 0.703125 0.5833333333333334 0.020833333333333332 0.027777777777777776
0 0.709375 0.6597222222222222 0.020833333333333332 0.027777777777777776
0 0.7166666666666667 0.7402777777777778 0.020833333333333332 0.027777777777777776
0 0.725 0.8277777777777777 0.020833333333333332 0.027777777777777776