0 0.6697916666666667 0.16527777777777777 0.025 0.03333333333333333
0 0.6020833333333333 0.16805555555555557 0.025 0.03333333333333333
0 0.534375 0.17222222222222222 0.025 0.03333333333333333
0 0.4666666666666667 0.175 0.025 0.03333333333333333
0 0.39791666666666664 0.17916666666666667 0.025 0.03333333333333333
0 0.32916666666666666 0.18194444444444444 0.025 0.03333333333333333
0 0.2604166666666667 0.18611111111111112 0.025 0.03333333333333333
0 0.68125 0.23055555555555557 0.025 0.03333333333333333
0 0.6104166666666667 0.23333333333333334 0.025 0.03333333333333333
0 0.5395833333333333 0.2375 0.025 0.03333333333333333
0 0.46770833333333334 0.24166666666666667 0.025 0.03333333333333333
0 0.396875 0.24444444444444444 0.025 0.03333333333333333
0 0.325 0.24861111111111112 0.025 0.03333333333333333
0 0.253125 0.25277777777777777 0.025 0.03333333333333333
0 0.69375 0.3013888888888889 0.025 0.03333333333333333
0 0.6197916666666666 0.3055555555555556 0.025 0.03333333333333333
0 0.5447916666666667 0.30972222222222223 0.025 0.03333333333333333
0 0.46979166666666666 0.3138888888888889 0.025 0.03333333333333333
0 0.39479166666666665 0.31805555555555554 0.025 0.03333333333333333
0 0.31979166666666664 0.32222222222222224 0.025 0.03333333333333333
0 0.24375 0.325 0.025 0.03333333333333333
0 0.7072916666666667 0.38055555555555554 0.025 0.03333333333333333
0 0.6291666666666667 0.38472222222222224 0.025 0.03333333333333333
0 0.5510416666666667 0.3888888888888889 0.025 0.03333333333333333
0 0.471875 0.39305555555555555 0.025 0.03333333333333333
0 0.3927083333333333 0.39861111111111114 0.025 0.03333333333333333
0 0.31354166666666666 0.4027777777777778 0.025 0.03333333333333333
0 0.234375 0.40694444444444444 0.025 0.03333333333333333
0 0.7229166666666667 0.46805555555555556 0.025 0.03333333333333333
0 0.640625 0.4736111111111111 0.025 0.03333333333333333
0 0.5572916666666666 0.4777777777777778 0.025 0.03333333333333333
0 0.4739583333333333 0.48194444444444445 0.025 0.03333333333333333
0 0.390625 0.4875 0.025 0.03333333333333333
0 0.3072916666666667 0.49166666666666664 0.025 0.03333333333333333
0 0.22395833333333334 0.49722222222222223 0.025 0.03333333333333333
0 0.7395833333333334 0.5666666666666667 0.025 0.03333333333333333
0 0.6520833333333333 0.5722222222222222 0.025 0.03333333333333333
0 0.5645833333333333 0.5763888888888888 0.025 0.03333333333333333
0 0.47708333333333336 0.5819444444444445 0.025 0.03333333333333333
0 0.3885416666666667 0.5875 0.025 0.03333333333333333
0 0.3 0.5916666666666667 0.025 0.03333333333333333
0 0.21145833333333333 0.5972222222222222 0.025 0.03333333333333333
0 0.759375 0.6763888888888889 0.025 0.03333333333333333
0 0.6666666666666666 0.6819444444444445 0.025 0.03333333333333333
0 0.5729166666666666 0.6875 0.025 0.03333333333333333
0 0.48020833333333335 0.6930555555555555 0.025 0.03333333333333333
0 0.38645833333333335 0.6986111111111111 0.025 0.03333333333333333
0 0.29270833333333335 0.7041666666666667 0.025 0.03333333333333333
0 0.19791666666666666 0.7097222222222223 0.025 0.03333333333333333