0 0.7520833333333333 0.23333333333333334 0.0375 0.0375
0 0.671875 0.2351851851851852 0.0375 0.0375
0 0.5927083333333333 0.23657407407407408 0.0375 0.0375
0 0.5135416666666667 0.2375 0.0375 0.0375
0 0.434375 0.23981481481481481 0.0375 0.0375
0 0.35625 0.24074074074074073 0.0375 0.0375
0 0.278125 0.24259259259259258 0.0375 0.0375
0 0.759375 0.2898148148148148 0.0375 0.0375
0 0.6760416666666667 0.29074074074074074 0.0375 0.0375
0 0.59375 0.2916666666666667 0.0375 0.0375
0 0.5114583333333333 0.2935185185185185 0.0375 0.0375
0 0.42916666666666664 0.2949074074074074 0.0375 0.0375
0 0.34791666666666665 0.29583333333333334 0.0375 0.0375
0 0.265625 0.29814814814814816 0.0375 0.0375
0 0.7677083333333333 0.35 0.0375 0.0375
0 0.68125 0.3509259259259259 0.0375 0.0375
0 0.5947916666666667 0.35185185185185186 0.0375 0.0375
0 0.509375 0.3541666666666667 0.0375 0.0375
0 0.4239583333333333 0.35509259259259257 0.0375 0.0375
0 0.3385416666666667 0.35648148148148145 0.0375 0.0375
0 0.253125 0.35833333333333334 0.0375 0.0375
0 0.7770833333333333 0.41574074074074074 0.0375 0.0375
0 0.6864583333333333 0.4166666666666667 0.0375 0.0375
0 0.596875 0.4185185185185185 0.0375 0.0375
0 0.50625 0.4199074074074074 0.0375 0.0375
0 0.4166666666666667 0.42083333333333334 0.0375 0.0375
0 0.328125 0.42314814814814816 0.0375 0.0375
0 0.23854166666666668 0.42407407407407405 0.0375 0.0375
0 0.7864583333333334 0.48842592592592593 0.0375 0.0375
0 0.6927083333333334 0.4898148148148148 0.0375 0.0375
0 0.5979166666666667 0.49074074074074076 0.0375 0.0375
0 0.5041666666666667 0.49166666666666664 0.0375 0.0375
0 0.41041666666666665 0.4925925925925926 0.0375 0.0375
0 0.31666666666666665 0.4949074074074074 0.0375 0.0375
0 0.22395833333333334 0.49583333333333335 0.0375 0.0375
0 0.7979166666666667 0.5675925925925925 0.0375 0.0375
0 0.6989583333333333 0.5685185185185185 0.0375 0.0375
0 0.6 0.5699074074074074 0.0375 0.0375
0 0.5010416666666667 0.5708333333333333 0.0375 0.0375
0 0.40208333333333335 0.5717592592592593 0.0375 0.0375
0 0.30416666666666664 0.5740740740740741 0.0375 0.0375
0 0.20625 0.575 0.0375 0.0375
0 0.8104166666666667 0.6550925925925926 0.0375 0.0375
0 0.7052083333333333 0.6564814814814814 0.0375 0.0375
0 0.6010416666666667 0.6574074074074074 0.0375 0.0375
0 0.4979166666666667 0.6583333333333333 0.0375 0.0375
0 0.39375 0.6592592592592592 0.0375 0.0375
0 0.290625 0.6601851851851852 0.0375 0.0375
0 0.18854166666666666 0.6615740740740741 0.0375 0.0375