0 0.775 0.2199074074074074 0.0375 0.0375
0 0.6864583333333333 0.21574074074074073 0.0375 0.0375
0 0.5989583333333334 0.2101851851851852 0.0375 0.0375
0 0.5135416666666667 0.2050925925925926 0.0375 0.0375
0 0.42916666666666664 0.20092592592592592 0.0375 0.0375
0 0.346875 0.19583333333333333 0.0375 0.0375
0 0.26458333333333334 0.19166666666666668 0.0375 0.0375
0 0.7739583333333333 0.2935185185185185 0.0375 0.0375
0 0.6822916666666666 0.2884259259259259 0.0375 0.0375
0 0.5927083333333333 0.2824074074074074 0.0375 0.0375
0 0.5041666666666667 0.27685185185185185 0.0375 0.0375
0 0.4166666666666667 0.2708333333333333 0.0375 0.0375
0 0.33125 0.2657407407407407 0.0375 0.0375
0 0.246875 0.2601851851851852 0.0375 0.0375
0 0.7729166666666667 0.3731481481481482 0.0375 0.0375
0 0.678125 0.36574074074074076 0.0375 0.0375
0 0.584375 0.3592592592592593 0.0375 0.0375
0 0.49270833333333336 0.35324074074074074 0.0375 0.0375
0 0.403125 0.34675925925925927 0.0375 0.0375
0 0.3145833333333333 0.34074074074074073 0.0375 0.0375
0 0.228125 0.33425925925925926 0.0375 0.0375
0 0.7708333333333334 0.45740740740740743 0.0375 0.0375
0 0.6729166666666667 0.45 0.0375 0.0375
0 0.5760416666666667 0.44166666666666665 0.0375 0.0375
0 0.48125 0.43425925925925923 0.0375 0.0375
0 0.3885416666666667 0.42685185185185187 0.0375 0.0375
0 0.296875 0.4199074074074074 0.0375 0.0375
0 0.20729166666666668 0.4125 0.0375 0.0375
0 0.7697916666666667 0.549074074074074 0.0375 0.0375
0 0.6677083333333333 0.5398148148148149 0.0375 0.0375
0 0.5677083333333334 0.5314814814814814 0.0375 0.0375
0 0.46979166666666666 0.5231481481481481 0.0375 0.0375
0 0.3729166666666667 0.513425925925926 0.0375 0.0375
0 0.278125 0.5050925925925925 0.0375 0.0375
0 0.18541666666666667 0.4981481481481482 0.0375 0.0375
0 0.76875 0.6481481481481481 0.0375 0.0375
0 0.6625 0.6375 0.0375 0.0375
0 0.5583333333333333 0.6268518518518519 0.0375 0.0375
0 0.45625 0.6166666666666667 0.0375 0.0375
0 0.35625 0.6074074074074074 0.0375 0.0375
0 0.25833333333333336 0.5981481481481481 0.0375 0.0375
0 0.1625 0.5884259259259259 0.0375 0.0375
0 0.7666666666666667 0.7541666666666667 0.0375 0.0375
0 0.65625 0.7425925925925926 0.0375 0.0375
0 0.5479166666666667 0.7314814814814815 0.0375 0.0375
0 0.44166666666666665 0.7199074074074074 0.0375 0.0375
0 0.3375 0.7083333333333334 0.0375 0.0375
0 0.23645833333333333 0.6967592592592593 0.0375 0.0375
0 0.13645833333333332 0.6865740740740741 0.0375 0.0375