0 0.696875 0.15555555555555556 0.025 0.03333333333333333
0 0.628125 0.15833333333333333 0.025 0.03333333333333333
0 0.559375 0.1597222222222222 0.025 0.03333333333333333
0 0.490625 0.1625 0.025 0.03333333333333333
0 0.421875 0.16527777777777777 0.025 0.03333333333333333
0 0.353125 0.16666666666666666 0.025 0.03333333333333333
0 0.284375 0.16944444444444445 0.025 0.03333333333333333
0 0.70625 0.22083333333333333 0.025 0.03333333333333333
0 0.634375 0.22361111111111112 0.025 0.03333333333333333
0 0.5625 0.2263888888888889 0.025 0.03333333333333333
0 0.490625 0.22777777777777777 0.025 0.03333333333333333
0 0.41875 0.23055555555555557 0.025 0.03333333333333333
0 0.346875 0.23333333333333334 0.025 0.03333333333333333
0 0.275 0.23472222222222222 0.025 0.03333333333333333
0 0.7177083333333333 0.29305555555555557 0.025 0.03333333333333333
0 0.6427083333333333 0.29583333333333334 0.025 0.03333333333333333
0 0.5666666666666667 0.2972222222222222 0.025 0.03333333333333333
0 0.49166666666666664 0.3 0.025 0.03333333333333333
0 0.415625 0.30277777777777776 0.025 0.03333333333333333
0 0.340625 0.3055555555555556 0.025 0.03333333333333333
0 0.265625 0.30694444444444446 0.025 0.03333333333333333
0 0.7302083333333333 0.37222222222222223 0.025 0.03333333333333333
0 0.6510416666666666 0.375 0.025 0.03333333333333333
0 0.5708333333333333 0.37777777777777777 0.025 0.03333333333333333
0 0.49166666666666664 0.37916666666666665 0.025 0.03333333333333333
0 0.4125 0.3819444444444444 0.025 0.03333333333333333
0 0.3333333333333333 0.38472222222222224 0.025 0.03333333333333333
0 0.25416666666666665 0.3875 0.025 0.03333333333333333
0 0.74375 0.4597222222222222 0.025 0.03333333333333333
0 0.6604166666666667 0.4625 0.025 0.03333333333333333
0 0.5760416666666667 0.4652777777777778 0.025 0.03333333333333333
0 0.49270833333333336 0.46805555555555556 0.025 0.03333333333333333
0 0.4083333333333333 0.4708333333333333 0.025 0.03333333333333333
0 0.325 0.4736111111111111 0.025 0.03333333333333333
0 0.24166666666666667 0.47638888888888886 0.025 0.03333333333333333
0 0.759375 0.5583333333333333 0.025 0.03333333333333333
0 0.6708333333333333 0.5611111111111111 0.025 0.03333333333333333
0 0.58125 0.5638888888888889 0.025 0.03333333333333333
0 0.49270833333333336 0.5666666666666667 0.025 0.03333333333333333
0 0.4041666666666667 0.5694444444444444 0.025 0.03333333333333333
0 0.315625 0.5722222222222222 0.025 0.03333333333333333
0 0.22708333333333333 0.575 0.025 0.03333333333333333
0 0.7760416666666666 0.6680555555555555 0.025 0.03333333333333333
0 0.6822916666666666 0.6708333333333333 0.025 0.03333333333333333
0 0.5875 0.6736111111111112 0.025 0.03333333333333333
0 0.49375 0.6777777777777778 0.025 0.03333333333333333
0 0.4 0.6805555555555556 0.025 0.03333333333333333
0 0.30520833333333336 0.6833333333333333 0.025 0.03333333333333333
0 0.21145833333333333 0.6861111111111111 0.025 0.03333333333333333