0 0.7333333333333333 0.2449074074074074 0.0375 0.0375
0 0.6541666666666667 0.24074074074074073 0.0375 0.0375
0 0.575 0.2375 0.0375 0.0375
0 0.49583333333333335 0.23425925925925925 0.0375 0.0375
0 0.4166666666666667 0.2300925925925926 0.0375 0.0375
0 0.33645833333333336 0.22685185185185186 0.0375 0.0375
0 0.25625 0.22407407407407406 0.0375 0.0375
0 0.740625 0.3 0.0375 0.0375
0 0.6583333333333333 0.2967592592592593 0.0375 0.0375
0 0.5760416666666667 0.29259259259259257 0.0375 0.0375
0 0.49375 0.2898148148148148 0.0375 0.0375
0 0.41041666666666665 0.2865740740740741 0.0375 0.0375
0 0.328125 0.2824074074074074 0.0375 0.0375
0 0.24479166666666666 0.2791666666666667 0.0375 0.0375
0 0.7489583333333333 0.36018518518518516 0.0375 0.0375
0 0.6635416666666667 0.3574074074074074 0.0375 0.0375
0 0.5770833333333333 0.35324074074074074 0.0375 0.0375
0 0.49166666666666664 0.35 0.0375 0.0375
0 0.40520833333333334 0.34675925925925927 0.0375 0.0375
0 0.3177083333333333 0.3425925925925926 0.0375 0.0375
0 0.23125 0.3398148148148148 0.0375 0.0375
0 0.7572916666666667 0.42592592592592593 0.0375 0.0375
0 0.6677083333333333 0.42314814814814816 0.0375 0.0375
0 0.578125 0.4185185185185185 0.0375 0.0375
0 0.48854166666666665 0.41574074074074074 0.0375 0.0375
0 0.39791666666666664 0.4125 0.0375 0.0375
0 0.3072916666666667 0.4083333333333333 0.0375 0.0375
0 0.21666666666666667 0.4050925925925926 0.0375 0.0375
0 0.7666666666666667 0.4981481481481482 0.0375 0.0375
0 0.6729166666666667 0.4949074074074074 0.0375 0.0375
0 0.5791666666666667 0.49074074074074076 0.0375 0.0375
0 0.48541666666666666 0.4875 0.0375 0.0375
0 0.390625 0.48333333333333334 0.0375 0.0375
0 0.29583333333333334 0.48009259259259257 0.0375 0.0375
0 0.20104166666666667 0.4759259259259259 0.0375 0.0375
0 0.7770833333333333 0.5768518518518518 0.0375 0.0375
0 0.6791666666666667 0.5731481481481482 0.0375 0.0375
0 0.58125 0.5699074074074074 0.0375 0.0375
0 0.4822916666666667 0.5657407407407408 0.0375 0.0375
0 0.38333333333333336 0.5625 0.0375 0.0375
0 0.2833333333333333 0.5583333333333333 0.0375 0.0375
0 0.184375 0.5550925925925926 0.0375 0.0375
0 0.7885416666666667 0.663425925925926 0.0375 0.0375
0 0.6854166666666667 0.6601851851851852 0.0375 0.0375
0 0.5822916666666667 0.6564814814814814 0.0375 0.0375
0 0.4791666666666667 0.6532407407407408 0.0375 0.0375
0 0.375 0.649074074074074 0.0375 0.0375
0 0.26979166666666665 0.6458333333333334 0.0375 0.0375
0 0.16458333333333333 0.6416666666666667 0.0375 0.0375