0 0.7270833333333333 0.18009259259259258 0.035416666666666666 0.03518518518518519
0 0.6479166666666667 0.18009259259259258 0.035416666666666666 0.03518518518518519
0 0.56875 0.18009259259259258 0.035416666666666666 0.03518518518518519
0 0.4895833333333333 0.18009259259259258 0.035416666666666666 0.03518518518518519
0 0.409375 0.18009259259259258 0.035416666666666666 0.03518518518518519
0 0.3302083333333333 0.18009259259259258 0.035416666666666666 0.03518518518518519
0 0.25104166666666666 0.18009259259259258 0.035416666666666666 0.03518518518518519
0 0.7375 0.23657407407407408 0.035416666666666666 0.03518518518518519
0 0.6541666666666667 0.23657407407407408 0.035416666666666666 0.03518518518518519
0 0.571875 0.23657407407407408 0.035416666666666666 0.03518518518518519
0 0.4895833333333333 0.23657407407407408 0.035416666666666666 0.03518518518518519
0 0.40729166666666666 0.23657407407407408 0.035416666666666666 0.03518518518518519
0 0.32395833333333335 0.23657407407407408 0.035416666666666666 0.03518518518518519
0 0.24166666666666667 0.23657407407407408 0.035416666666666666 0.03518518518518519
0 0.7479166666666667 0.2967592592592593 0.035416666666666666 0.03518518518518519
0 0.6614583333333334 0.2967592592592593 0.035416666666666666 0.03518518518518519
0 0.5760416666666667 0.2967592592592593 0.035416666666666666 0.03518518518518519
0 0.4895833333333333 0.2967592592592593 0.035416666666666666 0.03518518518518519
0 0.4041666666666667 0.2967592592592593 0.035416666666666666 0.03518518518518519
0 0.3177083333333333 0.2967592592592593 0.035416666666666666 0.03518518518518519
0 0.23125 0.2967592592592593 0.035416666666666666 0.03518518518518519
0 0.759375 0.3625 0.035416666666666666 0.03518518518518519
0 0.6697916666666667 0.3625 0.035416666666666666 0.03518518518518519
0 0.5802083333333333 0.3625 0.035416666666666666 0.03518518518518519
0 0.490625 0.3625 0.035416666666666666 0.03518518518518519
0 0.4 0.3625 0.035416666666666666 0.03518518518518519
0 0.3104166666666667 0.3625 0.035416666666666666 0.03518518518518519
0 0.22083333333333333 0.3625 0.035416666666666666 0.03518518518518519
0 0.771875 0.43425925925925923 0.035416666666666666 0.03518518518518519
0 0.678125 0.43425925925925923 0.035416666666666666 0.03518518518518519
0 0.584375 0.43425925925925923 0.035416666666666666 0.03518518518518519
0 0.490625 0.43425925925925923 0.035416666666666666 0.03518518518518519
0 0.396875 0.43425925925925923 0.035416666666666666 0.03518518518518519
0 0.3020833333333333 0.43425925925925923 0.035416666666666666 0.03518518518518519
0 0.20833333333333334 0.43425925925925923 0.035416666666666666 0.03518518518518519
0 0.7864583333333334 0.5125 0.035416666666666666 0.03518518518518519
0 0.6875 0.5125 0.035416666666666666 0.03518518518518519
0 0.5895833333333333 0.5125 0.035416666666666666 0.03518518518518519
0 0.490625 0.5125 0.035416666666666666 0.03518518518518519
0 0.3927083333333333 0.5125 0.035416666666666666 0.03518518518518519
0 0.29375 0.513425925925926 0.035416666666666666 0.03518518518518519
0 0.19583333333333333 0.513425925925926 0.035416666666666666 0.03518518518518519
0 0.8010416666666667 0.5990740740740741 0.035416666666666666 0.03518518518518519
0 0.6979166666666666 0.5990740740740741 0.035416666666666666 0.03518518518518519
0 0.5947916666666667 0.5990740740740741 0.035416666666666666 0.03518518518518519
0 0.49166666666666664 0.5990740740740741 0.035416666666666666 0.03518518518518519
0 0.3885416666666667 0.6 0.035416666666666666 0.03518518518518519
0 0.284375 0.6 0.035416666666666666 0.03518518518518519
0 0.18125 0.6 0.035416666666666666 0.03518518518518519