0 0.7208333333333333 0.25416666666666665 0.035416666666666666 0.03518518518518519
0 0.6427083333333333 0.2550925925925926 0.035416666666666666 0.03518518518518519
0 0.5635416666666667 0.2564814814814815 0.035416666666666666 0.03518518518518519
0 0.48333333333333334 0.2574074074074074 0.035416666666666666 0.03518518518518519
0 0.403125 0.25925925925925924 0.035416666666666666 0.03518518518518519
0 0.3229166666666667 0.2601851851851852 0.035416666666666666 0.03518518518518519
0 0.24166666666666667 0.26157407407407407 0.035416666666666666 0.03518518518518519
0 0.7333333333333333 0.31157407407407406 0.035416666666666666 0.03518518518518519
0 0.6520833333333333 0.31342592592592594 0.035416666666666666 0.03518518518518519
0 0.5697916666666667 0.3148148148148148 0.035416666666666666 0.03518518518518519
0 0.4864583333333333 0.31574074074074077 0.035416666666666666 0.03518518518518519
0 0.4041666666666667 0.3175925925925926 0.035416666666666666 0.03518518518518519
0 0.31979166666666664 0.31851851851851853 0.035416666666666666 0.03518518518518519
0 0.23541666666666666 0.3199074074074074 0.035416666666666666 0.03518518518518519
0 0.7479166666666667 0.37407407407407406 0.035416666666666666 0.03518518518518519
0 0.6625 0.37592592592592594 0.035416666666666666 0.03518518518518519
0 0.5770833333333333 0.3768518518518518 0.035416666666666666 0.03518518518518519
0 0.490625 0.37916666666666665 0.035416666666666666 0.03518518518518519
0 0.4041666666666667 0.3800925925925926 0.035416666666666666 0.03518518518518519
0 0.31666666666666665 0.3824074074074074 0.035416666666666666 0.03518518518518519
0 0.22916666666666666 0.38425925925925924 0.035416666666666666 0.03518518518518519
0 0.7625 0.44166666666666665 0.035416666666666666 0.03518518518518519
0 0.6739583333333333 0.44351851851851853 0.035416666666666666 0.03518518518518519
0 0.584375 0.44583333333333336 0.035416666666666666 0.03518518518518519
0 0.4947916666666667 0.44814814814814813 0.035416666666666666 0.03518518518518519
0 0.4041666666666667 0.44907407407407407 0.035416666666666666 0.03518518518518519
0 0.31354166666666666 0.45092592592592595 0.035416666666666666 0.03518518518518519
0 0.221875 0.4532407407407407 0.035416666666666666 0.03518518518518519
0 0.7791666666666667 0.5157407407407407 0.035416666666666666 0.03518518518518519
0 0.6864583333333333 0.5175925925925926 0.035416666666666666 0.03518518518518519
0 0.5927083333333333 0.5199074074074074 0.035416666666666666 0.03518518518518519
0 0.49895833333333334 0.5217592592592593 0.035416666666666666 0.03518518518518519
0 0.4041666666666667 0.525 0.035416666666666666 0.03518518518518519
0 0.309375 0.5268518518518519 0.035416666666666666 0.03518518518518519
0 0.21354166666666666 0.5291666666666667 0.035416666666666666 0.03518518518518519
0 0.796875 0.5958333333333333 0.035416666666666666 0.03518518518518519
0 0.7 0.5990740740740741 0.035416666666666666 0.03518518518518519
0 0.6020833333333333 0.600925925925926 0.035416666666666666 0.03518518518518519
0 0.5041666666666667 0.6041666666666666 0.035416666666666666 0.03518518518518519
0 0.40520833333333334 0.6064814814814815 0.035416666666666666 0.03518518518518519
0 0.30520833333333336 0.6092592592592593 0.035416666666666666 0.03518518518518519
0 0.20520833333333333 0.611574074074074 0.035416666666666666 0.03518518518518519
0 0.8166666666666667 0.6842592592592592 0.035416666666666666 0.03518518518518519
0 0.7145833333333333 0.6875 0.035416666666666666 0.03518518518518519
0 0.6125 0.6907407407407408 0.035416666666666666 0.03518518518518519
0 0.509375 0.6935185185185185 0.035416666666666666 0.03518518518518519
0 0.40520833333333334 0.6967592592592593 0.035416666666666666 0.03518518518518519
0 0.30104166666666665 0.7 0.035416666666666666 0.03518518518518519
0 0.19583333333333333 0.7032407407407407 0.035416666666666666 0.03518518518518519