0 0.6770833333333334 0.175 0.025 0.03333333333333333
0 0.6072916666666667 0.17916666666666667 0.025 0.03333333333333333
0 0.5385416666666667 0.18472222222222223 0.025 0.03333333333333333
0 0.4708333333333333 0.18888888888888888 0.025 0.03333333333333333
0 0.40208333333333335 0.19305555555555556 0.025 0.03333333333333333
0 0.33541666666666664 0.1986111111111111 0.025 0.03333333333333333
0 0.2677083333333333 0.20277777777777778 0.025 0.03333333333333333
0 0.6875 0.2388888888888889 0.025 0.03333333333333333
0 0.6135416666666667 0.24305555555555555 0.025 0.03333333333333333
0 0.5416666666666666 0.24722222222222223 0.025 0.03333333333333333
0 0.46979166666666666 0.25277777777777777 0.025 0.03333333333333333
0 0.39895833333333336 0.2569444444444444 0.025 0.03333333333333333
0 0.328125 0.2625 0.025 0.03333333333333333
0 0.25729166666666664 0.26666666666666666 0.025 0.03333333333333333
0 0.6979166666666666 0.30833333333333335 0.025 0.03333333333333333
0 0.6208333333333333 0.3138888888888889 0.025 0.03333333333333333
0 0.5447916666666667 0.31805555555555554 0.025 0.03333333333333333
0 0.46875 0.32222222222222224 0.025 0.03333333333333333
0 0.39479166666666665 0.3277777777777778 0.025 0.03333333333333333
0 0.31979166666666664 0.33194444444444443 0.025 0.03333333333333333
0 0.24583333333333332 0.33611111111111114 0.025 0.03333333333333333
0 0.7104166666666667 0.3875 0.025 0.03333333333333333
0 0.6291666666666667 0.39166666666666666 0.025 0.03333333333333333
0 0.5479166666666667 0.3958333333333333 0.025 0.03333333333333333
0 0.46875 0.4013888888888889 0.025 0.03333333333333333
0 0.38958333333333334 0.40555555555555556 0.025 0.03333333333333333
0 0.31145833333333334 0.4097222222222222 0.025 0.03333333333333333
0 0.23333333333333334 0.41388888888888886 0.025 0.03333333333333333
0 0.7239583333333334 0.475 0.025 0.03333333333333333
0 0.6375 0.4791666666666667 0.025 0.03333333333333333
0 0.5520833333333334 0.48333333333333334 0.025 0.03333333333333333
0 0.46770833333333334 0.4875 0.025 0.03333333333333333
0 0.384375 0.49166666666666664 0.025 0.03333333333333333
0 0.30104166666666665 0.49722222222222223 0.025 0.03333333333333333
0 0.21979166666666666 0.5013888888888889 0.025 0.03333333333333333
0 0.7385416666666667 0.5722222222222222 0.025 0.03333333333333333
0 0.646875 0.5777777777777777 0.025 0.03333333333333333
0 0.5572916666666666 0.5819444444444445 0.025 0.03333333333333333
0 0.46770833333333334 0.5861111111111111 0.025 0.03333333333333333
0 0.378125 0.5902777777777778 0.025 0.03333333333333333
0 0.290625 0.5944444444444444 0.025 0.03333333333333333
0 0.203125 0.5986111111111111 0.025 0.03333333333333333
0 0.75625 0.6847222222222222 0.025 0.03333333333333333
0 0.6583333333333333 0.6888888888888889 0.025 0.03333333333333333
0 0.5614583333333333 0.6930555555555555 0.025 0.03333333333333333
0 0.4666666666666667 0.6958333333333333 0.025 0.03333333333333333
0 0.371875 0.7 0.025 0.03333333333333333
0 0.278125 0.7041666666666667 0.025 0.03333333333333333
0 0.18541666666666667 0.7083333333333334 0.025 0.03333333333333333