0 0.7541666666666667 0.19490740740740742 0.035416666666666666 0.03518518518518519
0 0.6770833333333334 0.19490740740740742 0.035416666666666666 0.03518518518518519
0 0.6 0.19490740740740742 0.035416666666666666 0.03518518518518519
0 0.5229166666666667 0.19490740740740742 0.035416666666666666 0.03518518518518519
0 0.446875 0.19583333333333333 0.035416666666666666 0.03518518518518519
0 0.3697916666666667 0.19583333333333333 0.035416666666666666 0.03518518518518519
0 0.29375 0.19583333333333333 0.035416666666666666 0.03518518518518519
0 0.7635416666666667 0.2490740740740741 0.035416666666666666 0.03518518518518519
0 0.6833333333333333 0.2490740740740741 0.035416666666666666 0.03518518518518519
0 0.603125 0.2490740740740741 0.035416666666666666 0.03518518518518519
0 0.5229166666666667 0.2490740740740741 0.035416666666666666 0.03518518518518519
0 0.44375 0.2490740740740741 0.035416666666666666 0.03518518518518519
0 0.36354166666666665 0.25 0.035416666666666666 0.03518518518518519
0 0.284375 0.25 0.035416666666666666 0.03518518518518519
0 0.7729166666666667 0.3074074074074074 0.035416666666666666 0.03518518518518519
0 0.6895833333333333 0.3074074074074074 0.035416666666666666 0.03518518518518519
0 0.60625 0.3074074074074074 0.035416666666666666 0.03518518518518519
0 0.5229166666666667 0.3074074074074074 0.035416666666666666 0.03518518518518519
0 0.4395833333333333 0.30833333333333335 0.035416666666666666 0.03518518518518519
0 0.3572916666666667 0.30833333333333335 0.035416666666666666 0.03518518518518519
0 0.27395833333333336 0.30833333333333335 0.035416666666666666 0.03518518518518519
0 0.784375 0.37083333333333335 0.035416666666666666 0.03518518518518519
0 0.696875 0.37083333333333335 0.035416666666666666 0.03518518518518519
0 0.609375 0.37175925925925923 0.035416666666666666 0.03518518518518519
0 0.5229166666666667 0.37175925925925923 0.035416666666666666 0.03518518518518519
0 0.43645833333333334 0.37175925925925923 0.035416666666666666 0.03518518518518519
0 0.3489583333333333 0.37175925925925923 0.035416666666666666 0.03518518518518519
0 0.2625 0.37175925925925923 0.035416666666666666 0.03518518518518519
0 0.7958333333333333 0.44074074074074077 0.035416666666666666 0.03518518518518519
0 0.7052083333333333 0.44074074074074077 0.035416666666666666 0.03518518518518519
0 0.6135416666666667 0.44166666666666665 0.035416666666666666 0.03518518518518519
0 0.5229166666666667 0.44166666666666665 0.035416666666666666 0.03518518518518519
0 0.4322916666666667 0.44166666666666665 0.035416666666666666 0.03518518518518519
0 0.340625 0.44166666666666665 0.035416666666666666 0.03518518518518519
0 0.25 0.44166666666666665 0.035416666666666666 0.03518518518518519
0 0.809375 0.5175925925925926 0.035416666666666666 0.03518518518518519
0 0.7135416666666666 0.5175925925925926 0.035416666666666666 0.03518518518518519
0 0.6177083333333333 0.5175925925925926 0.035416666666666666 0.03518518518518519
0 0.5229166666666667 0.5175925925925926 0.035416666666666666 0.03518518518518519
0 0.4270833333333333 0.5175925925925926 0.035416666666666666 0.03518518518518519
0 0.33229166666666665 0.5185185185185185 0.035416666666666666 0.03518518518518519
0 0.23645833333333333 0.5185185185185185 0.035416666666666666 0.03518518518518519
0 0.8239583333333333 0.6018518518518519 0.035416666666666666 0.03518518518518519
0 0.7229166666666667 0.6018518518518519 0.035416666666666666 0.03518518518518519
0 0.6229166666666667 0.6018518518518519 0.035416666666666666 0.03518518518518519
0 0.521875 0.6018518518518519 0.035416666666666666 0.03518518518518519
0 0.421875 0.6018518518518519 0.035416666666666666 0.03518518518518519
0 0.321875 0.6032407407407407 0.035416666666666666 0.03518518518518519
0 0.221875 0.6032407407407407 0.035416666666666666 0.03518518518518519