0 0.3333333333333333 0.39305555555555555 0.01875 0.025
0 0.328125 0.45 0.01875 0.025
0 0.3229166666666667 0.5111111111111111 0.01875 0.025
0 0.3177083333333333 0.575 0.01875 0.025
0 0.31145833333333334 0.6444444444444445 0.01875 0.025
0 0.30520833333333336 0.7166666666666667 0.01875 0.025
0 0.29791666666666666 0.7944444444444444 0.01875 0.025
0 0.39375 0.39444444444444443 0.01875 0.025
0 0.390625 0.4513888888888889 0.01875 0.025
0 0.3875 0.5125 0.01875 0.025
0 0.384375 0.5763888888888888 0.01875 0.025
0 0.3802083333333333 0.6458333333333334 0.01875 0.025
0 0.37604166666666666 0.7180555555555556 0.01875 0.025
0 0.371875 0.7972222222222223 0.01875 0.025
0 0.4552083333333333 0.3958333333333333 0.01875 0.025
0 0.453125 0.4527777777777778 0.01875 0.025
0 0.45208333333333334 0.5138888888888888 0.01875 0.025
0 0.4510416666666667 0.5777777777777777 0.01875 0.025
0 0.44895833333333335 0.6472222222222223 0.01875 0.025
0 0.446875 0.7194444444444444 0.01875 0.025
0 0.44583333333333336 0.7986111111111112 0.01875 0.025
0 0.515625 0.3958333333333333 0.01875 0.025
0 0.5166666666666667 0.45416666666666666 0.01875 0.025
0 0.5166666666666667 0.5152777777777777 0.01875 0.025
0 0.5177083333333333 0.5791666666666667 0.01875 0.025
0 0.5177083333333333 0.6486111111111111 0.01875 0.025
0 0.51875 0.7222222222222222 0.01875 0.025
0 0.5197916666666667 0.8 0.01875 0.025
0 0.5770833333333333 0.3972222222222222 0.01875 0.025
0 0.5791666666666667 0.45555555555555555 0.01875 0.025
0 0.5822916666666667 0.5152777777777777 0.01875 0.025
0 0.584375 0.5805555555555556 0.01875 0.025
0 0.5875 0.65 0.01875 0.025
0 0.590625 0.7236111111111111 0.01875 0.025
0 0.59375 0.8013888888888889 0.01875 0.025
0 0.6385416666666667 0.39861111111111114 0.01875 0.025
0 0.6427083333333333 0.45555555555555555 0.01875 0.025
0 0.646875 0.5166666666666667 0.01875 0.025
0 0.6520833333333333 0.5819444444444445 0.01875 0.025
0 0.6572916666666667 0.6513888888888889 0.01875 0.025
0 0.6625 0.725 0.01875 0.025
0 0.6677083333333333 0.8041666666666667 0.01875 0.025
0 0.7 0.4 0.01875 0.025
0 0.70625 0.45694444444444443 0.01875 0.025
0 0.7125 0.5180555555555556 0.01875 0.025
0 0.7197916666666667 0.5833333333333334 0.01875 0.025
0 0.7260416666666667 0.6527777777777778 0.01875 0.025
0 0.734375 0.7263888888888889 0.01875 0.025
0 0.7427083333333333 0.8055555555555556 0.01875 0.025