0 0.3 0.19074074074074074 0.01875 0.03333333333333333
0 0.29375 0.27037037037037037 0.01875 0.03333333333333333
0 0.2875 0.3574074074074074 0.01875 0.03333333333333333
0 0.28125 0.45 0.01875 0.03333333333333333
0 0.27395833333333336 0.5518518518518518 0.01875 0.03333333333333333
0 0.265625 0.6611111111111111 0.01875 0.03333333333333333
0 0.25625 0.7814814814814814 0.01875 0.03333333333333333
0 0.36041666666666666 0.1925925925925926 0.01875 0.03333333333333333
0 0.3572916666666667 0.2722222222222222 0.01875 0.03333333333333333
0 0.353125 0.3592592592592593 0.01875 0.03333333333333333
0 0.3489583333333333 0.45185185185185184 0.01875 0.03333333333333333
0 0.34375 0.5518518518518518 0.01875 0.03333333333333333
0 0.3385416666666667 0.662962962962963 0.01875 0.03333333333333333
0 0.3333333333333333 0.7814814814814814 0.01875 0.03333333333333333
0 0.42083333333333334 0.19444444444444445 0.01875 0.03333333333333333
0 0.41875 0.2740740740740741 0.01875 0.03333333333333333
0 0.41770833333333335 0.3611111111111111 0.01875 0.03333333333333333
0 0.415625 0.4537037037037037 0.01875 0.03333333333333333
0 0.41354166666666664 0.5537037037037037 0.01875 0.03333333333333333
0 0.4114583333333333 0.662962962962963 0.01875 0.03333333333333333
0 0.409375 0.7814814814814814 0.01875 0.03333333333333333
0 0.48020833333333335 0.1962962962962963 0.01875 0.03333333333333333
0 0.48020833333333335 0.2759259259259259 0.01875 0.03333333333333333
0 0.48125 0.3611111111111111 0.01875 0.03333333333333333
0 0.4822916666666667 0.4537037037037037 0.01875 0.03333333333333333
0 0.48333333333333334 0.5555555555555556 0.01875 0.03333333333333333
0 0.484375 0.662962962962963 0.01875 0.03333333333333333
0 0.48541666666666666 0.7833333333333333 0.01875 0.03333333333333333
0 0.5395833333333333 0.19814814814814816 0.01875 0.03333333333333333
0 0.5416666666666666 0.2777777777777778 0.01875 0.03333333333333333
0 0.5447916666666667 0.362962962962963 0.01875 0.03333333333333333
0 0.5489583333333333 0.45555555555555555 0.01875 0.03333333333333333
0 0.5520833333333334 0.5555555555555556 0.01875 0.03333333333333333
0 0.55625 0.6648148148148149 0.01875 0.03333333333333333
0 0.5604166666666667 0.7833333333333333 0.01875 0.03333333333333333
0 0.5979166666666667 0.2 0.01875 0.03333333333333333
0 0.603125 0.2796296296296296 0.01875 0.03333333333333333
0 0.6083333333333333 0.3648148148148148 0.01875 0.03333333333333333
0 0.6145833333333334 0.45740740740740743 0.01875 0.03333333333333333
0 0.6208333333333333 0.5574074074074075 0.01875 0.03333333333333333
0 0.6270833333333333 0.6648148148148149 0.01875 0.03333333333333333
0 0.6354166666666666 0.7833333333333333 0.01875 0.03333333333333333
0 0.6572916666666667 0.20185185185185187 0.01875 0.03333333333333333
0 0.6635416666666667 0.2814814814814815 0.01875 0.03333333333333333
0 0.671875 0.36666666666666664 0.01875 0.03333333333333333
0 0.6802083333333333 0.45925925925925926 0.01875 0.03333333333333333
0 0.6885416666666667 0.5574074074074075 0.01875 0.03333333333333333
0 0.6989583333333333 0.6666666666666666 0.01875 0.03333333333333333
0 0.709375 0.7833333333333333 0.01875 0.03333333333333333