0 0.21666666666666667 0.65 0.03333333333333333 0.03333333333333333
0 0.315625 0.6509259259259259 0.03333333333333333 0.03333333333333333
0 0.41354166666666664 0.6518518518518519 0.03333333333333333 0.03333333333333333
0 0.5114583333333333 0.6532407407407408 0.03333333333333333 0.03333333333333333
0 0.6083333333333333 0.6532407407407408 0.03333333333333333 0.03333333333333333
0 0.70625 0.6541666666666667 0.03333333333333333 0.03333333333333333
0 0.803125 0.6550925925925926 0.03333333333333333 0.03333333333333333
0 0.22708333333333333 0.5583333333333333 0.03333333333333333 0.03333333333333333
0 0.321875 0.5592592592592592 0.03333333333333333 0.03333333333333333
0 0.4166666666666667 0.5601851851851852 0.03333333333333333 0.03333333333333333
0 0.5114583333333333 0.5615740740740741 0.03333333333333333 0.03333333333333333
0 0.6052083333333333 0.5625 0.03333333333333333 0.03333333333333333
0 0.6989583333333333 0.5634259259259259 0.03333333333333333 0.03333333333333333
0 0.7927083333333333 0.5634259259259259 0.03333333333333333 0.03333333333333333
0 0.23645833333333333 0.47175925925925927 0.03333333333333333 0.03333333333333333
0 0.328125 0.47314814814814815 0.03333333333333333 0.03333333333333333
0 0.4197916666666667 0.4740740740740741 0.03333333333333333 0.03333333333333333
0 0.5114583333333333 0.4759259259259259 0.03333333333333333 0.03333333333333333
0 0.6020833333333333 0.47685185185185186 0.03333333333333333 0.03333333333333333
0 0.6927083333333334 0.47824074074074074 0.03333333333333333 0.03333333333333333
0 0.7833333333333333 0.4791666666666667 0.03333333333333333 0.03333333333333333
0 0.24479166666666666 0.39166666666666666 0.03333333333333333 0.03333333333333333
0 0.334375 0.3925925925925926 0.03333333333333333 0.03333333333333333
0 0.42291666666666666 0.39490740740740743 0.03333333333333333 0.03333333333333333
0 0.5104166666666666 0.3958333333333333 0.03333333333333333 0.03333333333333333
0 0.5989583333333334 0.39675925925925926 0.03333333333333333 0.03333333333333333
0 0.6864583333333333 0.39814814814814814 0.03333333333333333 0.03333333333333333
0 0.7739583333333333 0.3990740740740741 0.03333333333333333 0.03333333333333333
0 0.253125 0.31666666666666665 0.03333333333333333 0.03333333333333333
0 0.33958333333333335 0.3175925925925926 0.03333333333333333 0.03333333333333333
0 0.425 0.3199074074074074 0.03333333333333333 0.03333333333333333
0 0.5104166666666666 0.32083333333333336 0.03333333333333333 0.03333333333333333
0 0.5958333333333333 0.32175925925925924 0.03333333333333333 0.03333333333333333
0 0.68125 0.32314814814814813 0.03333333333333333 0.03333333333333333
0 0.765625 0.32407407407407407 0.03333333333333333 0.03333333333333333
0 0.26145833333333335 0.24583333333333332 0.03333333333333333 0.03333333333333333
0 0.34479166666666666 0.24814814814814815 0.03333333333333333 0.03333333333333333
0 0.428125 0.2490740740740741 0.03333333333333333 0.03333333333333333
0 0.5104166666666666 0.25 0.03333333333333333 0.03333333333333333
0 0.59375 0.25092592592592594 0.03333333333333333 0.03333333333333333
0 0.6760416666666667 0.25324074074074077 0.03333333333333333 0.03333333333333333
0 0.7583333333333333 0.25416666666666665 0.03333333333333333 0.03333333333333333
0 0.26875 0.17916666666666667 0.03333333333333333 0.03333333333333333
0 0.3489583333333333 0.1814814814814815 0.03333333333333333 0.03333333333333333
0 0.43020833333333336 0.1824074074074074 0.03333333333333333 0.03333333333333333
0 0.5104166666666666 0.18333333333333332 0.03333333333333333 0.03333333333333333
0 0.590625 0.18518518518518517 0.03333333333333333 0.03333333333333333
0 0.6708333333333333 0.1865740740740741 0.03333333333333333 0.03333333333333333
0 0.7510416666666667 0.1875 0.03333333333333333 0.03333333333333333