0 0.7416666666666667 0.22685185185185186 0.03333333333333333 0.03333333333333333
0 0.6645833333333333 0.22685185185185186 0.03333333333333333 0.03333333333333333
0 0.5875 0.22685185185185186 0.03333333333333333 0.03333333333333333
0 0.5104166666666666 0.22685185185185186 0.03333333333333333 0.03333333333333333
0 0.43333333333333335 0.22685185185185186 0.03333333333333333 0.03333333333333333
0 0.35625 0.22685185185185186 0.03333333333333333 0.03333333333333333
0 0.2791666666666667 0.22685185185185186 0.03333333333333333 0.03333333333333333
0 0.7489583333333333 0.29074074074074074 0.03333333333333333 0.03333333333333333
0 0.6697916666666667 0.29074074074074074 0.03333333333333333 0.03333333333333333
0 0.5895833333333333 0.29074074074074074 0.03333333333333333 0.03333333333333333
0 0.509375 0.29074074074074074 0.03333333333333333 0.03333333333333333
0 0.43020833333333336 0.29074074074074074 0.03333333333333333 0.03333333333333333
0 0.35 0.29074074074074074 0.03333333333333333 0.03333333333333333
0 0.26979166666666665 0.29074074074074074 0.03333333333333333 0.03333333333333333
0 0.7583333333333333 0.36018518518518516 0.03333333333333333 0.03333333333333333
0 0.675 0.36018518518518516 0.03333333333333333 0.03333333333333333
0 0.5916666666666667 0.3592592592592593 0.03333333333333333 0.03333333333333333
0 0.509375 0.3592592592592593 0.03333333333333333 0.03333333333333333
0 0.42604166666666665 0.3592592592592593 0.03333333333333333 0.03333333333333333
0 0.34375 0.3592592592592593 0.03333333333333333 0.03333333333333333
0 0.2604166666666667 0.3592592592592593 0.03333333333333333 0.03333333333333333
0 0.7677083333333333 0.43425925925925923 0.03333333333333333 0.03333333333333333
0 0.68125 0.43425925925925923 0.03333333333333333 0.03333333333333333
0 0.5947916666666667 0.43425925925925923 0.03333333333333333 0.03333333333333333
0 0.5083333333333333 0.43425925925925923 0.03333333333333333 0.03333333333333333
0 0.421875 0.43425925925925923 0.03333333333333333 0.03333333333333333
0 0.33645833333333336 0.43333333333333335 0.03333333333333333 0.03333333333333333
0 0.25 0.43333333333333335 0.03333333333333333 0.03333333333333333
0 0.7770833333333333 0.5148148148148148 0.03333333333333333 0.03333333333333333
0 0.6875 0.5148148148148148 0.03333333333333333 0.03333333333333333
0 0.5979166666666667 0.5148148148148148 0.03333333333333333 0.03333333333333333
0 0.5072916666666667 0.5148148148148148 0.03333333333333333 0.03333333333333333
0 0.41770833333333335 0.5148148148148148 0.03333333333333333 0.03333333333333333
0 0.328125 0.5148148148148148 0.03333333333333333 0.03333333333333333
0 0.23854166666666668 0.5148148148148148 0.03333333333333333 0.03333333333333333
0 0.7885416666666667 0.6018518518518519 0.03333333333333333 0.03333333333333333
0 0.6947916666666667 0.6018518518518519 0.03333333333333333 0.03333333333333333
0 0.6010416666666667 0.6018518518518519 0.03333333333333333 0.03333333333333333
0 0.5072916666666667 0.6018518518518519 0.03333333333333333 0.03333333333333333
0 0.41354166666666664 0.6018518518518519 0.03333333333333333 0.03333333333333333
0 0.31979166666666664 0.600925925925926 0.03333333333333333 0.03333333333333333
0 0.22604166666666667 0.600925925925926 0.03333333333333333 0.03333333333333333
0 0.8 0.6981481481481482 0.03333333333333333 0.03333333333333333
0 0.7020833333333333 0.6981481481481482 0.03333333333333333 0.03333333333333333
0 0.6041666666666666 0.6967592592592593 0.03333333333333333 0.03333333333333333
0 0.50625 0.6967592592592593 0.03333333333333333 0.03333333333333333
0 0.4083333333333333 0.6967592592592593 0.03333333333333333 0.03333333333333333
0 0.3104166666666667 0.6967592592592593 0.03333333333333333 0.03333333333333333
0 0.2125 0.6967592592592593 0.03333333333333333 0.03333333333333333