0 0.6552083333333333 0.18194444444444444 0.025 0.03333333333333333
0 0.5895833333333333 0.18472222222222223 0.025 0.03333333333333333
0 0.5229166666666667 0.1875 0.025 0.03333333333333333
0 0.4552083333333333 0.19027777777777777 0.025 0.03333333333333333
0 0.38645833333333335 0.19305555555555556 0.025 0.03333333333333333
0 0.31666666666666665 0.19583333333333333 0.025 0.03333333333333333
0 0.24479166666666666 0.1986111111111111 0.025 0.03333333333333333
0 0.6697916666666667 0.24444444444444444 0.025 0.03333333333333333
0 0.6020833333333333 0.24722222222222223 0.025 0.03333333333333333
0 0.5322916666666667 0.2513888888888889 0.025 0.03333333333333333
0 0.46145833333333336 0.25416666666666665 0.025 0.03333333333333333
0 0.3885416666666667 0.2569444444444444 0.025 0.03333333333333333
0 0.315625 0.2611111111111111 0.025 0.03333333333333333
0 0.23958333333333334 0.2638888888888889 0.025 0.03333333333333333
0 0.6864583333333333 0.3125 0.025 0.03333333333333333
0 0.6145833333333334 0.31666666666666665 0.025 0.03333333333333333
0 0.5416666666666666 0.32083333333333336 0.025 0.03333333333333333
0 0.46770833333333334 0.325 0.025 0.03333333333333333
0 0.39166666666666666 0.32916666666666666 0.025 0.03333333333333333
0 0.31354166666666666 0.3333333333333333 0.025 0.03333333333333333
0 0.234375 0.3375 0.025 0.03333333333333333
0 0.7041666666666667 0.3875 0.025 0.03333333333333333
0 0.6291666666666667 0.39305555555555555 0.025 0.03333333333333333
0 0.5520833333333334 0.39861111111111114 0.025 0.03333333333333333
0 0.4739583333333333 0.4027777777777778 0.025 0.03333333333333333
0 0.39375 0.4083333333333333 0.025 0.03333333333333333
0 0.3125 0.41388888888888886 0.025 0.03333333333333333
0 0.22916666666666666 0.41944444444444445 0.025 0.03333333333333333
0 0.7239583333333334 0.4708333333333333 0.025 0.03333333333333333
0 0.6447916666666667 0.4777777777777778 0.025 0.03333333333333333
0 0.5635416666666667 0.48333333333333334 0.025 0.03333333333333333
0 0.48125 0.49027777777777776 0.025 0.03333333333333333
0 0.396875 0.49722222222222223 0.025 0.03333333333333333
0 0.3104166666666667 0.5041666666666667 0.025 0.03333333333333333
0 0.221875 0.5111111111111111 0.025 0.03333333333333333
0 0.7458333333333333 0.5652777777777778 0.025 0.03333333333333333
0 0.6625 0.5722222222222222 0.025 0.03333333333333333
0 0.5770833333333333 0.5805555555555556 0.025 0.03333333333333333
0 0.4895833333333333 0.5875 0.025 0.03333333333333333
0 0.4 0.5958333333333333 0.025 0.03333333333333333
0 0.30833333333333335 0.6041666666666666 0.025 0.03333333333333333
0 0.21458333333333332 0.6125 0.025 0.03333333333333333
0 0.7708333333333334 0.6694444444444444 0.025 0.03333333333333333
0 0.6822916666666666 0.6791666666666667 0.025 0.03333333333333333
0 0.5916666666666667 0.6875 0.025 0.03333333333333333
0 0.49895833333333334 0.6972222222222222 0.025 0.03333333333333333
0 0.4041666666666667 0.7083333333333334 0.025 0.03333333333333333
0 0.30625 0.7180555555555556 0.025 0.03333333333333333
0 0.20625 0.7291666666666666 0.025 0.03333333333333333