0 0.3333333333333333 0.3902777777777778 0.01875 0.025
0 0.328125 0.44722222222222224 0.01875 0.025
0 0.3229166666666667 0.5069444444444444 0.01875 0.025
0 0.31666666666666665 0.5722222222222222 0.01875 0.025
0 0.3104166666666667 0.6416666666666667 0.01875 0.025
0 0.30416666666666664 0.7152777777777778 0.01875 0.025
0 0.296875 0.7944444444444444 0.01875 0.025
0 0.39479166666666665 0.39166666666666666 0.01875 0.025
0 0.39166666666666666 0.4486111111111111 0.01875 0.025
0 0.3875 0.5097222222222222 0.01875 0.025
0 0.384375 0.5736111111111111 0.01875 0.025
0 0.3802083333333333 0.6430555555555556 0.01875 0.025
0 0.37604166666666666 0.7166666666666667 0.01875 0.025
0 0.371875 0.7958333333333333 0.01875 0.025
0 0.45625 0.39166666666666666 0.01875 0.025
0 0.45416666666666666 0.45 0.01875 0.025
0 0.453125 0.5111111111111111 0.01875 0.025
0 0.45208333333333334 0.575 0.01875 0.025
0 0.45 0.6444444444444445 0.01875 0.025
0 0.4479166666666667 0.7194444444444444 0.01875 0.025
0 0.44583333333333336 0.7986111111111112 0.01875 0.025
0 0.5177083333333333 0.39305555555555555 0.01875 0.025
0 0.5177083333333333 0.4513888888888889 0.01875 0.025
0 0.51875 0.5125 0.01875 0.025
0 0.51875 0.5763888888888888 0.01875 0.025
0 0.5197916666666667 0.6458333333333334 0.01875 0.025
0 0.5208333333333334 0.7208333333333333 0.01875 0.025
0 0.5208333333333334 0.8 0.01875 0.025
0 0.5791666666666667 0.39444444444444443 0.01875 0.025
0 0.58125 0.4527777777777778 0.01875 0.025
0 0.584375 0.5138888888888888 0.01875 0.025
0 0.5864583333333333 0.5791666666666667 0.01875 0.025
0 0.5895833333333333 0.6486111111111111 0.01875 0.025
0 0.5927083333333333 0.7222222222222222 0.01875 0.025
0 0.5958333333333333 0.8027777777777778 0.01875 0.025
0 0.6416666666666667 0.3958333333333333 0.01875 0.025
0 0.6458333333333334 0.45416666666666666 0.01875 0.025
0 0.65 0.5152777777777777 0.01875 0.025
0 0.6552083333333333 0.5805555555555556 0.01875 0.025
0 0.659375 0.65 0.01875 0.025
0 0.665625 0.7236111111111111 0.01875 0.025
0 0.6708333333333333 0.8041666666666667 0.01875 0.025
0 0.703125 0.3972222222222222 0.01875 0.025
0 0.709375 0.45555555555555555 0.01875 0.025
0 0.715625 0.5166666666666667 0.01875 0.025
0 0.7229166666666667 0.5819444444444445 0.01875 0.025
0 0.7302083333333333 0.6513888888888889 0.01875 0.025
0 0.7385416666666667 0.7263888888888889 0.01875 0.025
0 0.746875 0.8055555555555556 0.01875 0.025