0 0.26458333333333334 0.2 0.035416666666666666 0.03518518518518519
0 0.3416666666666667 0.19907407407407407 0.035416666666666666 0.03518518518518519
0 0.41875 0.19907407407407407 0.035416666666666666 0.03518518518518519
0 0.4947916666666667 0.19907407407407407 0.035416666666666666 0.03518518518518519
0 0.5708333333333333 0.19907407407407407 0.035416666666666666 0.03518518518518519
0 0.6458333333333334 0.19907407407407407 0.035416666666666666 0.03518518518518519
0 0.7197916666666667 0.19907407407407407 0.035416666666666666 0.03518518518518519
0 0.25625 0.25324074074074077 0.035416666666666666 0.03518518518518519
0 0.33645833333333336 0.25324074074074077 0.035416666666666666 0.03518518518518519
0 0.4166666666666667 0.2518518518518518 0.035416666666666666 0.03518518518518519
0 0.49583333333333335 0.2518518518518518 0.035416666666666666 0.03518518518518519
0 0.5739583333333333 0.2518518518518518 0.035416666666666666 0.03518518518518519
0 0.6520833333333333 0.25092592592592594 0.035416666666666666 0.03518518518518519
0 0.7302083333333333 0.25092592592592594 0.035416666666666666 0.03518518518518519
0 0.246875 0.31157407407407406 0.035416666666666666 0.03518518518518519
0 0.3302083333333333 0.31157407407407406 0.035416666666666666 0.03518518518518519
0 0.41354166666666664 0.3101851851851852 0.035416666666666666 0.03518518518518519
0 0.49583333333333335 0.30925925925925923 0.035416666666666666 0.03518518518518519
0 0.578125 0.30925925925925923 0.035416666666666666 0.03518518518518519
0 0.659375 0.30833333333333335 0.035416666666666666 0.03518518518518519
0 0.740625 0.30833333333333335 0.035416666666666666 0.03518518518518519
0 0.23645833333333333 0.375 0.035416666666666666 0.03518518518518519
0 0.32395833333333335 0.37407407407407406 0.035416666666666666 0.03518518518518519
0 0.41041666666666665 0.3731481481481482 0.035416666666666666 0.03518518518518519
0 0.496875 0.3731481481481482 0.035416666666666666 0.03518518518518519
0 0.5822916666666667 0.37175925925925923 0.035416666666666666 0.03518518518518519
0 0.6677083333333333 0.37083333333333335 0.035416666666666666 0.03518518518518519
0 0.7520833333333333 0.3699074074074074 0.035416666666666666 0.03518518518518519
0 0.225 0.4449074074074074 0.035416666666666666 0.03518518518518519
0 0.31666666666666665 0.4425925925925926 0.035416666666666666 0.03518518518518519
0 0.4083333333333333 0.44166666666666665 0.035416666666666666 0.03518518518518519
0 0.4979166666666667 0.44074074074074077 0.035416666666666666 0.03518518518518519
0 0.5875 0.4398148148148148 0.035416666666666666 0.03518518518518519
0 0.6760416666666667 0.43842592592592594 0.035416666666666666 0.03518518518518519
0 0.7645833333333333 0.4375 0.035416666666666666 0.03518518518518519
0 0.21354166666666666 0.5208333333333334 0.035416666666666666 0.03518518518518519
0 0.309375 0.5185185185185185 0.035416666666666666 0.03518518518518519
0 0.4041666666666667 0.5175925925925926 0.035416666666666666 0.03518518518518519
0 0.49895833333333334 0.5157407407407407 0.035416666666666666 0.03518518518518519
0 0.5927083333333333 0.5148148148148148 0.035416666666666666 0.03518518518518519
0 0.6864583333333333 0.513425925925926 0.035416666666666666 0.03518518518518519
0 0.778125 0.5115740740740741 0.035416666666666666 0.03518518518518519
0 0.2 0.6041666666666666 0.035416666666666666 0.03518518518518519
0 0.30104166666666665 0.6018518518518519 0.035416666666666666 0.03518518518518519
0 0.4010416666666667 0.600925925925926 0.035416666666666666 0.03518518518518519
0 0.5 0.5990740740740741 0.035416666666666666 0.03518518518518519
0 0.5989583333333334 0.5967592592592592 0.035416666666666666 0.03518518518518519
0 0.696875 0.5949074074074074 0.035416666666666666 0.03518518518518519
0 0.79375 0.5925925925925926 0.035416666666666666 0.03518518518518519