0 0.7322916666666667 0.1537037037037037 0.020833333333333332 0.03518518518518519
0 0.659375 0.1537037037037037 0.020833333333333332 0.03518518518518519
0 0.5875 0.1537037037037037 0.020833333333333332 0.03518518518518519
0 0.515625 0.15555555555555556 0.020833333333333332 0.03518518518518519
0 0.44375 0.15555555555555556 0.020833333333333332 0.03518518518518519
0 0.371875 0.15555555555555556 0.020833333333333332 0.03518518518518519
0 0.30104166666666665 0.15555555555555556 0.020833333333333332 0.03518518518518519
0 0.740625 0.23425925925925925 0.020833333333333332 0.03518518518518519
0 0.6645833333333333 0.23425925925925925 0.020833333333333332 0.03518518518518519
0 0.5895833333333333 0.23425925925925925 0.020833333333333332 0.03518518518518519
0 0.5145833333333333 0.23425925925925925 0.020833333333333332 0.03518518518518519
0 0.440625 0.23425925925925925 0.020833333333333332 0.03518518518518519
0 0.365625 0.23425925925925925 0.020833333333333332 0.03518518518518519
0 0.2916666666666667 0.23425925925925925 0.020833333333333332 0.03518518518518519
0 0.7489583333333333 0.3199074074074074 0.020833333333333332 0.03518518518518519
0 0.6708333333333333 0.3199074074074074 0.020833333333333332 0.03518518518518519
0 0.5927083333333333 0.3199074074074074 0.020833333333333332 0.03518518518518519
0 0.5145833333333333 0.3199074074074074 0.020833333333333332 0.03518518518518519
0 0.4375 0.3199074074074074 0.020833333333333332 0.03518518518518519
0 0.359375 0.3199074074074074 0.020833333333333332 0.03518518518518519
0 0.28229166666666666 0.3199074074074074 0.020833333333333332 0.03518518518518519
0 0.759375 0.41435185185185186 0.020833333333333332 0.03518518518518519
0 0.6770833333333334 0.41435185185185186 0.020833333333333332 0.03518518518518519
0 0.5958333333333333 0.41435185185185186 0.020833333333333332 0.03518518518518519
0 0.5145833333333333 0.41435185185185186 0.020833333333333332 0.03518518518518519
0 0.43333333333333335 0.41435185185185186 0.020833333333333332 0.03518518518518519
0 0.353125 0.41435185185185186 0.020833333333333332 0.03518518518518519
0 0.27291666666666664 0.4125 0.020833333333333332 0.03518518518518519
0 0.7697916666666667 0.5175925925925926 0.020833333333333332 0.03518518518518519
0 0.684375 0.5175925925925926 0.020833333333333332 0.03518518518518519
0 0.5989583333333334 0.5157407407407407 0.020833333333333332 0.03518518518518519
0 0.5145833333333333 0.5157407407407407 0.020833333333333332 0.03518518518518519
0 0.43020833333333336 0.5157407407407407 0.020833333333333332 0.03518518518518519
0 0.3458333333333333 0.5157407407407407 0.020833333333333332 0.03518518518518519
0 0.26145833333333335 0.5138888888888888 0.020833333333333332 0.03518518518518519
0 0.7822916666666667 0.6291666666666667 0.020833333333333332 0.03518518518518519
0 0.6927083333333334 0.6291666666666667 0.020833333333333332 0.03518518518518519
0 0.603125 0.6277777777777778 0.020833333333333332 0.03518518518518519
0 0.5145833333333333 0.6277777777777778 0.020833333333333332 0.03518518518518519
0 0.42604166666666665 0.6259259259259259 0.020833333333333332 0.03518518518518519
0 0.3375 0.6259259259259259 0.020833333333333332 0.03518518518518519
0 0.25 0.6259259259259259 0.020833333333333332 0.03518518518518519
0 0.7947916666666667 0.7537037037037037 0.020833333333333332 0.03518518518518519
0 0.7010416666666667 0.7518518518518519 0.020833333333333332 0.03518518518518519
0 0.6072916666666667 0.75 0.020833333333333332 0.03518518518518519
0 0.5135416666666667 0.75 0.020833333333333332 0.03518518518518519
0 0.42083333333333334 0.7481481481481481 0.020833333333333332 0.03518518518518519
0 0.328125 0.7481481481481481 0.020833333333333332 0.03518518518518519
0 0.23645833333333333 0.7462962962962963 0.020833333333333332 0.03518518518518519