0 0.23125 0.6458333333333334 0.03333333333333333 0.03333333333333333
0 0.32916666666666666 0.6458333333333334 0.03333333333333333 0.03333333333333333
0 0.42604166666666665 0.6458333333333334 0.03333333333333333 0.03333333333333333
0 0.5229166666666667 0.6458333333333334 0.03333333333333333 0.03333333333333333
0 0.6197916666666666 0.6458333333333334 0.03333333333333333 0.03333333333333333
0 0.7166666666666667 0.6458333333333334 0.03333333333333333 0.03333333333333333
0 0.8125 0.6458333333333334 0.03333333333333333 0.03333333333333333
0 0.23958333333333334 0.5550925925925926 0.03333333333333333 0.03333333333333333
0 0.334375 0.5550925925925926 0.03333333333333333 0.03333333333333333
0 0.428125 0.5550925925925926 0.03333333333333333 0.03333333333333333
0 0.521875 0.5550925925925926 0.03333333333333333 0.03333333333333333
0 0.615625 0.5550925925925926 0.03333333333333333 0.03333333333333333
0 0.709375 0.5550925925925926 0.03333333333333333 0.03333333333333333
0 0.8020833333333334 0.5550925925925926 0.03333333333333333 0.03333333333333333
0 0.24791666666666667 0.4699074074074074 0.03333333333333333 0.03333333333333333
0 0.33958333333333335 0.4699074074074074 0.03333333333333333 0.03333333333333333
0 0.43020833333333336 0.4699074074074074 0.03333333333333333 0.03333333333333333
0 0.5208333333333334 0.4699074074074074 0.03333333333333333 0.03333333333333333
0 0.6114583333333333 0.4699074074074074 0.03333333333333333 0.03333333333333333
0 0.7020833333333333 0.4699074074074074 0.03333333333333333 0.03333333333333333
0 0.7927083333333333 0.4699074074074074 0.03333333333333333 0.03333333333333333
0 0.2552083333333333 0.38981481481481484 0.03333333333333333 0.03333333333333333
0 0.34375 0.38981481481481484 0.03333333333333333 0.03333333333333333
0 0.4322916666666667 0.38981481481481484 0.03333333333333333 0.03333333333333333
0 0.5197916666666667 0.38981481481481484 0.03333333333333333 0.03333333333333333
0 0.6083333333333333 0.38981481481481484 0.03333333333333333 0.03333333333333333
0 0.6958333333333333 0.3907407407407407 0.03333333333333333 0.03333333333333333
0 0.7833333333333333 0.3907407407407407 0.03333333333333333 0.03333333333333333
0 0.2625 0.31342592592592594 0.03333333333333333 0.03333333333333333
0 0.34791666666666665 0.31342592592592594 0.03333333333333333 0.03333333333333333
0 0.43333333333333335 0.3148148148148148 0.03333333333333333 0.03333333333333333
0 0.51875 0.3148148148148148 0.03333333333333333 0.03333333333333333
0 0.6041666666666666 0.3148148148148148 0.03333333333333333 0.03333333333333333
0 0.6895833333333333 0.31574074074074077 0.03333333333333333 0.03333333333333333
0 0.7739583333333333 0.31574074074074077 0.03333333333333333 0.03333333333333333
0 0.26875 0.24259259259259258 0.03333333333333333 0.03333333333333333
0 0.35208333333333336 0.24259259259259258 0.03333333333333333 0.03333333333333333
0 0.4354166666666667 0.24351851851851852 0.03333333333333333 0.03333333333333333
0 0.51875 0.24351851851851852 0.03333333333333333 0.03333333333333333
0 0.6010416666666667 0.24351851851851852 0.03333333333333333 0.03333333333333333
0 0.6833333333333333 0.2449074074074074 0.03333333333333333 0.03333333333333333
0 0.765625 0.2449074074074074 0.03333333333333333 0.03333333333333333
0 0.275 0.175 0.03333333333333333 0.03333333333333333
0 0.35625 0.17592592592592593 0.03333333333333333 0.03333333333333333
0 0.43645833333333334 0.17592592592592593 0.03333333333333333 0.03333333333333333
0 0.5177083333333333 0.17685185185185184 0.03333333333333333 0.03333333333333333
0 0.5979166666666667 0.17685185185185184 0.03333333333333333 0.03333333333333333
0 0.678125 0.17685185185185184 0.03333333333333333 0.03333333333333333
0 0.7583333333333333 0.17824074074074073 0.03333333333333333 0.03333333333333333