0 0.7260416666666667 0.2125 0.03333333333333333 0.03333333333333333
0 0.6520833333333333 0.2101851851851852 0.03333333333333333 0.03333333333333333
0 0.5770833333333333 0.20925925925925926 0.03333333333333333 0.03333333333333333
0 0.5020833333333333 0.2074074074074074 0.03333333333333333 0.03333333333333333
0 0.428125 0.2050925925925926 0.03333333333333333 0.03333333333333333
0 0.35208333333333336 0.20416666666666666 0.03333333333333333 0.03333333333333333
0 0.27708333333333335 0.20185185185185187 0.03333333333333333 0.03333333333333333
0 0.7354166666666667 0.26481481481481484 0.03333333333333333 0.03333333333333333
0 0.6583333333333333 0.26342592592592595 0.03333333333333333 0.03333333333333333
0 0.58125 0.26157407407407407 0.03333333333333333 0.03333333333333333
0 0.503125 0.25925925925925924 0.03333333333333333 0.03333333333333333
0 0.42604166666666665 0.25833333333333336 0.03333333333333333 0.03333333333333333
0 0.346875 0.2564814814814815 0.03333333333333333 0.03333333333333333
0 0.26875 0.2550925925925926 0.03333333333333333 0.03333333333333333
0 0.7458333333333333 0.32083333333333336 0.03333333333333333 0.03333333333333333
0 0.665625 0.3199074074074074 0.03333333333333333 0.03333333333333333
0 0.5854166666666667 0.3175925925925926 0.03333333333333333 0.03333333333333333
0 0.5041666666666667 0.31666666666666665 0.03333333333333333 0.03333333333333333
0 0.42291666666666666 0.3148148148148148 0.03333333333333333 0.03333333333333333
0 0.3416666666666667 0.31342592592592594 0.03333333333333333 0.03333333333333333
0 0.2604166666666667 0.31157407407407406 0.03333333333333333 0.03333333333333333
0 0.7572916666666667 0.3824074074074074 0.03333333333333333 0.03333333333333333
0 0.6739583333333333 0.3814814814814815 0.03333333333333333 0.03333333333333333
0 0.5895833333333333 0.37916666666666665 0.03333333333333333 0.03333333333333333
0 0.5052083333333334 0.37824074074074077 0.03333333333333333 0.03333333333333333
0 0.42083333333333334 0.37592592592592594 0.03333333333333333 0.03333333333333333
0 0.33645833333333336 0.375 0.03333333333333333 0.03333333333333333
0 0.25104166666666666 0.3731481481481482 0.03333333333333333 0.03333333333333333
0 0.7697916666666667 0.45 0.03333333333333333 0.03333333333333333
0 0.6822916666666666 0.44814814814814813 0.03333333333333333 0.03333333333333333
0 0.5947916666666667 0.44675925925925924 0.03333333333333333 0.03333333333333333
0 0.50625 0.4449074074074074 0.03333333333333333 0.03333333333333333
0 0.41770833333333335 0.44351851851851853 0.03333333333333333 0.03333333333333333
0 0.32916666666666666 0.44166666666666665 0.03333333333333333 0.03333333333333333
0 0.240625 0.44074074074074077 0.03333333333333333 0.03333333333333333
0 0.7822916666666667 0.5231481481481481 0.03333333333333333 0.03333333333333333
0 0.6916666666666667 0.5208333333333334 0.03333333333333333 0.03333333333333333
0 0.6 0.5199074074074074 0.03333333333333333 0.03333333333333333
0 0.5072916666666667 0.5185185185185185 0.03333333333333333 0.03333333333333333
0 0.415625 0.5166666666666667 0.03333333333333333 0.03333333333333333
0 0.3229166666666667 0.5157407407407407 0.03333333333333333 0.03333333333333333
0 0.22916666666666666 0.5148148148148148 0.03333333333333333 0.03333333333333333
0 0.796875 0.6032407407407407 0.03333333333333333 0.03333333333333333
0 0.7010416666666667 0.600925925925926 0.03333333333333333 0.03333333333333333
0 0.6052083333333333 0.6 0.03333333333333333 0.03333333333333333
0 0.509375 0.5990740740740741 0.03333333333333333 0.03333333333333333
0 0.4125 0.5981481481481481 0.03333333333333333 0.03333333333333333
0 0.3145833333333333 0.5958333333333333 0.03333333333333333 0.03333333333333333
0 0.21666666666666667 0.5949074074074074 0.03333333333333333 0.03333333333333333