0 0.690625 0.2875 0.03333333333333333 0.03333333333333333
0 0.6229166666666667 0.2884259259259259 0.03333333333333333 0.03333333333333333
0 0.5541666666666667 0.2898148148148148 0.03333333333333333 0.03333333333333333
0 0.48541666666666666 0.2916666666666667 0.03333333333333333 0.03333333333333333
0 0.41770833333333335 0.29259259259259257 0.03333333333333333 0.03333333333333333
0 0.3489583333333333 0.2935185185185185 0.03333333333333333 0.03333333333333333
0 0.28020833333333334 0.2949074074074074 0.03333333333333333 0.03333333333333333
0 0.7010416666666667 0.3398148148148148 0.03333333333333333 0.03333333333333333
0 0.6302083333333334 0.3416666666666667 0.03333333333333333 0.03333333333333333
0 0.5583333333333333 0.3425925925925926 0.03333333333333333 0.03333333333333333
0 0.4875 0.3435185185185185 0.03333333333333333 0.03333333333333333
0 0.415625 0.3458333333333333 0.03333333333333333 0.03333333333333333
0 0.34479166666666666 0.34675925925925927 0.03333333333333333 0.03333333333333333
0 0.27291666666666664 0.34814814814814815 0.03333333333333333 0.03333333333333333
0 0.7125 0.39814814814814814 0.03333333333333333 0.03333333333333333
0 0.6375 0.3990740740740741 0.03333333333333333 0.03333333333333333
0 0.5635416666666667 0.4009259259259259 0.03333333333333333 0.03333333333333333
0 0.48854166666666665 0.40185185185185185 0.03333333333333333 0.03333333333333333
0 0.41354166666666664 0.40324074074074073 0.03333333333333333 0.03333333333333333
0 0.33958333333333335 0.4050925925925926 0.03333333333333333 0.03333333333333333
0 0.26458333333333334 0.4064814814814815 0.03333333333333333 0.03333333333333333
0 0.725 0.4601851851851852 0.03333333333333333 0.03333333333333333
0 0.646875 0.4625 0.03333333333333333 0.03333333333333333
0 0.56875 0.4634259259259259 0.03333333333333333 0.03333333333333333
0 0.490625 0.46574074074074073 0.03333333333333333 0.03333333333333333
0 0.4125 0.4666666666666667 0.03333333333333333 0.03333333333333333
0 0.3333333333333333 0.4685185185185185 0.03333333333333333 0.03333333333333333
0 0.2552083333333333 0.4708333333333333 0.03333333333333333 0.03333333333333333
0 0.7385416666666667 0.5300925925925926 0.03333333333333333 0.03333333333333333
0 0.65625 0.5324074074074074 0.03333333333333333 0.03333333333333333
0 0.575 0.5333333333333333 0.03333333333333333 0.03333333333333333
0 0.49270833333333336 0.5351851851851852 0.03333333333333333 0.03333333333333333
0 0.41041666666666665 0.5375 0.03333333333333333 0.03333333333333333
0 0.32708333333333334 0.538425925925926 0.03333333333333333 0.03333333333333333
0 0.24479166666666666 0.5407407407407407 0.03333333333333333 0.03333333333333333
0 0.7541666666666667 0.6074074074074074 0.03333333333333333 0.03333333333333333
0 0.6677083333333333 0.6092592592592593 0.03333333333333333 0.03333333333333333
0 0.58125 0.6101851851851852 0.03333333333333333 0.03333333333333333
0 0.4947916666666667 0.6125 0.03333333333333333 0.03333333333333333
0 0.40729166666666666 0.6148148148148148 0.03333333333333333 0.03333333333333333
0 0.32083333333333336 0.6166666666666667 0.03333333333333333 0.03333333333333333
0 0.23333333333333334 0.6185185185185185 0.03333333333333333 0.03333333333333333
0 0.7708333333333334 0.6925925925925925 0.03333333333333333 0.03333333333333333
0 0.6791666666666667 0.6949074074074074 0.03333333333333333 0.03333333333333333
0 0.5885416666666666 0.6967592592592593 0.03333333333333333 0.03333333333333333
0 0.496875 0.6990740740740741 0.03333333333333333 0.03333333333333333
0 0.40520833333333334 0.700925925925926 0.03333333333333333 0.03333333333333333
0 0.31354166666666666 0.7032407407407407 0.03333333333333333 0.03333333333333333
0 0.22083333333333333 0.7050925925925926 0.03333333333333333 0.03333333333333333