0 0.23020833333333332 0.6375 0.03333333333333333 0.03333333333333333
0 0.328125 0.6342592592592593 0.03333333333333333 0.03333333333333333
0 0.42604166666666665 0.6324074074074074 0.03333333333333333 0.03333333333333333
0 0.5229166666666667 0.6300925925925925 0.03333333333333333 0.03333333333333333
0 0.6208333333333333 0.6268518518518519 0.03333333333333333 0.03333333333333333
0 0.7177083333333333 0.625 0.03333333333333333 0.03333333333333333
0 0.8145833333333333 0.6217592592592592 0.03333333333333333 0.03333333333333333
0 0.23645833333333333 0.5458333333333333 0.03333333333333333 0.03333333333333333
0 0.33125 0.5425925925925926 0.03333333333333333 0.03333333333333333
0 0.42604166666666665 0.5407407407407407 0.03333333333333333 0.03333333333333333
0 0.5197916666666667 0.538425925925926 0.03333333333333333 0.03333333333333333
0 0.6135416666666667 0.5351851851851852 0.03333333333333333 0.03333333333333333
0 0.7083333333333334 0.5333333333333333 0.03333333333333333 0.03333333333333333
0 0.8020833333333334 0.5314814814814814 0.03333333333333333 0.03333333333333333
0 0.24270833333333333 0.45925925925925926 0.03333333333333333 0.03333333333333333
0 0.334375 0.4564814814814815 0.03333333333333333 0.03333333333333333
0 0.425 0.45416666666666666 0.03333333333333333 0.03333333333333333
0 0.5166666666666667 0.45185185185185184 0.03333333333333333 0.03333333333333333
0 0.6083333333333333 0.45 0.03333333333333333 0.03333333333333333
0 0.6989583333333333 0.44814814814814813 0.03333333333333333 0.03333333333333333
0 0.790625 0.4449074074074074 0.03333333333333333 0.03333333333333333
0 0.24791666666666667 0.37824074074074077 0.03333333333333333 0.03333333333333333
0 0.33645833333333336 0.37592592592592594 0.03333333333333333 0.03333333333333333
0 0.425 0.37407407407407406 0.03333333333333333 0.03333333333333333
0 0.5135416666666667 0.37175925925925923 0.03333333333333333 0.03333333333333333
0 0.6020833333333333 0.3685185185185185 0.03333333333333333 0.03333333333333333
0 0.690625 0.36666666666666664 0.03333333333333333 0.03333333333333333
0 0.7791666666666667 0.3648148148148148 0.03333333333333333 0.03333333333333333
0 0.253125 0.30185185185185187 0.03333333333333333 0.03333333333333333
0 0.33958333333333335 0.3 0.03333333333333333 0.03333333333333333
0 0.425 0.29814814814814816 0.03333333333333333 0.03333333333333333
0 0.5114583333333333 0.29583333333333334 0.03333333333333333 0.03333333333333333
0 0.596875 0.2935185185185185 0.03333333333333333 0.03333333333333333
0 0.6833333333333333 0.29074074074074074 0.03333333333333333 0.03333333333333333
0 0.76875 0.2884259259259259 0.03333333333333333 0.03333333333333333
0 0.25833333333333336 0.2300925925925926 0.03333333333333333 0.03333333333333333
0 0.3416666666666667 0.22824074074074074 0.03333333333333333 0.03333333333333333
0 0.425 0.22592592592592592 0.03333333333333333 0.03333333333333333
0 0.5083333333333333 0.22407407407407406 0.03333333333333333 0.03333333333333333
0 0.5916666666666667 0.22175925925925927 0.03333333333333333 0.03333333333333333
0 0.675 0.2199074074074074 0.03333333333333333 0.03333333333333333
0 0.7583333333333333 0.2175925925925926 0.03333333333333333 0.03333333333333333
0 0.2635416666666667 0.1625 0.03333333333333333 0.03333333333333333
0 0.34375 0.16018518518518518 0.03333333333333333 0.03333333333333333
0 0.425 0.15833333333333333 0.03333333333333333 0.03333333333333333
0 0.50625 0.15648148148148147 0.03333333333333333 0.03333333333333333
0 0.5875 0.15416666666666667 0.03333333333333333 0.03333333333333333
0 0.66875 0.15185185185185185 0.03333333333333333 0.03333333333333333
0 0.7489583333333333 0.15 0.03333333333333333 0.03333333333333333