0 0.2916666666666667 0.6458333333333334 0.020833333333333332 0.027777777777777776
0 0.36875 0.6444444444444445 0.020833333333333332 0.027777777777777776
0 0.446875 0.6444444444444445 0.020833333333333332 0.027777777777777776
0 0.5260416666666666 0.6430555555555556 0.020833333333333332 0.027777777777777776
0 0.60625 0.6430555555555556 0.020833333333333332 0.027777777777777776
0 0.6864583333333333 0.6416666666666667 0.020833333333333332 0.027777777777777776
0 0.76875 0.6416666666666667 0.020833333333333332 0.027777777777777776
0 0.303125 0.5555555555555556 0.020833333333333332 0.027777777777777776
0 0.37604166666666666 0.5541666666666667 0.020833333333333332 0.027777777777777776
0 0.45 0.5527777777777778 0.020833333333333332 0.027777777777777776
0 0.525 0.5513888888888889 0.020833333333333332 0.027777777777777776
0 0.6010416666666667 0.55 0.020833333333333332 0.027777777777777776
0 0.678125 0.55 0.020833333333333332 0.027777777777777776
0 0.75625 0.5486111111111112 0.020833333333333332 0.027777777777777776
0 0.3125 0.4736111111111111 0.020833333333333332 0.027777777777777776
0 0.38229166666666664 0.4722222222222222 0.020833333333333332 0.027777777777777776
0 0.453125 0.4708333333333333 0.020833333333333332 0.027777777777777776
0 0.525 0.46944444444444444 0.020833333333333332 0.027777777777777776
0 0.596875 0.4666666666666667 0.020833333333333332 0.027777777777777776
0 0.6708333333333333 0.4652777777777778 0.020833333333333332 0.027777777777777776
0 0.7447916666666666 0.4638888888888889 0.020833333333333332 0.027777777777777776
0 0.32083333333333336 0.4 0.020833333333333332 0.027777777777777776
0 0.3885416666666667 0.3972222222222222 0.020833333333333332 0.027777777777777776
0 0.45625 0.3958333333333333 0.020833333333333332 0.027777777777777776
0 0.5239583333333333 0.39305555555555555 0.020833333333333332 0.027777777777777776
0 0.59375 0.39166666666666666 0.020833333333333332 0.027777777777777776
0 0.6635416666666667 0.3888888888888889 0.020833333333333332 0.027777777777777776
0 0.734375 0.3875 0.020833333333333332 0.027777777777777776
0 0.32916666666666666 0.33194444444444443 0.020833333333333332 0.027777777777777776
0 0.39375 0.32916666666666666 0.020833333333333332 0.027777777777777776
0 0.4583333333333333 0.3263888888888889 0.020833333333333332 0.027777777777777776
0 0.5239583333333333 0.3236111111111111 0.020833333333333332 0.027777777777777776
0 0.590625 0.32222222222222224 0.020833333333333332 0.027777777777777776
0 0.6572916666666667 0.3194444444444444 0.020833333333333332 0.027777777777777776
0 0.725 0.31666666666666665 0.020833333333333332 0.027777777777777776
0 0.33645833333333336 0.26805555555555555 0.020833333333333332 0.027777777777777776
0 0.39791666666666664 0.2652777777777778 0.020833333333333332 0.027777777777777776
0 0.46041666666666664 0.2638888888888889 0.020833333333333332 0.027777777777777776
0 0.5239583333333333 0.2611111111111111 0.020833333333333332 0.027777777777777776
0 0.5875 0.25833333333333336 0.020833333333333332 0.027777777777777776
0 0.6520833333333333 0.25555555555555554 0.020833333333333332 0.027777777777777776
0 0.7166666666666667 0.25277777777777777 0.020833333333333332 0.027777777777777776
0 0.34375 0.2111111111111111 0.020833333333333332 0.027777777777777776
0 0.403125 0.20833333333333334 0.020833333333333332 0.027777777777777776
0 0.4625 0.20555555555555555 0.020833333333333332 0.027777777777777776
0 0.5229166666666667 0.20277777777777778 0.020833333333333332 0.027777777777777776
0 0.584375 0.1986111111111111 0.020833333333333332 0.027777777777777776
0 0.6458333333333334 0.19583333333333333 0.020833333333333332 0.027777777777777776
0 0.7083333333333334 0.19305555555555556 0.020833333333333332 0.027777777777777776