0 0.715625 0.22685185185185186 0.035416666666666666 0.03518518518518519
0 0.6302083333333334 0.22685185185185186 0.035416666666666666 0.03518518518518519
0 0.546875 0.22685185185185186 0.035416666666666666 0.03518518518518519
0 0.46458333333333335 0.22685185185185186 0.035416666666666666 0.03518518518518519
0 0.38333333333333336 0.22824074074074074 0.035416666666666666 0.03518518518518519
0 0.303125 0.22824074074074074 0.035416666666666666 0.03518518518518519
0 0.225 0.22824074074074074 0.035416666666666666 0.03518518518518519
0 0.7177083333333333 0.3 0.035416666666666666 0.03518518518518519
0 0.6302083333333334 0.29907407407407405 0.035416666666666666 0.03518518518518519
0 0.54375 0.29907407407407405 0.035416666666666666 0.03518518518518519
0 0.4583333333333333 0.29814814814814816 0.035416666666666666 0.03518518518518519
0 0.375 0.29814814814814816 0.035416666666666666 0.03518518518518519
0 0.29270833333333335 0.29814814814814816 0.035416666666666666 0.03518518518518519
0 0.21145833333333333 0.2967592592592593 0.035416666666666666 0.03518518518518519
0 0.7197916666666667 0.3768518518518518 0.035416666666666666 0.03518518518518519
0 0.6291666666666667 0.37592592592592594 0.035416666666666666 0.03518518518518519
0 0.540625 0.375 0.035416666666666666 0.03518518518518519
0 0.45208333333333334 0.37407407407407406 0.035416666666666666 0.03518518518518519
0 0.36666666666666664 0.3731481481481482 0.035416666666666666 0.03518518518518519
0 0.28125 0.37175925925925923 0.035416666666666666 0.03518518518518519
0 0.19791666666666666 0.37083333333333335 0.035416666666666666 0.03518518518518519
0 0.7229166666666667 0.45925925925925926 0.035416666666666666 0.03518518518518519
0 0.628125 0.4583333333333333 0.035416666666666666 0.03518518518518519
0 0.5364583333333334 0.4564814814814815 0.035416666666666666 0.03518518518518519
0 0.44583333333333336 0.45416666666666666 0.035416666666666666 0.03518518518518519
0 0.3572916666666667 0.45185185185185184 0.035416666666666666 0.03518518518518519
0 0.26979166666666665 0.45092592592592595 0.035416666666666666 0.03518518518518519
0 0.18333333333333332 0.44907407407407407 0.035416666666666666 0.03518518518518519
0 0.725 0.5481481481481482 0.035416666666666666 0.03518518518518519
0 0.628125 0.5458333333333333 0.035416666666666666 0.03518518518518519
0 0.5322916666666667 0.5425925925925926 0.035416666666666666 0.03518518518518519
0 0.43854166666666666 0.5398148148148149 0.035416666666666666 0.03518518518518519
0 0.346875 0.5375 0.035416666666666666 0.03518518518518519
0 0.25729166666666664 0.5342592592592592 0.035416666666666666 0.03518518518518519
0 0.16875 0.5324074074074074 0.035416666666666666 0.03518518518518519
0 0.7270833333333333 0.6425925925925926 0.035416666666666666 0.03518518518518519
0 0.6270833333333333 0.6398148148148148 0.035416666666666666 0.03518518518518519
0 0.528125 0.6351851851851852 0.035416666666666666 0.03518518518518519
0 0.43125 0.6324074074074074 0.035416666666666666 0.03518518518518519
0 0.33645833333333336 0.6282407407407408 0.035416666666666666 0.03518518518518519
0 0.24375 0.625 0.035416666666666666 0.03518518518518519
0 0.15208333333333332 0.6217592592592592 0.035416666666666666 0.03518518518518519
0 0.7302083333333333 0.7449074074074075 0.035416666666666666 0.03518518518518519
0 0.6260416666666667 0.7407407407407407 0.035416666666666666 0.03518518518518519
0 0.5239583333333333 0.7351851851851852 0.035416666666666666 0.03518518518518519
0 0.42291666666666666 0.7300925925925926 0.035416666666666666 0.03518518518518519
0 0.325 0.725925925925926 0.035416666666666666 0.03518518518518519
0 0.22916666666666666 0.7208333333333333 0.035416666666666666 0.03518518518518519
0 0.134375 0.7166666666666667 0.035416666666666666 0.03518518518518519