0 0.33541666666666664 0.3861111111111111 0.01875 0.025
0 0.3302083333333333 0.44305555555555554 0.01875 0.025
0 0.32395833333333335 0.5041666666666667 0.01875 0.025
0 0.3177083333333333 0.5680555555555555 0.01875 0.025
0 0.31145833333333334 0.6375 0.01875 0.025
0 0.30416666666666664 0.7111111111111111 0.01875 0.025
0 0.296875 0.7888888888888889 0.01875 0.025
0 0.396875 0.3875 0.01875 0.025
0 0.39375 0.4444444444444444 0.01875 0.025
0 0.38958333333333334 0.5055555555555555 0.01875 0.025
0 0.3854166666666667 0.5708333333333333 0.01875 0.025
0 0.38125 0.6388888888888888 0.01875 0.025
0 0.37604166666666666 0.7125 0.01875 0.025
0 0.37083333333333335 0.7916666666666666 0.01875 0.025
0 0.459375 0.3875 0.01875 0.025
0 0.45729166666666665 0.44583333333333336 0.01875 0.025
0 0.4552083333333333 0.5069444444444444 0.01875 0.025
0 0.453125 0.5722222222222222 0.01875 0.025
0 0.4510416666666667 0.6416666666666667 0.01875 0.025
0 0.4479166666666667 0.7152777777777778 0.01875 0.025
0 0.44583333333333336 0.7944444444444444 0.01875 0.025
0 0.5208333333333334 0.3888888888888889 0.01875 0.025
0 0.5208333333333334 0.44722222222222224 0.01875 0.025
0 0.5208333333333334 0.5083333333333333 0.01875 0.025
0 0.5208333333333334 0.5736111111111111 0.01875 0.025
0 0.5208333333333334 0.6430555555555556 0.01875 0.025
0 0.5208333333333334 0.7166666666666667 0.01875 0.025
0 0.5208333333333334 0.7958333333333333 0.01875 0.025
0 0.5833333333333334 0.3902777777777778 0.01875 0.025
0 0.5854166666666667 0.4486111111111111 0.01875 0.025
0 0.5875 0.5097222222222222 0.01875 0.025
0 0.5895833333333333 0.575 0.01875 0.025
0 0.5916666666666667 0.6444444444444445 0.01875 0.025
0 0.59375 0.7194444444444444 0.01875 0.025
0 0.5958333333333333 0.7986111111111112 0.01875 0.025
0 0.6458333333333334 0.39166666666666666 0.01875 0.025
0 0.65 0.45 0.01875 0.025
0 0.653125 0.5111111111111111 0.01875 0.025
0 0.6572916666666667 0.5763888888888888 0.01875 0.025
0 0.6625 0.6472222222222223 0.01875 0.025
0 0.6666666666666666 0.7208333333333333 0.01875 0.025
0 0.671875 0.8013888888888889 0.01875 0.025
0 0.7083333333333334 0.39305555555555555 0.01875 0.025
0 0.7145833333333333 0.4513888888888889 0.01875 0.025
0 0.7197916666666667 0.5125 0.01875 0.025
0 0.7260416666666667 0.5777777777777777 0.01875 0.025
0 0.7333333333333333 0.6486111111111111 0.01875 0.025
0 0.740625 0.7236111111111111 0.01875 0.025
0 0.7479166666666667 0.8041666666666667 0.01875 0.025