0 0.7052083333333333 0.18472222222222223 0.025 0.03333333333333333
0 0.6385416666666667 0.18611111111111112 0.025 0.03333333333333333
0 0.5729166666666666 0.1875 0.025 0.03333333333333333
0 0.50625 0.18888888888888888 0.025 0.03333333333333333
0 0.440625 0.19027777777777777 0.025 0.03333333333333333
0 0.37395833333333334 0.19166666666666668 0.025 0.03333333333333333
0 0.30625 0.19305555555555556 0.025 0.03333333333333333
0 0.7166666666666667 0.24722222222222223 0.025 0.03333333333333333
0 0.646875 0.24861111111111112 0.025 0.03333333333333333
0 0.578125 0.25 0.025 0.03333333333333333
0 0.5083333333333333 0.2513888888888889 0.025 0.03333333333333333
0 0.43854166666666666 0.25416666666666665 0.025 0.03333333333333333
0 0.36875 0.25555555555555554 0.025 0.03333333333333333
0 0.29791666666666666 0.2569444444444444 0.025 0.03333333333333333
0 0.728125 0.31527777777777777 0.025 0.03333333333333333
0 0.65625 0.31666666666666665 0.025 0.03333333333333333
0 0.5833333333333334 0.3194444444444444 0.025 0.03333333333333333
0 0.5104166666666666 0.32083333333333336 0.025 0.03333333333333333
0 0.43645833333333334 0.32222222222222224 0.025 0.03333333333333333
0 0.36354166666666665 0.325 0.025 0.03333333333333333
0 0.28958333333333336 0.3263888888888889 0.025 0.03333333333333333
0 0.7427083333333333 0.39166666666666666 0.025 0.03333333333333333
0 0.665625 0.39305555555555555 0.025 0.03333333333333333
0 0.5885416666666666 0.39444444444444443 0.025 0.03333333333333333
0 0.5114583333333333 0.3972222222222222 0.025 0.03333333333333333
0 0.434375 0.39861111111111114 0.025 0.03333333333333333
0 0.3572916666666667 0.4013888888888889 0.025 0.03333333333333333
0 0.2791666666666667 0.4027777777777778 0.025 0.03333333333333333
0 0.7572916666666667 0.475 0.025 0.03333333333333333
0 0.6770833333333334 0.4777777777777778 0.025 0.03333333333333333
0 0.5958333333333333 0.48055555555555557 0.025 0.03333333333333333
0 0.5145833333333333 0.48194444444444445 0.025 0.03333333333333333
0 0.4322916666666667 0.4847222222222222 0.025 0.03333333333333333
0 0.35 0.4861111111111111 0.025 0.03333333333333333
0 0.2677083333333333 0.4888888888888889 0.025 0.03333333333333333
0 0.775 0.5694444444444444 0.025 0.03333333333333333
0 0.6885416666666667 0.5722222222222222 0.025 0.03333333333333333
0 0.603125 0.575 0.025 0.03333333333333333
0 0.5166666666666667 0.5777777777777777 0.025 0.03333333333333333
0 0.43020833333333336 0.5805555555555556 0.025 0.03333333333333333
0 0.34270833333333334 0.5833333333333334 0.025 0.03333333333333333
0 0.2552083333333333 0.5861111111111111 0.025 0.03333333333333333
0 0.79375 0.6763888888888889 0.025 0.03333333333333333
0 0.703125 0.6791666666666667 0.025 0.03333333333333333
0 0.6114583333333333 0.6819444444444445 0.025 0.03333333333333333
0 0.51875 0.6861111111111111 0.025 0.03333333333333333
0 0.4270833333333333 0.6888888888888889 0.025 0.03333333333333333
0 0.334375 0.6916666666666667 0.025 0.03333333333333333
0 0.240625 0.6944444444444444 0.025 0.03333333333333333