0 0.309375 0.6458333333333334 0.020833333333333332 0.027777777777777776
0 0.38645833333333335 0.6458333333333334 0.020833333333333332 0.027777777777777776
0 0.4625 0.6458333333333334 0.020833333333333332 0.027777777777777776
0 0.540625 0.6472222222222223 0.020833333333333332 0.027777777777777776
0 0.6177083333333333 0.6472222222222223 0.020833333333333332 0.027777777777777776
0 0.6958333333333333 0.6472222222222223 0.020833333333333332 0.027777777777777776
0 0.7739583333333333 0.6486111111111111 0.020833333333333332 0.027777777777777776
0 0.32083333333333336 0.5569444444444445 0.020833333333333332 0.027777777777777776
0 0.39375 0.5583333333333333 0.020833333333333332 0.027777777777777776
0 0.4666666666666667 0.5583333333333333 0.020833333333333332 0.027777777777777776
0 0.5395833333333333 0.5583333333333333 0.020833333333333332 0.027777777777777776
0 0.6135416666666667 0.5583333333333333 0.020833333333333332 0.027777777777777776
0 0.6875 0.5583333333333333 0.020833333333333332 0.027777777777777776
0 0.7614583333333333 0.5583333333333333 0.020833333333333332 0.027777777777777776
0 0.3302083333333333 0.4777777777777778 0.020833333333333332 0.027777777777777776
0 0.4 0.4777777777777778 0.020833333333333332 0.027777777777777776
0 0.46979166666666666 0.4777777777777778 0.020833333333333332 0.027777777777777776
0 0.5395833333333333 0.4777777777777778 0.020833333333333332 0.027777777777777776
0 0.609375 0.4777777777777778 0.020833333333333332 0.027777777777777776
0 0.6802083333333333 0.4777777777777778 0.020833333333333332 0.027777777777777776
0 0.7510416666666667 0.4777777777777778 0.020833333333333332 0.027777777777777776
0 0.33958333333333335 0.40555555555555556 0.020833333333333332 0.027777777777777776
0 0.40520833333333334 0.40555555555555556 0.020833333333333332 0.027777777777777776
0 0.471875 0.40555555555555556 0.020833333333333332 0.027777777777777776
0 0.5385416666666667 0.40555555555555556 0.020833333333333332 0.027777777777777776
0 0.6052083333333333 0.40555555555555556 0.020833333333333332 0.027777777777777776
0 0.6729166666666667 0.4041666666666667 0.020833333333333332 0.027777777777777776
0 0.740625 0.4041666666666667 0.020833333333333332 0.027777777777777776
0 0.34791666666666665 0.3388888888888889 0.020833333333333332 0.027777777777777776
0 0.4114583333333333 0.3388888888888889 0.020833333333333332 0.027777777777777776
0 0.475 0.3388888888888889 0.020833333333333332 0.027777777777777776
0 0.5385416666666667 0.3388888888888889 0.020833333333333332 0.027777777777777776
0 0.6020833333333333 0.3388888888888889 0.020833333333333332 0.027777777777777776
0 0.6666666666666666 0.3375 0.020833333333333332 0.027777777777777776
0 0.73125 0.3375 0.020833333333333332 0.027777777777777776
0 0.35520833333333335 0.2791666666666667 0.020833333333333332 0.027777777777777776
0 0.415625 0.2777777777777778 0.020833333333333332 0.027777777777777776
0 0.47708333333333336 0.2777777777777778 0.020833333333333332 0.027777777777777776
0 0.5375 0.2777777777777778 0.020833333333333332 0.027777777777777776
0 0.5989583333333334 0.2777777777777778 0.020833333333333332 0.027777777777777776
0 0.6604166666666667 0.2763888888888889 0.020833333333333332 0.027777777777777776
0 0.7229166666666667 0.2763888888888889 0.020833333333333332 0.027777777777777776
0 0.3625 0.2222222222222222 0.020833333333333332 0.027777777777777776
0 0.42083333333333334 0.2222222222222222 0.020833333333333332 0.027777777777777776
0 0.4791666666666667 0.2222222222222222 0.020833333333333332 0.027777777777777776
0 0.5375 0.22083333333333333 0.020833333333333332 0.027777777777777776
0 0.596875 0.22083333333333333 0.020833333333333332 0.027777777777777776
0 0.6552083333333333 0.22083333333333333 0.020833333333333332 0.027777777777777776
0 0.7145833333333333 0.22083333333333333 0.020833333333333332 0.027777777777777776