0 0.7145833333333333 0.19166666666666668 0.03333333333333333 0.03333333333333333
0 0.6416666666666667 0.19166666666666668 0.03333333333333333 0.03333333333333333
0 0.56875 0.19166666666666668 0.03333333333333333 0.03333333333333333
0 0.4947916666666667 0.19166666666666668 0.03333333333333333 0.03333333333333333
0 0.421875 0.19166666666666668 0.03333333333333333 0.03333333333333333
0 0.34791666666666665 0.19166666666666668 0.03333333333333333 0.03333333333333333
0 0.27395833333333336 0.19166666666666668 0.03333333333333333 0.03333333333333333
0 0.7239583333333334 0.24166666666666667 0.03333333333333333 0.03333333333333333
0 0.6479166666666667 0.24166666666666667 0.03333333333333333 0.03333333333333333
0 0.571875 0.24166666666666667 0.03333333333333333 0.03333333333333333
0 0.4947916666666667 0.24166666666666667 0.03333333333333333 0.03333333333333333
0 0.41875 0.24166666666666667 0.03333333333333333 0.03333333333333333
0 0.34270833333333334 0.24259259259259258 0.03333333333333333 0.03333333333333333
0 0.265625 0.24259259259259258 0.03333333333333333 0.03333333333333333
0 0.7333333333333333 0.2967592592592593 0.03333333333333333 0.03333333333333333
0 0.6541666666666667 0.2967592592592593 0.03333333333333333 0.03333333333333333
0 0.575 0.2967592592592593 0.03333333333333333 0.03333333333333333
0 0.4947916666666667 0.2967592592592593 0.03333333333333333 0.03333333333333333
0 0.415625 0.2967592592592593 0.03333333333333333 0.03333333333333333
0 0.33541666666666664 0.29814814814814816 0.03333333333333333 0.03333333333333333
0 0.25625 0.29814814814814816 0.03333333333333333 0.03333333333333333
0 0.74375 0.35648148148148145 0.03333333333333333 0.03333333333333333
0 0.6614583333333334 0.35648148148148145 0.03333333333333333 0.03333333333333333
0 0.578125 0.3574074074074074 0.03333333333333333 0.03333333333333333
0 0.4947916666666667 0.3574074074074074 0.03333333333333333 0.03333333333333333
0 0.4125 0.3574074074074074 0.03333333333333333 0.03333333333333333
0 0.32916666666666666 0.3574074074074074 0.03333333333333333 0.03333333333333333
0 0.24583333333333332 0.3574074074074074 0.03333333333333333 0.03333333333333333
0 0.7552083333333334 0.4217592592592593 0.03333333333333333 0.03333333333333333
0 0.66875 0.4217592592592593 0.03333333333333333 0.03333333333333333
0 0.5822916666666667 0.4217592592592593 0.03333333333333333 0.03333333333333333
0 0.49583333333333335 0.4217592592592593 0.03333333333333333 0.03333333333333333
0 0.4083333333333333 0.42314814814814816 0.03333333333333333 0.03333333333333333
0 0.321875 0.42314814814814816 0.03333333333333333 0.03333333333333333
0 0.234375 0.42314814814814816 0.03333333333333333 0.03333333333333333
0 0.7677083333333333 0.4925925925925926 0.03333333333333333 0.03333333333333333
0 0.6770833333333334 0.4935185185185185 0.03333333333333333 0.03333333333333333
0 0.5864583333333333 0.4935185185185185 0.03333333333333333 0.03333333333333333
0 0.49583333333333335 0.4935185185185185 0.03333333333333333 0.03333333333333333
0 0.4041666666666667 0.4935185185185185 0.03333333333333333 0.03333333333333333
0 0.31354166666666666 0.4949074074074074 0.03333333333333333 0.03333333333333333
0 0.221875 0.4949074074074074 0.03333333333333333 0.03333333333333333
0 0.78125 0.5717592592592593 0.03333333333333333 0.03333333333333333
0 0.6864583333333333 0.5717592592592593 0.03333333333333333 0.03333333333333333
0 0.590625 0.5717592592592593 0.03333333333333333 0.03333333333333333
0 0.49583333333333335 0.5731481481481482 0.03333333333333333 0.03333333333333333
0 0.4 0.5731481481481482 0.03333333333333333 0.03333333333333333
0 0.30416666666666664 0.5731481481481482 0.03333333333333333 0.03333333333333333
0 0.20833333333333334 0.5740740740740741 0.03333333333333333 0.03333333333333333