0 0.684375 0.17916666666666667 0.025 0.03333333333333333
0 0.6177083333333333 0.17916666666666667 0.025 0.03333333333333333
0 0.5510416666666667 0.18055555555555555 0.025 0.03333333333333333
0 0.4822916666666667 0.18055555555555555 0.025 0.03333333333333333
0 0.41458333333333336 0.18194444444444444 0.025 0.03333333333333333
0 0.34479166666666666 0.18194444444444444 0.025 0.03333333333333333
0 0.275 0.18194444444444444 0.025 0.03333333333333333
0 0.696875 0.24166666666666667 0.025 0.03333333333333333
0 0.6270833333333333 0.24305555555555555 0.025 0.03333333333333333
0 0.5572916666666666 0.24444444444444444 0.025 0.03333333333333333
0 0.48541666666666666 0.24444444444444444 0.025 0.03333333333333333
0 0.41354166666666664 0.24583333333333332 0.025 0.03333333333333333
0 0.340625 0.24583333333333332 0.025 0.03333333333333333
0 0.2677083333333333 0.24722222222222223 0.025 0.03333333333333333
0 0.7114583333333333 0.3111111111111111 0.025 0.03333333333333333
0 0.6375 0.3125 0.025 0.03333333333333333
0 0.5635416666666667 0.3138888888888889 0.025 0.03333333333333333
0 0.48854166666666665 0.31527777777777777 0.025 0.03333333333333333
0 0.4125 0.31666666666666665 0.025 0.03333333333333333
0 0.33645833333333336 0.31805555555555554 0.025 0.03333333333333333
0 0.259375 0.3194444444444444 0.025 0.03333333333333333
0 0.7260416666666667 0.3875 0.025 0.03333333333333333
0 0.6489583333333333 0.3888888888888889 0.025 0.03333333333333333
0 0.5708333333333333 0.39166666666666666 0.025 0.03333333333333333
0 0.49166666666666664 0.39305555555555555 0.025 0.03333333333333333
0 0.4125 0.39444444444444443 0.025 0.03333333333333333
0 0.33125 0.3972222222222222 0.025 0.03333333333333333
0 0.25 0.39861111111111114 0.025 0.03333333333333333
0 0.7427083333333333 0.4722222222222222 0.025 0.03333333333333333
0 0.6614583333333334 0.475 0.025 0.03333333333333333
0 0.5791666666666667 0.4777777777777778 0.025 0.03333333333333333
0 0.49583333333333335 0.48055555555555557 0.025 0.03333333333333333
0 0.4114583333333333 0.48333333333333334 0.025 0.03333333333333333
0 0.3260416666666667 0.4847222222222222 0.025 0.03333333333333333
0 0.23958333333333334 0.4875 0.025 0.03333333333333333
0 0.7625 0.5680555555555555 0.025 0.03333333333333333
0 0.6760416666666667 0.5708333333333333 0.025 0.03333333333333333
0 0.5885416666666666 0.575 0.025 0.03333333333333333
0 0.5 0.5777777777777777 0.025 0.03333333333333333
0 0.41041666666666665 0.5805555555555556 0.025 0.03333333333333333
0 0.31979166666666664 0.5847222222222223 0.025 0.03333333333333333
0 0.228125 0.5875 0.025 0.03333333333333333
0 0.7833333333333333 0.675 0.025 0.03333333333333333
0 0.6916666666666667 0.6791666666666667 0.025 0.03333333333333333
0 0.5989583333333334 0.6833333333333333 0.025 0.03333333333333333
0 0.5052083333333334 0.6875 0.025 0.03333333333333333
0 0.409375 0.6930555555555555 0.025 0.03333333333333333
0 0.3125 0.6972222222222222 0.025 0.03333333333333333
0 0.21458333333333332 0.7013888888888888 0.025 0.03333333333333333