0 0.73125 0.14814814814814814 0.035416666666666666 0.03518518518518519
0 0.653125 0.15185185185185185 0.035416666666666666 0.03518518518518519
0 0.5739583333333333 0.1550925925925926 0.035416666666666666 0.03518518518518519
0 0.49583333333333335 0.15833333333333333 0.035416666666666666 0.03518518518518519
0 0.4166666666666667 0.16157407407407406 0.035416666666666666 0.03518518518518519
0 0.3385416666666667 0.1648148148148148 0.035416666666666666 0.03518518518518519
0 0.2604166666666667 0.1675925925925926 0.035416666666666666 0.03518518518518519
0 0.7385416666666667 0.2050925925925926 0.035416666666666666 0.03518518518518519
0 0.6572916666666667 0.20925925925925926 0.035416666666666666 0.03518518518518519
0 0.5760416666666667 0.2125 0.035416666666666666 0.03518518518518519
0 0.49375 0.21574074074074073 0.035416666666666666 0.03518518518518519
0 0.4125 0.21851851851851853 0.035416666666666666 0.03518518518518519
0 0.33125 0.22175925925925927 0.035416666666666666 0.03518518518518519
0 0.25 0.22592592592592592 0.035416666666666666 0.03518518518518519
0 0.746875 0.26666666666666666 0.035416666666666666 0.03518518518518519
0 0.6625 0.2708333333333333 0.035416666666666666 0.03518518518518519
0 0.5770833333333333 0.2740740740740741 0.035416666666666666 0.03518518518518519
0 0.49270833333333336 0.27685185185185185 0.035416666666666666 0.03518518518518519
0 0.40729166666666666 0.2814814814814815 0.035416666666666666 0.03518518518518519
0 0.3229166666666667 0.28425925925925927 0.035416666666666666 0.03518518518518519
0 0.23854166666666668 0.2884259259259259 0.035416666666666666 0.03518518518518519
0 0.7552083333333334 0.33425925925925926 0.035416666666666666 0.03518518518518519
0 0.6677083333333333 0.3375 0.035416666666666666 0.03518518518518519
0 0.5791666666666667 0.3416666666666667 0.035416666666666666 0.03518518518518519
0 0.490625 0.3449074074074074 0.035416666666666666 0.03518518518518519
0 0.40208333333333335 0.34814814814814815 0.035416666666666666 0.03518518518518519
0 0.31354166666666666 0.35185185185185186 0.035416666666666666 0.03518518518518519
0 0.22604166666666667 0.35509259259259257 0.035416666666666666 0.03518518518518519
0 0.765625 0.4064814814814815 0.035416666666666666 0.03518518518518519
0 0.6729166666666667 0.4101851851851852 0.035416666666666666 0.03518518518518519
0 0.58125 0.4134259259259259 0.035416666666666666 0.03518518518518519
0 0.48854166666666665 0.41759259259259257 0.035416666666666666 0.03518518518518519
0 0.396875 0.4217592592592593 0.035416666666666666 0.03518518518518519
0 0.30416666666666664 0.425 0.035416666666666666 0.03518518518518519
0 0.2125 0.42916666666666664 0.035416666666666666 0.03518518518518519
0 0.7760416666666666 0.48518518518518516 0.035416666666666666 0.03518518518518519
0 0.6791666666666667 0.4898148148148148 0.035416666666666666 0.03518518518518519
0 0.5833333333333334 0.4935185185185185 0.035416666666666666 0.03518518518518519
0 0.4864583333333333 0.4981481481481482 0.035416666666666666 0.03518518518518519
0 0.390625 0.5009259259259259 0.035416666666666666 0.03518518518518519
0 0.29375 0.5050925925925925 0.035416666666666666 0.03518518518518519
0 0.19791666666666666 0.5092592592592593 0.035416666666666666 0.03518518518518519
0 0.7875 0.5717592592592593 0.035416666666666666 0.03518518518518519
0 0.6864583333333333 0.575925925925926 0.035416666666666666 0.03518518518518519
0 0.5854166666666667 0.5800925925925926 0.035416666666666666 0.03518518518518519
0 0.484375 0.5842592592592593 0.035416666666666666 0.03518518518518519
0 0.38333333333333336 0.5884259259259259 0.035416666666666666 0.03518518518518519
0 0.28229166666666666 0.5925925925925926 0.035416666666666666 0.03518518518518519
0 0.18125 0.5967592592592592 0.035416666666666666 0.03518518518518519