0 0.171875 0.6050925925925926 0.03125 0.03148148148148148
0 0.26145833333333335 0.6148148148148148 0.03125 0.03148148148148148
0 0.35208333333333336 0.625 0.03125 0.03148148148148148
0 0.44479166666666664 0.6342592592592593 0.03125 0.03148148148148148
0 0.5385416666666667 0.6449074074074074 0.03125 0.03148148148148148
0 0.634375 0.6550925925925926 0.03125 0.03148148148148148
0 0.73125 0.6657407407407407 0.03125 0.03148148148148148
0 0.19166666666666668 0.5166666666666667 0.03125 0.03148148148148148
0 0.2791666666666667 0.525 0.03125 0.03148148148148148
0 0.36770833333333336 0.5342592592592592 0.03125 0.03148148148148148
0 0.45729166666666665 0.5425925925925926 0.03125 0.03148148148148148
0 0.5489583333333333 0.5518518518518518 0.03125 0.03148148148148148
0 0.6416666666666667 0.5615740740740741 0.03125 0.03148148148148148
0 0.7364583333333333 0.5708333333333333 0.03125 0.03148148148148148
0 0.21145833333333333 0.43333333333333335 0.03125 0.03148148148148148
0 0.29583333333333334 0.44074074074074077 0.03125 0.03148148148148148
0 0.38229166666666664 0.44907407407407407 0.03125 0.03148148148148148
0 0.46979166666666666 0.4564814814814815 0.03125 0.03148148148148148
0 0.5583333333333333 0.4648148148148148 0.03125 0.03148148148148148
0 0.6489583333333333 0.47314814814814815 0.03125 0.03148148148148148
0 0.740625 0.48148148148148145 0.03125 0.03148148148148148
0 0.22916666666666666 0.3541666666666667 0.03125 0.03148148148148148
0 0.31145833333333334 0.36018518518518516 0.03125 0.03148148148148148
0 0.3958333333333333 0.3675925925925926 0.03125 0.03148148148148148
0 0.48125 0.375 0.03125 0.03148148148148148
0 0.5677083333333334 0.3824074074074074 0.03125 0.03148148148148148
0 0.6552083333333333 0.38981481481481484 0.03125 0.03148148148148148
0 0.7447916666666666 0.39675925925925926 0.03125 0.03148148148148148
0 0.246875 0.2791666666666667 0.03125 0.03148148148148148
0 0.32708333333333334 0.2851851851851852 0.03125 0.03148148148148148
0 0.409375 0.2916666666666667 0.03125 0.03148148148148148
0 0.49166666666666664 0.29814814814814816 0.03125 0.03148148148148148
0 0.5760416666666667 0.30416666666666664 0.03125 0.03148148148148148
0 0.6614583333333334 0.31157407407407406 0.03125 0.03148148148148148
0 0.7489583333333333 0.3175925925925926 0.03125 0.03148148148148148
0 0.2625 0.2074074074074074 0.03125 0.03148148148148148
0 0.3416666666666667 0.21342592592592594 0.03125 0.03148148148148148
0 0.42083333333333334 0.21851851851851853 0.03125 0.03148148148148148
0 0.5020833333333333 0.225 0.03125 0.03148148148148148
0 0.584375 0.2300925925925926 0.03125 0.03148148148148148
0 0.6677083333333333 0.23657407407407408 0.03125 0.03148148148148148
0 0.7520833333333333 0.24259259259259258 0.03125 0.03148148148148148
0 0.278125 0.1398148148148148 0.03125 0.03148148148148148
0 0.35520833333333335 0.1449074074074074 0.03125 0.03148148148148148
0 0.43333333333333335 0.15 0.03125 0.03148148148148148
0 0.5114583333333333 0.1550925925925926 0.03125 0.03148148148148148
0 0.5916666666666667 0.16018518518518518 0.03125 0.03148148148148148
0 0.6729166666666667 0.16574074074074074 0.03125 0.03148148148148148
0 0.7552083333333334 0.17083333333333334 0.03125 0.03148148148148148