0 0.740625 0.1675925925925926 0.035416666666666666 0.03518518518518519
0 0.659375 0.16666666666666666 0.035416666666666666 0.03518518518518519
0 0.5791666666666667 0.1648148148148148 0.035416666666666666 0.03518518518518519
0 0.49895833333333334 0.16342592592592592 0.035416666666666666 0.03518518518518519
0 0.41875 0.1625 0.035416666666666666 0.03518518518518519
0 0.3385416666666667 0.16157407407407406 0.035416666666666666 0.03518518518518519
0 0.259375 0.16018518518518518 0.035416666666666666 0.03518518518518519
0 0.7510416666666667 0.225 0.035416666666666666 0.03518518518518519
0 0.6677083333333333 0.22407407407407406 0.035416666666666666 0.03518518518518519
0 0.584375 0.22175925925925927 0.035416666666666666 0.03518518518518519
0 0.5010416666666667 0.22083333333333333 0.035416666666666666 0.03518518518518519
0 0.41770833333333335 0.2199074074074074 0.035416666666666666 0.03518518518518519
0 0.334375 0.21851851851851853 0.035416666666666666 0.03518518518518519
0 0.2520833333333333 0.21666666666666667 0.035416666666666666 0.03518518518518519
0 0.7625 0.2865740740740741 0.035416666666666666 0.03518518518518519
0 0.6760416666666667 0.2851851851851852 0.035416666666666666 0.03518518518518519
0 0.5895833333333333 0.28425925925925927 0.035416666666666666 0.03518518518518519
0 0.503125 0.2824074074074074 0.035416666666666666 0.03518518518518519
0 0.4166666666666667 0.2814814814814815 0.035416666666666666 0.03518518518518519
0 0.3302083333333333 0.2800925925925926 0.035416666666666666 0.03518518518518519
0 0.24375 0.27824074074074073 0.035416666666666666 0.03518518518518519
0 0.775 0.3541666666666667 0.035416666666666666 0.03518518518518519
0 0.6854166666666667 0.35185185185185186 0.035416666666666666 0.03518518518518519
0 0.5947916666666667 0.3509259259259259 0.035416666666666666 0.03518518518518519
0 0.5052083333333334 0.3490740740740741 0.035416666666666666 0.03518518518518519
0 0.415625 0.34814814814814815 0.035416666666666666 0.03518518518518519
0 0.325 0.34675925925925927 0.035416666666666666 0.03518518518518519
0 0.23541666666666666 0.3449074074074074 0.035416666666666666 0.03518518518518519
0 0.7895833333333333 0.42592592592592593 0.035416666666666666 0.03518518518518519
0 0.6947916666666667 0.425 0.035416666666666666 0.03518518518518519
0 0.6010416666666667 0.42314814814814816 0.035416666666666666 0.03518518518518519
0 0.5072916666666667 0.4217592592592593 0.035416666666666666 0.03518518518518519
0 0.41354166666666664 0.4199074074074074 0.035416666666666666 0.03518518518518519
0 0.31979166666666664 0.4185185185185185 0.035416666666666666 0.03518518518518519
0 0.22604166666666667 0.4166666666666667 0.035416666666666666 0.03518518518518519
0 0.8041666666666667 0.5050925925925925 0.035416666666666666 0.03518518518518519
0 0.70625 0.5041666666666667 0.035416666666666666 0.03518518518518519
0 0.6083333333333333 0.5018518518518519 0.035416666666666666 0.03518518518518519
0 0.5104166666666666 0.5 0.035416666666666666 0.03518518518518519
0 0.4125 0.49907407407407406 0.035416666666666666 0.03518518518518519
0 0.3145833333333333 0.49675925925925923 0.035416666666666666 0.03518518518518519
0 0.21666666666666667 0.49583333333333335 0.035416666666666666 0.03518518518518519
0 0.8208333333333333 0.5916666666666667 0.035416666666666666 0.03518518518518519
0 0.7177083333333333 0.5898148148148148 0.035416666666666666 0.03518518518518519
0 0.615625 0.5884259259259259 0.035416666666666666 0.03518518518518519
0 0.5125 0.586574074074074 0.035416666666666666 0.03518518518518519
0 0.41041666666666665 0.5842592592592593 0.035416666666666666 0.03518518518518519
0 0.30833333333333335 0.5833333333333334 0.035416666666666666 0.03518518518518519
0 0.20520833333333333 0.5814814814814815 0.035416666666666666 0.03518518518518519