0 0.73125 0.26342592592592595 0.03125 0.03148148148148148
0 0.6583333333333333 0.26481481481481484 0.03125 0.03148148148148148
0 0.5854166666666667 0.2657407407407407 0.03125 0.03148148148148148
0 0.5125 0.2657407407407407 0.03125 0.03148148148148148
0 0.440625 0.26666666666666666 0.03125 0.03148148148148148
0 0.36875 0.26666666666666666 0.03125 0.03148148148148148
0 0.29791666666666666 0.2675925925925926 0.03125 0.03148148148148148
0 0.7375 0.32916666666666666 0.03125 0.03148148148148148
0 0.6625 0.3300925925925926 0.03125 0.03148148148148148
0 0.5864583333333333 0.3300925925925926 0.03125 0.03148148148148148
0 0.5125 0.3314814814814815 0.03125 0.03148148148148148
0 0.4375 0.3314814814814815 0.03125 0.03148148148148148
0 0.36354166666666665 0.3314814814814815 0.03125 0.03148148148148148
0 0.290625 0.33240740740740743 0.03125 0.03148148148148148
0 0.7447916666666666 0.3990740740740741 0.03125 0.03148148148148148
0 0.6666666666666666 0.3990740740740741 0.03125 0.03148148148148148
0 0.5885416666666666 0.4 0.03125 0.03148148148148148
0 0.5114583333333333 0.4 0.03125 0.03148148148148148
0 0.4354166666666667 0.4 0.03125 0.03148148148148148
0 0.35833333333333334 0.4009259259259259 0.03125 0.03148148148148148
0 0.28229166666666666 0.4009259259259259 0.03125 0.03148148148148148
0 0.7520833333333333 0.4740740740740741 0.03125 0.03148148148148148
0 0.6708333333333333 0.4740740740740741 0.03125 0.03148148148148148
0 0.590625 0.4740740740740741 0.03125 0.03148148148148148
0 0.5114583333333333 0.4740740740740741 0.03125 0.03148148148148148
0 0.4322916666666667 0.4740740740740741 0.03125 0.03148148148148148
0 0.353125 0.4740740740740741 0.03125 0.03148148148148148
0 0.275 0.4740740740740741 0.03125 0.03148148148148148
0 0.759375 0.5532407407407407 0.03125 0.03148148148148148
0 0.6760416666666667 0.5532407407407407 0.03125 0.03148148148148148
0 0.5927083333333333 0.5532407407407407 0.03125 0.03148148148148148
0 0.5104166666666666 0.5532407407407407 0.03125 0.03148148148148148
0 0.428125 0.5532407407407407 0.03125 0.03148148148148148
0 0.346875 0.5518518518518518 0.03125 0.03148148148148148
0 0.265625 0.5518518518518518 0.03125 0.03148148148148148
0 0.7677083333333333 0.638425925925926 0.03125 0.03148148148148148
0 0.68125 0.638425925925926 0.03125 0.03148148148148148
0 0.5947916666666667 0.6375 0.03125 0.03148148148148148
0 0.509375 0.6375 0.03125 0.03148148148148148
0 0.425 0.6375 0.03125 0.03148148148148148
0 0.340625 0.6365740740740741 0.03125 0.03148148148148148
0 0.25625 0.6365740740740741 0.03125 0.03148148148148148
0 0.7770833333333333 0.7300925925925926 0.03125 0.03148148148148148
0 0.6864583333333333 0.7291666666666666 0.03125 0.03148148148148148
0 0.5979166666666667 0.7291666666666666 0.03125 0.03148148148148148
0 0.509375 0.7282407407407407 0.03125 0.03148148148148148
0 0.42083333333333334 0.7282407407407407 0.03125 0.03148148148148148
0 0.3333333333333333 0.7268518518518519 0.03125 0.03148148148148148
0 0.24583333333333332 0.725925925925926 0.03125 0.03148148148148148