0 0.803125 0.15046296296296297 0.020833333333333332 0.03518518518518519
0 0.7302083333333333 0.15046296296296297 0.020833333333333332 0.03518518518518519
0 0.6583333333333333 0.15046296296296297 0.020833333333333332 0.03518518518518519
0 0.5854166666666667 0.15046296296296297 0.020833333333333332 0.03518518518518519
0 0.5125 0.15046296296296297 0.020833333333333332 0.03518518518518519
0 0.4395833333333333 0.1486111111111111 0.020833333333333332 0.03518518518518519
0 0.36666666666666664 0.1486111111111111 0.020833333333333332 0.03518518518518519
0 0.803125 0.23055555555555557 0.020833333333333332 0.03518518518518519
0 0.728125 0.23055555555555557 0.020833333333333332 0.03518518518518519
0 0.653125 0.23055555555555557 0.020833333333333332 0.03518518518518519
0 0.5770833333333333 0.23055555555555557 0.020833333333333332 0.03518518518518519
0 0.5020833333333333 0.23055555555555557 0.020833333333333332 0.03518518518518519
0 0.42604166666666665 0.22916666666666666 0.020833333333333332 0.03518518518518519
0 0.35104166666666664 0.22916666666666666 0.020833333333333332 0.03518518518518519
0 0.8041666666666667 0.31805555555555554 0.020833333333333332 0.03518518518518519
0 0.7260416666666667 0.31805555555555554 0.020833333333333332 0.03518518518518519
0 0.646875 0.3162037037037037 0.020833333333333332 0.03518518518518519
0 0.56875 0.3162037037037037 0.020833333333333332 0.03518518518518519
0 0.490625 0.3162037037037037 0.020833333333333332 0.03518518518518519
0 0.4114583333333333 0.3162037037037037 0.020833333333333332 0.03518518518518519
0 0.33229166666666665 0.3162037037037037 0.020833333333333332 0.03518518518518519
0 0.8041666666666667 0.41064814814814815 0.020833333333333332 0.03518518518518519
0 0.7229166666666667 0.41064814814814815 0.020833333333333332 0.03518518518518519
0 0.6416666666666667 0.41064814814814815 0.020833333333333332 0.03518518518518519
0 0.559375 0.41064814814814815 0.020833333333333332 0.03518518518518519
0 0.47708333333333336 0.41064814814814815 0.020833333333333332 0.03518518518518519
0 0.3958333333333333 0.41064814814814815 0.020833333333333332 0.03518518518518519
0 0.31354166666666666 0.41064814814814815 0.020833333333333332 0.03518518518518519
0 0.8052083333333333 0.5138888888888888 0.020833333333333332 0.03518518518518519
0 0.7197916666666667 0.5138888888888888 0.020833333333333332 0.03518518518518519
0 0.634375 0.5138888888888888 0.020833333333333332 0.03518518518518519
0 0.5489583333333333 0.5138888888888888 0.020833333333333332 0.03518518518518519
0 0.4635416666666667 0.5120370370370371 0.020833333333333332 0.03518518518518519
0 0.378125 0.5120370370370371 0.020833333333333332 0.03518518518518519
0 0.29270833333333335 0.5120370370370371 0.020833333333333332 0.03518518518518519
0 0.80625 0.6259259259259259 0.020833333333333332 0.03518518518518519
0 0.7166666666666667 0.6259259259259259 0.020833333333333332 0.03518518518518519
0 0.6270833333333333 0.6240740740740741 0.020833333333333332 0.03518518518518519
0 0.5385416666666667 0.6240740740740741 0.020833333333333332 0.03518518518518519
0 0.44895833333333335 0.6240740740740741 0.020833333333333332 0.03518518518518519
0 0.359375 0.6240740740740741 0.020833333333333332 0.03518518518518519
0 0.26979166666666665 0.6240740740740741 0.020833333333333332 0.03518518518518519
0 0.80625 0.7462962962962963 0.020833333333333332 0.03518518518518519
0 0.7125 0.7462962962962963 0.020833333333333332 0.03518518518518519
0 0.6197916666666666 0.7462962962962963 0.020833333333333332 0.03518518518518519
0 0.5260416666666666 0.7462962962962963 0.020833333333333332 0.03518518518518519
0 0.4322916666666667 0.7462962962962963 0.020833333333333332 0.03518518518518519
0 0.3385416666666667 0.7462962962962963 0.020833333333333332 0.03518518518518519
0 0.24375 0.7462962962962963 0.020833333333333332 0.03518518518518519