0 0.7 0.1310185185185185 0.022916666666666665 0.03425925925925926
0 0.6260416666666667 0.12916666666666668 0.022916666666666665 0.03425925925925926
0 0.5510416666666667 0.12777777777777777 0.022916666666666665 0.03425925925925926
0 0.475 0.12638888888888888 0.022916666666666665 0.03425925925925926
0 0.39895833333333336 0.12453703703703704 0.022916666666666665 0.03425925925925926
0 0.3229166666666667 0.12129629629629629 0.022916666666666665 0.03425925925925926
0 0.24583333333333332 0.11990740740740741 0.022916666666666665 0.03425925925925926
0 0.7114583333333333 0.20694444444444443 0.022916666666666665 0.03425925925925926
0 0.6333333333333333 0.20694444444444443 0.022916666666666665 0.03425925925925926
0 0.55625 0.20555555555555555 0.022916666666666665 0.03425925925925926
0 0.47708333333333336 0.20416666666666666 0.022916666666666665 0.03425925925925926
0 0.39895833333333336 0.2023148148148148 0.022916666666666665 0.03425925925925926
0 0.31979166666666664 0.20092592592592592 0.022916666666666665 0.03425925925925926
0 0.23958333333333334 0.19953703703703704 0.022916666666666665 0.03425925925925926
0 0.721875 0.2912037037037037 0.022916666666666665 0.03425925925925926
0 0.6416666666666667 0.2898148148148148 0.022916666666666665 0.03425925925925926
0 0.5614583333333333 0.287962962962963 0.022916666666666665 0.03425925925925926
0 0.48020833333333335 0.287962962962963 0.022916666666666665 0.03425925925925926
0 0.39791666666666664 0.2865740740740741 0.022916666666666665 0.03425925925925926
0 0.315625 0.2851851851851852 0.022916666666666665 0.03425925925925926
0 0.23333333333333334 0.2833333333333333 0.022916666666666665 0.03425925925925926
0 0.734375 0.3814814814814815 0.022916666666666665 0.03425925925925926
0 0.6510416666666666 0.3800925925925926 0.022916666666666665 0.03425925925925926
0 0.5677083333333334 0.3787037037037037 0.022916666666666665 0.03425925925925926
0 0.48333333333333334 0.3787037037037037 0.022916666666666665 0.03425925925925926
0 0.39791666666666664 0.3768518518518518 0.022916666666666665 0.03425925925925926
0 0.3125 0.37546296296296294 0.022916666666666665 0.03425925925925926
0 0.22604166666666667 0.37546296296296294 0.022916666666666665 0.03425925925925926
0 0.7479166666666667 0.47824074074074074 0.022916666666666665 0.03425925925925926
0 0.6614583333333334 0.47824074074074074 0.022916666666666665 0.03425925925925926
0 0.5739583333333333 0.47685185185185186 0.022916666666666665 0.03425925925925926
0 0.4864583333333333 0.47685185185185186 0.022916666666666665 0.03425925925925926
0 0.39791666666666664 0.475 0.022916666666666665 0.03425925925925926
0 0.30833333333333335 0.475 0.022916666666666665 0.03425925925925926
0 0.21875 0.4736111111111111 0.022916666666666665 0.03425925925925926
0 0.7625 0.5842592592592593 0.022916666666666665 0.03425925925925926
0 0.671875 0.5824074074074074 0.022916666666666665 0.03425925925925926
0 0.58125 0.5824074074074074 0.022916666666666665 0.03425925925925926
0 0.4895833333333333 0.5824074074074074 0.022916666666666665 0.03425925925925926
0 0.396875 0.5824074074074074 0.022916666666666665 0.03425925925925926
0 0.30416666666666664 0.5810185185185185 0.022916666666666665 0.03425925925925926
0 0.21041666666666667 0.5810185185185185 0.022916666666666665 0.03425925925925926
0 0.778125 0.6976851851851852 0.022916666666666665 0.03425925925925926
0 0.6833333333333333 0.6976851851851852 0.022916666666666665 0.03425925925925926
0 0.5885416666666666 0.6976851851851852 0.022916666666666665 0.03425925925925926
0 0.49270833333333336 0.6976851851851852 0.022916666666666665 0.03425925925925926
0 0.396875 0.6976851851851852 0.022916666666666665 0.03425925925925926
0 0.2989583333333333 0.6976851851851852 0.022916666666666665 0.03425925925925926
0 0.20104166666666667 0.6976851851851852 0.022916666666666665 0.03425925925925926