0 0.3302083333333333 0.6138888888888889 0.020833333333333332 0.027777777777777776
0 0.40520833333333334 0.6111111111111112 0.020833333333333332 0.027777777777777776
0 0.48125 0.6069444444444444 0.020833333333333332 0.027777777777777776
0 0.55625 0.6041666666666666 0.020833333333333332 0.027777777777777776
0 0.6322916666666667 0.6 0.020833333333333332 0.027777777777777776
0 0.7072916666666667 0.5972222222222222 0.020833333333333332 0.027777777777777776
0 0.7822916666666667 0.5930555555555556 0.020833333333333332 0.027777777777777776
0 0.33541666666666664 0.5305555555555556 0.020833333333333332 0.027777777777777776
0 0.40729166666666666 0.5277777777777778 0.020833333333333332 0.027777777777777776
0 0.4791666666666667 0.5236111111111111 0.020833333333333332 0.027777777777777776
0 0.5510416666666667 0.5208333333333334 0.020833333333333332 0.027777777777777776
0 0.6229166666666667 0.5166666666666667 0.020833333333333332 0.027777777777777776
0 0.6947916666666667 0.5138888888888888 0.020833333333333332 0.027777777777777776
0 0.765625 0.5111111111111111 0.020833333333333332 0.027777777777777776
0 0.340625 0.45416666666666666 0.020833333333333332 0.027777777777777776
0 0.4083333333333333 0.4513888888888889 0.020833333333333332 0.027777777777777776
0 0.47708333333333336 0.4486111111111111 0.020833333333333332 0.027777777777777776
0 0.5458333333333333 0.44583333333333336 0.020833333333333332 0.027777777777777776
0 0.6145833333333334 0.44166666666666665 0.020833333333333332 0.027777777777777776
0 0.6822916666666666 0.4388888888888889 0.020833333333333332 0.027777777777777776
0 0.7510416666666667 0.4361111111111111 0.020833333333333332 0.027777777777777776
0 0.34479166666666666 0.3861111111111111 0.020833333333333332 0.027777777777777776
0 0.41041666666666665 0.3819444444444444 0.020833333333333332 0.027777777777777776
0 0.47604166666666664 0.37916666666666665 0.020833333333333332 0.027777777777777776
0 0.5416666666666666 0.3763888888888889 0.020833333333333332 0.027777777777777776
0 0.60625 0.3736111111111111 0.020833333333333332 0.027777777777777776
0 0.671875 0.37083333333333335 0.020833333333333332 0.027777777777777776
0 0.7375 0.3680555555555556 0.020833333333333332 0.027777777777777776
0 0.3489583333333333 0.32222222222222224 0.020833333333333332 0.027777777777777776
0 0.4114583333333333 0.3194444444444444 0.020833333333333332 0.027777777777777776
0 0.4739583333333333 0.31666666666666665 0.020833333333333332 0.027777777777777776
0 0.5375 0.3138888888888889 0.020833333333333332 0.027777777777777776
0 0.6 0.3111111111111111 0.020833333333333332 0.027777777777777776
0 0.6625 0.30833333333333335 0.020833333333333332 0.027777777777777776
0 0.725 0.3055555555555556 0.020833333333333332 0.027777777777777776
0 0.353125 0.2638888888888889 0.020833333333333332 0.027777777777777776
0 0.4125 0.2611111111111111 0.020833333333333332 0.027777777777777776
0 0.47291666666666665 0.25833333333333336 0.020833333333333332 0.027777777777777776
0 0.5333333333333333 0.25555555555555554 0.020833333333333332 0.027777777777777776
0 0.59375 0.25277777777777777 0.020833333333333332 0.027777777777777776
0 0.653125 0.25 0.020833333333333332 0.027777777777777776
0 0.7135416666666666 0.24722222222222223 0.020833333333333332 0.027777777777777776
0 0.35625 0.2111111111111111 0.020833333333333332 0.027777777777777776
0 0.41458333333333336 0.20833333333333334 0.020833333333333332 0.027777777777777776
0 0.471875 0.20555555555555555 0.020833333333333332 0.027777777777777776
0 0.5291666666666667 0.20277777777777778 0.020833333333333332 0.027777777777777776
0 0.5875 0.2 0.020833333333333332 0.027777777777777776
0 0.6447916666666667 0.19722222222222222 0.020833333333333332 0.027777777777777776
0 0.703125 0.19444444444444445 0.020833333333333332 0.027777777777777776