0 0.6927083333333334 0.1574074074074074 0.022916666666666665 0.03425925925925926
0 0.6177083333333333 0.1574074074074074 0.022916666666666665 0.03425925925925926
0 0.540625 0.15555555555555556 0.022916666666666665 0.03425925925925926
0 0.46458333333333335 0.15555555555555556 0.022916666666666665 0.03425925925925926
0 0.3875 0.15555555555555556 0.022916666666666665 0.03425925925925926
0 0.309375 0.15555555555555556 0.022916666666666665 0.03425925925925926
0 0.23125 0.15416666666666667 0.022916666666666665 0.03425925925925926
0 0.7041666666666667 0.23657407407407408 0.022916666666666665 0.03425925925925926
0 0.6260416666666667 0.23657407407407408 0.022916666666666665 0.03425925925925926
0 0.546875 0.23657407407407408 0.022916666666666665 0.03425925925925926
0 0.46770833333333334 0.23657407407407408 0.022916666666666665 0.03425925925925926
0 0.3875 0.23657407407407408 0.022916666666666665 0.03425925925925926
0 0.3072916666666667 0.23657407407407408 0.022916666666666665 0.03425925925925926
0 0.22604166666666667 0.2351851851851852 0.022916666666666665 0.03425925925925926
0 0.7166666666666667 0.32222222222222224 0.022916666666666665 0.03425925925925926
0 0.6354166666666666 0.32222222222222224 0.022916666666666665 0.03425925925925926
0 0.5541666666666667 0.32222222222222224 0.022916666666666665 0.03425925925925926
0 0.4708333333333333 0.32222222222222224 0.022916666666666665 0.03425925925925926
0 0.3885416666666667 0.32222222222222224 0.022916666666666665 0.03425925925925926
0 0.30416666666666664 0.32407407407407407 0.022916666666666665 0.03425925925925926
0 0.21979166666666666 0.32407407407407407 0.022916666666666665 0.03425925925925926
0 0.7302083333333333 0.41574074074074074 0.022916666666666665 0.03425925925925926
0 0.6458333333333334 0.41574074074074074 0.022916666666666665 0.03425925925925926
0 0.5604166666666667 0.41574074074074074 0.022916666666666665 0.03425925925925926
0 0.475 0.41574074074074074 0.022916666666666665 0.03425925925925926
0 0.3885416666666667 0.41759259259259257 0.022916666666666665 0.03425925925925926
0 0.3020833333333333 0.41759259259259257 0.022916666666666665 0.03425925925925926
0 0.21354166666666666 0.41759259259259257 0.022916666666666665 0.03425925925925926
0 0.7447916666666666 0.5157407407407407 0.022916666666666665 0.03425925925925926
0 0.6572916666666667 0.5157407407407407 0.022916666666666665 0.03425925925925926
0 0.5677083333333334 0.5171296296296296 0.022916666666666665 0.03425925925925926
0 0.4791666666666667 0.5171296296296296 0.022916666666666665 0.03425925925925926
0 0.3885416666666667 0.5185185185185185 0.022916666666666665 0.03425925925925926
0 0.2989583333333333 0.5203703703703704 0.022916666666666665 0.03425925925925926
0 0.20729166666666668 0.5203703703703704 0.022916666666666665 0.03425925925925926
0 0.7604166666666666 0.6231481481481481 0.022916666666666665 0.03425925925925926
0 0.66875 0.624537037037037 0.022916666666666665 0.03425925925925926
0 0.5760416666666667 0.6263888888888889 0.022916666666666665 0.03425925925925926
0 0.48333333333333334 0.6277777777777778 0.022916666666666665 0.03425925925925926
0 0.38958333333333334 0.6291666666666667 0.022916666666666665 0.03425925925925926
0 0.2947916666666667 0.6310185185185185 0.022916666666666665 0.03425925925925926
0 0.2 0.6324074074074074 0.022916666666666665 0.03425925925925926
0 0.7770833333333333 0.7412037037037037 0.022916666666666665 0.03425925925925926
0 0.6822916666666666 0.7444444444444445 0.022916666666666665 0.03425925925925926
0 0.5854166666666667 0.7462962962962963 0.022916666666666665 0.03425925925925926
0 0.48854166666666665 0.7476851851851852 0.022916666666666665 0.03425925925925926
0 0.390625 0.7490740740740741 0.022916666666666665 0.03425925925925926
0 0.2916666666666667 0.7509259259259259 0.022916666666666665 0.03425925925925926
0 0.19166666666666668 0.7537037037037037 0.022916666666666665 0.03425925925925926