0 0.803125 0.15231481481481482 0.020833333333333332 0.03518518518518519
0 0.7302083333333333 0.15231481481481482 0.020833333333333332 0.03518518518518519
0 0.6583333333333333 0.15231481481481482 0.020833333333333332 0.03518518518518519
0 0.5875 0.1537037037037037 0.020833333333333332 0.03518518518518519
0 0.515625 0.1537037037037037 0.020833333333333332 0.03518518518518519
0 0.44479166666666664 0.1537037037037037 0.020833333333333332 0.03518518518518519
0 0.37395833333333334 0.1537037037037037 0.020833333333333332 0.03518518518518519
0 0.803125 0.23055555555555557 0.020833333333333332 0.03518518518518519
0 0.728125 0.23055555555555557 0.020833333333333332 0.03518518518518519
0 0.653125 0.2324074074074074 0.020833333333333332 0.03518518518518519
0 0.5791666666666667 0.2324074074074074 0.020833333333333332 0.03518518518518519
0 0.5041666666666667 0.2324074074074074 0.020833333333333332 0.03518518518518519
0 0.43125 0.2324074074074074 0.020833333333333332 0.03518518518518519
0 0.3572916666666667 0.23425925925925925 0.020833333333333332 0.03518518518518519
0 0.803125 0.31805555555555554 0.020833333333333332 0.03518518518518519
0 0.725 0.31805555555555554 0.020833333333333332 0.03518518518518519
0 0.646875 0.31805555555555554 0.020833333333333332 0.03518518518518519
0 0.5697916666666667 0.31805555555555554 0.020833333333333332 0.03518518518518519
0 0.49270833333333336 0.31805555555555554 0.020833333333333332 0.03518518518518519
0 0.415625 0.31805555555555554 0.020833333333333332 0.03518518518518519
0 0.33958333333333335 0.31805555555555554 0.020833333333333332 0.03518518518518519
0 0.803125 0.41064814814814815 0.020833333333333332 0.03518518518518519
0 0.721875 0.41064814814814815 0.020833333333333332 0.03518518518518519
0 0.640625 0.41064814814814815 0.020833333333333332 0.03518518518518519
0 0.559375 0.41064814814814815 0.020833333333333332 0.03518518518518519
0 0.4791666666666667 0.41064814814814815 0.020833333333333332 0.03518518518518519
0 0.39895833333333336 0.41064814814814815 0.020833333333333332 0.03518518518518519
0 0.31979166666666664 0.41064814814814815 0.020833333333333332 0.03518518518518519
0 0.803125 0.5138888888888888 0.020833333333333332 0.03518518518518519
0 0.7177083333333333 0.5138888888888888 0.020833333333333332 0.03518518518518519
0 0.6333333333333333 0.5138888888888888 0.020833333333333332 0.03518518518518519
0 0.5489583333333333 0.5120370370370371 0.020833333333333332 0.03518518518518519
0 0.46458333333333335 0.5120370370370371 0.020833333333333332 0.03518518518518519
0 0.38125 0.5120370370370371 0.020833333333333332 0.03518518518518519
0 0.29791666666666666 0.5120370370370371 0.020833333333333332 0.03518518518518519
0 0.8041666666666667 0.6259259259259259 0.020833333333333332 0.03518518518518519
0 0.7145833333333333 0.6259259259259259 0.020833333333333332 0.03518518518518519
0 0.625 0.6240740740740741 0.020833333333333332 0.03518518518518519
0 0.5364583333333334 0.6240740740740741 0.020833333333333332 0.03518518518518519
0 0.44895833333333335 0.6240740740740741 0.020833333333333332 0.03518518518518519
0 0.3614583333333333 0.6222222222222222 0.020833333333333332 0.03518518518518519
0 0.27395833333333336 0.6222222222222222 0.020833333333333332 0.03518518518518519
0 0.8041666666666667 0.75 0.020833333333333332 0.03518518518518519
0 0.7104166666666667 0.7481481481481481 0.020833333333333332 0.03518518518518519
0 0.6166666666666667 0.7481481481481481 0.020833333333333332 0.03518518518518519
0 0.5239583333333333 0.7462962962962963 0.020833333333333332 0.03518518518518519
0 0.43125 0.7462962962962963 0.020833333333333332 0.03518518518518519
0 0.33958333333333335 0.7449074074074075 0.020833333333333332 0.03518518518518519
0 0.24791666666666667 0.7430555555555556 0.020833333333333332 0.03518518518518519