0 0.715625 0.26342592592592595 0.03333333333333333 0.03333333333333333
0 0.6447916666666667 0.26481481481481484 0.03333333333333333 0.03333333333333333
0 0.5729166666666666 0.2657407407407407 0.03333333333333333 0.03333333333333333
0 0.5010416666666667 0.26666666666666666 0.03333333333333333 0.03333333333333333
0 0.43020833333333336 0.2675925925925926 0.03333333333333333 0.03333333333333333
0 0.35833333333333334 0.26851851851851855 0.03333333333333333 0.03333333333333333
0 0.2875 0.26990740740740743 0.03333333333333333 0.03333333333333333
0 0.725 0.32314814814814813 0.03333333333333333 0.03333333333333333
0 0.6510416666666666 0.32407407407407407 0.03333333333333333 0.03333333333333333
0 0.5770833333333333 0.325 0.03333333333333333 0.03333333333333333
0 0.5020833333333333 0.32592592592592595 0.03333333333333333 0.03333333333333333
0 0.428125 0.32685185185185184 0.03333333333333333 0.03333333333333333
0 0.3541666666666667 0.3282407407407407 0.03333333333333333 0.03333333333333333
0 0.28020833333333334 0.32916666666666666 0.03333333333333333 0.03333333333333333
0 0.7354166666666667 0.3875 0.03333333333333333 0.03333333333333333
0 0.6583333333333333 0.38842592592592595 0.03333333333333333 0.03333333333333333
0 0.5802083333333333 0.38842592592592595 0.03333333333333333 0.03333333333333333
0 0.503125 0.38981481481481484 0.03333333333333333 0.03333333333333333
0 0.42604166666666665 0.3907407407407407 0.03333333333333333 0.03333333333333333
0 0.3489583333333333 0.39166666666666666 0.03333333333333333 0.03333333333333333
0 0.271875 0.3925925925925926 0.03333333333333333 0.03333333333333333
0 0.746875 0.4564814814814815 0.03333333333333333 0.03333333333333333
0 0.665625 0.45740740740740743 0.03333333333333333 0.03333333333333333
0 0.5854166666666667 0.4583333333333333 0.03333333333333333 0.03333333333333333
0 0.5041666666666667 0.45925925925925926 0.03333333333333333 0.03333333333333333
0 0.4239583333333333 0.4601851851851852 0.03333333333333333 0.03333333333333333
0 0.34375 0.4615740740740741 0.03333333333333333 0.03333333333333333
0 0.2625 0.4625 0.03333333333333333 0.03333333333333333
0 0.7583333333333333 0.5324074074074074 0.03333333333333333 0.03333333333333333
0 0.6739583333333333 0.5333333333333333 0.03333333333333333 0.03333333333333333
0 0.5895833333333333 0.5342592592592592 0.03333333333333333 0.03333333333333333
0 0.5052083333333334 0.5351851851851852 0.03333333333333333 0.03333333333333333
0 0.421875 0.5365740740740741 0.03333333333333333 0.03333333333333333
0 0.3375 0.5375 0.03333333333333333 0.03333333333333333
0 0.253125 0.538425925925926 0.03333333333333333 0.03333333333333333
0 0.771875 0.6157407407407407 0.03333333333333333 0.03333333333333333
0 0.6833333333333333 0.6166666666666667 0.03333333333333333 0.03333333333333333
0 0.5947916666666667 0.6175925925925926 0.03333333333333333 0.03333333333333333
0 0.5072916666666667 0.6185185185185185 0.03333333333333333 0.03333333333333333
0 0.41875 0.6199074074074075 0.03333333333333333 0.03333333333333333
0 0.3302083333333333 0.6208333333333333 0.03333333333333333 0.03333333333333333
0 0.24270833333333333 0.6217592592592592 0.03333333333333333 0.03333333333333333
0 0.7864583333333334 0.7074074074074074 0.03333333333333333 0.03333333333333333
0 0.69375 0.7074074074074074 0.03333333333333333 0.03333333333333333
0 0.6010416666666667 0.7083333333333334 0.03333333333333333 0.03333333333333333
0 0.5083333333333333 0.7092592592592593 0.03333333333333333 0.03333333333333333
0 0.415625 0.7101851851851851 0.03333333333333333 0.03333333333333333
0 0.32395833333333335 0.711574074074074 0.03333333333333333 0.03333333333333333
0 0.23125 0.7125 0.03333333333333333 0.03333333333333333