0 0.7375 0.23657407407407408 0.03333333333333333 0.03333333333333333
0 0.6614583333333334 0.2351851851851852 0.03333333333333333 0.03333333333333333
0 0.5854166666666667 0.23425925925925925 0.03333333333333333 0.03333333333333333
0 0.509375 0.2324074074074074 0.03333333333333333 0.03333333333333333
0 0.434375 0.23148148148148148 0.03333333333333333 0.03333333333333333
0 0.359375 0.2300925925925926 0.03333333333333333 0.03333333333333333
0 0.28541666666666665 0.22824074074074074 0.03333333333333333 0.03333333333333333
0 0.7479166666666667 0.29074074074074074 0.03333333333333333 0.03333333333333333
0 0.6677083333333333 0.2884259259259259 0.03333333333333333 0.03333333333333333
0 0.5895833333333333 0.2875 0.03333333333333333 0.03333333333333333
0 0.5104166666666666 0.2851851851851852 0.03333333333333333 0.03333333333333333
0 0.4322916666666667 0.28425925925925927 0.03333333333333333 0.03333333333333333
0 0.35520833333333335 0.2824074074074074 0.03333333333333333 0.03333333333333333
0 0.278125 0.2814814814814815 0.03333333333333333 0.03333333333333333
0 0.759375 0.3490740740740741 0.03333333333333333 0.03333333333333333
0 0.6760416666666667 0.34675925925925927 0.03333333333333333 0.03333333333333333
0 0.59375 0.3449074074074074 0.03333333333333333 0.03333333333333333
0 0.5114583333333333 0.3425925925925926 0.03333333333333333 0.03333333333333333
0 0.43020833333333336 0.34074074074074073 0.03333333333333333 0.03333333333333333
0 0.35 0.3398148148148148 0.03333333333333333 0.03333333333333333
0 0.26979166666666665 0.3375 0.03333333333333333 0.03333333333333333
0 0.7708333333333334 0.4115740740740741 0.03333333333333333 0.03333333333333333
0 0.684375 0.40925925925925927 0.03333333333333333 0.03333333333333333
0 0.5989583333333334 0.4074074074074074 0.03333333333333333 0.03333333333333333
0 0.5135416666666667 0.4050925925925926 0.03333333333333333 0.03333333333333333
0 0.428125 0.40324074074074073 0.03333333333333333 0.03333333333333333
0 0.34375 0.4009259259259259 0.03333333333333333 0.03333333333333333
0 0.2604166666666667 0.3990740740740741 0.03333333333333333 0.03333333333333333
0 0.784375 0.48009259259259257 0.03333333333333333 0.03333333333333333
0 0.69375 0.47824074074074074 0.03333333333333333 0.03333333333333333
0 0.6041666666666666 0.475 0.03333333333333333 0.03333333333333333
0 0.5145833333333333 0.47314814814814815 0.03333333333333333 0.03333333333333333
0 0.42604166666666665 0.4708333333333333 0.03333333333333333 0.03333333333333333
0 0.3385416666666667 0.4675925925925926 0.03333333333333333 0.03333333333333333
0 0.25104166666666666 0.46574074074074073 0.03333333333333333 0.03333333333333333
0 0.7989583333333333 0.5564814814814815 0.03333333333333333 0.03333333333333333
0 0.7041666666666667 0.5532407407407407 0.03333333333333333 0.03333333333333333
0 0.6104166666666667 0.55 0.03333333333333333 0.03333333333333333
0 0.5166666666666667 0.5467592592592593 0.03333333333333333 0.03333333333333333
0 0.4239583333333333 0.5449074074074074 0.03333333333333333 0.03333333333333333
0 0.33125 0.5416666666666666 0.03333333333333333 0.03333333333333333
0 0.23958333333333334 0.538425925925926 0.03333333333333333 0.03333333333333333
0 0.8145833333333333 0.638425925925926 0.03333333333333333 0.03333333333333333
0 0.715625 0.6351851851851852 0.03333333333333333 0.03333333333333333
0 0.6166666666666667 0.6324074074074074 0.03333333333333333 0.03333333333333333
0 0.51875 0.6291666666666667 0.03333333333333333 0.03333333333333333
0 0.42083333333333334 0.6259259259259259 0.03333333333333333 0.03333333333333333
0 0.32395833333333335 0.6217592592592592 0.03333333333333333 0.03333333333333333
0 0.228125 0.6185185185185185 0.03333333333333333 0.03333333333333333