0 0.6958333333333333 0.15833333333333333 0.025 0.03333333333333333
0 0.6260416666666667 0.1597222222222222 0.025 0.03333333333333333
0 0.5572916666666666 0.1625 0.025 0.03333333333333333
0 0.4875 0.1638888888888889 0.025 0.03333333333333333
0 0.41875 0.16666666666666666 0.025 0.03333333333333333
0 0.35 0.16805555555555557 0.025 0.03333333333333333
0 0.28125 0.17083333333333334 0.025 0.03333333333333333
0 0.7052083333333333 0.225 0.025 0.03333333333333333
0 0.6322916666666667 0.2263888888888889 0.025 0.03333333333333333
0 0.5604166666666667 0.22916666666666666 0.025 0.03333333333333333
0 0.48854166666666665 0.23055555555555557 0.025 0.03333333333333333
0 0.415625 0.23194444444444445 0.025 0.03333333333333333
0 0.34479166666666666 0.23472222222222222 0.025 0.03333333333333333
0 0.27291666666666664 0.2361111111111111 0.025 0.03333333333333333
0 0.7166666666666667 0.2972222222222222 0.025 0.03333333333333333
0 0.640625 0.2986111111111111 0.025 0.03333333333333333
0 0.5645833333333333 0.3013888888888889 0.025 0.03333333333333333
0 0.48854166666666665 0.30277777777777776 0.025 0.03333333333333333
0 0.41354166666666664 0.3055555555555556 0.025 0.03333333333333333
0 0.3375 0.30694444444444446 0.025 0.03333333333333333
0 0.2625 0.30972222222222223 0.025 0.03333333333333333
0 0.728125 0.3763888888888889 0.025 0.03333333333333333
0 0.6479166666666667 0.37916666666666665 0.025 0.03333333333333333
0 0.56875 0.38055555555555554 0.025 0.03333333333333333
0 0.48854166666666665 0.38333333333333336 0.025 0.03333333333333333
0 0.409375 0.38472222222222224 0.025 0.03333333333333333
0 0.3302083333333333 0.3875 0.025 0.03333333333333333
0 0.2520833333333333 0.3888888888888889 0.025 0.03333333333333333
0 0.7416666666666667 0.4652777777777778 0.025 0.03333333333333333
0 0.6572916666666667 0.4666666666666667 0.025 0.03333333333333333
0 0.5729166666666666 0.46944444444444444 0.025 0.03333333333333333
0 0.4895833333333333 0.4708333333333333 0.025 0.03333333333333333
0 0.40625 0.4736111111111111 0.025 0.03333333333333333
0 0.3229166666666667 0.475 0.025 0.03333333333333333
0 0.23958333333333334 0.4777777777777778 0.025 0.03333333333333333
0 0.75625 0.5638888888888889 0.025 0.03333333333333333
0 0.6666666666666666 0.5652777777777778 0.025 0.03333333333333333
0 0.578125 0.5680555555555555 0.025 0.03333333333333333
0 0.4895833333333333 0.5694444444444444 0.025 0.03333333333333333
0 0.40208333333333335 0.5708333333333333 0.025 0.03333333333333333
0 0.31354166666666666 0.5736111111111111 0.025 0.03333333333333333
0 0.22604166666666667 0.575 0.025 0.03333333333333333
0 0.7729166666666667 0.6736111111111112 0.025 0.03333333333333333
0 0.678125 0.6763888888888889 0.025 0.03333333333333333
0 0.584375 0.6777777777777778 0.025 0.03333333333333333
0 0.490625 0.6791666666666667 0.025 0.03333333333333333
0 0.396875 0.6819444444444445 0.025 0.03333333333333333
0 0.30416666666666664 0.6833333333333333 0.025 0.03333333333333333
0 0.21145833333333333 0.6847222222222222 0.025 0.03333333333333333