0 0.29791666666666666 0.3351851851851852 0.03125 0.03148148148148148
0 0.290625 0.3907407407407407 0.03125 0.03148148148148148
0 0.28229166666666666 0.44907407407407407 0.03125 0.03148148148148148
0 0.27291666666666664 0.513425925925926 0.03125 0.03148148148148148
0 0.2635416666666667 0.5824074074074074 0.03125 0.03148148148148148
0 0.2520833333333333 0.6574074074074074 0.03125 0.03148148148148148
0 0.240625 0.7384259259259259 0.03125 0.03148148148148148
0 0.36875 0.3333333333333333 0.03125 0.03148148148148148
0 0.36354166666666665 0.38842592592592595 0.03125 0.03148148148148148
0 0.3572916666666667 0.44814814814814813 0.03125 0.03148148148148148
0 0.35104166666666664 0.5125 0.03125 0.03148148148148148
0 0.34479166666666666 0.5814814814814815 0.03125 0.03148148148148148
0 0.3375 0.6564814814814814 0.03125 0.03148148148148148
0 0.3302083333333333 0.7384259259259259 0.03125 0.03148148148148148
0 0.4395833333333333 0.33240740740740743 0.03125 0.03148148148148148
0 0.43645833333333334 0.3875 0.03125 0.03148148148148148
0 0.43333333333333335 0.44675925925925924 0.03125 0.03148148148148148
0 0.43020833333333336 0.5115740740740741 0.03125 0.03148148148148148
0 0.4270833333333333 0.5800925925925926 0.03125 0.03148148148148148
0 0.4239583333333333 0.6564814814814814 0.03125 0.03148148148148148
0 0.4197916666666667 0.7375 0.03125 0.03148148148148148
0 0.5104166666666666 0.3314814814814815 0.03125 0.03148148148148148
0 0.5104166666666666 0.38657407407407407 0.03125 0.03148148148148148
0 0.5104166666666666 0.44583333333333336 0.03125 0.03148148148148148
0 0.5104166666666666 0.5101851851851852 0.03125 0.03148148148148148
0 0.5104166666666666 0.5791666666666667 0.03125 0.03148148148148148
0 0.5104166666666666 0.6550925925925926 0.03125 0.03148148148148148
0 0.5104166666666666 0.7375 0.03125 0.03148148148148148
0 0.58125 0.32916666666666666 0.03125 0.03148148148148148
0 0.584375 0.3851851851851852 0.03125 0.03148148148148148
0 0.5875 0.4449074074074074 0.03125 0.03148148148148148
0 0.590625 0.5092592592592593 0.03125 0.03148148148148148
0 0.59375 0.5782407407407407 0.03125 0.03148148148148148
0 0.596875 0.6541666666666667 0.03125 0.03148148148148148
0 0.6010416666666667 0.736574074074074 0.03125 0.03148148148148148
0 0.653125 0.3282407407407407 0.03125 0.03148148148148148
0 0.6583333333333333 0.38333333333333336 0.03125 0.03148148148148148
0 0.6645833333333333 0.44351851851851853 0.03125 0.03148148148148148
0 0.6708333333333333 0.5074074074074074 0.03125 0.03148148148148148
0 0.6770833333333334 0.5782407407407407 0.03125 0.03148148148148148
0 0.684375 0.6532407407407408 0.03125 0.03148148148148148
0 0.6927083333333334 0.736574074074074 0.03125 0.03148148148148148
0 0.7260416666666667 0.32685185185185184 0.03125 0.03148148148148148
0 0.7333333333333333 0.3824074074074074 0.03125 0.03148148148148148
0 0.7427083333333333 0.44166666666666665 0.03125 0.03148148148148148
0 0.7510416666666667 0.5064814814814815 0.03125 0.03148148148148148
0 0.7614583333333333 0.5768518518518518 0.03125 0.03148148148148148
0 0.771875 0.6532407407407408 0.03125 0.03148148148148148
0 0.784375 0.7351851851851852 0.03125 0.03148148148148148