0 0.7291666666666666 0.18333333333333332 0.025 0.03333333333333333
0 0.6614583333333334 0.18055555555555555 0.025 0.03333333333333333
0 0.59375 0.17777777777777778 0.025 0.03333333333333333
0 0.5260416666666666 0.175 0.025 0.03333333333333333
0 0.4583333333333333 0.17222222222222222 0.025 0.03333333333333333
0 0.38958333333333334 0.16944444444444445 0.025 0.03333333333333333
0 0.32083333333333336 0.16666666666666666 0.025 0.03333333333333333
0 0.740625 0.24722222222222223 0.025 0.03333333333333333
0 0.6697916666666667 0.24444444444444444 0.025 0.03333333333333333
0 0.5989583333333334 0.24166666666666667 0.025 0.03333333333333333
0 0.528125 0.2388888888888889 0.025 0.03333333333333333
0 0.45625 0.2361111111111111 0.025 0.03333333333333333
0 0.384375 0.23333333333333334 0.025 0.03333333333333333
0 0.31145833333333334 0.23055555555555557 0.025 0.03333333333333333
0 0.7520833333333333 0.31805555555555554 0.025 0.03333333333333333
0 0.678125 0.31527777777777777 0.025 0.03333333333333333
0 0.6041666666666666 0.3125 0.025 0.03333333333333333
0 0.5291666666666667 0.30972222222222223 0.025 0.03333333333333333
0 0.45416666666666666 0.30694444444444446 0.025 0.03333333333333333
0 0.378125 0.30416666666666664 0.025 0.03333333333333333
0 0.3020833333333333 0.3013888888888889 0.025 0.03333333333333333
0 0.765625 0.3958333333333333 0.025 0.03333333333333333
0 0.6885416666666667 0.39305555555555555 0.025 0.03333333333333333
0 0.609375 0.3902777777777778 0.025 0.03333333333333333
0 0.53125 0.3875 0.025 0.03333333333333333
0 0.45208333333333334 0.3861111111111111 0.025 0.03333333333333333
0 0.371875 0.38333333333333336 0.025 0.03333333333333333
0 0.2916666666666667 0.38055555555555554 0.025 0.03333333333333333
0 0.78125 0.48194444444444445 0.025 0.03333333333333333
0 0.6989583333333333 0.48055555555555557 0.025 0.03333333333333333
0 0.6166666666666667 0.4777777777777778 0.025 0.03333333333333333
0 0.5333333333333333 0.475 0.025 0.03333333333333333
0 0.44895833333333335 0.4722222222222222 0.025 0.03333333333333333
0 0.3645833333333333 0.4708333333333333 0.025 0.03333333333333333
0 0.28020833333333334 0.46805555555555556 0.025 0.03333333333333333
0 0.7979166666666667 0.5791666666666667 0.025 0.03333333333333333
0 0.7114583333333333 0.5777777777777777 0.025 0.03333333333333333
0 0.6229166666666667 0.575 0.025 0.03333333333333333
0 0.5354166666666667 0.5722222222222222 0.025 0.03333333333333333
0 0.44583333333333336 0.5708333333333333 0.025 0.03333333333333333
0 0.35625 0.5680555555555555 0.025 0.03333333333333333
0 0.26666666666666666 0.5652777777777778 0.025 0.03333333333333333
0 0.8177083333333334 0.6888888888888889 0.025 0.03333333333333333
0 0.725 0.6861111111111111 0.025 0.03333333333333333
0 0.63125 0.6847222222222222 0.025 0.03333333333333333
0 0.5375 0.6819444444444445 0.025 0.03333333333333333
0 0.4427083333333333 0.6805555555555556 0.025 0.03333333333333333
0 0.34791666666666665 0.6777777777777778 0.025 0.03333333333333333
0 0.2520833333333333 0.6763888888888889 0.025 0.03333333333333333