0 0.2833333333333333 0.19074074074074074 0.035416666666666666 0.03518518518518519
0 0.359375 0.1925925925925926 0.035416666666666666 0.03518518518518519
0 0.4354166666666667 0.19490740740740742 0.035416666666666666 0.03518518518518519
0 0.5125 0.19675925925925927 0.035416666666666666 0.03518518518518519
0 0.5895833333333333 0.19907407407407407 0.035416666666666666 0.03518518518518519
0 0.665625 0.20185185185185187 0.035416666666666666 0.03518518518518519
0 0.7427083333333333 0.20416666666666666 0.035416666666666666 0.03518518518518519
0 0.27291666666666664 0.24351851851851852 0.035416666666666666 0.03518518518518519
0 0.35208333333333336 0.24583333333333332 0.035416666666666666 0.03518518518518519
0 0.4322916666666667 0.2490740740740741 0.035416666666666666 0.03518518518518519
0 0.5114583333333333 0.25092592592592594 0.035416666666666666 0.03518518518518519
0 0.5916666666666667 0.25416666666666665 0.035416666666666666 0.03518518518518519
0 0.671875 0.2564814814814815 0.035416666666666666 0.03518518518518519
0 0.7510416666666667 0.25833333333333336 0.035416666666666666 0.03518518518518519
0 0.2625 0.30185185185185187 0.035416666666666666 0.03518518518518519
0 0.34479166666666666 0.30416666666666664 0.035416666666666666 0.03518518518518519
0 0.428125 0.3074074074074074 0.035416666666666666 0.03518518518518519
0 0.5104166666666666 0.30925925925925923 0.035416666666666666 0.03518518518518519
0 0.59375 0.3125 0.035416666666666666 0.03518518518518519
0 0.6770833333333334 0.3148148148148148 0.035416666666666666 0.03518518518518519
0 0.7604166666666666 0.3175925925925926 0.035416666666666666 0.03518518518518519
0 0.25 0.36574074074074076 0.035416666666666666 0.03518518518518519
0 0.33645833333333336 0.3675925925925926 0.035416666666666666 0.03518518518518519
0 0.42291666666666666 0.37083333333333335 0.035416666666666666 0.03518518518518519
0 0.509375 0.37407407407407406 0.035416666666666666 0.03518518518518519
0 0.596875 0.37592592592592594 0.035416666666666666 0.03518518518518519
0 0.6833333333333333 0.37916666666666665 0.035416666666666666 0.03518518518518519
0 0.7708333333333334 0.3824074074074074 0.035416666666666666 0.03518518518518519
0 0.2375 0.43425925925925923 0.035416666666666666 0.03518518518518519
0 0.328125 0.4375 0.035416666666666666 0.03518518518518519
0 0.41770833333333335 0.44074074074074077 0.035416666666666666 0.03518518518518519
0 0.5083333333333333 0.4425925925925926 0.035416666666666666 0.03518518518518519
0 0.5989583333333334 0.44583333333333336 0.035416666666666666 0.03518518518518519
0 0.690625 0.44907407407407407 0.035416666666666666 0.03518518518518519
0 0.78125 0.45185185185185184 0.035416666666666666 0.03518518518518519
0 0.22291666666666668 0.5092592592592593 0.035416666666666666 0.03518518518518519
0 0.3177083333333333 0.5125 0.035416666666666666 0.03518518518518519
0 0.4125 0.5157407407407407 0.035416666666666666 0.03518518518518519
0 0.5072916666666667 0.5199074074074074 0.035416666666666666 0.03518518518518519
0 0.6020833333333333 0.5231481481481481 0.035416666666666666 0.03518518518518519
0 0.6979166666666666 0.5259259259259259 0.035416666666666666 0.03518518518518519
0 0.79375 0.5291666666666667 0.035416666666666666 0.03518518518518519
0 0.20729166666666668 0.5925925925925926 0.035416666666666666 0.03518518518518519
0 0.3072916666666667 0.5958333333333333 0.035416666666666666 0.03518518518518519
0 0.40625 0.6 0.035416666666666666 0.03518518518518519
0 0.50625 0.6032407407407407 0.035416666666666666 0.03518518518518519
0 0.60625 0.6074074074074074 0.035416666666666666 0.03518518518518519
0 0.70625 0.6101851851851852 0.035416666666666666 0.03518518518518519
0 0.80625 0.6134259259259259 0.035416666666666666 0.03518518518518519