0 0.715625 0.17777777777777778 0.025 0.03333333333333333
0 0.646875 0.1763888888888889 0.025 0.03333333333333333
0 0.5791666666666667 0.175 0.025 0.03333333333333333
0 0.5114583333333333 0.1736111111111111 0.025 0.03333333333333333
0 0.44375 0.17222222222222222 0.025 0.03333333333333333
0 0.37604166666666666 0.17083333333333334 0.025 0.03333333333333333
0 0.30833333333333335 0.16944444444444445 0.025 0.03333333333333333
0 0.7239583333333334 0.24444444444444444 0.025 0.03333333333333333
0 0.653125 0.24305555555555555 0.025 0.03333333333333333
0 0.58125 0.24166666666666667 0.025 0.03333333333333333
0 0.5104166666666666 0.2388888888888889 0.025 0.03333333333333333
0 0.4395833333333333 0.2375 0.025 0.03333333333333333
0 0.36875 0.2361111111111111 0.025 0.03333333333333333
0 0.29791666666666666 0.23472222222222222 0.025 0.03333333333333333
0 0.734375 0.31666666666666665 0.025 0.03333333333333333
0 0.659375 0.31527777777777777 0.025 0.03333333333333333
0 0.584375 0.3125 0.025 0.03333333333333333
0 0.509375 0.3111111111111111 0.025 0.03333333333333333
0 0.434375 0.30972222222222223 0.025 0.03333333333333333
0 0.36041666666666666 0.30833333333333335 0.025 0.03333333333333333
0 0.2864583333333333 0.30694444444444446 0.025 0.03333333333333333
0 0.7447916666666666 0.3972222222222222 0.025 0.03333333333333333
0 0.665625 0.39444444444444443 0.025 0.03333333333333333
0 0.5864583333333333 0.39305555555555555 0.025 0.03333333333333333
0 0.5083333333333333 0.39166666666666666 0.025 0.03333333333333333
0 0.42916666666666664 0.3888888888888889 0.025 0.03333333333333333
0 0.35104166666666664 0.3875 0.025 0.03333333333333333
0 0.27291666666666664 0.38472222222222224 0.025 0.03333333333333333
0 0.7572916666666667 0.4861111111111111 0.025 0.03333333333333333
0 0.6739583333333333 0.4847222222222222 0.025 0.03333333333333333
0 0.5895833333333333 0.48194444444444445 0.025 0.03333333333333333
0 0.50625 0.4791666666666667 0.025 0.03333333333333333
0 0.4239583333333333 0.4777777777777778 0.025 0.03333333333333333
0 0.340625 0.475 0.025 0.03333333333333333
0 0.25833333333333336 0.4736111111111111 0.025 0.03333333333333333
0 0.7708333333333334 0.5861111111111111 0.025 0.03333333333333333
0 0.6822916666666666 0.5847222222222223 0.025 0.03333333333333333
0 0.59375 0.5819444444444445 0.025 0.03333333333333333
0 0.5052083333333334 0.5791666666666667 0.025 0.03333333333333333
0 0.4166666666666667 0.5763888888888888 0.025 0.03333333333333333
0 0.32916666666666666 0.575 0.025 0.03333333333333333
0 0.24166666666666667 0.5722222222222222 0.025 0.03333333333333333
0 0.7864583333333334 0.7 0.025 0.03333333333333333
0 0.6916666666666667 0.6972222222222222 0.025 0.03333333333333333
0 0.5979166666666667 0.6944444444444444 0.025 0.03333333333333333
0 0.503125 0.6916666666666667 0.025 0.03333333333333333
0 0.409375 0.6888888888888889 0.025 0.03333333333333333
0 0.31666666666666665 0.6861111111111111 0.025 0.03333333333333333
0 0.22291666666666668 0.6833333333333333 0.025 0.03333333333333333