0 0.7541666666666667 0.26342592592592595 0.03333333333333333 0.03333333333333333
0 0.678125 0.2657407407407407 0.03333333333333333 0.03333333333333333
0 0.6010416666666667 0.26666666666666666 0.03333333333333333 0.03333333333333333
0 0.525 0.2675925925925926 0.03333333333333333 0.03333333333333333
0 0.45 0.26990740740740743 0.03333333333333333 0.03333333333333333
0 0.37395833333333334 0.2708333333333333 0.03333333333333333 0.03333333333333333
0 0.2989583333333333 0.27175925925925926 0.03333333333333333 0.03333333333333333
0 0.7625 0.3300925925925926 0.03333333333333333 0.03333333333333333
0 0.6833333333333333 0.33240740740740743 0.03333333333333333 0.03333333333333333
0 0.6041666666666666 0.3333333333333333 0.03333333333333333 0.03333333333333333
0 0.5260416666666666 0.33425925925925926 0.03333333333333333 0.03333333333333333
0 0.4479166666666667 0.3365740740740741 0.03333333333333333 0.03333333333333333
0 0.3697916666666667 0.3375 0.03333333333333333 0.03333333333333333
0 0.2916666666666667 0.3384259259259259 0.03333333333333333 0.03333333333333333
0 0.771875 0.40185185185185185 0.03333333333333333 0.03333333333333333
0 0.6895833333333333 0.4041666666666667 0.03333333333333333 0.03333333333333333
0 0.6083333333333333 0.4050925925925926 0.03333333333333333 0.03333333333333333
0 0.5260416666666666 0.4064814814814815 0.03333333333333333 0.03333333333333333
0 0.44583333333333336 0.4074074074074074 0.03333333333333333 0.03333333333333333
0 0.3645833333333333 0.40925925925925927 0.03333333333333333 0.03333333333333333
0 0.2833333333333333 0.4101851851851852 0.03333333333333333 0.03333333333333333
0 0.7822916666666667 0.48009259259259257 0.03333333333333333 0.03333333333333333
0 0.696875 0.48148148148148145 0.03333333333333333 0.03333333333333333
0 0.6114583333333333 0.4824074074074074 0.03333333333333333 0.03333333333333333
0 0.5270833333333333 0.48333333333333334 0.03333333333333333 0.03333333333333333
0 0.4427083333333333 0.4842592592592593 0.03333333333333333 0.03333333333333333
0 0.359375 0.48518518518518516 0.03333333333333333 0.03333333333333333
0 0.275 0.48657407407407405 0.03333333333333333 0.03333333333333333
0 0.7927083333333333 0.5634259259259259 0.03333333333333333 0.03333333333333333
0 0.7041666666666667 0.5648148148148148 0.03333333333333333 0.03333333333333333
0 0.615625 0.5657407407407408 0.03333333333333333 0.03333333333333333
0 0.528125 0.5666666666666667 0.03333333333333333 0.03333333333333333
0 0.440625 0.5675925925925925 0.03333333333333333 0.03333333333333333
0 0.353125 0.5685185185185185 0.03333333333333333 0.03333333333333333
0 0.265625 0.5699074074074074 0.03333333333333333 0.03333333333333333
0 0.8041666666666667 0.6541666666666667 0.03333333333333333 0.03333333333333333
0 0.7125 0.6541666666666667 0.03333333333333333 0.03333333333333333
0 0.6197916666666666 0.6550925925925926 0.03333333333333333 0.03333333333333333
0 0.528125 0.6564814814814814 0.03333333333333333 0.03333333333333333
0 0.4375 0.6574074074074074 0.03333333333333333 0.03333333333333333
0 0.346875 0.6583333333333333 0.03333333333333333 0.03333333333333333
0 0.25625 0.6592592592592592 0.03333333333333333 0.03333333333333333
0 0.8166666666666667 0.7518518518518519 0.03333333333333333 0.03333333333333333
0 0.7208333333333333 0.7518518518518519 0.03333333333333333 0.03333333333333333
0 0.625 0.7532407407407408 0.03333333333333333 0.03333333333333333
0 0.5291666666666667 0.7541666666666667 0.03333333333333333 0.03333333333333333
0 0.434375 0.7550925925925925 0.03333333333333333 0.03333333333333333
0 0.33958333333333335 0.7550925925925925 0.03333333333333333 0.03333333333333333
0 0.24583333333333332 0.7564814814814815 0.03333333333333333 0.03333333333333333