0 0.240625 0.18009259259259258 0.0375 0.0375
0 0.31979166666666664 0.18333333333333332 0.0375 0.0375
0 0.4 0.1865740740740741 0.0375 0.0375
0 0.4791666666666667 0.18981481481481483 0.0375 0.0375
0 0.5583333333333333 0.1925925925925926 0.0375 0.0375
0 0.6385416666666667 0.19583333333333333 0.0375 0.0375
0 0.7177083333333333 0.19814814814814816 0.0375 0.0375
0 0.22916666666666666 0.2351851851851852 0.0375 0.0375
0 0.3125 0.23842592592592593 0.0375 0.0375
0 0.39479166666666665 0.24166666666666667 0.0375 0.0375
0 0.478125 0.2449074074074074 0.0375 0.0375
0 0.5604166666666667 0.24814814814814815 0.0375 0.0375
0 0.64375 0.25092592592592594 0.0375 0.0375
0 0.7270833333333333 0.25416666666666665 0.0375 0.0375
0 0.21666666666666667 0.2949074074074074 0.0375 0.0375
0 0.303125 0.29814814814814816 0.0375 0.0375
0 0.38958333333333334 0.30092592592592593 0.0375 0.0375
0 0.47604166666666664 0.30416666666666664 0.0375 0.0375
0 0.5625 0.30833333333333335 0.0375 0.0375
0 0.65 0.31157407407407406 0.0375 0.0375
0 0.7364583333333333 0.3148148148148148 0.0375 0.0375
0 0.203125 0.3592592592592593 0.0375 0.0375
0 0.29375 0.36342592592592593 0.0375 0.0375
0 0.384375 0.36666666666666664 0.0375 0.0375
0 0.475 0.3699074074074074 0.0375 0.0375
0 0.565625 0.37407407407407406 0.0375 0.0375
0 0.65625 0.3768518518518518 0.0375 0.0375
0 0.746875 0.3800925925925926 0.0375 0.0375
0 0.1875 0.43148148148148147 0.0375 0.0375
0 0.28229166666666666 0.4351851851851852 0.0375 0.0375
0 0.378125 0.43842592592592594 0.0375 0.0375
0 0.47291666666666665 0.4425925925925926 0.0375 0.0375
0 0.5677083333333334 0.44583333333333336 0.0375 0.0375
0 0.6625 0.45 0.0375 0.0375
0 0.7583333333333333 0.4532407407407407 0.0375 0.0375
0 0.17083333333333334 0.5101851851851852 0.0375 0.0375
0 0.2708333333333333 0.513425925925926 0.0375 0.0375
0 0.37083333333333335 0.5175925925925926 0.0375 0.0375
0 0.4708333333333333 0.5217592592592593 0.0375 0.0375
0 0.5708333333333333 0.5259259259259259 0.0375 0.0375
0 0.6708333333333333 0.5291666666666667 0.0375 0.0375
0 0.7708333333333334 0.5333333333333333 0.0375 0.0375
0 0.153125 0.5981481481481481 0.0375 0.0375
0 0.25833333333333336 0.600925925925926 0.0375 0.0375
0 0.36354166666666665 0.6050925925925926 0.0375 0.0375
0 0.46875 0.6092592592592593 0.0375 0.0375
0 0.5739583333333333 0.6134259259259259 0.0375 0.0375
0 0.6791666666666667 0.6175925925925926 0.0375 0.0375
0 0.784375 0.6217592592592592 0.0375 0.0375