0 0.69375 0.1574074074074074 0.022916666666666665 0.03425925925925926
0 0.61875 0.15555555555555556 0.022916666666666665 0.03425925925925926
0 0.5427083333333333 0.15416666666666667 0.022916666666666665 0.03425925925925926
0 0.465625 0.1527777777777778 0.022916666666666665 0.03425925925925926
0 0.3885416666666667 0.1527777777777778 0.022916666666666665 0.03425925925925926
0 0.3104166666666667 0.15092592592592594 0.022916666666666665 0.03425925925925926
0 0.23125 0.14953703703703702 0.022916666666666665 0.03425925925925926
0 0.70625 0.23657407407407408 0.022916666666666665 0.03425925925925926
0 0.628125 0.2351851851851852 0.022916666666666665 0.03425925925925926
0 0.55 0.2351851851851852 0.022916666666666665 0.03425925925925926
0 0.46979166666666666 0.2337962962962963 0.022916666666666665 0.03425925925925926
0 0.38958333333333334 0.2337962962962963 0.022916666666666665 0.03425925925925926
0 0.30833333333333335 0.23194444444444445 0.022916666666666665 0.03425925925925926
0 0.22604166666666667 0.23055555555555557 0.022916666666666665 0.03425925925925926
0 0.7197916666666667 0.32222222222222224 0.022916666666666665 0.03425925925925926
0 0.6385416666666667 0.32083333333333336 0.022916666666666665 0.03425925925925926
0 0.55625 0.32083333333333336 0.022916666666666665 0.03425925925925926
0 0.4739583333333333 0.32083333333333336 0.022916666666666665 0.03425925925925926
0 0.390625 0.32083333333333336 0.022916666666666665 0.03425925925925926
0 0.30625 0.3194444444444444 0.022916666666666665 0.03425925925925926
0 0.22083333333333333 0.3194444444444444 0.022916666666666665 0.03425925925925926
0 0.7333333333333333 0.41435185185185186 0.022916666666666665 0.03425925925925926
0 0.65 0.41435185185185186 0.022916666666666665 0.03425925925925926
0 0.5645833333333333 0.41435185185185186 0.022916666666666665 0.03425925925925926
0 0.4791666666666667 0.41435185185185186 0.022916666666666665 0.03425925925925926
0 0.39166666666666666 0.41435185185185186 0.022916666666666665 0.03425925925925926
0 0.30416666666666664 0.41435185185185186 0.022916666666666665 0.03425925925925926
0 0.215625 0.41435185185185186 0.022916666666666665 0.03425925925925926
0 0.7489583333333333 0.5138888888888888 0.022916666666666665 0.03425925925925926
0 0.6614583333333334 0.5157407407407407 0.022916666666666665 0.03425925925925926
0 0.5729166666666666 0.5157407407407407 0.022916666666666665 0.03425925925925926
0 0.48333333333333334 0.5171296296296296 0.022916666666666665 0.03425925925925926
0 0.3927083333333333 0.5171296296296296 0.022916666666666665 0.03425925925925926
0 0.3020833333333333 0.5185185185185185 0.022916666666666665 0.03425925925925926
0 0.209375 0.5185185185185185 0.022916666666666665 0.03425925925925926
0 0.765625 0.6231481481481481 0.022916666666666665 0.03425925925925926
0 0.675 0.624537037037037 0.022916666666666665 0.03425925925925926
0 0.5822916666666667 0.6263888888888889 0.022916666666666665 0.03425925925925926
0 0.4895833333333333 0.6277777777777778 0.022916666666666665 0.03425925925925926
0 0.39479166666666665 0.6291666666666667 0.022916666666666665 0.03425925925925926
0 0.2989583333333333 0.6310185185185185 0.022916666666666665 0.03425925925925926
0 0.20208333333333334 0.6324074074074074 0.022916666666666665 0.03425925925925926
0 0.784375 0.7412037037037037 0.022916666666666665 0.03425925925925926
0 0.6885416666666667 0.7430555555555556 0.022916666666666665 0.03425925925925926
0 0.5927083333333333 0.7462962962962963 0.022916666666666665 0.03425925925925926
0 0.4947916666666667 0.7476851851851852 0.022916666666666665 0.03425925925925926
0 0.3958333333333333 0.7509259259259259 0.022916666666666665 0.03425925925925926
0 0.29583333333333334 0.7523148148148148 0.022916666666666665 0.03425925925925926
0 0.19479166666666667 0.7555555555555555 0.022916666666666665 0.03425925925925926