0 0.696875 0.14166666666666666 0.027083333333333334 0.03611111111111111
0 0.6291666666666667 0.14027777777777778 0.027083333333333334 0.03611111111111111
0 0.5614583333333333 0.1388888888888889 0.027083333333333334 0.03611111111111111
0 0.49166666666666664 0.1375 0.027083333333333334 0.03611111111111111
0 0.421875 0.1361111111111111 0.027083333333333334 0.03611111111111111
0 0.35208333333333336 0.13472222222222222 0.027083333333333334 0.03611111111111111
0 0.28020833333333334 0.13333333333333333 0.027083333333333334 0.03611111111111111
0 0.7104166666666667 0.20416666666666666 0.027083333333333334 0.03611111111111111
0 0.6385416666666667 0.20277777777777778 0.027083333333333334 0.03611111111111111
0 0.5666666666666667 0.2013888888888889 0.027083333333333334 0.03611111111111111
0 0.4947916666666667 0.2013888888888889 0.027083333333333334 0.03611111111111111
0 0.42083333333333334 0.2 0.027083333333333334 0.03611111111111111
0 0.346875 0.1986111111111111 0.027083333333333334 0.03611111111111111
0 0.271875 0.19722222222222222 0.027083333333333334 0.03611111111111111
0 0.7239583333333334 0.27361111111111114 0.027083333333333334 0.03611111111111111
0 0.6489583333333333 0.2722222222222222 0.027083333333333334 0.03611111111111111
0 0.5729166666666666 0.2722222222222222 0.027083333333333334 0.03611111111111111
0 0.496875 0.2708333333333333 0.027083333333333334 0.03611111111111111
0 0.4197916666666667 0.2708333333333333 0.027083333333333334 0.03611111111111111
0 0.340625 0.26944444444444443 0.027083333333333334 0.03611111111111111
0 0.2625 0.26944444444444443 0.027083333333333334 0.03611111111111111
0 0.7395833333333334 0.35 0.027083333333333334 0.03611111111111111
0 0.6604166666666667 0.35 0.027083333333333334 0.03611111111111111
0 0.5802083333333333 0.35 0.027083333333333334 0.03611111111111111
0 0.5 0.35 0.027083333333333334 0.03611111111111111
0 0.41770833333333335 0.35 0.027083333333333334 0.03611111111111111
0 0.334375 0.3486111111111111 0.027083333333333334 0.03611111111111111
0 0.25104166666666666 0.3486111111111111 0.027083333333333334 0.03611111111111111
0 0.75625 0.4375 0.027083333333333334 0.03611111111111111
0 0.6729166666666667 0.4375 0.027083333333333334 0.03611111111111111
0 0.5885416666666666 0.4375 0.027083333333333334 0.03611111111111111
0 0.5020833333333333 0.4375 0.027083333333333334 0.03611111111111111
0 0.415625 0.4375 0.027083333333333334 0.03611111111111111
0 0.328125 0.4388888888888889 0.027083333333333334 0.03611111111111111
0 0.23854166666666668 0.4388888888888889 0.027083333333333334 0.03611111111111111
0 0.7760416666666666 0.5347222222222222 0.027083333333333334 0.03611111111111111
0 0.6875 0.5347222222222222 0.027083333333333334 0.03611111111111111
0 0.596875 0.5361111111111111 0.027083333333333334 0.03611111111111111
0 0.50625 0.5375 0.027083333333333334 0.03611111111111111
0 0.41354166666666664 0.5375 0.027083333333333334 0.03611111111111111
0 0.31979166666666664 0.5388888888888889 0.027083333333333334 0.03611111111111111
0 0.225 0.5402777777777777 0.027083333333333334 0.03611111111111111
0 0.7979166666666667 0.6444444444444445 0.027083333333333334 0.03611111111111111
0 0.703125 0.6458333333333334 0.027083333333333334 0.03611111111111111
0 0.6072916666666667 0.6486111111111111 0.027083333333333334 0.03611111111111111
0 0.5104166666666666 0.65 0.027083333333333334 0.03611111111111111
0 0.4114583333333333 0.6513888888888889 0.027083333333333334 0.03611111111111111
0 0.3104166666666667 0.6541666666666667 0.027083333333333334 0.03611111111111111
0 0.209375 0.6555555555555556 0.027083333333333334 0.03611111111111111