0 0.7333333333333333 0.2074074074074074 0.03333333333333333 0.03333333333333333
0 0.6604166666666667 0.20925925925925926 0.03333333333333333 0.03333333333333333
0 0.5854166666666667 0.21157407407407408 0.03333333333333333 0.03333333333333333
0 0.5114583333333333 0.21342592592592594 0.03333333333333333 0.03333333333333333
0 0.4375 0.21574074074074073 0.03333333333333333 0.03333333333333333
0 0.36354166666666665 0.2175925925925926 0.03333333333333333 0.03333333333333333
0 0.28854166666666664 0.2199074074074074 0.03333333333333333 0.03333333333333333
0 0.7447916666666666 0.25925925925925924 0.03333333333333333 0.03333333333333333
0 0.66875 0.26157407407407407 0.03333333333333333 0.03333333333333333
0 0.5916666666666667 0.26342592592592595 0.03333333333333333 0.03333333333333333
0 0.5145833333333333 0.2657407407407407 0.03333333333333333 0.03333333333333333
0 0.43645833333333334 0.2675925925925926 0.03333333333333333 0.03333333333333333
0 0.359375 0.26990740740740743 0.03333333333333333 0.03333333333333333
0 0.28125 0.27175925925925926 0.03333333333333333 0.03333333333333333
0 0.7572916666666667 0.31574074074074077 0.03333333333333333 0.03333333333333333
0 0.6770833333333334 0.3175925925925926 0.03333333333333333 0.03333333333333333
0 0.596875 0.3199074074074074 0.03333333333333333 0.03333333333333333
0 0.5166666666666667 0.32175925925925924 0.03333333333333333 0.03333333333333333
0 0.43645833333333334 0.325 0.03333333333333333 0.03333333333333333
0 0.35520833333333335 0.32685185185185184 0.03333333333333333 0.03333333333333333
0 0.27395833333333336 0.32916666666666666 0.03333333333333333 0.03333333333333333
0 0.7708333333333334 0.37592592592592594 0.03333333333333333 0.03333333333333333
0 0.6875 0.37916666666666665 0.03333333333333333 0.03333333333333333
0 0.603125 0.3814814814814815 0.03333333333333333 0.03333333333333333
0 0.5197916666666667 0.38333333333333336 0.03333333333333333 0.03333333333333333
0 0.4354166666666667 0.38657407407407407 0.03333333333333333 0.03333333333333333
0 0.35104166666666664 0.38842592592592595 0.03333333333333333 0.03333333333333333
0 0.265625 0.39166666666666666 0.03333333333333333 0.03333333333333333
0 0.7864583333333334 0.44351851851851853 0.03333333333333333 0.03333333333333333
0 0.6989583333333333 0.44583333333333336 0.03333333333333333 0.03333333333333333
0 0.6104166666666667 0.44907407407407407 0.03333333333333333 0.03333333333333333
0 0.5229166666666667 0.45092592592592595 0.03333333333333333 0.03333333333333333
0 0.434375 0.45416666666666666 0.03333333333333333 0.03333333333333333
0 0.3458333333333333 0.4564814814814815 0.03333333333333333 0.03333333333333333
0 0.25729166666666664 0.45925925925925926 0.03333333333333333 0.03333333333333333
0 0.8020833333333334 0.5166666666666667 0.03333333333333333 0.03333333333333333
0 0.7104166666666667 0.5199074074074074 0.03333333333333333 0.03333333333333333
0 0.6177083333333333 0.5231481481481481 0.03333333333333333 0.03333333333333333
0 0.5260416666666666 0.525 0.03333333333333333 0.03333333333333333
0 0.43333333333333335 0.5282407407407408 0.03333333333333333 0.03333333333333333
0 0.340625 0.5314814814814814 0.03333333333333333 0.03333333333333333
0 0.246875 0.5342592592592592 0.03333333333333333 0.03333333333333333
0 0.8208333333333333 0.5981481481481481 0.03333333333333333 0.03333333333333333
0 0.7239583333333334 0.600925925925926 0.03333333333333333 0.03333333333333333
0 0.6270833333333333 0.6041666666666666 0.03333333333333333 0.03333333333333333
0 0.5291666666666667 0.6074074074074074 0.03333333333333333 0.03333333333333333
0 0.4322916666666667 0.6101851851851852 0.03333333333333333 0.03333333333333333
0 0.334375 0.6134259259259259 0.03333333333333333 0.03333333333333333
0 0.23645833333333333 0.6166666666666667 0.03333333333333333 0.03333333333333333