0 0.278125 0.17916666666666667 0.035416666666666666 0.03518518518518519
0 0.3541666666666667 0.17685185185185184 0.035416666666666666 0.03518518518518519
0 0.43020833333333336 0.17592592592592593 0.035416666666666666 0.03518518518518519
0 0.50625 0.17407407407407408 0.035416666666666666 0.03518518518518519
0 0.58125 0.17314814814814813 0.035416666666666666 0.03518518518518519
0 0.6572916666666667 0.17083333333333334 0.035416666666666666 0.03518518518518519
0 0.7322916666666667 0.1699074074074074 0.035416666666666666 0.03518518518518519
0 0.2708333333333333 0.23333333333333334 0.035416666666666666 0.03518518518518519
0 0.35 0.23148148148148148 0.035416666666666666 0.03518518518518519
0 0.42916666666666664 0.22916666666666666 0.035416666666666666 0.03518518518518519
0 0.5083333333333333 0.22824074074074074 0.035416666666666666 0.03518518518518519
0 0.5864583333333333 0.22592592592592592 0.035416666666666666 0.03518518518518519
0 0.665625 0.225 0.035416666666666666 0.03518518518518519
0 0.74375 0.22314814814814815 0.035416666666666666 0.03518518518518519
0 0.2635416666666667 0.2916666666666667 0.035416666666666666 0.03518518518518519
0 0.3458333333333333 0.2898148148148148 0.035416666666666666 0.03518518518518519
0 0.428125 0.2875 0.035416666666666666 0.03518518518518519
0 0.5104166666666666 0.2851851851851852 0.035416666666666666 0.03518518518518519
0 0.5916666666666667 0.28425925925925927 0.035416666666666666 0.03518518518518519
0 0.6739583333333333 0.2824074074074074 0.035416666666666666 0.03518518518518519
0 0.7552083333333334 0.2800925925925926 0.035416666666666666 0.03518518518518519
0 0.25416666666666665 0.35509259259259257 0.035416666666666666 0.03518518518518519
0 0.340625 0.35324074074074074 0.035416666666666666 0.03518518518518519
0 0.4270833333333333 0.3509259259259259 0.035416666666666666 0.03518518518518519
0 0.5125 0.3490740740740741 0.035416666666666666 0.03518518518518519
0 0.5979166666666667 0.34675925925925927 0.035416666666666666 0.03518518518518519
0 0.6833333333333333 0.3449074074074074 0.035416666666666666 0.03518518518518519
0 0.76875 0.3425925925925926 0.035416666666666666 0.03518518518518519
0 0.24479166666666666 0.42407407407407405 0.035416666666666666 0.03518518518518519
0 0.33541666666666664 0.4217592592592593 0.035416666666666666 0.03518518518518519
0 0.425 0.4199074074074074 0.035416666666666666 0.03518518518518519
0 0.515625 0.41759259259259257 0.035416666666666666 0.03518518518518519
0 0.6052083333333333 0.41574074074074074 0.035416666666666666 0.03518518518518519
0 0.69375 0.4134259259259259 0.035416666666666666 0.03518518518518519
0 0.7833333333333333 0.4115740740740741 0.035416666666666666 0.03518518518518519
0 0.234375 0.5009259259259259 0.035416666666666666 0.03518518518518519
0 0.32916666666666666 0.4981481481481482 0.035416666666666666 0.03518518518518519
0 0.4239583333333333 0.49583333333333335 0.035416666666666666 0.03518518518518519
0 0.5177083333333333 0.4935185185185185 0.035416666666666666 0.03518518518518519
0 0.6114583333333333 0.49166666666666664 0.035416666666666666 0.03518518518518519
0 0.7052083333333333 0.48842592592592593 0.035416666666666666 0.03518518518518519
0 0.7989583333333333 0.48657407407407405 0.035416666666666666 0.03518518518518519
0 0.22395833333333334 0.5842592592592593 0.035416666666666666 0.03518518518518519
0 0.3229166666666667 0.5824074074074074 0.035416666666666666 0.03518518518518519
0 0.421875 0.5791666666666667 0.035416666666666666 0.03518518518518519
0 0.5208333333333334 0.5768518518518518 0.035416666666666666 0.03518518518518519
0 0.6197916666666666 0.5740740740740741 0.035416666666666666 0.03518518518518519
0 0.7177083333333333 0.5717592592592593 0.035416666666666666 0.03518518518518519
0 0.8166666666666667 0.5685185185185185 0.035416666666666666 0.03518518518518519