0 0.2677083333333333 0.21157407407407408 0.035416666666666666 0.03518518518518519
0 0.34270833333333334 0.2125 0.035416666666666666 0.03518518518518519
0 0.41875 0.21342592592592594 0.035416666666666666 0.03518518518518519
0 0.49375 0.21342592592592594 0.035416666666666666 0.03518518518518519
0 0.56875 0.21481481481481482 0.035416666666666666 0.03518518518518519
0 0.64375 0.21574074074074073 0.035416666666666666 0.03518518518518519
0 0.71875 0.21666666666666667 0.035416666666666666 0.03518518518518519
0 0.259375 0.26342592592592595 0.035416666666666666 0.03518518518518519
0 0.3375 0.26481481481481484 0.035416666666666666 0.03518518518518519
0 0.4166666666666667 0.2657407407407407 0.035416666666666666 0.03518518518518519
0 0.4947916666666667 0.26666666666666666 0.035416666666666666 0.03518518518518519
0 0.5729166666666666 0.2675925925925926 0.035416666666666666 0.03518518518518519
0 0.6510416666666666 0.26851851851851855 0.035416666666666666 0.03518518518518519
0 0.7291666666666666 0.26990740740740743 0.035416666666666666 0.03518518518518519
0 0.25104166666666666 0.32083333333333336 0.035416666666666666 0.03518518518518519
0 0.33229166666666665 0.32175925925925924 0.035416666666666666 0.03518518518518519
0 0.41458333333333336 0.32314814814814813 0.035416666666666666 0.03518518518518519
0 0.49583333333333335 0.32407407407407407 0.035416666666666666 0.03518518518518519
0 0.578125 0.325 0.035416666666666666 0.03518518518518519
0 0.659375 0.32592592592592595 0.035416666666666666 0.03518518518518519
0 0.740625 0.32685185185185184 0.035416666666666666 0.03518518518518519
0 0.24166666666666667 0.38333333333333336 0.035416666666666666 0.03518518518518519
0 0.32708333333333334 0.38425925925925924 0.035416666666666666 0.03518518518518519
0 0.4125 0.3851851851851852 0.035416666666666666 0.03518518518518519
0 0.4979166666666667 0.38657407407407407 0.035416666666666666 0.03518518518518519
0 0.5833333333333334 0.3875 0.035416666666666666 0.03518518518518519
0 0.6677083333333333 0.3875 0.035416666666666666 0.03518518518518519
0 0.753125 0.38842592592592595 0.035416666666666666 0.03518518518518519
0 0.23125 0.45092592592592595 0.035416666666666666 0.03518518518518519
0 0.32083333333333336 0.45185185185185184 0.035416666666666666 0.03518518518518519
0 0.41041666666666665 0.4532407407407407 0.035416666666666666 0.03518518518518519
0 0.5 0.45416666666666666 0.035416666666666666 0.03518518518518519
0 0.5885416666666666 0.4550925925925926 0.035416666666666666 0.03518518518518519
0 0.678125 0.4564814814814815 0.035416666666666666 0.03518518518518519
0 0.7666666666666667 0.45740740740740743 0.035416666666666666 0.03518518518518519
0 0.21979166666666666 0.5259259259259259 0.035416666666666666 0.03518518518518519
0 0.31354166666666666 0.5268518518518519 0.035416666666666666 0.03518518518518519
0 0.40729166666666666 0.5282407407407408 0.035416666666666666 0.03518518518518519
0 0.5010416666666667 0.5291666666666667 0.035416666666666666 0.03518518518518519
0 0.5947916666666667 0.5300925925925926 0.035416666666666666 0.03518518518518519
0 0.6885416666666667 0.5300925925925926 0.035416666666666666 0.03518518518518519
0 0.78125 0.5314814814814814 0.035416666666666666 0.03518518518518519
0 0.20729166666666668 0.6092592592592593 0.035416666666666666 0.03518518518518519
0 0.30625 0.6092592592592593 0.035416666666666666 0.03518518518518519
0 0.40520833333333334 0.6101851851851852 0.035416666666666666 0.03518518518518519
0 0.503125 0.611574074074074 0.035416666666666666 0.03518518518518519
0 0.6020833333333333 0.6125 0.035416666666666666 0.03518518518518519
0 0.7 0.6125 0.035416666666666666 0.03518518518518519
0 0.7979166666666667 0.6134259259259259 0.035416666666666666 0.03518518518518519