0 0.6927083333333334 0.15092592592592594 0.022916666666666665 0.03425925925925926
0 0.6166666666666667 0.15092592592592594 0.022916666666666665 0.03425925925925926
0 0.540625 0.15092592592592594 0.022916666666666665 0.03425925925925926
0 0.4635416666666667 0.15092592592592594 0.022916666666666665 0.03425925925925926
0 0.38645833333333335 0.15092592592592594 0.022916666666666665 0.03425925925925926
0 0.30833333333333335 0.15092592592592594 0.022916666666666665 0.03425925925925926
0 0.23020833333333332 0.15092592592592594 0.022916666666666665 0.03425925925925926
0 0.7041666666666667 0.23194444444444445 0.022916666666666665 0.03425925925925926
0 0.6260416666666667 0.23194444444444445 0.022916666666666665 0.03425925925925926
0 0.546875 0.23194444444444445 0.022916666666666665 0.03425925925925926
0 0.46770833333333334 0.23194444444444445 0.022916666666666665 0.03425925925925926
0 0.3875 0.23194444444444445 0.022916666666666665 0.03425925925925926
0 0.30625 0.2337962962962963 0.022916666666666665 0.03425925925925926
0 0.225 0.2337962962962963 0.022916666666666665 0.03425925925925926
0 0.7166666666666667 0.3194444444444444 0.022916666666666665 0.03425925925925926
0 0.6354166666666666 0.3194444444444444 0.022916666666666665 0.03425925925925926
0 0.553125 0.3194444444444444 0.022916666666666665 0.03425925925925926
0 0.4708333333333333 0.3194444444444444 0.022916666666666665 0.03425925925925926
0 0.3875 0.32083333333333336 0.022916666666666665 0.03425925925925926
0 0.30416666666666664 0.32083333333333336 0.022916666666666665 0.03425925925925926
0 0.21979166666666666 0.32083333333333336 0.022916666666666665 0.03425925925925926
0 0.73125 0.4111111111111111 0.022916666666666665 0.03425925925925926
0 0.6458333333333334 0.412962962962963 0.022916666666666665 0.03425925925925926
0 0.5614583333333333 0.412962962962963 0.022916666666666665 0.03425925925925926
0 0.475 0.41435185185185186 0.022916666666666665 0.03425925925925926
0 0.3885416666666667 0.41574074074074074 0.022916666666666665 0.03425925925925926
0 0.3020833333333333 0.41574074074074074 0.022916666666666665 0.03425925925925926
0 0.21458333333333332 0.41759259259259257 0.022916666666666665 0.03425925925925926
0 0.7458333333333333 0.5125 0.022916666666666665 0.03425925925925926
0 0.6572916666666667 0.5138888888888888 0.022916666666666665 0.03425925925925926
0 0.56875 0.5157407407407407 0.022916666666666665 0.03425925925925926
0 0.48020833333333335 0.5171296296296296 0.022916666666666665 0.03425925925925926
0 0.38958333333333334 0.5171296296296296 0.022916666666666665 0.03425925925925926
0 0.2989583333333333 0.5185185185185185 0.022916666666666665 0.03425925925925926
0 0.20833333333333334 0.5203703703703704 0.022916666666666665 0.03425925925925926
0 0.7614583333333333 0.6212962962962963 0.022916666666666665 0.03425925925925926
0 0.6697916666666667 0.6231481481481481 0.022916666666666665 0.03425925925925926
0 0.578125 0.6263888888888889 0.022916666666666665 0.03425925925925926
0 0.484375 0.6277777777777778 0.022916666666666665 0.03425925925925926
0 0.390625 0.6291666666666667 0.022916666666666665 0.03425925925925926
0 0.29583333333333334 0.6310185185185185 0.022916666666666665 0.03425925925925926
0 0.20104166666666667 0.6324074074074074 0.022916666666666665 0.03425925925925926
0 0.7791666666666667 0.7412037037037037 0.022916666666666665 0.03425925925925926
0 0.6833333333333333 0.7430555555555556 0.022916666666666665 0.03425925925925926
0 0.5875 0.7462962962962963 0.022916666666666665 0.03425925925925926
0 0.4895833333333333 0.7476851851851852 0.022916666666666665 0.03425925925925926
0 0.39166666666666666 0.7509259259259259 0.022916666666666665 0.03425925925925926
0 0.29270833333333335 0.7523148148148148 0.022916666666666665 0.03425925925925926
0 0.19375 0.7555555555555555 0.022916666666666665 0.03425925925925926