0 0.6947916666666667 0.15555555555555556 0.022916666666666665 0.03425925925925926
0 0.6197916666666666 0.15416666666666667 0.022916666666666665 0.03425925925925926
0 0.54375 0.15416666666666667 0.022916666666666665 0.03425925925925926
0 0.4666666666666667 0.1527777777777778 0.022916666666666665 0.03425925925925926
0 0.38958333333333334 0.15092592592592594 0.022916666666666665 0.03425925925925926
0 0.31145833333333334 0.15092592592592594 0.022916666666666665 0.03425925925925926
0 0.23229166666666667 0.14953703703703702 0.022916666666666665 0.03425925925925926
0 0.7072916666666667 0.2351851851851852 0.022916666666666665 0.03425925925925926
0 0.6291666666666667 0.2351851851851852 0.022916666666666665 0.03425925925925926
0 0.55 0.2351851851851852 0.022916666666666665 0.03425925925925926
0 0.4708333333333333 0.2337962962962963 0.022916666666666665 0.03425925925925926
0 0.390625 0.2337962962962963 0.022916666666666665 0.03425925925925926
0 0.309375 0.2337962962962963 0.022916666666666665 0.03425925925925926
0 0.22708333333333333 0.23194444444444445 0.022916666666666665 0.03425925925925926
0 0.7197916666666667 0.32083333333333336 0.022916666666666665 0.03425925925925926
0 0.6395833333333333 0.32083333333333336 0.022916666666666665 0.03425925925925926
0 0.5572916666666666 0.32083333333333336 0.022916666666666665 0.03425925925925926
0 0.475 0.32083333333333336 0.022916666666666665 0.03425925925925926
0 0.39166666666666666 0.32083333333333336 0.022916666666666665 0.03425925925925926
0 0.3072916666666667 0.32083333333333336 0.022916666666666665 0.03425925925925926
0 0.221875 0.32222222222222224 0.022916666666666665 0.03425925925925926
0 0.7333333333333333 0.41435185185185186 0.022916666666666665 0.03425925925925926
0 0.65 0.41435185185185186 0.022916666666666665 0.03425925925925926
0 0.565625 0.41574074074074074 0.022916666666666665 0.03425925925925926
0 0.4791666666666667 0.41574074074074074 0.022916666666666665 0.03425925925925926
0 0.3927083333333333 0.41574074074074074 0.022916666666666665 0.03425925925925926
0 0.30520833333333336 0.41759259259259257 0.022916666666666665 0.03425925925925926
0 0.21666666666666667 0.41759259259259257 0.022916666666666665 0.03425925925925926
0 0.7489583333333333 0.5138888888888888 0.022916666666666665 0.03425925925925926
0 0.6614583333333334 0.5157407407407407 0.022916666666666665 0.03425925925925926
0 0.5739583333333333 0.5171296296296296 0.022916666666666665 0.03425925925925926
0 0.484375 0.5185185185185185 0.022916666666666665 0.03425925925925926
0 0.39375 0.5185185185185185 0.022916666666666665 0.03425925925925926
0 0.303125 0.5203703703703704 0.022916666666666665 0.03425925925925926
0 0.21041666666666667 0.5217592592592593 0.022916666666666665 0.03425925925925926
0 0.7645833333333333 0.6231481481481481 0.022916666666666665 0.03425925925925926
0 0.6739583333333333 0.624537037037037 0.022916666666666665 0.03425925925925926
0 0.5822916666666667 0.6263888888888889 0.022916666666666665 0.03425925925925926
0 0.4895833333333333 0.6291666666666667 0.022916666666666665 0.03425925925925926
0 0.3958333333333333 0.6310185185185185 0.022916666666666665 0.03425925925925926
0 0.3 0.6324074074074074 0.022916666666666665 0.03425925925925926
0 0.20416666666666666 0.6337962962962963 0.022916666666666665 0.03425925925925926
0 0.7822916666666667 0.7412037037037037 0.022916666666666665 0.03425925925925926
0 0.6875 0.7430555555555556 0.022916666666666665 0.03425925925925926
0 0.5927083333333333 0.7462962962962963 0.022916666666666665 0.03425925925925926
0 0.49583333333333335 0.7490740740740741 0.022916666666666665 0.03425925925925926
0 0.396875 0.7523148148148148 0.022916666666666665 0.03425925925925926
0 0.29791666666666666 0.7555555555555555 0.022916666666666665 0.03425925925925926
0 0.196875 0.7587962962962963 0.022916666666666665 0.03425925925925926