0 0.6989583333333333 0.12916666666666668 0.022916666666666665 0.03425925925925926
0 0.6239583333333333 0.12777777777777777 0.022916666666666665 0.03425925925925926
0 0.5489583333333333 0.12777777777777777 0.022916666666666665 0.03425925925925926
0 0.4739583333333333 0.12638888888888888 0.022916666666666665 0.03425925925925926
0 0.39791666666666664 0.12638888888888888 0.022916666666666665 0.03425925925925926
0 0.321875 0.12453703703703704 0.022916666666666665 0.03425925925925926
0 0.24583333333333332 0.12453703703703704 0.022916666666666665 0.03425925925925926
0 0.709375 0.20694444444444443 0.022916666666666665 0.03425925925925926
0 0.6322916666666667 0.20555555555555555 0.022916666666666665 0.03425925925925926
0 0.5541666666666667 0.20555555555555555 0.022916666666666665 0.03425925925925926
0 0.47604166666666664 0.20416666666666666 0.022916666666666665 0.03425925925925926
0 0.39791666666666664 0.20416666666666666 0.022916666666666665 0.03425925925925926
0 0.31875 0.2023148148148148 0.022916666666666665 0.03425925925925926
0 0.240625 0.2023148148148148 0.022916666666666665 0.03425925925925926
0 0.7208333333333333 0.2898148148148148 0.022916666666666665 0.03425925925925926
0 0.640625 0.2898148148148148 0.022916666666666665 0.03425925925925926
0 0.559375 0.287962962962963 0.022916666666666665 0.03425925925925926
0 0.4791666666666667 0.287962962962963 0.022916666666666665 0.03425925925925926
0 0.39791666666666664 0.287962962962963 0.022916666666666665 0.03425925925925926
0 0.315625 0.2865740740740741 0.022916666666666665 0.03425925925925926
0 0.234375 0.2865740740740741 0.022916666666666665 0.03425925925925926
0 0.7333333333333333 0.3800925925925926 0.022916666666666665 0.03425925925925926
0 0.65 0.3800925925925926 0.022916666666666665 0.03425925925925926
0 0.565625 0.3787037037037037 0.022916666666666665 0.03425925925925926
0 0.48125 0.3787037037037037 0.022916666666666665 0.03425925925925926
0 0.396875 0.3787037037037037 0.022916666666666665 0.03425925925925926
0 0.3125 0.3768518518518518 0.022916666666666665 0.03425925925925926
0 0.22708333333333333 0.3768518518518518 0.022916666666666665 0.03425925925925926
0 0.746875 0.47824074074074074 0.022916666666666665 0.03425925925925926
0 0.6604166666666667 0.47685185185185186 0.022916666666666665 0.03425925925925926
0 0.5729166666666666 0.47685185185185186 0.022916666666666665 0.03425925925925926
0 0.484375 0.47685185185185186 0.022916666666666665 0.03425925925925926
0 0.396875 0.47685185185185186 0.022916666666666665 0.03425925925925926
0 0.30833333333333335 0.47685185185185186 0.022916666666666665 0.03425925925925926
0 0.21979166666666666 0.475 0.022916666666666665 0.03425925925925926
0 0.7614583333333333 0.5842592592592593 0.022916666666666665 0.03425925925925926
0 0.6708333333333333 0.5842592592592593 0.022916666666666665 0.03425925925925926
0 0.5791666666666667 0.5824074074074074 0.022916666666666665 0.03425925925925926
0 0.48854166666666665 0.5824074074074074 0.022916666666666665 0.03425925925925926
0 0.3958333333333333 0.5824074074074074 0.022916666666666665 0.03425925925925926
0 0.30416666666666664 0.5824074074074074 0.022916666666666665 0.03425925925925926
0 0.21145833333333333 0.5824074074074074 0.022916666666666665 0.03425925925925926
0 0.778125 0.6995370370370371 0.022916666666666665 0.03425925925925926
0 0.6822916666666666 0.6995370370370371 0.022916666666666665 0.03425925925925926
0 0.5875 0.6995370370370371 0.022916666666666665 0.03425925925925926
0 0.49166666666666664 0.6995370370370371 0.022916666666666665 0.03425925925925926
0 0.3958333333333333 0.6995370370370371 0.022916666666666665 0.03425925925925926
0 0.3 0.6995370370370371 0.022916666666666665 0.03425925925925926
0 0.203125 0.6995370370370371 0.022916666666666665 0.03425925925925926