0 0.334375 0.6125 0.01875 0.025
0 0.409375 0.6097222222222223 0.01875 0.025
0 0.484375 0.6055555555555555 0.01875 0.025
0 0.5604166666666667 0.6027777777777777 0.01875 0.025
0 0.634375 0.5986111111111111 0.01875 0.025
0 0.709375 0.5958333333333333 0.01875 0.025
0 0.7833333333333333 0.5916666666666667 0.01875 0.025
0 0.3385416666666667 0.5291666666666667 0.01875 0.025
0 0.41041666666666665 0.5263888888888889 0.01875 0.025
0 0.4822916666666667 0.5236111111111111 0.01875 0.025
0 0.5541666666666667 0.5208333333333334 0.01875 0.025
0 0.625 0.5166666666666667 0.01875 0.025
0 0.696875 0.5138888888888888 0.01875 0.025
0 0.7677083333333333 0.5111111111111111 0.01875 0.025
0 0.34375 0.45416666666666666 0.01875 0.025
0 0.4125 0.4513888888888889 0.01875 0.025
0 0.48020833333333335 0.4486111111111111 0.01875 0.025
0 0.5489583333333333 0.44583333333333336 0.01875 0.025
0 0.6166666666666667 0.44305555555555554 0.01875 0.025
0 0.684375 0.44027777777777777 0.01875 0.025
0 0.7520833333333333 0.4375 0.01875 0.025
0 0.34791666666666665 0.38472222222222224 0.01875 0.025
0 0.41354166666666664 0.3819444444444444 0.01875 0.025
0 0.478125 0.38055555555555554 0.01875 0.025
0 0.54375 0.37777777777777777 0.01875 0.025
0 0.609375 0.375 0.01875 0.025
0 0.6739583333333333 0.37222222222222223 0.01875 0.025
0 0.7385416666666667 0.36944444444444446 0.01875 0.025
0 0.35104166666666664 0.32222222222222224 0.01875 0.025
0 0.41458333333333336 0.3194444444444444 0.01875 0.025
0 0.47708333333333336 0.31666666666666665 0.01875 0.025
0 0.5395833333333333 0.31527777777777777 0.01875 0.025
0 0.6020833333333333 0.3125 0.01875 0.025
0 0.6635416666666667 0.30972222222222223 0.01875 0.025
0 0.7260416666666667 0.30694444444444446 0.01875 0.025
0 0.35520833333333335 0.2638888888888889 0.01875 0.025
0 0.415625 0.2625 0.01875 0.025
0 0.475 0.25972222222222224 0.01875 0.025
0 0.5354166666666667 0.2569444444444444 0.01875 0.025
0 0.5947916666666667 0.25555555555555554 0.01875 0.025
0 0.6541666666666667 0.25277777777777777 0.01875 0.025
0 0.7145833333333333 0.25 0.01875 0.025
0 0.35833333333333334 0.2111111111111111 0.01875 0.025
0 0.415625 0.20833333333333334 0.01875 0.025
0 0.4739583333333333 0.20694444444444443 0.01875 0.025
0 0.53125 0.20416666666666666 0.01875 0.025
0 0.5885416666666666 0.20277777777777778 0.01875 0.025
0 0.6458333333333334 0.2 0.01875 0.025
0 0.703125 0.1986111111111111 0.01875 0.025