0 0.7135416666666666 0.18333333333333332 0.025 0.03333333333333333
0 0.6427083333333333 0.18611111111111112 0.025 0.03333333333333333
0 0.5739583333333333 0.18888888888888888 0.025 0.03333333333333333
0 0.50625 0.19166666666666668 0.025 0.03333333333333333
0 0.4395833333333333 0.19305555555555556 0.025 0.03333333333333333
0 0.3729166666666667 0.19583333333333333 0.025 0.03333333333333333
0 0.3072916666666667 0.1986111111111111 0.025 0.03333333333333333
0 0.721875 0.24861111111111112 0.025 0.03333333333333333
0 0.6479166666666667 0.25 0.025 0.03333333333333333
0 0.5760416666666667 0.25277777777777777 0.025 0.03333333333333333
0 0.5041666666666667 0.25416666666666665 0.025 0.03333333333333333
0 0.434375 0.2569444444444444 0.025 0.03333333333333333
0 0.3645833333333333 0.25972222222222224 0.025 0.03333333333333333
0 0.29583333333333334 0.2611111111111111 0.025 0.03333333333333333
0 0.73125 0.3194444444444444 0.025 0.03333333333333333
0 0.6541666666666667 0.32222222222222224 0.025 0.03333333333333333
0 0.578125 0.3236111111111111 0.025 0.03333333333333333
0 0.503125 0.325 0.025 0.03333333333333333
0 0.428125 0.3263888888888889 0.025 0.03333333333333333
0 0.35520833333333335 0.32916666666666666 0.025 0.03333333333333333
0 0.2833333333333333 0.33055555555555555 0.025 0.03333333333333333
0 0.7427083333333333 0.4 0.025 0.03333333333333333
0 0.6604166666666667 0.4013888888888889 0.025 0.03333333333333333
0 0.5802083333333333 0.4027777777777778 0.025 0.03333333333333333
0 0.5010416666666667 0.4027777777777778 0.025 0.03333333333333333
0 0.42291666666666666 0.4041666666666667 0.025 0.03333333333333333
0 0.3458333333333333 0.40555555555555556 0.025 0.03333333333333333
0 0.26979166666666665 0.40694444444444444 0.025 0.03333333333333333
0 0.7541666666666667 0.4888888888888889 0.025 0.03333333333333333
0 0.6677083333333333 0.4888888888888889 0.025 0.03333333333333333
0 0.5822916666666667 0.49027777777777776 0.025 0.03333333333333333
0 0.4979166666666667 0.49027777777777776 0.025 0.03333333333333333
0 0.415625 0.49166666666666664 0.025 0.03333333333333333
0 0.334375 0.49166666666666664 0.025 0.03333333333333333
0 0.25416666666666665 0.4930555555555556 0.025 0.03333333333333333
0 0.76875 0.5902777777777778 0.025 0.03333333333333333
0 0.6760416666666667 0.5888888888888889 0.025 0.03333333333333333
0 0.5854166666666667 0.5888888888888889 0.025 0.03333333333333333
0 0.49583333333333335 0.5888888888888889 0.025 0.03333333333333333
0 0.4083333333333333 0.5888888888888889 0.025 0.03333333333333333
0 0.321875 0.5888888888888889 0.025 0.03333333333333333
0 0.23645833333333333 0.5888888888888889 0.025 0.03333333333333333
0 0.784375 0.7041666666666667 0.025 0.03333333333333333
0 0.6854166666666667 0.7027777777777777 0.025 0.03333333333333333
0 0.5885416666666666 0.7013888888888888 0.025 0.03333333333333333
0 0.49270833333333336 0.7 0.025 0.03333333333333333
0 0.39895833333333336 0.7 0.025 0.03333333333333333
0 0.3072916666666667 0.6986111111111111 0.025 0.03333333333333333
0 0.21666666666666667 0.6972222222222222 0.025 0.03333333333333333