0 0.7302083333333333 0.15231481481481482 0.020833333333333332 0.03518518518518519
0 0.6572916666666667 0.15231481481481482 0.020833333333333332 0.03518518518518519
0 0.5854166666666667 0.15231481481481482 0.020833333333333332 0.03518518518518519
0 0.5135416666666667 0.15231481481481482 0.020833333333333332 0.03518518518518519
0 0.44166666666666665 0.15231481481481482 0.020833333333333332 0.03518518518518519
0 0.3697916666666667 0.15231481481481482 0.020833333333333332 0.03518518518518519
0 0.29791666666666666 0.15231481481481482 0.020833333333333332 0.03518518518518519
0 0.7385416666666667 0.23055555555555557 0.020833333333333332 0.03518518518518519
0 0.6635416666666667 0.23055555555555557 0.020833333333333332 0.03518518518518519
0 0.5885416666666666 0.23055555555555557 0.020833333333333332 0.03518518518518519
0 0.5135416666666667 0.2324074074074074 0.020833333333333332 0.03518518518518519
0 0.43854166666666666 0.2324074074074074 0.020833333333333332 0.03518518518518519
0 0.36354166666666665 0.2324074074074074 0.020833333333333332 0.03518518518518519
0 0.28958333333333336 0.2324074074074074 0.020833333333333332 0.03518518518518519
0 0.7479166666666667 0.31805555555555554 0.020833333333333332 0.03518518518518519
0 0.6697916666666667 0.31805555555555554 0.020833333333333332 0.03518518518518519
0 0.5916666666666667 0.31805555555555554 0.020833333333333332 0.03518518518518519
0 0.5135416666666667 0.31805555555555554 0.020833333333333332 0.03518518518518519
0 0.4354166666666667 0.31805555555555554 0.020833333333333332 0.03518518518518519
0 0.3572916666666667 0.31805555555555554 0.020833333333333332 0.03518518518518519
0 0.28020833333333334 0.31805555555555554 0.020833333333333332 0.03518518518518519
0 0.7583333333333333 0.4125 0.020833333333333332 0.03518518518518519
0 0.6760416666666667 0.4125 0.020833333333333332 0.03518518518518519
0 0.5947916666666667 0.4125 0.020833333333333332 0.03518518518518519
0 0.5125 0.41064814814814815 0.020833333333333332 0.03518518518518519
0 0.43125 0.41064814814814815 0.020833333333333332 0.03518518518518519
0 0.35104166666666664 0.41064814814814815 0.020833333333333332 0.03518518518518519
0 0.26979166666666665 0.41064814814814815 0.020833333333333332 0.03518518518518519
0 0.76875 0.5138888888888888 0.020833333333333332 0.03518518518518519
0 0.6833333333333333 0.5138888888888888 0.020833333333333332 0.03518518518518519
0 0.5979166666666667 0.5138888888888888 0.020833333333333332 0.03518518518518519
0 0.5125 0.5138888888888888 0.020833333333333332 0.03518518518518519
0 0.428125 0.5138888888888888 0.020833333333333332 0.03518518518518519
0 0.34375 0.5120370370370371 0.020833333333333332 0.03518518518518519
0 0.259375 0.5120370370370371 0.020833333333333332 0.03518518518518519
0 0.78125 0.6277777777777778 0.020833333333333332 0.03518518518518519
0 0.6916666666666667 0.6259259259259259 0.020833333333333332 0.03518518518518519
0 0.6020833333333333 0.6259259259259259 0.020833333333333332 0.03518518518518519
0 0.5125 0.6259259259259259 0.020833333333333332 0.03518518518518519
0 0.4239583333333333 0.6240740740740741 0.020833333333333332 0.03518518518518519
0 0.33541666666666664 0.6240740740740741 0.020833333333333332 0.03518518518518519
0 0.246875 0.6240740740740741 0.020833333333333332 0.03518518518518519
0 0.7947916666666667 0.75 0.020833333333333332 0.03518518518518519
0 0.7 0.75 0.020833333333333332 0.03518518518518519
0 0.60625 0.7481481481481481 0.020833333333333332 0.03518518518518519
0 0.5125 0.7481481481481481 0.020833333333333332 0.03518518518518519
0 0.4197916666666667 0.7462962962962963 0.020833333333333332 0.03518518518518519
0 0.3260416666666667 0.7462962962962963 0.020833333333333332 0.03518518518518519
0 0.234375 0.7462962962962963 0.020833333333333332 0.03518518518518519