0 0.703125 0.23425925925925925 0.029166666666666667 0.029166666666666667
0 0.63125 0.2351851851851852 0.029166666666666667 0.029166666666666667
0 0.5604166666666667 0.23657407407407408 0.029166666666666667 0.029166666666666667
0 0.4895833333333333 0.23842592592592593 0.029166666666666667 0.029166666666666667
0 0.41770833333333335 0.23981481481481481 0.029166666666666667 0.029166666666666667
0 0.346875 0.24074074074074073 0.029166666666666667 0.029166666666666667
0 0.2760416666666667 0.24166666666666667 0.029166666666666667 0.029166666666666667
0 0.7104166666666667 0.2967592592592593 0.029166666666666667 0.029166666666666667
0 0.6375 0.29907407407407405 0.029166666666666667 0.029166666666666667
0 0.5635416666666667 0.3 0.029166666666666667 0.029166666666666667
0 0.490625 0.30092592592592593 0.029166666666666667 0.029166666666666667
0 0.4166666666666667 0.30185185185185187 0.029166666666666667 0.029166666666666667
0 0.34375 0.30416666666666664 0.029166666666666667 0.029166666666666667
0 0.26979166666666665 0.3050925925925926 0.029166666666666667 0.029166666666666667
0 0.71875 0.3648148148148148 0.029166666666666667 0.029166666666666667
0 0.6427083333333333 0.36574074074074076 0.029166666666666667 0.029166666666666667
0 0.5677083333333334 0.36666666666666664 0.029166666666666667 0.029166666666666667
0 0.49166666666666664 0.3685185185185185 0.029166666666666667 0.029166666666666667
0 0.415625 0.3699074074074074 0.029166666666666667 0.029166666666666667
0 0.33958333333333335 0.37083333333333335 0.029166666666666667 0.029166666666666667
0 0.26458333333333334 0.3731481481481482 0.029166666666666667 0.029166666666666667
0 0.728125 0.4351851851851852 0.029166666666666667 0.029166666666666667
0 0.65 0.4375 0.029166666666666667 0.029166666666666667
0 0.5708333333333333 0.43842592592592594 0.029166666666666667 0.029166666666666667
0 0.49270833333333336 0.4398148148148148 0.029166666666666667 0.029166666666666667
0 0.41458333333333336 0.44166666666666665 0.029166666666666667 0.029166666666666667
0 0.33645833333333336 0.4425925925925926 0.029166666666666667 0.029166666666666667
0 0.25833333333333336 0.4449074074074074 0.029166666666666667 0.029166666666666667
0 0.7375 0.5115740740740741 0.029166666666666667 0.029166666666666667
0 0.65625 0.513425925925926 0.029166666666666667 0.029166666666666667
0 0.575 0.5148148148148148 0.029166666666666667 0.029166666666666667
0 0.4947916666666667 0.5166666666666667 0.029166666666666667 0.029166666666666667
0 0.41354166666666664 0.5175925925925926 0.029166666666666667 0.029166666666666667
0 0.33229166666666665 0.5199074074074074 0.029166666666666667 0.029166666666666667
0 0.25104166666666666 0.5208333333333334 0.029166666666666667 0.029166666666666667
0 0.7479166666666667 0.5935185185185186 0.029166666666666667 0.029166666666666667
0 0.6635416666666667 0.5958333333333333 0.029166666666666667 0.029166666666666667
0 0.5802083333333333 0.5967592592592592 0.029166666666666667 0.029166666666666667
0 0.49583333333333335 0.5990740740740741 0.029166666666666667 0.029166666666666667
0 0.4125 0.6 0.029166666666666667 0.029166666666666667
0 0.328125 0.6018518518518519 0.029166666666666667 0.029166666666666667
0 0.24375 0.6032407407407407 0.029166666666666667 0.029166666666666667
0 0.7583333333333333 0.6814814814814815 0.029166666666666667 0.029166666666666667
0 0.671875 0.6833333333333333 0.029166666666666667 0.029166666666666667
0 0.584375 0.6851851851851852 0.029166666666666667 0.029166666666666667
0 0.4979166666666667 0.6865740740740741 0.029166666666666667 0.029166666666666667
0 0.41041666666666665 0.6884259259259259 0.029166666666666667 0.029166666666666667
0 0.32395833333333335 0.6898148148148148 0.029166666666666667 0.029166666666666667
0 0.23645833333333333 0.6916666666666667 0.029166666666666667 0.029166666666666667