0 0.7291666666666666 0.2625 0.03333333333333333 0.03333333333333333
0 0.653125 0.26342592592592595 0.03333333333333333 0.03333333333333333
0 0.5770833333333333 0.26342592592592595 0.03333333333333333 0.03333333333333333
0 0.5010416666666667 0.26342592592592595 0.03333333333333333 0.03333333333333333
0 0.4270833333333333 0.26481481481481484 0.03333333333333333 0.03333333333333333
0 0.35208333333333336 0.26481481481481484 0.03333333333333333 0.03333333333333333
0 0.2791666666666667 0.26481481481481484 0.03333333333333333 0.03333333333333333
0 0.7364583333333333 0.32592592592592595 0.03333333333333333 0.03333333333333333
0 0.6572916666666667 0.32592592592592595 0.03333333333333333 0.03333333333333333
0 0.578125 0.32592592592592595 0.03333333333333333 0.03333333333333333
0 0.5 0.32592592592592595 0.03333333333333333 0.03333333333333333
0 0.421875 0.32685185185185184 0.03333333333333333 0.03333333333333333
0 0.34479166666666666 0.32685185185185184 0.03333333333333333 0.03333333333333333
0 0.26875 0.32685185185185184 0.03333333333333333 0.03333333333333333
0 0.74375 0.39490740740740743 0.03333333333333333 0.03333333333333333
0 0.6614583333333334 0.39490740740740743 0.03333333333333333 0.03333333333333333
0 0.5791666666666667 0.39490740740740743 0.03333333333333333 0.03333333333333333
0 0.4979166666666667 0.39490740740740743 0.03333333333333333 0.03333333333333333
0 0.4166666666666667 0.39351851851851855 0.03333333333333333 0.03333333333333333
0 0.33645833333333336 0.39351851851851855 0.03333333333333333 0.03333333333333333
0 0.25729166666666664 0.39351851851851855 0.03333333333333333 0.03333333333333333
0 0.7520833333333333 0.4685185185185185 0.03333333333333333 0.03333333333333333
0 0.6666666666666666 0.4685185185185185 0.03333333333333333 0.03333333333333333
0 0.5802083333333333 0.4685185185185185 0.03333333333333333 0.03333333333333333
0 0.49583333333333335 0.4675925925925926 0.03333333333333333 0.03333333333333333
0 0.4114583333333333 0.4675925925925926 0.03333333333333333 0.03333333333333333
0 0.328125 0.4666666666666667 0.03333333333333333 0.03333333333333333
0 0.24479166666666666 0.4666666666666667 0.03333333333333333 0.03333333333333333
0 0.7614583333333333 0.55 0.03333333333333333 0.03333333333333333
0 0.671875 0.55 0.03333333333333333 0.03333333333333333
0 0.5822916666666667 0.549074074074074 0.03333333333333333 0.03333333333333333
0 0.49375 0.5481481481481482 0.03333333333333333 0.03333333333333333
0 0.40520833333333334 0.5467592592592593 0.03333333333333333 0.03333333333333333
0 0.31875 0.5467592592592593 0.03333333333333333 0.03333333333333333
0 0.23229166666666667 0.5458333333333333 0.03333333333333333 0.03333333333333333
0 0.771875 0.638425925925926 0.03333333333333333 0.03333333333333333
0 0.6770833333333334 0.6375 0.03333333333333333 0.03333333333333333
0 0.5833333333333334 0.6365740740740741 0.03333333333333333 0.03333333333333333
0 0.490625 0.6351851851851852 0.03333333333333333 0.03333333333333333
0 0.39895833333333336 0.6342592592592593 0.03333333333333333 0.03333333333333333
0 0.30833333333333335 0.6333333333333333 0.03333333333333333 0.03333333333333333
0 0.21770833333333334 0.6324074074074074 0.03333333333333333 0.03333333333333333
0 0.7833333333333333 0.736574074074074 0.03333333333333333 0.03333333333333333
0 0.6833333333333333 0.7342592592592593 0.03333333333333333 0.03333333333333333
0 0.5854166666666667 0.7333333333333333 0.03333333333333333 0.03333333333333333
0 0.48854166666666665 0.7314814814814815 0.03333333333333333 0.03333333333333333
0 0.39166666666666666 0.7300925925925926 0.03333333333333333 0.03333333333333333
0 0.296875 0.7282407407407407 0.03333333333333333 0.03333333333333333
0 0.20208333333333334 0.725925925925926 0.03333333333333333 0.03333333333333333