0 0.7177083333333333 0.18055555555555555 0.025 0.03333333333333333
0 0.6489583333333333 0.17916666666666667 0.025 0.03333333333333333
0 0.5802083333333333 0.17777777777777778 0.025 0.03333333333333333
0 0.5125 0.17777777777777778 0.025 0.03333333333333333
0 0.44479166666666664 0.1763888888888889 0.025 0.03333333333333333
0 0.37604166666666666 0.175 0.025 0.03333333333333333
0 0.309375 0.1736111111111111 0.025 0.03333333333333333
0 0.7260416666666667 0.24583333333333332 0.025 0.03333333333333333
0 0.6541666666666667 0.24444444444444444 0.025 0.03333333333333333
0 0.5822916666666667 0.24444444444444444 0.025 0.03333333333333333
0 0.5114583333333333 0.24305555555555555 0.025 0.03333333333333333
0 0.4395833333333333 0.24166666666666667 0.025 0.03333333333333333
0 0.36875 0.24027777777777778 0.025 0.03333333333333333
0 0.29791666666666666 0.2388888888888889 0.025 0.03333333333333333
0 0.7354166666666667 0.31805555555555554 0.025 0.03333333333333333
0 0.659375 0.31666666666666665 0.025 0.03333333333333333
0 0.584375 0.31527777777777777 0.025 0.03333333333333333
0 0.509375 0.3138888888888889 0.025 0.03333333333333333
0 0.434375 0.3125 0.025 0.03333333333333333
0 0.36041666666666666 0.3111111111111111 0.025 0.03333333333333333
0 0.28541666666666665 0.30972222222222223 0.025 0.03333333333333333
0 0.7458333333333333 0.39861111111111114 0.025 0.03333333333333333
0 0.665625 0.3972222222222222 0.025 0.03333333333333333
0 0.5864583333333333 0.3958333333333333 0.025 0.03333333333333333
0 0.5072916666666667 0.39444444444444443 0.025 0.03333333333333333
0 0.42916666666666664 0.39166666666666666 0.025 0.03333333333333333
0 0.35 0.3902777777777778 0.025 0.03333333333333333
0 0.271875 0.3888888888888889 0.025 0.03333333333333333
0 0.7572916666666667 0.4875 0.025 0.03333333333333333
0 0.6729166666666667 0.4861111111111111 0.025 0.03333333333333333
0 0.5895833333333333 0.48333333333333334 0.025 0.03333333333333333
0 0.50625 0.48194444444444445 0.025 0.03333333333333333
0 0.42291666666666666 0.48055555555555557 0.025 0.03333333333333333
0 0.33958333333333335 0.4777777777777778 0.025 0.03333333333333333
0 0.25729166666666664 0.47638888888888886 0.025 0.03333333333333333
0 0.7697916666666667 0.5875 0.025 0.03333333333333333
0 0.68125 0.5847222222222223 0.025 0.03333333333333333
0 0.5927083333333333 0.5833333333333334 0.025 0.03333333333333333
0 0.5041666666666667 0.5805555555555556 0.025 0.03333333333333333
0 0.415625 0.5791666666666667 0.025 0.03333333333333333
0 0.328125 0.5763888888888888 0.025 0.03333333333333333
0 0.240625 0.5736111111111111 0.025 0.03333333333333333
0 0.784375 0.7 0.025 0.03333333333333333
0 0.6895833333333333 0.6972222222222222 0.025 0.03333333333333333
0 0.5958333333333333 0.6944444444444444 0.025 0.03333333333333333
0 0.5010416666666667 0.6916666666666667 0.025 0.03333333333333333
0 0.4083333333333333 0.6888888888888889 0.025 0.03333333333333333
0 0.3145833333333333 0.6875 0.025 0.03333333333333333
0 0.221875 0.6847222222222222 0.025 0.03333333333333333