0 0.653125 0.1736111111111111 0.025 0.03333333333333333
0 0.5875 0.1763888888888889 0.025 0.03333333333333333
0 0.521875 0.17916666666666667 0.025 0.03333333333333333
0 0.4552083333333333 0.18194444444444444 0.025 0.03333333333333333
0 0.38645833333333335 0.18472222222222223 0.025 0.03333333333333333
0 0.3177083333333333 0.1875 0.025 0.03333333333333333
0 0.246875 0.19027777777777777 0.025 0.03333333333333333
0 0.6677083333333333 0.2361111111111111 0.025 0.03333333333333333
0 0.6 0.2388888888888889 0.025 0.03333333333333333
0 0.5302083333333333 0.24305555555555555 0.025 0.03333333333333333
0 0.46041666666666664 0.24583333333333332 0.025 0.03333333333333333
0 0.3885416666666667 0.24861111111111112 0.025 0.03333333333333333
0 0.315625 0.25277777777777777 0.025 0.03333333333333333
0 0.24166666666666667 0.25555555555555554 0.025 0.03333333333333333
0 0.6833333333333333 0.30416666666666664 0.025 0.03333333333333333
0 0.6125 0.30833333333333335 0.025 0.03333333333333333
0 0.5395833333333333 0.3125 0.025 0.03333333333333333
0 0.465625 0.31666666666666665 0.025 0.03333333333333333
0 0.390625 0.32083333333333336 0.025 0.03333333333333333
0 0.3145833333333333 0.325 0.025 0.03333333333333333
0 0.23645833333333333 0.32916666666666666 0.025 0.03333333333333333
0 0.7010416666666667 0.37916666666666665 0.025 0.03333333333333333
0 0.6260416666666667 0.38472222222222224 0.025 0.03333333333333333
0 0.55 0.3888888888888889 0.025 0.03333333333333333
0 0.47291666666666665 0.39444444444444443 0.025 0.03333333333333333
0 0.39375 0.4 0.025 0.03333333333333333
0 0.3125 0.4041666666666667 0.025 0.03333333333333333
0 0.23020833333333332 0.4097222222222222 0.025 0.03333333333333333
0 0.7208333333333333 0.4638888888888889 0.025 0.03333333333333333
0 0.6427083333333333 0.46944444444444444 0.025 0.03333333333333333
0 0.5614583333333333 0.475 0.025 0.03333333333333333
0 0.48020833333333335 0.48194444444444445 0.025 0.03333333333333333
0 0.3958333333333333 0.4875 0.025 0.03333333333333333
0 0.3104166666666667 0.49444444444444446 0.025 0.03333333333333333
0 0.22291666666666668 0.5013888888888889 0.025 0.03333333333333333
0 0.7427083333333333 0.5569444444444445 0.025 0.03333333333333333
0 0.6604166666666667 0.5638888888888889 0.025 0.03333333333333333
0 0.575 0.5722222222222222 0.025 0.03333333333333333
0 0.48854166666666665 0.5791666666666667 0.025 0.03333333333333333
0 0.39895833333333336 0.5875 0.025 0.03333333333333333
0 0.30833333333333335 0.5944444444444444 0.025 0.03333333333333333
0 0.215625 0.6027777777777777 0.025 0.03333333333333333
0 0.7677083333333333 0.6625 0.025 0.03333333333333333
0 0.6802083333333333 0.6708333333333333 0.025 0.03333333333333333
0 0.5895833333333333 0.6805555555555556 0.025 0.03333333333333333
0 0.496875 0.6888888888888889 0.025 0.03333333333333333
0 0.403125 0.6986111111111111 0.025 0.03333333333333333
0 0.30625 0.7083333333333334 0.025 0.03333333333333333
0 0.20729166666666668 0.7194444444444444 0.025 0.03333333333333333