0 0.3375 0.39166666666666666 0.01875 0.025
0 0.33229166666666665 0.4486111111111111 0.01875 0.025
0 0.32708333333333334 0.5097222222222222 0.01875 0.025
0 0.32083333333333336 0.5736111111111111 0.01875 0.025
0 0.3145833333333333 0.6416666666666667 0.01875 0.025
0 0.30833333333333335 0.7152777777777778 0.01875 0.025
0 0.30104166666666665 0.7930555555555555 0.01875 0.025
0 0.39895833333333336 0.39305555555555555 0.01875 0.025
0 0.3958333333333333 0.4513888888888889 0.01875 0.025
0 0.39166666666666666 0.5111111111111111 0.01875 0.025
0 0.3885416666666667 0.575 0.01875 0.025
0 0.384375 0.6444444444444445 0.01875 0.025
0 0.3802083333333333 0.7166666666666667 0.01875 0.025
0 0.375 0.7944444444444444 0.01875 0.025
0 0.46041666666666664 0.3958333333333333 0.01875 0.025
0 0.4583333333333333 0.4527777777777778 0.01875 0.025
0 0.45729166666666665 0.5125 0.01875 0.025
0 0.4552083333333333 0.5777777777777777 0.01875 0.025
0 0.453125 0.6458333333333334 0.01875 0.025
0 0.4510416666666667 0.7194444444444444 0.01875 0.025
0 0.44895833333333335 0.7972222222222223 0.01875 0.025
0 0.521875 0.3972222222222222 0.01875 0.025
0 0.521875 0.45416666666666666 0.01875 0.025
0 0.521875 0.5152777777777777 0.01875 0.025
0 0.521875 0.5791666666666667 0.01875 0.025
0 0.5229166666666667 0.6472222222222223 0.01875 0.025
0 0.5229166666666667 0.7208333333333333 0.01875 0.025
0 0.5229166666666667 0.7986111111111112 0.01875 0.025
0 0.5822916666666667 0.39861111111111114 0.01875 0.025
0 0.584375 0.45555555555555555 0.01875 0.025
0 0.5864583333333333 0.5166666666666667 0.01875 0.025
0 0.5895833333333333 0.5805555555555556 0.01875 0.025
0 0.5916666666666667 0.65 0.01875 0.025
0 0.5947916666666667 0.7222222222222222 0.01875 0.025
0 0.596875 0.8013888888888889 0.01875 0.025
0 0.64375 0.4 0.01875 0.025
0 0.6479166666666667 0.4583333333333333 0.01875 0.025
0 0.6520833333333333 0.5180555555555556 0.01875 0.025
0 0.65625 0.5833333333333334 0.01875 0.025
0 0.6604166666666667 0.6513888888888889 0.01875 0.025
0 0.665625 0.725 0.01875 0.025
0 0.6708333333333333 0.8027777777777778 0.01875 0.025
0 0.7052083333333333 0.4027777777777778 0.01875 0.025
0 0.7104166666666667 0.4597222222222222 0.01875 0.025
0 0.7166666666666667 0.5194444444444445 0.01875 0.025
0 0.7229166666666667 0.5847222222222223 0.01875 0.025
0 0.7302083333333333 0.6527777777777778 0.01875 0.025
0 0.7375 0.7263888888888889 0.01875 0.025
0 0.7447916666666666 0.8041666666666667 0.01875 0.025