0 0.6947916666666667 0.15416666666666667 0.022916666666666665 0.03425925925925926
0 0.61875 0.15416666666666667 0.022916666666666665 0.03425925925925926
0 0.5427083333333333 0.1527777777777778 0.022916666666666665 0.03425925925925926
0 0.465625 0.1527777777777778 0.022916666666666665 0.03425925925925926
0 0.3875 0.15092592592592594 0.022916666666666665 0.03425925925925926
0 0.309375 0.14953703703703702 0.022916666666666665 0.03425925925925926
0 0.23125 0.14953703703703702 0.022916666666666665 0.03425925925925926
0 0.70625 0.2351851851851852 0.022916666666666665 0.03425925925925926
0 0.628125 0.2337962962962963 0.022916666666666665 0.03425925925925926
0 0.5489583333333333 0.2337962962962963 0.022916666666666665 0.03425925925925926
0 0.46875 0.2337962962962963 0.022916666666666665 0.03425925925925926
0 0.3885416666666667 0.23194444444444445 0.022916666666666665 0.03425925925925926
0 0.3072916666666667 0.23194444444444445 0.022916666666666665 0.03425925925925926
0 0.22604166666666667 0.23055555555555557 0.022916666666666665 0.03425925925925926
0 0.71875 0.32083333333333336 0.022916666666666665 0.03425925925925926
0 0.6375 0.32083333333333336 0.022916666666666665 0.03425925925925926
0 0.5552083333333333 0.32083333333333336 0.022916666666666665 0.03425925925925926
0 0.47291666666666665 0.3194444444444444 0.022916666666666665 0.03425925925925926
0 0.38958333333333334 0.3194444444444444 0.022916666666666665 0.03425925925925926
0 0.30520833333333336 0.3194444444444444 0.022916666666666665 0.03425925925925926
0 0.21979166666666666 0.3194444444444444 0.022916666666666665 0.03425925925925926
0 0.7322916666666667 0.412962962962963 0.022916666666666665 0.03425925925925926
0 0.6479166666666667 0.41435185185185186 0.022916666666666665 0.03425925925925926
0 0.5625 0.41435185185185186 0.022916666666666665 0.03425925925925926
0 0.47708333333333336 0.41435185185185186 0.022916666666666665 0.03425925925925926
0 0.38958333333333334 0.41435185185185186 0.022916666666666665 0.03425925925925926
0 0.3020833333333333 0.41435185185185186 0.022916666666666665 0.03425925925925926
0 0.21354166666666666 0.41435185185185186 0.022916666666666665 0.03425925925925926
0 0.746875 0.5138888888888888 0.022916666666666665 0.03425925925925926
0 0.659375 0.5138888888888888 0.022916666666666665 0.03425925925925926
0 0.5708333333333333 0.5157407407407407 0.022916666666666665 0.03425925925925926
0 0.48125 0.5157407407407407 0.022916666666666665 0.03425925925925926
0 0.390625 0.5157407407407407 0.022916666666666665 0.03425925925925926
0 0.2989583333333333 0.5171296296296296 0.022916666666666665 0.03425925925925926
0 0.20729166666666668 0.5171296296296296 0.022916666666666665 0.03425925925925926
0 0.7635416666666667 0.6231481481481481 0.022916666666666665 0.03425925925925926
0 0.671875 0.6231481481481481 0.022916666666666665 0.03425925925925926
0 0.5791666666666667 0.624537037037037 0.022916666666666665 0.03425925925925926
0 0.4864583333333333 0.6263888888888889 0.022916666666666665 0.03425925925925926
0 0.39166666666666666 0.6277777777777778 0.022916666666666665 0.03425925925925926
0 0.29583333333333334 0.6291666666666667 0.022916666666666665 0.03425925925925926
0 0.2 0.6291666666666667 0.022916666666666665 0.03425925925925926
0 0.78125 0.7412037037037037 0.022916666666666665 0.03425925925925926
0 0.6854166666666667 0.7430555555555556 0.022916666666666665 0.03425925925925926
0 0.5885416666666666 0.7444444444444445 0.022916666666666665 0.03425925925925926
0 0.49166666666666664 0.7462962962962963 0.022916666666666665 0.03425925925925926
0 0.3927083333333333 0.7490740740740741 0.022916666666666665 0.03425925925925926
0 0.29270833333333335 0.7509259259259259 0.022916666666666665 0.03425925925925926
0 0.19270833333333334 0.7523148148148148 0.022916666666666665 0.03425925925925926