0 0.7020833333333333 0.18888888888888888 0.025 0.03333333333333333
0 0.634375 0.18888888888888888 0.025 0.03333333333333333
0 0.565625 0.18888888888888888 0.025 0.03333333333333333
0 0.4979166666666667 0.1875 0.025 0.03333333333333333
0 0.42916666666666664 0.1875 0.025 0.03333333333333333
0 0.3614583333333333 0.1875 0.025 0.03333333333333333
0 0.29375 0.1875 0.025 0.03333333333333333
0 0.7125 0.25416666666666665 0.025 0.03333333333333333
0 0.640625 0.25416666666666665 0.025 0.03333333333333333
0 0.56875 0.25277777777777777 0.025 0.03333333333333333
0 0.4979166666666667 0.25277777777777777 0.025 0.03333333333333333
0 0.42604166666666665 0.25277777777777777 0.025 0.03333333333333333
0 0.35520833333333335 0.25277777777777777 0.025 0.03333333333333333
0 0.2833333333333333 0.2513888888888889 0.025 0.03333333333333333
0 0.7229166666666667 0.3263888888888889 0.025 0.03333333333333333
0 0.6479166666666667 0.325 0.025 0.03333333333333333
0 0.5729166666666666 0.325 0.025 0.03333333333333333
0 0.4979166666666667 0.325 0.025 0.03333333333333333
0 0.42291666666666666 0.3236111111111111 0.025 0.03333333333333333
0 0.34791666666666665 0.3236111111111111 0.025 0.03333333333333333
0 0.27291666666666664 0.3236111111111111 0.025 0.03333333333333333
0 0.7354166666666667 0.40555555555555556 0.025 0.03333333333333333
0 0.65625 0.40555555555555556 0.025 0.03333333333333333
0 0.5760416666666667 0.4041666666666667 0.025 0.03333333333333333
0 0.496875 0.4041666666666667 0.025 0.03333333333333333
0 0.41770833333333335 0.4041666666666667 0.025 0.03333333333333333
0 0.33958333333333335 0.4027777777777778 0.025 0.03333333333333333
0 0.2604166666666667 0.4027777777777778 0.025 0.03333333333333333
0 0.7489583333333333 0.49444444444444446 0.025 0.03333333333333333
0 0.6645833333333333 0.4930555555555556 0.025 0.03333333333333333
0 0.58125 0.4930555555555556 0.025 0.03333333333333333
0 0.496875 0.4930555555555556 0.025 0.03333333333333333
0 0.41354166666666664 0.49166666666666664 0.025 0.03333333333333333
0 0.3302083333333333 0.49166666666666664 0.025 0.03333333333333333
0 0.246875 0.49027777777777776 0.025 0.03333333333333333
0 0.7635416666666667 0.5930555555555556 0.025 0.03333333333333333
0 0.675 0.5930555555555556 0.025 0.03333333333333333
0 0.5854166666666667 0.5916666666666667 0.025 0.03333333333333333
0 0.496875 0.5916666666666667 0.025 0.03333333333333333
0 0.4083333333333333 0.5902777777777778 0.025 0.03333333333333333
0 0.31979166666666664 0.5902777777777778 0.025 0.03333333333333333
0 0.23125 0.5888888888888889 0.025 0.03333333333333333
0 0.7802083333333333 0.7055555555555556 0.025 0.03333333333333333
0 0.6854166666666667 0.7055555555555556 0.025 0.03333333333333333
0 0.590625 0.7041666666666667 0.025 0.03333333333333333
0 0.496875 0.7027777777777777 0.025 0.03333333333333333
0 0.40208333333333335 0.7027777777777777 0.025 0.03333333333333333
0 0.30833333333333335 0.7013888888888888 0.025 0.03333333333333333
0 0.21458333333333332 0.7013888888888888 0.025 0.03333333333333333