0 0.271875 0.21574074074074073 0.03333333333333333 0.03333333333333333
0 0.34479166666666666 0.21481481481481482 0.03333333333333333 0.03333333333333333
0 0.41875 0.21481481481481482 0.03333333333333333 0.03333333333333333
0 0.49270833333333336 0.21481481481481482 0.03333333333333333 0.03333333333333333
0 0.5666666666666667 0.21342592592592594 0.03333333333333333 0.03333333333333333
0 0.6416666666666667 0.21342592592592594 0.03333333333333333 0.03333333333333333
0 0.7166666666666667 0.2125 0.03333333333333333 0.03333333333333333
0 0.26458333333333334 0.2675925925925926 0.03333333333333333 0.03333333333333333
0 0.340625 0.2675925925925926 0.03333333333333333 0.03333333333333333
0 0.41770833333333335 0.26666666666666666 0.03333333333333333 0.03333333333333333
0 0.4947916666666667 0.26666666666666666 0.03333333333333333 0.03333333333333333
0 0.571875 0.26666666666666666 0.03333333333333333 0.03333333333333333
0 0.65 0.2657407407407407 0.03333333333333333 0.03333333333333333
0 0.7270833333333333 0.2657407407407407 0.03333333333333333 0.03333333333333333
0 0.25729166666666664 0.32407407407407407 0.03333333333333333 0.03333333333333333
0 0.33645833333333336 0.32407407407407407 0.03333333333333333 0.03333333333333333
0 0.4166666666666667 0.32407407407407407 0.03333333333333333 0.03333333333333333
0 0.496875 0.32407407407407407 0.03333333333333333 0.03333333333333333
0 0.5770833333333333 0.32314814814814813 0.03333333333333333 0.03333333333333333
0 0.6583333333333333 0.32314814814814813 0.03333333333333333 0.03333333333333333
0 0.7395833333333334 0.32314814814814813 0.03333333333333333 0.03333333333333333
0 0.24895833333333334 0.3851851851851852 0.03333333333333333 0.03333333333333333
0 0.33229166666666665 0.3851851851851852 0.03333333333333333 0.03333333333333333
0 0.415625 0.3851851851851852 0.03333333333333333 0.03333333333333333
0 0.49895833333333334 0.3851851851851852 0.03333333333333333 0.03333333333333333
0 0.5833333333333334 0.3851851851851852 0.03333333333333333 0.03333333333333333
0 0.6677083333333333 0.3851851851851852 0.03333333333333333 0.03333333333333333
0 0.7520833333333333 0.3851851851851852 0.03333333333333333 0.03333333333333333
0 0.23958333333333334 0.4532407407407407 0.03333333333333333 0.03333333333333333
0 0.32708333333333334 0.4532407407407407 0.03333333333333333 0.03333333333333333
0 0.41354166666666664 0.4532407407407407 0.03333333333333333 0.03333333333333333
0 0.5010416666666667 0.4532407407407407 0.03333333333333333 0.03333333333333333
0 0.5895833333333333 0.4532407407407407 0.03333333333333333 0.03333333333333333
0 0.678125 0.4532407407407407 0.03333333333333333 0.03333333333333333
0 0.7666666666666667 0.4532407407407407 0.03333333333333333 0.03333333333333333
0 0.23020833333333332 0.5268518518518519 0.03333333333333333 0.03333333333333333
0 0.32083333333333336 0.5268518518518519 0.03333333333333333 0.03333333333333333
0 0.4125 0.5268518518518519 0.03333333333333333 0.03333333333333333
0 0.5041666666666667 0.5268518518518519 0.03333333333333333 0.03333333333333333
0 0.5958333333333333 0.5268518518518519 0.03333333333333333 0.03333333333333333
0 0.6885416666666667 0.5282407407407408 0.03333333333333333 0.03333333333333333
0 0.7822916666666667 0.5282407407407408 0.03333333333333333 0.03333333333333333
0 0.21979166666666666 0.6074074074074074 0.03333333333333333 0.03333333333333333
0 0.3145833333333333 0.6083333333333333 0.03333333333333333 0.03333333333333333
0 0.41041666666666665 0.6083333333333333 0.03333333333333333 0.03333333333333333
0 0.5072916666666667 0.6083333333333333 0.03333333333333333 0.03333333333333333
0 0.6041666666666666 0.6092592592592593 0.03333333333333333 0.03333333333333333
0 0.7010416666666667 0.6092592592592593 0.03333333333333333 0.03333333333333333
0 0.7989583333333333 0.6101851851851852 0.03333333333333333 0.03333333333333333