0 0.690625 0.18055555555555555 0.025 0.03333333333333333
0 0.6208333333333333 0.18472222222222223 0.025 0.03333333333333333
0 0.5510416666666667 0.1875 0.025 0.03333333333333333
0 0.4822916666666667 0.19166666666666668 0.025 0.03333333333333333
0 0.41354166666666664 0.19444444444444445 0.025 0.03333333333333333
0 0.34479166666666666 0.1986111111111111 0.025 0.03333333333333333
0 0.2760416666666667 0.2013888888888889 0.025 0.03333333333333333
0 0.7020833333333333 0.24722222222222223 0.025 0.03333333333333333
0 0.6291666666666667 0.2513888888888889 0.025 0.03333333333333333
0 0.55625 0.25416666666666665 0.025 0.03333333333333333
0 0.48333333333333334 0.25833333333333336 0.025 0.03333333333333333
0 0.4114583333333333 0.2625 0.025 0.03333333333333333
0 0.33958333333333335 0.2652777777777778 0.025 0.03333333333333333
0 0.2677083333333333 0.26944444444444443 0.025 0.03333333333333333
0 0.7145833333333333 0.32083333333333336 0.025 0.03333333333333333
0 0.6375 0.325 0.025 0.03333333333333333
0 0.5614583333333333 0.32916666666666666 0.025 0.03333333333333333
0 0.484375 0.33194444444444443 0.025 0.03333333333333333
0 0.409375 0.33611111111111114 0.025 0.03333333333333333
0 0.3333333333333333 0.3388888888888889 0.025 0.03333333333333333
0 0.25833333333333336 0.34305555555555556 0.025 0.03333333333333333
0 0.728125 0.4027777777777778 0.025 0.03333333333333333
0 0.646875 0.40694444444444444 0.025 0.03333333333333333
0 0.5666666666666667 0.4097222222222222 0.025 0.03333333333333333
0 0.4864583333333333 0.41388888888888886 0.025 0.03333333333333333
0 0.40625 0.4166666666666667 0.025 0.03333333333333333
0 0.32708333333333334 0.42083333333333334 0.025 0.03333333333333333
0 0.24791666666666667 0.425 0.025 0.03333333333333333
0 0.74375 0.49444444444444446 0.025 0.03333333333333333
0 0.6583333333333333 0.49722222222222223 0.025 0.03333333333333333
0 0.5729166666666666 0.5013888888888889 0.025 0.03333333333333333
0 0.48854166666666665 0.5041666666666667 0.025 0.03333333333333333
0 0.4041666666666667 0.5083333333333333 0.025 0.03333333333333333
0 0.31979166666666664 0.5111111111111111 0.025 0.03333333333333333
0 0.23645833333333333 0.5152777777777777 0.025 0.03333333333333333
0 0.7604166666666666 0.5958333333333333 0.025 0.03333333333333333
0 0.6697916666666667 0.5986111111111111 0.025 0.03333333333333333
0 0.5802083333333333 0.6027777777777777 0.025 0.03333333333333333
0 0.490625 0.6055555555555555 0.025 0.03333333333333333
0 0.4010416666666667 0.6097222222222223 0.025 0.03333333333333333
0 0.3125 0.6125 0.025 0.03333333333333333
0 0.22395833333333334 0.6166666666666667 0.025 0.03333333333333333
0 0.7802083333333333 0.7097222222222223 0.025 0.03333333333333333
0 0.6833333333333333 0.7138888888888889 0.025 0.03333333333333333
0 0.5875 0.7166666666666667 0.025 0.03333333333333333
0 0.49270833333333336 0.7194444444444444 0.025 0.03333333333333333
0 0.39791666666666664 0.7236111111111111 0.025 0.03333333333333333
0 0.303125 0.7263888888888889 0.025 0.03333333333333333
0 0.209375 0.7305555555555555 0.025 0.03333333333333333