0 0.696875 0.1875 0.025 0.03333333333333333
0 0.63125 0.18888888888888888 0.025 0.03333333333333333
0 0.5645833333333333 0.19027777777777777 0.025 0.03333333333333333
0 0.4979166666666667 0.19166666666666668 0.025 0.03333333333333333
0 0.4322916666666667 0.19305555555555556 0.025 0.03333333333333333
0 0.365625 0.19444444444444445 0.025 0.03333333333333333
0 0.3 0.19583333333333333 0.025 0.03333333333333333
0 0.7083333333333334 0.25 0.025 0.03333333333333333
0 0.6385416666666667 0.2513888888888889 0.025 0.03333333333333333
0 0.5697916666666667 0.25277777777777777 0.025 0.03333333333333333
0 0.5 0.25416666666666665 0.025 0.03333333333333333
0 0.43020833333333336 0.25555555555555554 0.025 0.03333333333333333
0 0.36041666666666666 0.2569444444444444 0.025 0.03333333333333333
0 0.2916666666666667 0.25833333333333336 0.025 0.03333333333333333
0 0.7208333333333333 0.3194444444444444 0.025 0.03333333333333333
0 0.6479166666666667 0.32083333333333336 0.025 0.03333333333333333
0 0.575 0.32222222222222224 0.025 0.03333333333333333
0 0.5010416666666667 0.3236111111111111 0.025 0.03333333333333333
0 0.428125 0.325 0.025 0.03333333333333333
0 0.35520833333333335 0.3263888888888889 0.025 0.03333333333333333
0 0.28229166666666666 0.3277777777777778 0.025 0.03333333333333333
0 0.734375 0.3958333333333333 0.025 0.03333333333333333
0 0.6572916666666667 0.3972222222222222 0.025 0.03333333333333333
0 0.5802083333333333 0.39861111111111114 0.025 0.03333333333333333
0 0.503125 0.4 0.025 0.03333333333333333
0 0.42604166666666665 0.4013888888888889 0.025 0.03333333333333333
0 0.3489583333333333 0.4027777777777778 0.025 0.03333333333333333
0 0.271875 0.40555555555555556 0.025 0.03333333333333333
0 0.75 0.48055555555555557 0.025 0.03333333333333333
0 0.66875 0.48194444444444445 0.025 0.03333333333333333
0 0.5864583333333333 0.4847222222222222 0.025 0.03333333333333333
0 0.5052083333333334 0.4861111111111111 0.025 0.03333333333333333
0 0.4239583333333333 0.4875 0.025 0.03333333333333333
0 0.3416666666666667 0.4888888888888889 0.025 0.03333333333333333
0 0.2604166666666667 0.49027777777777776 0.025 0.03333333333333333
0 0.7666666666666667 0.5763888888888888 0.025 0.03333333333333333
0 0.6802083333333333 0.5777777777777777 0.025 0.03333333333333333
0 0.59375 0.5805555555555556 0.025 0.03333333333333333
0 0.5072916666666667 0.5819444444444445 0.025 0.03333333333333333
0 0.42083333333333334 0.5833333333333334 0.025 0.03333333333333333
0 0.334375 0.5847222222222223 0.025 0.03333333333333333
0 0.24791666666666667 0.5875 0.025 0.03333333333333333
0 0.7864583333333334 0.6847222222222222 0.025 0.03333333333333333
0 0.6947916666666667 0.6875 0.025 0.03333333333333333
0 0.6020833333333333 0.6888888888888889 0.025 0.03333333333333333
0 0.5104166666666666 0.6902777777777778 0.025 0.03333333333333333
0 0.41770833333333335 0.6930555555555555 0.025 0.03333333333333333
0 0.3260416666666667 0.6944444444444444 0.025 0.03333333333333333
0 0.23333333333333334 0.6958333333333333 0.025 0.03333333333333333