0 0.221875 0.6592592592592592 0.0375 0.0375
0 0.3260416666666667 0.6592592592592592 0.0375 0.0375
0 0.43125 0.6592592592592592 0.0375 0.0375
0 0.5354166666666667 0.6592592592592592 0.0375 0.0375
0 0.640625 0.6592592592592592 0.0375 0.0375
0 0.7447916666666666 0.6592592592592592 0.0375 0.0375
0 0.8489583333333334 0.6592592592592592 0.0375 0.0375
0 0.23645833333333333 0.5717592592592593 0.0375 0.0375
0 0.33645833333333336 0.5717592592592593 0.0375 0.0375
0 0.4354166666666667 0.5731481481481482 0.0375 0.0375
0 0.534375 0.5731481481481482 0.0375 0.0375
0 0.6322916666666667 0.5731481481481482 0.0375 0.0375
0 0.73125 0.5731481481481482 0.0375 0.0375
0 0.8302083333333333 0.5731481481481482 0.0375 0.0375
0 0.25104166666666666 0.4935185185185185 0.0375 0.0375
0 0.34479166666666666 0.4935185185185185 0.0375 0.0375
0 0.43854166666666666 0.4949074074074074 0.0375 0.0375
0 0.5322916666666667 0.4949074074074074 0.0375 0.0375
0 0.6260416666666667 0.4949074074074074 0.0375 0.0375
0 0.7197916666666667 0.4949074074074074 0.0375 0.0375
0 0.8125 0.4949074074074074 0.0375 0.0375
0 0.2635416666666667 0.42407407407407405 0.0375 0.0375
0 0.353125 0.42407407407407405 0.0375 0.0375
0 0.44166666666666665 0.42407407407407405 0.0375 0.0375
0 0.53125 0.42407407407407405 0.0375 0.0375
0 0.6197916666666666 0.42407407407407405 0.0375 0.0375
0 0.7083333333333334 0.42407407407407405 0.0375 0.0375
0 0.7979166666666667 0.425 0.0375 0.0375
0 0.275 0.3592592592592593 0.0375 0.0375
0 0.359375 0.36018518518518516 0.0375 0.0375
0 0.44479166666666664 0.36018518518518516 0.0375 0.0375
0 0.5291666666666667 0.36018518518518516 0.0375 0.0375
0 0.6145833333333334 0.36018518518518516 0.0375 0.0375
0 0.6989583333333333 0.36018518518518516 0.0375 0.0375
0 0.7833333333333333 0.36157407407407405 0.0375 0.0375
0 0.28541666666666665 0.30185185185185187 0.0375 0.0375
0 0.36666666666666664 0.30185185185185187 0.0375 0.0375
0 0.4479166666666667 0.30185185185185187 0.0375 0.0375
0 0.528125 0.30185185185185187 0.0375 0.0375
0 0.609375 0.30324074074074076 0.0375 0.0375
0 0.690625 0.30324074074074076 0.0375 0.0375
0 0.7708333333333334 0.30324074074074076 0.0375 0.0375
0 0.2947916666666667 0.2490740740740741 0.0375 0.0375
0 0.371875 0.2490740740740741 0.0375 0.0375
0 0.45 0.2490740740740741 0.0375 0.0375
0 0.5270833333333333 0.25 0.0375 0.0375
0 0.6052083333333333 0.25 0.0375 0.0375
0 0.6822916666666666 0.25 0.0375 0.0375
0 0.759375 0.25 0.0375 0.0375