0 0.7208333333333333 0.22083333333333333 0.03125 0.03148148148148148
0 0.6385416666666667 0.22314814814814815 0.03125 0.03148148148148148
0 0.5583333333333333 0.22592592592592592 0.03125 0.03148148148148148
0 0.48020833333333335 0.22824074074074074 0.03125 0.03148148148148148
0 0.403125 0.23148148148148148 0.03125 0.03148148148148148
0 0.32708333333333334 0.23333333333333334 0.03125 0.03148148148148148
0 0.253125 0.2351851851851852 0.03125 0.03148148148148148
0 0.7229166666666667 0.2916666666666667 0.03125 0.03148148148148148
0 0.6395833333333333 0.29259259259259257 0.03125 0.03148148148148148
0 0.55625 0.2949074074074074 0.03125 0.03148148148148148
0 0.47604166666666664 0.2967592592592593 0.03125 0.03148148148148148
0 0.396875 0.29907407407407405 0.03125 0.03148148148148148
0 0.31875 0.30092592592592593 0.03125 0.03148148148148148
0 0.24375 0.30185185185185187 0.03125 0.03148148148148148
0 0.7260416666666667 0.36666666666666664 0.03125 0.03148148148148148
0 0.6395833333333333 0.3675925925925926 0.03125 0.03148148148148148
0 0.5541666666666667 0.3685185185185185 0.03125 0.03148148148148148
0 0.471875 0.3699074074074074 0.03125 0.03148148148148148
0 0.38958333333333334 0.37083333333333335 0.03125 0.03148148148148148
0 0.3104166666666667 0.37175925925925923 0.03125 0.03148148148148148
0 0.23229166666666667 0.3731481481481482 0.03125 0.03148148148148148
0 0.7291666666666666 0.44583333333333336 0.03125 0.03148148148148148
0 0.6395833333333333 0.44583333333333336 0.03125 0.03148148148148148
0 0.5520833333333334 0.44675925925925924 0.03125 0.03148148148148148
0 0.4666666666666667 0.44675925925925924 0.03125 0.03148148148148148
0 0.38333333333333336 0.44675925925925924 0.03125 0.03148148148148148
0 0.30104166666666665 0.44814814814814813 0.03125 0.03148148148148148
0 0.22083333333333333 0.44814814814814813 0.03125 0.03148148148148148
0 0.73125 0.5300925925925926 0.03125 0.03148148148148148
0 0.6395833333333333 0.5291666666666667 0.03125 0.03148148148148148
0 0.55 0.5291666666666667 0.03125 0.03148148148148148
0 0.46145833333333336 0.5282407407407408 0.03125 0.03148148148148148
0 0.375 0.5282407407407408 0.03125 0.03148148148148148
0 0.2916666666666667 0.5268518518518519 0.03125 0.03148148148148148
0 0.209375 0.5268518518518519 0.03125 0.03148148148148148
0 0.734375 0.6199074074074075 0.03125 0.03148148148148148
0 0.6395833333333333 0.6185185185185185 0.03125 0.03148148148148148
0 0.546875 0.6166666666666667 0.03125 0.03148148148148148
0 0.45625 0.6157407407407407 0.03125 0.03148148148148148
0 0.36770833333333336 0.6134259259259259 0.03125 0.03148148148148148
0 0.28125 0.6125 0.03125 0.03148148148148148
0 0.19583333333333333 0.6101851851851852 0.03125 0.03148148148148148
0 0.7385416666666667 0.7157407407407408 0.03125 0.03148148148148148
0 0.6395833333333333 0.7134259259259259 0.03125 0.03148148148148148
0 0.54375 0.7101851851851851 0.03125 0.03148148148148148
0 0.45 0.7074074074074074 0.03125 0.03148148148148148
0 0.359375 0.7050925925925926 0.03125 0.03148148148148148
0 0.26979166666666665 0.7018518518518518 0.03125 0.03148148148148148
0 0.18229166666666666 0.7 0.03125 0.03148148148148148