0 0.65625 0.17777777777777778 0.025 0.03333333333333333
0 0.590625 0.18055555555555555 0.025 0.03333333333333333
0 0.5239583333333333 0.18472222222222223 0.025 0.03333333333333333
0 0.45625 0.1875 0.025 0.03333333333333333
0 0.3875 0.19166666666666668 0.025 0.03333333333333333
0 0.31875 0.19444444444444445 0.025 0.03333333333333333
0 0.24791666666666667 0.1986111111111111 0.025 0.03333333333333333
0 0.6708333333333333 0.2388888888888889 0.025 0.03333333333333333
0 0.6020833333333333 0.24305555555555555 0.025 0.03333333333333333
0 0.5322916666666667 0.24722222222222223 0.025 0.03333333333333333
0 0.46145833333333336 0.2513888888888889 0.025 0.03333333333333333
0 0.38958333333333334 0.25555555555555554 0.025 0.03333333333333333
0 0.31666666666666665 0.25972222222222224 0.025 0.03333333333333333
0 0.24270833333333333 0.2638888888888889 0.025 0.03333333333333333
0 0.6864583333333333 0.30694444444444446 0.025 0.03333333333333333
0 0.6145833333333334 0.3125 0.025 0.03333333333333333
0 0.5416666666666666 0.31666666666666665 0.025 0.03333333333333333
0 0.4666666666666667 0.32222222222222224 0.025 0.03333333333333333
0 0.39166666666666666 0.3263888888888889 0.025 0.03333333333333333
0 0.3145833333333333 0.33194444444444443 0.025 0.03333333333333333
0 0.23645833333333333 0.3375 0.025 0.03333333333333333
0 0.7041666666666667 0.3819444444444444 0.025 0.03333333333333333
0 0.6291666666666667 0.3888888888888889 0.025 0.03333333333333333
0 0.5520833333333334 0.39444444444444443 0.025 0.03333333333333333
0 0.47291666666666665 0.4 0.025 0.03333333333333333
0 0.39375 0.40555555555555556 0.025 0.03333333333333333
0 0.3125 0.4125 0.025 0.03333333333333333
0 0.23020833333333332 0.41805555555555557 0.025 0.03333333333333333
0 0.7239583333333334 0.4666666666666667 0.025 0.03333333333333333
0 0.64375 0.4736111111111111 0.025 0.03333333333333333
0 0.5625 0.48055555555555557 0.025 0.03333333333333333
0 0.48020833333333335 0.4875 0.025 0.03333333333333333
0 0.3958333333333333 0.49444444444444446 0.025 0.03333333333333333
0 0.3104166666666667 0.5013888888888889 0.025 0.03333333333333333
0 0.22291666666666668 0.5083333333333333 0.025 0.03333333333333333
0 0.7458333333333333 0.5597222222222222 0.025 0.03333333333333333
0 0.6614583333333334 0.5680555555555555 0.025 0.03333333333333333
0 0.575 0.5763888888888888 0.025 0.03333333333333333
0 0.4875 0.5847222222222223 0.025 0.03333333333333333
0 0.39791666666666664 0.5930555555555556 0.025 0.03333333333333333
0 0.3072916666666667 0.6027777777777777 0.025 0.03333333333333333
0 0.21458333333333332 0.6111111111111112 0.025 0.03333333333333333
0 0.7708333333333334 0.6652777777777777 0.025 0.03333333333333333
0 0.68125 0.675 0.025 0.03333333333333333
0 0.5895833333333333 0.6847222222222222 0.025 0.03333333333333333
0 0.496875 0.6958333333333333 0.025 0.03333333333333333
0 0.4010416666666667 0.7055555555555556 0.025 0.03333333333333333
0 0.30416666666666664 0.7166666666666667 0.025 0.03333333333333333
0 0.20520833333333333 0.7263888888888889 0.025 0.03333333333333333