0 0.7677083333333333 0.23981481481481481 0.035416666666666666 0.03518518518518519
0 0.690625 0.23842592592592593 0.035416666666666666 0.03518518518518519
0 0.6114583333333333 0.23657407407407408 0.035416666666666666 0.03518518518518519
0 0.5291666666666667 0.23425925925925925 0.035416666666666666 0.03518518518518519
0 0.44479166666666664 0.2324074074074074 0.035416666666666666 0.03518518518518519
0 0.35833333333333334 0.22916666666666666 0.035416666666666666 0.03518518518518519
0 0.26875 0.22685185185185186 0.035416666666666666 0.03518518518518519
0 0.7833333333333333 0.30925925925925923 0.035416666666666666 0.03518518518518519
0 0.7041666666666667 0.30925925925925923 0.035416666666666666 0.03518518518518519
0 0.6229166666666667 0.30833333333333335 0.035416666666666666 0.03518518518518519
0 0.5385416666666667 0.3074074074074074 0.035416666666666666 0.03518518518518519
0 0.45208333333333334 0.30648148148148147 0.035416666666666666 0.03518518518518519
0 0.3625 0.3050925925925926 0.035416666666666666 0.03518518518518519
0 0.26979166666666665 0.30324074074074076 0.035416666666666666 0.03518518518518519
0 0.8 0.38333333333333336 0.035416666666666666 0.03518518518518519
0 0.71875 0.38425925925925924 0.035416666666666666 0.03518518518518519
0 0.6354166666666666 0.38425925925925924 0.035416666666666666 0.03518518518518519
0 0.5489583333333333 0.38425925925925924 0.035416666666666666 0.03518518518518519
0 0.459375 0.38425925925925924 0.035416666666666666 0.03518518518518519
0 0.36770833333333336 0.38425925925925924 0.035416666666666666 0.03518518518518519
0 0.271875 0.3851851851851852 0.035416666666666666 0.03518518518518519
0 0.8177083333333334 0.4625 0.035416666666666666 0.03518518518518519
0 0.734375 0.4634259259259259 0.035416666666666666 0.03518518518518519
0 0.6489583333333333 0.46574074074074073 0.035416666666666666 0.03518518518518519
0 0.559375 0.4666666666666667 0.035416666666666666 0.03518518518518519
0 0.46770833333333334 0.4685185185185185 0.035416666666666666 0.03518518518518519
0 0.371875 0.4708333333333333 0.035416666666666666 0.03518518518518519
0 0.27395833333333336 0.47175925925925927 0.035416666666666666 0.03518518518518519
0 0.8364583333333333 0.5458333333333333 0.035416666666666666 0.03518518518518519
0 0.7510416666666667 0.549074074074074 0.035416666666666666 0.03518518518518519
0 0.6625 0.5518518518518518 0.035416666666666666 0.03518518518518519
0 0.5708333333333333 0.5550925925925926 0.035416666666666666 0.03518518518518519
0 0.47604166666666664 0.5583333333333333 0.035416666666666666 0.03518518518518519
0 0.3770833333333333 0.5615740740740741 0.035416666666666666 0.03518518518518519
0 0.275 0.5657407407407408 0.035416666666666666 0.03518518518518519
0 0.8572916666666667 0.6342592592592593 0.035416666666666666 0.03518518518518519
0 0.76875 0.6398148148148148 0.035416666666666666 0.03518518518518519
0 0.678125 0.6435185185185185 0.035416666666666666 0.03518518518518519
0 0.5833333333333334 0.649074074074074 0.035416666666666666 0.03518518518518519
0 0.48541666666666666 0.6541666666666667 0.035416666666666666 0.03518518518518519
0 0.38333333333333336 0.6592592592592592 0.035416666666666666 0.03518518518518519
0 0.27708333333333335 0.6657407407407407 0.035416666666666666 0.03518518518518519
0 0.8791666666666667 0.7300925925925926 0.035416666666666666 0.03518518518518519
0 0.7885416666666667 0.736574074074074 0.035416666666666666 0.03518518518518519
0 0.69375 0.7425925925925926 0.035416666666666666 0.03518518518518519
0 0.5958333333333333 0.75 0.035416666666666666 0.03518518518518519
0 0.4947916666666667 0.7574074074074074 0.035416666666666666 0.03518518518518519
0 0.38958333333333334 0.7648148148148148 0.035416666666666666 0.03518518518518519
0 0.28020833333333334 0.7731481481481481 0.035416666666666666 0.03518518518518519