0 0.29375 0.26851851851851855 0.03333333333333333 0.03333333333333333
0 0.2864583333333333 0.325 0.03333333333333333 0.03333333333333333
0 0.278125 0.3851851851851852 0.03333333333333333 0.03333333333333333
0 0.26875 0.45 0.03333333333333333 0.03333333333333333
0 0.259375 0.5208333333333334 0.03333333333333333 0.03333333333333333
0 0.24895833333333334 0.5958333333333333 0.03333333333333333 0.03333333333333333
0 0.2375 0.6782407407407407 0.03333333333333333 0.03333333333333333
0 0.36875 0.26851851851851855 0.03333333333333333 0.03333333333333333
0 0.36354166666666665 0.325 0.03333333333333333 0.03333333333333333
0 0.3572916666666667 0.3851851851851852 0.03333333333333333 0.03333333333333333
0 0.35208333333333336 0.45092592592592595 0.03333333333333333 0.03333333333333333
0 0.34479166666666666 0.5208333333333334 0.03333333333333333 0.03333333333333333
0 0.3375 0.5967592592592592 0.03333333333333333 0.03333333333333333
0 0.3302083333333333 0.6782407407407407 0.03333333333333333 0.03333333333333333
0 0.44375 0.26851851851851855 0.03333333333333333 0.03333333333333333
0 0.440625 0.325 0.03333333333333333 0.03333333333333333
0 0.4375 0.3851851851851852 0.03333333333333333 0.03333333333333333
0 0.434375 0.45092592592592595 0.03333333333333333 0.03333333333333333
0 0.43125 0.5208333333333334 0.03333333333333333 0.03333333333333333
0 0.4270833333333333 0.5967592592592592 0.03333333333333333 0.03333333333333333
0 0.42291666666666666 0.6791666666666667 0.03333333333333333 0.03333333333333333
0 0.5177083333333333 0.26851851851851855 0.03333333333333333 0.03333333333333333
0 0.5177083333333333 0.325 0.03333333333333333 0.03333333333333333
0 0.5177083333333333 0.3851851851851852 0.03333333333333333 0.03333333333333333
0 0.5177083333333333 0.45092592592592595 0.03333333333333333 0.03333333333333333
0 0.5177083333333333 0.5208333333333334 0.03333333333333333 0.03333333333333333
0 0.5166666666666667 0.5967592592592592 0.03333333333333333 0.03333333333333333
0 0.5166666666666667 0.6791666666666667 0.03333333333333333 0.03333333333333333
0 0.5927083333333333 0.26851851851851855 0.03333333333333333 0.03333333333333333
0 0.5947916666666667 0.325 0.03333333333333333 0.03333333333333333
0 0.5979166666666667 0.38657407407407407 0.03333333333333333 0.03333333333333333
0 0.6010416666666667 0.45092592592592595 0.03333333333333333 0.03333333333333333
0 0.603125 0.5217592592592593 0.03333333333333333 0.03333333333333333
0 0.6072916666666667 0.5967592592592592 0.03333333333333333 0.03333333333333333
0 0.6104166666666667 0.6791666666666667 0.03333333333333333 0.03333333333333333
0 0.6677083333333333 0.26851851851851855 0.03333333333333333 0.03333333333333333
0 0.6729166666666667 0.325 0.03333333333333333 0.03333333333333333
0 0.678125 0.38657407407407407 0.03333333333333333 0.03333333333333333
0 0.684375 0.45092592592592595 0.03333333333333333 0.03333333333333333
0 0.690625 0.5217592592592593 0.03333333333333333 0.03333333333333333
0 0.696875 0.5981481481481481 0.03333333333333333 0.03333333333333333
0 0.7041666666666667 0.6800925925925926 0.03333333333333333 0.03333333333333333
0 0.7427083333333333 0.26851851851851855 0.03333333333333333 0.03333333333333333
0 0.75 0.325 0.03333333333333333 0.03333333333333333
0 0.7583333333333333 0.38657407407407407 0.03333333333333333 0.03333333333333333
0 0.7677083333333333 0.45092592592592595 0.03333333333333333 0.03333333333333333
0 0.7770833333333333 0.5217592592592593 0.03333333333333333 0.03333333333333333
0 0.7864583333333334 0.5981481481481481 0.03333333333333333 0.03333333333333333
0 0.7979166666666667 0.6800925925925926 0.03333333333333333 0.03333333333333333