0 0.7197916666666667 0.12777777777777777 0.022916666666666665 0.03425925925925926
0 0.64375 0.12453703703703704 0.022916666666666665 0.03425925925925926
0 0.56875 0.12129629629629629 0.022916666666666665 0.03425925925925926
0 0.49270833333333336 0.11851851851851852 0.022916666666666665 0.03425925925925926
0 0.41770833333333335 0.11388888888888889 0.022916666666666665 0.03425925925925926
0 0.3416666666666667 0.11064814814814815 0.022916666666666665 0.03425925925925926
0 0.265625 0.10740740740740741 0.022916666666666665 0.03425925925925926
0 0.7291666666666666 0.20694444444444443 0.022916666666666665 0.03425925925925926
0 0.6510416666666666 0.2023148148148148 0.022916666666666665 0.03425925925925926
0 0.5729166666666666 0.19953703703703704 0.022916666666666665 0.03425925925925926
0 0.4947916666666667 0.1962962962962963 0.022916666666666665 0.03425925925925926
0 0.415625 0.19305555555555556 0.022916666666666665 0.03425925925925926
0 0.3375 0.1884259259259259 0.022916666666666665 0.03425925925925926
0 0.259375 0.18518518518518517 0.022916666666666665 0.03425925925925926
0 0.7395833333333334 0.2912037037037037 0.022916666666666665 0.03425925925925926
0 0.6583333333333333 0.287962962962963 0.022916666666666665 0.03425925925925926
0 0.5770833333333333 0.2833333333333333 0.022916666666666665 0.03425925925925926
0 0.49583333333333335 0.28055555555555556 0.022916666666666665 0.03425925925925926
0 0.41458333333333336 0.2773148148148148 0.022916666666666665 0.03425925925925926
0 0.3333333333333333 0.2740740740740741 0.022916666666666665 0.03425925925925926
0 0.2520833333333333 0.26944444444444443 0.022916666666666665 0.03425925925925926
0 0.75 0.3814814814814815 0.022916666666666665 0.03425925925925926
0 0.665625 0.3787037037037037 0.022916666666666665 0.03425925925925926
0 0.5822916666666667 0.37546296296296294 0.022916666666666665 0.03425925925925926
0 0.4979166666666667 0.37083333333333335 0.022916666666666665 0.03425925925925926
0 0.41354166666666664 0.3675925925925926 0.022916666666666665 0.03425925925925926
0 0.328125 0.36435185185185187 0.022916666666666665 0.03425925925925926
0 0.24375 0.36157407407407405 0.022916666666666665 0.03425925925925926
0 0.7625 0.48148148148148145 0.022916666666666665 0.03425925925925926
0 0.675 0.47685185185185186 0.022916666666666665 0.03425925925925926
0 0.5864583333333333 0.4736111111111111 0.022916666666666665 0.03425925925925926
0 0.49895833333333334 0.4703703703703704 0.022916666666666665 0.03425925925925926
0 0.4114583333333333 0.46574074074074073 0.022916666666666665 0.03425925925925926
0 0.3229166666666667 0.4625 0.022916666666666665 0.03425925925925926
0 0.23541666666666666 0.4597222222222222 0.022916666666666665 0.03425925925925926
0 0.775 0.587037037037037 0.022916666666666665 0.03425925925925926
0 0.6833333333333333 0.5842592592592593 0.022916666666666665 0.03425925925925926
0 0.5927083333333333 0.5796296296296296 0.022916666666666665 0.03425925925925926
0 0.5010416666666667 0.5763888888888888 0.022916666666666665 0.03425925925925926
0 0.409375 0.5731481481481482 0.022916666666666665 0.03425925925925926
0 0.3177083333333333 0.5685185185185185 0.022916666666666665 0.03425925925925926
0 0.22604166666666667 0.5652777777777778 0.022916666666666665 0.03425925925925926
0 0.7885416666666667 0.7041666666666667 0.022916666666666665 0.03425925925925926
0 0.69375 0.6995370370370371 0.022916666666666665 0.03425925925925926
0 0.5989583333333334 0.6962962962962963 0.022916666666666665 0.03425925925925926
0 0.503125 0.6916666666666667 0.022916666666666665 0.03425925925925926
0 0.40729166666666666 0.6884259259259259 0.022916666666666665 0.03425925925925926
0 0.31145833333333334 0.6851851851851852 0.022916666666666665 0.03425925925925926
0 0.215625 0.6805555555555556 0.022916666666666665 0.03425925925925926