0 0.30833333333333335 0.37777777777777777 0.01875 0.025
0 0.303125 0.44027777777777777 0.01875 0.025
0 0.296875 0.5069444444444444 0.01875 0.025
0 0.290625 0.5777777777777777 0.01875 0.025
0 0.284375 0.6513888888888889 0.01875 0.025
0 0.27708333333333335 0.7305555555555555 0.01875 0.025
0 0.26979166666666665 0.8152777777777778 0.01875 0.025
0 0.371875 0.37777777777777777 0.01875 0.025
0 0.36770833333333336 0.44166666666666665 0.01875 0.025
0 0.36354166666666665 0.5083333333333333 0.01875 0.025
0 0.359375 0.5777777777777777 0.01875 0.025
0 0.35520833333333335 0.6527777777777778 0.01875 0.025
0 0.35 0.7319444444444444 0.01875 0.025
0 0.34479166666666666 0.8166666666666667 0.01875 0.025
0 0.434375 0.37916666666666665 0.01875 0.025
0 0.4322916666666667 0.44166666666666665 0.01875 0.025
0 0.43020833333333336 0.5083333333333333 0.01875 0.025
0 0.428125 0.5791666666666667 0.01875 0.025
0 0.42604166666666665 0.6541666666666667 0.01875 0.025
0 0.42291666666666666 0.7333333333333333 0.01875 0.025
0 0.42083333333333334 0.8180555555555555 0.01875 0.025
0 0.4979166666666667 0.38055555555555554 0.01875 0.025
0 0.496875 0.44305555555555554 0.01875 0.025
0 0.496875 0.5097222222222222 0.01875 0.025
0 0.496875 0.5805555555555556 0.01875 0.025
0 0.496875 0.6555555555555556 0.01875 0.025
0 0.49583333333333335 0.7347222222222223 0.01875 0.025
0 0.49583333333333335 0.8194444444444444 0.01875 0.025
0 0.5604166666666667 0.38055555555555554 0.01875 0.025
0 0.5625 0.4444444444444444 0.01875 0.025
0 0.5635416666666667 0.5111111111111111 0.01875 0.025
0 0.565625 0.5805555555555556 0.01875 0.025
0 0.5677083333333334 0.6555555555555556 0.01875 0.025
0 0.56875 0.7361111111111112 0.01875 0.025
0 0.5708333333333333 0.8208333333333333 0.01875 0.025
0 0.6239583333333333 0.3819444444444444 0.01875 0.025
0 0.6270833333333333 0.4444444444444444 0.01875 0.025
0 0.63125 0.5111111111111111 0.01875 0.025
0 0.634375 0.5819444444444445 0.01875 0.025
0 0.6385416666666667 0.6569444444444444 0.01875 0.025
0 0.6427083333333333 0.7375 0.01875 0.025
0 0.646875 0.8222222222222222 0.01875 0.025
0 0.6875 0.3819444444444444 0.01875 0.025
0 0.6927083333333334 0.44583333333333336 0.01875 0.025
0 0.6979166666666666 0.5125 0.01875 0.025
0 0.703125 0.5833333333333334 0.01875 0.025
0 0.709375 0.6583333333333333 0.01875 0.025
0 0.715625 0.7388888888888889 0.01875 0.025
0 0.7229166666666667 0.8236111111111111 0.01875 0.025