0 0.73125 0.15231481481481482 0.020833333333333332 0.03518518518518519
0 0.6583333333333333 0.15231481481481482 0.020833333333333332 0.03518518518518519
0 0.5854166666666667 0.15231481481481482 0.020833333333333332 0.03518518518518519
0 0.5125 0.15231481481481482 0.020833333333333332 0.03518518518518519
0 0.440625 0.15231481481481482 0.020833333333333332 0.03518518518518519
0 0.36770833333333336 0.15231481481481482 0.020833333333333332 0.03518518518518519
0 0.296875 0.15231481481481482 0.020833333333333332 0.03518518518518519
0 0.7395833333333334 0.2324074074074074 0.020833333333333332 0.03518518518518519
0 0.6635416666666667 0.2324074074074074 0.020833333333333332 0.03518518518518519
0 0.5885416666666666 0.2324074074074074 0.020833333333333332 0.03518518518518519
0 0.5125 0.2324074074074074 0.020833333333333332 0.03518518518518519
0 0.4375 0.2324074074074074 0.020833333333333332 0.03518518518518519
0 0.3625 0.2324074074074074 0.020833333333333332 0.03518518518518519
0 0.28854166666666664 0.2324074074074074 0.020833333333333332 0.03518518518518519
0 0.7489583333333333 0.31805555555555554 0.020833333333333332 0.03518518518518519
0 0.6697916666666667 0.31805555555555554 0.020833333333333332 0.03518518518518519
0 0.590625 0.31805555555555554 0.020833333333333332 0.03518518518518519
0 0.5125 0.31805555555555554 0.020833333333333332 0.03518518518518519
0 0.434375 0.31805555555555554 0.020833333333333332 0.03518518518518519
0 0.35625 0.31805555555555554 0.020833333333333332 0.03518518518518519
0 0.2791666666666667 0.31805555555555554 0.020833333333333332 0.03518518518518519
0 0.759375 0.4125 0.020833333333333332 0.03518518518518519
0 0.6770833333333334 0.4125 0.020833333333333332 0.03518518518518519
0 0.5947916666666667 0.4125 0.020833333333333332 0.03518518518518519
0 0.5125 0.41064814814814815 0.020833333333333332 0.03518518518518519
0 0.43125 0.41064814814814815 0.020833333333333332 0.03518518518518519
0 0.35 0.41064814814814815 0.020833333333333332 0.03518518518518519
0 0.26979166666666665 0.41064814814814815 0.020833333333333332 0.03518518518518519
0 0.7697916666666667 0.5157407407407407 0.020833333333333332 0.03518518518518519
0 0.684375 0.5138888888888888 0.020833333333333332 0.03518518518518519
0 0.5979166666666667 0.5138888888888888 0.020833333333333332 0.03518518518518519
0 0.5125 0.5138888888888888 0.020833333333333332 0.03518518518518519
0 0.428125 0.5120370370370371 0.020833333333333332 0.03518518518518519
0 0.34270833333333334 0.5120370370370371 0.020833333333333332 0.03518518518518519
0 0.25833333333333336 0.5120370370370371 0.020833333333333332 0.03518518518518519
0 0.7822916666666667 0.6277777777777778 0.020833333333333332 0.03518518518518519
0 0.6916666666666667 0.6259259259259259 0.020833333333333332 0.03518518518518519
0 0.6020833333333333 0.6259259259259259 0.020833333333333332 0.03518518518518519
0 0.5125 0.6240740740740741 0.020833333333333332 0.03518518518518519
0 0.4239583333333333 0.6240740740740741 0.020833333333333332 0.03518518518518519
0 0.33541666666666664 0.6222222222222222 0.020833333333333332 0.03518518518518519
0 0.246875 0.6222222222222222 0.020833333333333332 0.03518518518518519
0 0.7958333333333333 0.75 0.020833333333333332 0.03518518518518519
0 0.7010416666666667 0.7481481481481481 0.020833333333333332 0.03518518518518519
0 0.60625 0.7481481481481481 0.020833333333333332 0.03518518518518519
0 0.5125 0.7462962962962963 0.020833333333333332 0.03518518518518519
0 0.4197916666666667 0.7449074074074075 0.020833333333333332 0.03518518518518519
0 0.32708333333333334 0.7430555555555556 0.020833333333333332 0.03518518518518519
0 0.234375 0.7430555555555556 0.020833333333333332 0.03518518518518519