0 0.30833333333333335 0.6472222222222223 0.020833333333333332 0.027777777777777776
0 0.38333333333333336 0.6486111111111111 0.020833333333333332 0.027777777777777776
0 0.46041666666666664 0.6486111111111111 0.020833333333333332 0.027777777777777776
0 0.5364583333333334 0.65 0.020833333333333332 0.027777777777777776
0 0.6135416666666667 0.6513888888888889 0.020833333333333332 0.027777777777777776
0 0.6916666666666667 0.6513888888888889 0.020833333333333332 0.027777777777777776
0 0.7697916666666667 0.6527777777777778 0.020833333333333332 0.027777777777777776
0 0.31979166666666664 0.5597222222222222 0.020833333333333332 0.027777777777777776
0 0.39166666666666666 0.5611111111111111 0.020833333333333332 0.027777777777777776
0 0.46458333333333335 0.5611111111111111 0.020833333333333332 0.027777777777777776
0 0.5375 0.5611111111111111 0.020833333333333332 0.027777777777777776
0 0.6104166666666667 0.5625 0.020833333333333332 0.027777777777777776
0 0.684375 0.5625 0.020833333333333332 0.027777777777777776
0 0.759375 0.5625 0.020833333333333332 0.027777777777777776
0 0.3302083333333333 0.48055555555555557 0.020833333333333332 0.027777777777777776
0 0.39895833333333336 0.48194444444444445 0.020833333333333332 0.027777777777777776
0 0.46770833333333334 0.48194444444444445 0.020833333333333332 0.027777777777777776
0 0.5375 0.48194444444444445 0.020833333333333332 0.027777777777777776
0 0.6072916666666667 0.48194444444444445 0.020833333333333332 0.027777777777777776
0 0.678125 0.48194444444444445 0.020833333333333332 0.027777777777777776
0 0.7489583333333333 0.48194444444444445 0.020833333333333332 0.027777777777777776
0 0.33958333333333335 0.4083333333333333 0.020833333333333332 0.027777777777777776
0 0.40520833333333334 0.4083333333333333 0.020833333333333332 0.027777777777777776
0 0.4708333333333333 0.4083333333333333 0.020833333333333332 0.027777777777777776
0 0.5375 0.4083333333333333 0.020833333333333332 0.027777777777777776
0 0.6052083333333333 0.4083333333333333 0.020833333333333332 0.027777777777777776
0 0.6729166666666667 0.4083333333333333 0.020833333333333332 0.027777777777777776
0 0.740625 0.4083333333333333 0.020833333333333332 0.027777777777777776
0 0.34791666666666665 0.34305555555555556 0.020833333333333332 0.027777777777777776
0 0.4114583333333333 0.3416666666666667 0.020833333333333332 0.027777777777777776
0 0.475 0.3416666666666667 0.020833333333333332 0.027777777777777776
0 0.5385416666666667 0.3416666666666667 0.020833333333333332 0.027777777777777776
0 0.6020833333333333 0.3416666666666667 0.020833333333333332 0.027777777777777776
0 0.6677083333333333 0.3416666666666667 0.020833333333333332 0.027777777777777776
0 0.7322916666666667 0.3402777777777778 0.020833333333333332 0.027777777777777776
0 0.35625 0.28194444444444444 0.020833333333333332 0.027777777777777776
0 0.4166666666666667 0.28055555555555556 0.020833333333333332 0.027777777777777776
0 0.47708333333333336 0.28055555555555556 0.020833333333333332 0.027777777777777776
0 0.5385416666666667 0.28055555555555556 0.020833333333333332 0.027777777777777776
0 0.6 0.2791666666666667 0.020833333333333332 0.027777777777777776
0 0.6625 0.2791666666666667 0.020833333333333332 0.027777777777777776
0 0.725 0.2791666666666667 0.020833333333333332 0.027777777777777776
0 0.36354166666666665 0.225 0.020833333333333332 0.027777777777777776
0 0.421875 0.225 0.020833333333333332 0.027777777777777776
0 0.48020833333333335 0.22361111111111112 0.020833333333333332 0.027777777777777776
0 0.5385416666666667 0.22361111111111112 0.020833333333333332 0.027777777777777776
0 0.5979166666666667 0.2222222222222222 0.020833333333333332 0.027777777777777776
0 0.6583333333333333 0.2222222222222222 0.020833333333333332 0.027777777777777776
0 0.7177083333333333 0.22083333333333333 0.020833333333333332 0.027777777777777776