0 0.20520833333333333 0.6708333333333333 0.035416666666666666 0.03518518518518519
0 0.303125 0.6708333333333333 0.035416666666666666 0.03518518518518519
0 0.4010416666666667 0.6708333333333333 0.035416666666666666 0.03518518518518519
0 0.5 0.6708333333333333 0.035416666666666666 0.03518518518518519
0 0.6 0.6708333333333333 0.035416666666666666 0.03518518518518519
0 0.7 0.6708333333333333 0.035416666666666666 0.03518518518518519
0 0.8 0.6708333333333333 0.035416666666666666 0.03518518518518519
0 0.21875 0.5842592592592593 0.035416666666666666 0.03518518518518519
0 0.3125 0.5842592592592593 0.035416666666666666 0.03518518518518519
0 0.40625 0.5842592592592593 0.035416666666666666 0.03518518518518519
0 0.5 0.5842592592592593 0.035416666666666666 0.03518518518518519
0 0.5947916666666667 0.5833333333333334 0.035416666666666666 0.03518518518518519
0 0.690625 0.5833333333333334 0.035416666666666666 0.03518518518518519
0 0.7854166666666667 0.5833333333333334 0.035416666666666666 0.03518518518518519
0 0.23229166666666667 0.5064814814814815 0.035416666666666666 0.03518518518518519
0 0.32083333333333336 0.5064814814814815 0.035416666666666666 0.03518518518518519
0 0.41041666666666665 0.5050925925925925 0.035416666666666666 0.03518518518518519
0 0.5 0.5050925925925925 0.035416666666666666 0.03518518518518519
0 0.590625 0.5050925925925925 0.035416666666666666 0.03518518518518519
0 0.68125 0.5041666666666667 0.035416666666666666 0.03518518518518519
0 0.7729166666666667 0.5041666666666667 0.035416666666666666 0.03518518518518519
0 0.24375 0.4351851851851852 0.035416666666666666 0.03518518518518519
0 0.32916666666666666 0.43425925925925923 0.035416666666666666 0.03518518518518519
0 0.41458333333333336 0.43425925925925923 0.035416666666666666 0.03518518518518519
0 0.5 0.43333333333333335 0.035416666666666666 0.03518518518518519
0 0.5864583333333333 0.43333333333333335 0.035416666666666666 0.03518518518518519
0 0.6739583333333333 0.4324074074074074 0.035416666666666666 0.03518518518518519
0 0.7604166666666666 0.43148148148148147 0.035416666666666666 0.03518518518518519
0 0.25416666666666665 0.3699074074074074 0.035416666666666666 0.03518518518518519
0 0.33645833333333336 0.3685185185185185 0.035416666666666666 0.03518518518518519
0 0.41770833333333335 0.3685185185185185 0.035416666666666666 0.03518518518518519
0 0.5 0.3675925925925926 0.035416666666666666 0.03518518518518519
0 0.5833333333333334 0.36666666666666664 0.035416666666666666 0.03518518518518519
0 0.6666666666666666 0.36666666666666664 0.035416666666666666 0.03518518518518519
0 0.75 0.36574074074074076 0.035416666666666666 0.03518518518518519
0 0.26458333333333334 0.30925925925925923 0.035416666666666666 0.03518518518518519
0 0.34270833333333334 0.30925925925925923 0.035416666666666666 0.03518518518518519
0 0.421875 0.30833333333333335 0.035416666666666666 0.03518518518518519
0 0.5 0.3074074074074074 0.035416666666666666 0.03518518518518519
0 0.5802083333333333 0.30648148148148147 0.035416666666666666 0.03518518518518519
0 0.659375 0.3050925925925926 0.035416666666666666 0.03518518518518519
0 0.7395833333333334 0.3050925925925926 0.035416666666666666 0.03518518518518519
0 0.27395833333333336 0.25416666666666665 0.035416666666666666 0.03518518518518519
0 0.3489583333333333 0.25324074074074077 0.035416666666666666 0.03518518518518519
0 0.425 0.2518518518518518 0.035416666666666666 0.03518518518518519
0 0.5 0.2518518518518518 0.035416666666666666 0.03518518518518519
0 0.5770833333333333 0.25092592592592594 0.035416666666666666 0.03518518518518519
0 0.653125 0.25 0.035416666666666666 0.03518518518518519
0 0.7302083333333333 0.2490740740740741 0.035416666666666666 0.03518518518518519