0 0.6916666666666667 0.18194444444444444 0.025 0.03333333333333333
0 0.6239583333333333 0.18472222222222223 0.025 0.03333333333333333
0 0.5552083333333333 0.1875 0.025 0.03333333333333333
0 0.4864583333333333 0.19027777777777777 0.025 0.03333333333333333
0 0.41770833333333335 0.19305555555555556 0.025 0.03333333333333333
0 0.3489583333333333 0.19583333333333333 0.025 0.03333333333333333
0 0.28020833333333334 0.1986111111111111 0.025 0.03333333333333333
0 0.703125 0.24861111111111112 0.025 0.03333333333333333
0 0.63125 0.2513888888888889 0.025 0.03333333333333333
0 0.5604166666666667 0.25416666666666665 0.025 0.03333333333333333
0 0.4875 0.2569444444444444 0.025 0.03333333333333333
0 0.415625 0.25972222222222224 0.025 0.03333333333333333
0 0.34375 0.2625 0.025 0.03333333333333333
0 0.271875 0.2652777777777778 0.025 0.03333333333333333
0 0.715625 0.32222222222222224 0.025 0.03333333333333333
0 0.640625 0.325 0.025 0.03333333333333333
0 0.565625 0.3277777777777778 0.025 0.03333333333333333
0 0.4895833333333333 0.33055555555555555 0.025 0.03333333333333333
0 0.41354166666666664 0.3333333333333333 0.025 0.03333333333333333
0 0.3385416666666667 0.3375 0.025 0.03333333333333333
0 0.2625 0.3402777777777778 0.025 0.03333333333333333
0 0.7302083333333333 0.4027777777777778 0.025 0.03333333333333333
0 0.65 0.40555555555555556 0.025 0.03333333333333333
0 0.5708333333333333 0.4083333333333333 0.025 0.03333333333333333
0 0.49166666666666664 0.4125 0.025 0.03333333333333333
0 0.4114583333333333 0.4152777777777778 0.025 0.03333333333333333
0 0.33229166666666665 0.41805555555555557 0.025 0.03333333333333333
0 0.2520833333333333 0.4222222222222222 0.025 0.03333333333333333
0 0.7447916666666666 0.49166666666666664 0.025 0.03333333333333333
0 0.6614583333333334 0.49583333333333335 0.025 0.03333333333333333
0 0.5770833333333333 0.4986111111111111 0.025 0.03333333333333333
0 0.49375 0.5027777777777778 0.025 0.03333333333333333
0 0.409375 0.5055555555555555 0.025 0.03333333333333333
0 0.325 0.5097222222222222 0.025 0.03333333333333333
0 0.240625 0.5138888888888888 0.025 0.03333333333333333
0 0.7625 0.5916666666666667 0.025 0.03333333333333333
0 0.6739583333333333 0.5958333333333333 0.025 0.03333333333333333
0 0.584375 0.6 0.025 0.03333333333333333
0 0.49583333333333335 0.6041666666666666 0.025 0.03333333333333333
0 0.40625 0.6069444444444444 0.025 0.03333333333333333
0 0.31666666666666665 0.6111111111111112 0.025 0.03333333333333333
0 0.22708333333333333 0.6152777777777778 0.025 0.03333333333333333
0 0.7822916666666667 0.7055555555555556 0.025 0.03333333333333333
0 0.6875 0.7097222222222223 0.025 0.03333333333333333
0 0.5927083333333333 0.7138888888888889 0.025 0.03333333333333333
0 0.4979166666666667 0.7180555555555556 0.025 0.03333333333333333
0 0.403125 0.7222222222222222 0.025 0.03333333333333333
0 0.30833333333333335 0.7263888888888889 0.025 0.03333333333333333
0 0.2125 0.7305555555555555 0.025 0.03333333333333333