0 0.7447916666666666 0.25925925925925924 0.029166666666666667 0.029166666666666667
0 0.675 0.25833333333333336 0.029166666666666667 0.029166666666666667
0 0.60625 0.25833333333333336 0.029166666666666667 0.029166666666666667
0 0.5385416666666667 0.25833333333333336 0.029166666666666667 0.029166666666666667
0 0.471875 0.25833333333333336 0.029166666666666667 0.029166666666666667
0 0.40520833333333334 0.2574074074074074 0.029166666666666667 0.029166666666666667
0 0.3385416666666667 0.2574074074074074 0.029166666666666667 0.029166666666666667
0 0.75 0.3175925925925926 0.029166666666666667 0.029166666666666667
0 0.678125 0.3175925925925926 0.029166666666666667 0.029166666666666667
0 0.6072916666666667 0.31666666666666665 0.029166666666666667 0.029166666666666667
0 0.5364583333333334 0.31666666666666665 0.029166666666666667 0.029166666666666667
0 0.4666666666666667 0.31574074074074077 0.029166666666666667 0.029166666666666667
0 0.39791666666666664 0.3148148148148148 0.029166666666666667 0.029166666666666667
0 0.3302083333333333 0.3148148148148148 0.029166666666666667 0.029166666666666667
0 0.7552083333333334 0.3814814814814815 0.029166666666666667 0.029166666666666667
0 0.6802083333333333 0.3800925925925926 0.029166666666666667 0.029166666666666667
0 0.6072916666666667 0.37916666666666665 0.029166666666666667 0.029166666666666667
0 0.534375 0.37824074074074077 0.029166666666666667 0.029166666666666667
0 0.4625 0.3768518518518518 0.029166666666666667 0.029166666666666667
0 0.39166666666666666 0.37592592592592594 0.029166666666666667 0.029166666666666667
0 0.32083333333333336 0.375 0.029166666666666667 0.029166666666666667
0 0.7604166666666666 0.44907407407407407 0.029166666666666667 0.029166666666666667
0 0.6833333333333333 0.44814814814814813 0.029166666666666667 0.029166666666666667
0 0.6072916666666667 0.44583333333333336 0.029166666666666667 0.029166666666666667
0 0.5322916666666667 0.4449074074074074 0.029166666666666667 0.029166666666666667
0 0.45729166666666665 0.44351851851851853 0.029166666666666667 0.029166666666666667
0 0.384375 0.44166666666666665 0.029166666666666667 0.029166666666666667
0 0.31145833333333334 0.44074074074074077 0.029166666666666667 0.029166666666666667
0 0.7666666666666667 0.5217592592592593 0.029166666666666667 0.029166666666666667
0 0.6864583333333333 0.5199074074074074 0.029166666666666667 0.029166666666666667
0 0.6072916666666667 0.5175925925925926 0.029166666666666667 0.029166666666666667
0 0.5291666666666667 0.5157407407407407 0.029166666666666667 0.029166666666666667
0 0.45208333333333334 0.5148148148148148 0.029166666666666667 0.029166666666666667
0 0.37604166666666666 0.5125 0.029166666666666667 0.029166666666666667
0 0.30104166666666665 0.5101851851851852 0.029166666666666667 0.029166666666666667
0 0.7729166666666667 0.6 0.029166666666666667 0.029166666666666667
0 0.6895833333333333 0.5981481481481481 0.029166666666666667 0.029166666666666667
0 0.6072916666666667 0.5949074074074074 0.029166666666666667 0.029166666666666667
0 0.5270833333333333 0.5925925925925926 0.029166666666666667 0.029166666666666667
0 0.446875 0.5907407407407408 0.029166666666666667 0.029166666666666667
0 0.36770833333333336 0.5875 0.029166666666666667 0.029166666666666667
0 0.28958333333333336 0.5851851851851851 0.029166666666666667 0.029166666666666667
0 0.7791666666666667 0.6842592592592592 0.029166666666666667 0.029166666666666667
0 0.6927083333333334 0.6814814814814815 0.029166666666666667 0.029166666666666667
0 0.6083333333333333 0.6782407407407407 0.029166666666666667 0.029166666666666667
0 0.5239583333333333 0.675 0.029166666666666667 0.029166666666666667
0 0.440625 0.6731481481481482 0.029166666666666667 0.029166666666666667
0 0.35833333333333334 0.6699074074074074 0.029166666666666667 0.029166666666666667
0 0.278125 0.6666666666666666 0.029166666666666667 0.029166666666666667