0 0.7020833333333333 0.18194444444444444 0.025 0.03333333333333333
0 0.6333333333333333 0.18472222222222223 0.025 0.03333333333333333
0 0.5645833333333333 0.1875 0.025 0.03333333333333333
0 0.496875 0.19027777777777777 0.025 0.03333333333333333
0 0.428125 0.19166666666666668 0.025 0.03333333333333333
0 0.36041666666666666 0.19444444444444445 0.025 0.03333333333333333
0 0.29270833333333335 0.19722222222222222 0.025 0.03333333333333333
0 0.7125 0.24722222222222223 0.025 0.03333333333333333
0 0.640625 0.25 0.025 0.03333333333333333
0 0.56875 0.25277777777777777 0.025 0.03333333333333333
0 0.496875 0.25555555555555554 0.025 0.03333333333333333
0 0.42604166666666665 0.25833333333333336 0.025 0.03333333333333333
0 0.3541666666666667 0.2611111111111111 0.025 0.03333333333333333
0 0.2833333333333333 0.2625 0.025 0.03333333333333333
0 0.725 0.32083333333333336 0.025 0.03333333333333333
0 0.6489583333333333 0.32222222222222224 0.025 0.03333333333333333
0 0.5729166666666666 0.325 0.025 0.03333333333333333
0 0.4979166666666667 0.3277777777777778 0.025 0.03333333333333333
0 0.42291666666666666 0.33055555555555555 0.025 0.03333333333333333
0 0.34791666666666665 0.3333333333333333 0.025 0.03333333333333333
0 0.27291666666666664 0.3347222222222222 0.025 0.03333333333333333
0 0.7375 0.4 0.025 0.03333333333333333
0 0.6572916666666667 0.4027777777777778 0.025 0.03333333333333333
0 0.578125 0.40555555555555556 0.025 0.03333333333333333
0 0.4979166666666667 0.4083333333333333 0.025 0.03333333333333333
0 0.41875 0.4097222222222222 0.025 0.03333333333333333
0 0.340625 0.4125 0.025 0.03333333333333333
0 0.2625 0.4152777777777778 0.025 0.03333333333333333
0 0.7520833333333333 0.49027777777777776 0.025 0.03333333333333333
0 0.6666666666666666 0.49166666666666664 0.025 0.03333333333333333
0 0.5833333333333334 0.49444444444444446 0.025 0.03333333333333333
0 0.49895833333333334 0.49722222222222223 0.025 0.03333333333333333
0 0.415625 0.5 0.025 0.03333333333333333
0 0.33229166666666665 0.5013888888888889 0.025 0.03333333333333333
0 0.25 0.5041666666666667 0.025 0.03333333333333333
0 0.7677083333333333 0.5902777777777778 0.025 0.03333333333333333
0 0.678125 0.5916666666666667 0.025 0.03333333333333333
0 0.5885416666666666 0.5944444444444444 0.025 0.03333333333333333
0 0.5 0.5972222222222222 0.025 0.03333333333333333
0 0.4114583333333333 0.5986111111111111 0.025 0.03333333333333333
0 0.3229166666666667 0.6013888888888889 0.025 0.03333333333333333
0 0.23541666666666666 0.6041666666666666 0.025 0.03333333333333333
0 0.7854166666666667 0.7027777777777777 0.025 0.03333333333333333
0 0.690625 0.7041666666666667 0.025 0.03333333333333333
0 0.5947916666666667 0.7069444444444445 0.025 0.03333333333333333
0 0.5010416666666667 0.7083333333333334 0.025 0.03333333333333333
0 0.40625 0.7111111111111111 0.025 0.03333333333333333
0 0.31354166666666666 0.7138888888888889 0.025 0.03333333333333333
0 0.21979166666666666 0.7152777777777778 0.025 0.03333333333333333