0 0.734375 0.19907407407407407 0.03333333333333333 0.03333333333333333
0 0.6604166666666667 0.19814814814814816 0.03333333333333333 0.03333333333333333
0 0.5854166666666667 0.19814814814814816 0.03333333333333333 0.03333333333333333
0 0.5104166666666666 0.19814814814814816 0.03333333333333333 0.03333333333333333
0 0.43645833333333334 0.19814814814814816 0.03333333333333333 0.03333333333333333
0 0.3614583333333333 0.19675925925925927 0.03333333333333333 0.03333333333333333
0 0.2875 0.19675925925925927 0.03333333333333333 0.03333333333333333
0 0.7458333333333333 0.25092592592592594 0.03333333333333333 0.03333333333333333
0 0.66875 0.25092592592592594 0.03333333333333333 0.03333333333333333
0 0.590625 0.25092592592592594 0.03333333333333333 0.03333333333333333
0 0.5135416666666667 0.25 0.03333333333333333 0.03333333333333333
0 0.4354166666666667 0.25 0.03333333333333333 0.03333333333333333
0 0.35833333333333334 0.25 0.03333333333333333 0.03333333333333333
0 0.28125 0.2490740740740741 0.03333333333333333 0.03333333333333333
0 0.7583333333333333 0.30833333333333335 0.03333333333333333 0.03333333333333333
0 0.6770833333333334 0.3074074074074074 0.03333333333333333 0.03333333333333333
0 0.596875 0.3074074074074074 0.03333333333333333 0.03333333333333333
0 0.515625 0.3074074074074074 0.03333333333333333 0.03333333333333333
0 0.4354166666666667 0.3074074074074074 0.03333333333333333 0.03333333333333333
0 0.35520833333333335 0.30648148148148147 0.03333333333333333 0.03333333333333333
0 0.27395833333333336 0.30648148148148147 0.03333333333333333 0.03333333333333333
0 0.771875 0.3699074074074074 0.03333333333333333 0.03333333333333333
0 0.6875 0.3699074074074074 0.03333333333333333 0.03333333333333333
0 0.603125 0.3685185185185185 0.03333333333333333 0.03333333333333333
0 0.51875 0.3685185185185185 0.03333333333333333 0.03333333333333333
0 0.4354166666666667 0.3685185185185185 0.03333333333333333 0.03333333333333333
0 0.35104166666666664 0.3675925925925926 0.03333333333333333 0.03333333333333333
0 0.26666666666666666 0.3675925925925926 0.03333333333333333 0.03333333333333333
0 0.7864583333333334 0.4375 0.03333333333333333 0.03333333333333333
0 0.6979166666666666 0.43657407407407406 0.03333333333333333 0.03333333333333333
0 0.6104166666666667 0.43657407407407406 0.03333333333333333 0.03333333333333333
0 0.521875 0.4351851851851852 0.03333333333333333 0.03333333333333333
0 0.434375 0.4351851851851852 0.03333333333333333 0.03333333333333333
0 0.346875 0.4351851851851852 0.03333333333333333 0.03333333333333333
0 0.259375 0.43425925925925923 0.03333333333333333 0.03333333333333333
0 0.8020833333333334 0.5101851851851852 0.03333333333333333 0.03333333333333333
0 0.7104166666666667 0.5101851851851852 0.03333333333333333 0.03333333333333333
0 0.6177083333333333 0.5092592592592593 0.03333333333333333 0.03333333333333333
0 0.5260416666666666 0.5092592592592593 0.03333333333333333 0.03333333333333333
0 0.434375 0.5092592592592593 0.03333333333333333 0.03333333333333333
0 0.3416666666666667 0.5083333333333333 0.03333333333333333 0.03333333333333333
0 0.25 0.5083333333333333 0.03333333333333333 0.03333333333333333
0 0.8197916666666667 0.5916666666666667 0.03333333333333333 0.03333333333333333
0 0.7229166666666667 0.5907407407407408 0.03333333333333333 0.03333333333333333
0 0.6260416666666667 0.5907407407407408 0.03333333333333333 0.03333333333333333
0 0.5302083333333333 0.5898148148148148 0.03333333333333333 0.03333333333333333
0 0.43333333333333335 0.5898148148148148 0.03333333333333333 0.03333333333333333
0 0.3375 0.5898148148148148 0.03333333333333333 0.03333333333333333
0 0.240625 0.5884259259259259 0.03333333333333333 0.03333333333333333