0 0.44895833333333335 0.12777777777777777 0.0125 0.022222222222222223
0 0.421875 0.16296296296296298 0.0125 0.022222222222222223
0 0.39166666666666666 0.2 0.0125 0.022222222222222223
0 0.3614583333333333 0.2388888888888889 0.0125 0.022222222222222223
0 0.328125 0.2796296296296296 0.0125 0.022222222222222223
0 0.29375 0.32222222222222224 0.0125 0.022222222222222223
0 0.25833333333333336 0.3685185185185185 0.0125 0.022222222222222223
0 0.48125 0.1574074074074074 0.0125 0.022222222222222223
0 0.453125 0.19444444444444445 0.0125 0.022222222222222223
0 0.4239583333333333 0.23148148148148148 0.0125 0.022222222222222223
0 0.39375 0.2722222222222222 0.0125 0.022222222222222223
0 0.3614583333333333 0.3148148148148148 0.0125 0.022222222222222223
0 0.32708333333333334 0.3592592592592593 0.0125 0.022222222222222223
0 0.290625 0.4074074074074074 0.0125 0.022222222222222223
0 0.5135416666666667 0.18703703703703703 0.0125 0.022222222222222223
0 0.4864583333333333 0.22407407407407406 0.0125 0.022222222222222223
0 0.45729166666666665 0.26481481481481484 0.0125 0.022222222222222223
0 0.4270833333333333 0.3074074074074074 0.0125 0.022222222222222223
0 0.39479166666666665 0.35185185185185186 0.0125 0.022222222222222223
0 0.3614583333333333 0.39814814814814814 0.0125 0.022222222222222223
0 0.325 0.44814814814814813 0.0125 0.022222222222222223
0 0.5479166666666667 0.21851851851851853 0.0125 0.022222222222222223
0 0.5208333333333334 0.2574074074074074 0.0125 0.022222222222222223
0 0.49270833333333336 0.3 0.0125 0.022222222222222223
0 0.4625 0.3425925925925926 0.0125 0.022222222222222223
0 0.43020833333333336 0.3907407407407407 0.0125 0.022222222222222223
0 0.396875 0.4388888888888889 0.0125 0.022222222222222223
0 0.3614583333333333 0.49074074074074076 0.0125 0.022222222222222223
0 0.5833333333333334 0.25 0.0125 0.022222222222222223
0 0.5572916666666666 0.29259259259259257 0.0125 0.022222222222222223
0 0.5291666666666667 0.3351851851851852 0.0125 0.022222222222222223
0 0.49895833333333334 0.3814814814814815 0.0125 0.022222222222222223
0 0.46770833333333334 0.42962962962962964 0.0125 0.022222222222222223
0 0.434375 0.48148148148148145 0.0125 0.022222222222222223
0 0.39895833333333336 0.5370370370370371 0.0125 0.022222222222222223
0 0.6208333333333333 0.2833333333333333 0.0125 0.022222222222222223
0 0.5947916666666667 0.3277777777777778 0.0125 0.022222222222222223
0 0.5666666666666667 0.37222222222222223 0.0125 0.022222222222222223
0 0.5375 0.4203703703703704 0.0125 0.022222222222222223
0 0.50625 0.4722222222222222 0.0125 0.022222222222222223
0 0.4739583333333333 0.5259259259259259 0.0125 0.022222222222222223
0 0.43854166666666666 0.5833333333333334 0.0125 0.022222222222222223
0 0.659375 0.31851851851851853 0.0125 0.022222222222222223
0 0.6333333333333333 0.3648148148148148 0.0125 0.022222222222222223
0 0.60625 0.4111111111111111 0.0125 0.022222222222222223
0 0.578125 0.46296296296296297 0.0125 0.022222222222222223
0 0.546875 0.5148148148148148 0.0125 0.022222222222222223
0 0.5145833333333333 0.5722222222222222 0.0125 0.022222222222222223
0 0.48020833333333335 0.6333333333333333 0.0125 0.022222222222222223