0 0.725 0.22916666666666666 0.0375 0.0375
0 0.6447916666666667 0.22824074074074074 0.0375 0.0375
0 0.5645833333333333 0.22592592592592592 0.0375 0.0375
0 0.48541666666666666 0.22407407407407406 0.0375 0.0375
0 0.40625 0.22175925925925927 0.0375 0.0375
0 0.3260416666666667 0.2199074074074074 0.0375 0.0375
0 0.246875 0.2175925925925926 0.0375 0.0375
0 0.7354166666666667 0.2865740740740741 0.0375 0.0375
0 0.6520833333333333 0.28425925925925927 0.0375 0.0375
0 0.56875 0.2824074074074074 0.0375 0.0375
0 0.4864583333333333 0.2800925925925926 0.0375 0.0375
0 0.403125 0.27824074074074073 0.0375 0.0375
0 0.32083333333333336 0.2759259259259259 0.0375 0.0375
0 0.2375 0.2740740740740741 0.0375 0.0375
0 0.746875 0.3490740740740741 0.0375 0.0375
0 0.6604166666666667 0.3458333333333333 0.0375 0.0375
0 0.5729166666666666 0.3435185185185185 0.0375 0.0375
0 0.4864583333333333 0.3416666666666667 0.0375 0.0375
0 0.4010416666666667 0.3398148148148148 0.0375 0.0375
0 0.3145833333333333 0.3375 0.0375 0.0375
0 0.228125 0.33425925925925926 0.0375 0.0375
0 0.759375 0.41574074074074074 0.0375 0.0375
0 0.66875 0.4134259259259259 0.0375 0.0375
0 0.578125 0.4115740740740741 0.0375 0.0375
0 0.4875 0.4083333333333333 0.0375 0.0375
0 0.39791666666666664 0.4064814814814815 0.0375 0.0375
0 0.3072916666666667 0.4041666666666667 0.0375 0.0375
0 0.21770833333333334 0.4009259259259259 0.0375 0.0375
0 0.7729166666666667 0.4898148148148148 0.0375 0.0375
0 0.678125 0.4875 0.0375 0.0375
0 0.5833333333333334 0.4842592592592593 0.0375 0.0375
0 0.48854166666666665 0.48148148148148145 0.0375 0.0375
0 0.39479166666666665 0.4791666666666667 0.0375 0.0375
0 0.3 0.4759259259259259 0.0375 0.0375
0 0.20625 0.4740740740740741 0.0375 0.0375
0 0.7875 0.5708333333333333 0.0375 0.0375
0 0.6885416666666667 0.5675925925925925 0.0375 0.0375
0 0.5885416666666666 0.5648148148148148 0.0375 0.0375
0 0.4895833333333333 0.5615740740740741 0.0375 0.0375
0 0.390625 0.5592592592592592 0.0375 0.0375
0 0.29270833333333335 0.5564814814814815 0.0375 0.0375
0 0.19375 0.5532407407407407 0.0375 0.0375
0 0.8041666666666667 0.6592592592592592 0.0375 0.0375
0 0.7 0.6564814814814814 0.0375 0.0375
0 0.5947916666666667 0.6532407407407408 0.0375 0.0375
0 0.490625 0.65 0.0375 0.0375
0 0.3875 0.6467592592592593 0.0375 0.0375
0 0.2833333333333333 0.6435185185185185 0.0375 0.0375
0 0.18020833333333333 0.6407407407407407 0.0375 0.0375