0 0.7395833333333334 0.24583333333333332 0.035416666666666666 0.03518518518518519
0 0.6604166666666667 0.24351851851851852 0.035416666666666666 0.03518518518518519
0 0.5802083333333333 0.24166666666666667 0.035416666666666666 0.03518518518518519
0 0.5010416666666667 0.23981481481481481 0.035416666666666666 0.03518518518518519
0 0.42083333333333334 0.2375 0.035416666666666666 0.03518518518518519
0 0.3416666666666667 0.23425925925925925 0.035416666666666666 0.03518518518518519
0 0.26145833333333335 0.2324074074074074 0.035416666666666666 0.03518518518518519
0 0.7479166666666667 0.30185185185185187 0.035416666666666666 0.03518518518518519
0 0.665625 0.3 0.035416666666666666 0.03518518518518519
0 0.5833333333333334 0.29814814814814816 0.035416666666666666 0.03518518518518519
0 0.5 0.2949074074074074 0.035416666666666666 0.03518518518518519
0 0.41770833333333335 0.29259259259259257 0.035416666666666666 0.03518518518518519
0 0.334375 0.29074074074074074 0.035416666666666666 0.03518518518518519
0 0.2520833333333333 0.2884259259259259 0.035416666666666666 0.03518518518518519
0 0.7583333333333333 0.3625 0.035416666666666666 0.03518518518518519
0 0.671875 0.36018518518518516 0.035416666666666666 0.03518518518518519
0 0.5854166666666667 0.35833333333333334 0.035416666666666666 0.03518518518518519
0 0.5 0.35509259259259257 0.035416666666666666 0.03518518518518519
0 0.41354166666666664 0.35324074074074074 0.035416666666666666 0.03518518518518519
0 0.32708333333333334 0.3509259259259259 0.035416666666666666 0.03518518518518519
0 0.240625 0.3490740740740741 0.035416666666666666 0.03518518518518519
0 0.76875 0.42916666666666664 0.035416666666666666 0.03518518518518519
0 0.6791666666666667 0.42592592592592593 0.035416666666666666 0.03518518518518519
0 0.5885416666666666 0.42407407407407405 0.035416666666666666 0.03518518518518519
0 0.49895833333333334 0.4217592592592593 0.035416666666666666 0.03518518518518519
0 0.409375 0.4185185185185185 0.035416666666666666 0.03518518518518519
0 0.31875 0.4166666666666667 0.035416666666666666 0.03518518518518519
0 0.22916666666666666 0.4148148148148148 0.035416666666666666 0.03518518518518519
0 0.7802083333333333 0.5009259259259259 0.035416666666666666 0.03518518518518519
0 0.6864583333333333 0.49907407407407406 0.035416666666666666 0.03518518518518519
0 0.5927083333333333 0.49583333333333335 0.035416666666666666 0.03518518518518519
0 0.4979166666666667 0.4935185185185185 0.035416666666666666 0.03518518518518519
0 0.4041666666666667 0.49074074074074076 0.035416666666666666 0.03518518518518519
0 0.3104166666666667 0.48842592592592593 0.035416666666666666 0.03518518518518519
0 0.215625 0.48518518518518516 0.035416666666666666 0.03518518518518519
0 0.7927083333333333 0.5800925925925926 0.035416666666666666 0.03518518518518519
0 0.6947916666666667 0.5768518518518518 0.035416666666666666 0.03518518518518519
0 0.5958333333333333 0.575 0.035416666666666666 0.03518518518518519
0 0.4979166666666667 0.5717592592592593 0.035416666666666666 0.03518518518518519
0 0.39895833333333336 0.5685185185185185 0.035416666666666666 0.03518518518518519
0 0.3 0.5666666666666667 0.035416666666666666 0.03518518518518519
0 0.20208333333333334 0.5634259259259259 0.035416666666666666 0.03518518518518519
0 0.8072916666666666 0.6666666666666666 0.035416666666666666 0.03518518518518519
0 0.703125 0.663425925925926 0.035416666666666666 0.03518518518518519
0 0.6 0.6615740740740741 0.035416666666666666 0.03518518518518519
0 0.496875 0.6583333333333333 0.035416666666666666 0.03518518518518519
0 0.3927083333333333 0.6550925925925926 0.035416666666666666 0.03518518518518519
0 0.28958333333333336 0.6532407407407408 0.035416666666666666 0.03518518518518519
0 0.18645833333333334 0.65 0.035416666666666666 0.03518518518518519