0 0.3072916666666667 0.6472222222222223 0.020833333333333332 0.027777777777777776
0 0.38333333333333336 0.6472222222222223 0.020833333333333332 0.027777777777777776
0 0.459375 0.6472222222222223 0.020833333333333332 0.027777777777777776
0 0.5354166666666667 0.6472222222222223 0.020833333333333332 0.027777777777777776
0 0.6125 0.6472222222222223 0.020833333333333332 0.027777777777777776
0 0.690625 0.6472222222222223 0.020833333333333332 0.027777777777777776
0 0.76875 0.6458333333333334 0.020833333333333332 0.027777777777777776
0 0.3177083333333333 0.5611111111111111 0.020833333333333332 0.027777777777777776
0 0.38958333333333334 0.5597222222222222 0.020833333333333332 0.027777777777777776
0 0.4625 0.5597222222222222 0.020833333333333332 0.027777777777777776
0 0.5354166666666667 0.5597222222222222 0.020833333333333332 0.027777777777777776
0 0.609375 0.5583333333333333 0.020833333333333332 0.027777777777777776
0 0.6833333333333333 0.5583333333333333 0.020833333333333332 0.027777777777777776
0 0.7572916666666667 0.5583333333333333 0.020833333333333332 0.027777777777777776
0 0.328125 0.48194444444444445 0.020833333333333332 0.027777777777777776
0 0.396875 0.48194444444444445 0.020833333333333332 0.027777777777777776
0 0.465625 0.48055555555555557 0.020833333333333332 0.027777777777777776
0 0.5354166666666667 0.48055555555555557 0.020833333333333332 0.027777777777777776
0 0.6052083333333333 0.4791666666666667 0.020833333333333332 0.027777777777777776
0 0.6760416666666667 0.4791666666666667 0.020833333333333332 0.027777777777777776
0 0.746875 0.4777777777777778 0.020833333333333332 0.027777777777777776
0 0.33645833333333336 0.4097222222222222 0.020833333333333332 0.027777777777777776
0 0.40208333333333335 0.4097222222222222 0.020833333333333332 0.027777777777777776
0 0.46875 0.4083333333333333 0.020833333333333332 0.027777777777777776
0 0.5354166666666667 0.40694444444444444 0.020833333333333332 0.027777777777777776
0 0.6020833333333333 0.40694444444444444 0.020833333333333332 0.027777777777777776
0 0.6697916666666667 0.40555555555555556 0.020833333333333332 0.027777777777777776
0 0.7375 0.4041666666666667 0.020833333333333332 0.027777777777777776
0 0.34479166666666666 0.34444444444444444 0.020833333333333332 0.027777777777777776
0 0.4083333333333333 0.34305555555555556 0.020833333333333332 0.027777777777777776
0 0.4708333333333333 0.3416666666666667 0.020833333333333332 0.027777777777777776
0 0.5354166666666667 0.3416666666666667 0.020833333333333332 0.027777777777777776
0 0.5989583333333334 0.3402777777777778 0.020833333333333332 0.027777777777777776
0 0.6635416666666667 0.3388888888888889 0.020833333333333332 0.027777777777777776
0 0.7291666666666666 0.3375 0.020833333333333332 0.027777777777777776
0 0.35208333333333336 0.2833333333333333 0.020833333333333332 0.027777777777777776
0 0.4125 0.2833333333333333 0.020833333333333332 0.027777777777777776
0 0.4739583333333333 0.28194444444444444 0.020833333333333332 0.027777777777777776
0 0.5354166666666667 0.28055555555555556 0.020833333333333332 0.027777777777777776
0 0.596875 0.2791666666666667 0.020833333333333332 0.027777777777777776
0 0.6583333333333333 0.2777777777777778 0.020833333333333332 0.027777777777777776
0 0.7208333333333333 0.2763888888888889 0.020833333333333332 0.027777777777777776
0 0.359375 0.22777777777777777 0.020833333333333332 0.027777777777777776
0 0.41770833333333335 0.2263888888888889 0.020833333333333332 0.027777777777777776
0 0.47604166666666664 0.225 0.020833333333333332 0.027777777777777776
0 0.534375 0.22361111111111112 0.020833333333333332 0.027777777777777776
0 0.59375 0.2222222222222222 0.020833333333333332 0.027777777777777776
0 0.6541666666666667 0.22083333333333333 0.020833333333333332 0.027777777777777776
0 0.7135416666666666 0.21944444444444444 0.020833333333333332 0.027777777777777776