0 0.703125 0.19305555555555556 0.025 0.03333333333333333
0 0.6354166666666666 0.19305555555555556 0.025 0.03333333333333333
0 0.5677083333333334 0.19305555555555556 0.025 0.03333333333333333
0 0.5 0.19305555555555556 0.025 0.03333333333333333
0 0.4322916666666667 0.19444444444444445 0.025 0.03333333333333333
0 0.365625 0.19444444444444445 0.025 0.03333333333333333
0 0.29791666666666666 0.19444444444444445 0.025 0.03333333333333333
0 0.7125 0.25833333333333336 0.025 0.03333333333333333
0 0.6416666666666667 0.25833333333333336 0.025 0.03333333333333333
0 0.5708333333333333 0.25833333333333336 0.025 0.03333333333333333
0 0.5 0.25833333333333336 0.025 0.03333333333333333
0 0.42916666666666664 0.25833333333333336 0.025 0.03333333333333333
0 0.35833333333333334 0.25833333333333336 0.025 0.03333333333333333
0 0.2875 0.25833333333333336 0.025 0.03333333333333333
0 0.7239583333333334 0.32916666666666666 0.025 0.03333333333333333
0 0.6489583333333333 0.32916666666666666 0.025 0.03333333333333333
0 0.5739583333333333 0.32916666666666666 0.025 0.03333333333333333
0 0.5 0.32916666666666666 0.025 0.03333333333333333
0 0.425 0.32916666666666666 0.025 0.03333333333333333
0 0.35104166666666664 0.33055555555555555 0.025 0.03333333333333333
0 0.27708333333333335 0.33055555555555555 0.025 0.03333333333333333
0 0.7354166666666667 0.4083333333333333 0.025 0.03333333333333333
0 0.6572916666666667 0.4083333333333333 0.025 0.03333333333333333
0 0.578125 0.4083333333333333 0.025 0.03333333333333333
0 0.5 0.4083333333333333 0.025 0.03333333333333333
0 0.421875 0.4083333333333333 0.025 0.03333333333333333
0 0.34270833333333334 0.4083333333333333 0.025 0.03333333333333333
0 0.26458333333333334 0.4083333333333333 0.025 0.03333333333333333
0 0.7489583333333333 0.49583333333333335 0.025 0.03333333333333333
0 0.665625 0.49583333333333335 0.025 0.03333333333333333
0 0.5822916666666667 0.49722222222222223 0.025 0.03333333333333333
0 0.5 0.49722222222222223 0.025 0.03333333333333333
0 0.4166666666666667 0.49722222222222223 0.025 0.03333333333333333
0 0.334375 0.49722222222222223 0.025 0.03333333333333333
0 0.25104166666666666 0.49722222222222223 0.025 0.03333333333333333
0 0.7645833333333333 0.5958333333333333 0.025 0.03333333333333333
0 0.6760416666666667 0.5958333333333333 0.025 0.03333333333333333
0 0.5875 0.5958333333333333 0.025 0.03333333333333333
0 0.5 0.5958333333333333 0.025 0.03333333333333333
0 0.4114583333333333 0.5958333333333333 0.025 0.03333333333333333
0 0.32395833333333335 0.5958333333333333 0.025 0.03333333333333333
0 0.23645833333333333 0.5958333333333333 0.025 0.03333333333333333
0 0.78125 0.7069444444444445 0.025 0.03333333333333333
0 0.6875 0.7069444444444445 0.025 0.03333333333333333
0 0.5927083333333333 0.7069444444444445 0.025 0.03333333333333333
0 0.49895833333333334 0.7069444444444445 0.025 0.03333333333333333
0 0.40625 0.7069444444444445 0.025 0.03333333333333333
0 0.3125 0.7069444444444445 0.025 0.03333333333333333
0 0.21875 0.7069444444444445 0.025 0.03333333333333333