0 0.7354166666666667 0.2375 0.035416666666666666 0.03518518518518519
0 0.659375 0.2375 0.035416666666666666 0.03518518518518519
0 0.5833333333333334 0.2375 0.035416666666666666 0.03518518518518519
0 0.5072916666666667 0.23657407407407408 0.035416666666666666 0.03518518518518519
0 0.4322916666666667 0.23657407407407408 0.035416666666666666 0.03518518518518519
0 0.35625 0.23657407407407408 0.035416666666666666 0.03518518518518519
0 0.28020833333333334 0.23657407407407408 0.035416666666666666 0.03518518518518519
0 0.7479166666666667 0.2916666666666667 0.035416666666666666 0.03518518518518519
0 0.66875 0.29074074074074074 0.035416666666666666 0.03518518518518519
0 0.5895833333333333 0.29074074074074074 0.035416666666666666 0.03518518518518519
0 0.5104166666666666 0.29074074074074074 0.035416666666666666 0.03518518518518519
0 0.43125 0.2898148148148148 0.035416666666666666 0.03518518518518519
0 0.35208333333333336 0.2898148148148148 0.035416666666666666 0.03518518518518519
0 0.27291666666666664 0.2898148148148148 0.035416666666666666 0.03518518518518519
0 0.7604166666666666 0.3490740740740741 0.035416666666666666 0.03518518518518519
0 0.678125 0.3490740740740741 0.035416666666666666 0.03518518518518519
0 0.5958333333333333 0.3490740740740741 0.035416666666666666 0.03518518518518519
0 0.5125 0.34814814814814815 0.035416666666666666 0.03518518518518519
0 0.43020833333333336 0.34814814814814815 0.035416666666666666 0.03518518518518519
0 0.34791666666666665 0.34814814814814815 0.035416666666666666 0.03518518518518519
0 0.265625 0.34814814814814815 0.035416666666666666 0.03518518518518519
0 0.7739583333333333 0.4125 0.035416666666666666 0.03518518518518519
0 0.6885416666666667 0.4125 0.035416666666666666 0.03518518518518519
0 0.6020833333333333 0.4115740740740741 0.035416666666666666 0.03518518518518519
0 0.515625 0.4115740740740741 0.035416666666666666 0.03518518518518519
0 0.42916666666666664 0.4115740740740741 0.035416666666666666 0.03518518518518519
0 0.34375 0.4101851851851852 0.035416666666666666 0.03518518518518519
0 0.25729166666666664 0.4101851851851852 0.035416666666666666 0.03518518518518519
0 0.7895833333333333 0.48148148148148145 0.035416666666666666 0.03518518518518519
0 0.6989583333333333 0.48148148148148145 0.035416666666666666 0.03518518518518519
0 0.609375 0.48148148148148145 0.035416666666666666 0.03518518518518519
0 0.51875 0.48009259259259257 0.035416666666666666 0.03518518518518519
0 0.42916666666666664 0.48009259259259257 0.035416666666666666 0.03518518518518519
0 0.3385416666666667 0.48009259259259257 0.035416666666666666 0.03518518518518519
0 0.24895833333333334 0.4791666666666667 0.035416666666666666 0.03518518518518519
0 0.80625 0.5574074074074075 0.035416666666666666 0.03518518518518519
0 0.7114583333333333 0.5574074074074075 0.035416666666666666 0.03518518518518519
0 0.6166666666666667 0.5564814814814815 0.035416666666666666 0.03518518518518519
0 0.521875 0.5564814814814815 0.035416666666666666 0.03518518518518519
0 0.428125 0.5564814814814815 0.035416666666666666 0.03518518518518519
0 0.3333333333333333 0.5550925925925926 0.035416666666666666 0.03518518518518519
0 0.23854166666666668 0.5550925925925926 0.035416666666666666 0.03518518518518519
0 0.825 0.6416666666666667 0.035416666666666666 0.03518518518518519
0 0.725 0.6407407407407407 0.035416666666666666 0.03518518518518519
0 0.6260416666666667 0.6407407407407407 0.035416666666666666 0.03518518518518519
0 0.5260416666666666 0.6398148148148148 0.035416666666666666 0.03518518518518519
0 0.4270833333333333 0.6398148148148148 0.035416666666666666 0.03518518518518519
0 0.32708333333333334 0.6398148148148148 0.035416666666666666 0.03518518518518519
0 0.228125 0.638425925925926 0.035416666666666666 0.03518518518518519