0 0.24166666666666667 0.6467592592592593 0.029166666666666667 0.029166666666666667
0 0.31875 0.6532407407407408 0.029166666666666667 0.029166666666666667
0 0.396875 0.6592592592592592 0.029166666666666667 0.029166666666666667
0 0.478125 0.6657407407407407 0.029166666666666667 0.029166666666666667
0 0.5625 0.6731481481481482 0.029166666666666667 0.029166666666666667
0 0.6489583333333333 0.6791666666666667 0.029166666666666667 0.029166666666666667
0 0.7385416666666667 0.6865740740740741 0.029166666666666667 0.029166666666666667
0 0.25729166666666664 0.5685185185185185 0.029166666666666667 0.029166666666666667
0 0.33229166666666665 0.5731481481481482 0.029166666666666667 0.029166666666666667
0 0.409375 0.5782407407407407 0.029166666666666667 0.029166666666666667
0 0.48854166666666665 0.5833333333333334 0.029166666666666667 0.029166666666666667
0 0.5708333333333333 0.5884259259259259 0.029166666666666667 0.029166666666666667
0 0.6552083333333333 0.5935185185185186 0.029166666666666667 0.029166666666666667
0 0.7427083333333333 0.5990740740740741 0.029166666666666667 0.029166666666666667
0 0.27291666666666664 0.4925925925925926 0.029166666666666667 0.029166666666666667
0 0.3458333333333333 0.49583333333333335 0.029166666666666667 0.029166666666666667
0 0.42083333333333334 0.5 0.029166666666666667 0.029166666666666667
0 0.49895833333333334 0.5041666666666667 0.029166666666666667 0.029166666666666667
0 0.5791666666666667 0.5074074074074074 0.029166666666666667 0.029166666666666667
0 0.6614583333333334 0.5115740740740741 0.029166666666666667 0.029166666666666667
0 0.746875 0.5157407407407407 0.029166666666666667 0.029166666666666667
0 0.2864583333333333 0.42083333333333334 0.029166666666666667 0.029166666666666667
0 0.35833333333333334 0.42314814814814816 0.029166666666666667 0.029166666666666667
0 0.4322916666666667 0.42592592592592593 0.029166666666666667 0.029166666666666667
0 0.5083333333333333 0.42824074074074076 0.029166666666666667 0.029166666666666667
0 0.5864583333333333 0.43148148148148147 0.029166666666666667 0.029166666666666667
0 0.6677083333333333 0.43333333333333335 0.029166666666666667 0.029166666666666667
0 0.7510416666666667 0.43657407407407406 0.029166666666666667 0.029166666666666667
0 0.3 0.35185185185185186 0.029166666666666667 0.029166666666666667
0 0.37083333333333335 0.35324074074074074 0.029166666666666667 0.029166666666666667
0 0.4427083333333333 0.35509259259259257 0.029166666666666667 0.029166666666666667
0 0.5177083333333333 0.35648148148148145 0.029166666666666667 0.029166666666666667
0 0.59375 0.35833333333333334 0.029166666666666667 0.029166666666666667
0 0.6729166666666667 0.3592592592592593 0.029166666666666667 0.029166666666666667
0 0.7541666666666667 0.36157407407407405 0.029166666666666667 0.029166666666666667
0 0.31354166666666666 0.2865740740740741 0.029166666666666667 0.029166666666666667
0 0.38229166666666664 0.2865740740740741 0.029166666666666667 0.029166666666666667
0 0.453125 0.2875 0.029166666666666667 0.029166666666666667
0 0.5260416666666666 0.2875 0.029166666666666667 0.029166666666666667
0 0.6010416666666667 0.2884259259259259 0.029166666666666667 0.029166666666666667
0 0.678125 0.2884259259259259 0.029166666666666667 0.029166666666666667
0 0.7572916666666667 0.2898148148148148 0.029166666666666667 0.029166666666666667
0 0.3260416666666667 0.22314814814814815 0.029166666666666667 0.029166666666666667
0 0.39375 0.22314814814814815 0.029166666666666667 0.029166666666666667
0 0.4635416666666667 0.22175925925925927 0.029166666666666667 0.029166666666666667
0 0.534375 0.22175925925925927 0.029166666666666667 0.029166666666666667
0 0.6083333333333333 0.22175925925925927 0.029166666666666667 0.029166666666666667
0 0.6833333333333333 0.22083333333333333 0.029166666666666667 0.029166666666666667
0 0.7614583333333333 0.22083333333333333 0.029166666666666667 0.029166666666666667