0 0.746875 0.24259259259259258 0.03333333333333333 0.03333333333333333
0 0.6729166666666667 0.24166666666666667 0.03333333333333333 0.03333333333333333
0 0.5989583333333334 0.24074074074074073 0.03333333333333333 0.03333333333333333
0 0.5260416666666666 0.24074074074074073 0.03333333333333333 0.03333333333333333
0 0.453125 0.23981481481481481 0.03333333333333333 0.03333333333333333
0 0.3802083333333333 0.23842592592592593 0.03333333333333333 0.03333333333333333
0 0.3072916666666667 0.23842592592592593 0.03333333333333333 0.03333333333333333
0 0.7541666666666667 0.30185185185185187 0.03333333333333333 0.03333333333333333
0 0.6770833333333334 0.30092592592592593 0.03333333333333333 0.03333333333333333
0 0.6010416666666667 0.3 0.03333333333333333 0.03333333333333333
0 0.5239583333333333 0.29907407407407405 0.03333333333333333 0.03333333333333333
0 0.44895833333333335 0.29907407407407405 0.03333333333333333 0.03333333333333333
0 0.3729166666666667 0.29814814814814816 0.03333333333333333 0.03333333333333333
0 0.29791666666666666 0.2967592592592593 0.03333333333333333 0.03333333333333333
0 0.7625 0.36666666666666664 0.03333333333333333 0.03333333333333333
0 0.6822916666666666 0.36574074074074076 0.03333333333333333 0.03333333333333333
0 0.6020833333333333 0.3648148148148148 0.03333333333333333 0.03333333333333333
0 0.5229166666666667 0.36342592592592593 0.03333333333333333 0.03333333333333333
0 0.44375 0.3625 0.03333333333333333 0.03333333333333333
0 0.365625 0.36018518518518516 0.03333333333333333 0.03333333333333333
0 0.2875 0.3592592592592593 0.03333333333333333 0.03333333333333333
0 0.7708333333333334 0.43657407407407406 0.03333333333333333 0.03333333333333333
0 0.6875 0.4351851851851852 0.03333333333333333 0.03333333333333333
0 0.6041666666666666 0.43333333333333335 0.03333333333333333 0.03333333333333333
0 0.521875 0.4324074074074074 0.03333333333333333 0.03333333333333333
0 0.4395833333333333 0.43148148148148147 0.03333333333333333 0.03333333333333333
0 0.3572916666666667 0.42916666666666664 0.03333333333333333 0.03333333333333333
0 0.2760416666666667 0.42824074074074076 0.03333333333333333 0.03333333333333333
0 0.7802083333333333 0.5125 0.03333333333333333 0.03333333333333333
0 0.6927083333333334 0.5101851851851852 0.03333333333333333 0.03333333333333333
0 0.60625 0.5092592592592593 0.03333333333333333 0.03333333333333333
0 0.5197916666666667 0.5074074074074074 0.03333333333333333 0.03333333333333333
0 0.434375 0.5050925925925925 0.03333333333333333 0.03333333333333333
0 0.3489583333333333 0.5041666666666667 0.03333333333333333 0.03333333333333333
0 0.26458333333333334 0.5018518518518519 0.03333333333333333 0.03333333333333333
0 0.790625 0.5958333333333333 0.03333333333333333 0.03333333333333333
0 0.6989583333333333 0.5935185185185186 0.03333333333333333 0.03333333333333333
0 0.6083333333333333 0.5916666666666667 0.03333333333333333 0.03333333333333333
0 0.5177083333333333 0.5898148148148148 0.03333333333333333 0.03333333333333333
0 0.428125 0.5875 0.03333333333333333 0.03333333333333333
0 0.33958333333333335 0.5851851851851851 0.03333333333333333 0.03333333333333333
0 0.25104166666666666 0.5833333333333334 0.03333333333333333 0.03333333333333333
0 0.8020833333333334 0.6865740740740741 0.03333333333333333 0.03333333333333333
0 0.70625 0.6842592592592592 0.03333333333333333 0.03333333333333333
0 0.6104166666666667 0.6824074074074075 0.03333333333333333 0.03333333333333333
0 0.515625 0.6791666666666667 0.03333333333333333 0.03333333333333333
0 0.421875 0.6768518518518518 0.03333333333333333 0.03333333333333333
0 0.32916666666666666 0.674074074074074 0.03333333333333333 0.03333333333333333
0 0.23645833333333333 0.6717592592592593 0.03333333333333333 0.03333333333333333