0 0.7072916666666667 0.18611111111111112 0.025 0.03333333333333333
0 0.6395833333333333 0.18888888888888888 0.025 0.03333333333333333
0 0.571875 0.19027777777777777 0.025 0.03333333333333333
0 0.5041666666666667 0.19305555555555556 0.025 0.03333333333333333
0 0.4375 0.19583333333333333 0.025 0.03333333333333333
0 0.37083333333333335 0.19722222222222222 0.025 0.03333333333333333
0 0.30416666666666664 0.2 0.025 0.03333333333333333
0 0.7177083333333333 0.2513888888888889 0.025 0.03333333333333333
0 0.646875 0.25277777777777777 0.025 0.03333333333333333
0 0.5760416666666667 0.25555555555555554 0.025 0.03333333333333333
0 0.5052083333333334 0.2569444444444444 0.025 0.03333333333333333
0 0.434375 0.25972222222222224 0.025 0.03333333333333333
0 0.3645833333333333 0.2625 0.025 0.03333333333333333
0 0.2947916666666667 0.2638888888888889 0.025 0.03333333333333333
0 0.7302083333333333 0.32222222222222224 0.025 0.03333333333333333
0 0.6552083333333333 0.3236111111111111 0.025 0.03333333333333333
0 0.5802083333333333 0.3263888888888889 0.025 0.03333333333333333
0 0.5052083333333334 0.32916666666666666 0.025 0.03333333333333333
0 0.43125 0.33055555555555555 0.025 0.03333333333333333
0 0.35833333333333334 0.3333333333333333 0.025 0.03333333333333333
0 0.284375 0.3347222222222222 0.025 0.03333333333333333
0 0.74375 0.4013888888888889 0.025 0.03333333333333333
0 0.6635416666666667 0.4041666666666667 0.025 0.03333333333333333
0 0.5854166666666667 0.40555555555555556 0.025 0.03333333333333333
0 0.50625 0.4083333333333333 0.025 0.03333333333333333
0 0.428125 0.4097222222222222 0.025 0.03333333333333333
0 0.35 0.4125 0.025 0.03333333333333333
0 0.27291666666666664 0.41388888888888886 0.025 0.03333333333333333
0 0.7583333333333333 0.49027777777777776 0.025 0.03333333333333333
0 0.6739583333333333 0.4930555555555556 0.025 0.03333333333333333
0 0.590625 0.49444444444444446 0.025 0.03333333333333333
0 0.5072916666666667 0.49583333333333335 0.025 0.03333333333333333
0 0.4239583333333333 0.4986111111111111 0.025 0.03333333333333333
0 0.3416666666666667 0.5 0.025 0.03333333333333333
0 0.2604166666666667 0.5027777777777778 0.025 0.03333333333333333
0 0.7760416666666666 0.5902777777777778 0.025 0.03333333333333333
0 0.6854166666666667 0.5930555555555556 0.025 0.03333333333333333
0 0.596875 0.5944444444444444 0.025 0.03333333333333333
0 0.5083333333333333 0.5958333333333333 0.025 0.03333333333333333
0 0.4197916666666667 0.5986111111111111 0.025 0.03333333333333333
0 0.33229166666666665 0.6 0.025 0.03333333333333333
0 0.24479166666666666 0.6013888888888889 0.025 0.03333333333333333
0 0.7947916666666667 0.7041666666666667 0.025 0.03333333333333333
0 0.6989583333333333 0.7069444444444445 0.025 0.03333333333333333
0 0.6041666666666666 0.7083333333333334 0.025 0.03333333333333333
0 0.509375 0.7097222222222223 0.025 0.03333333333333333
0 0.415625 0.7111111111111111 0.025 0.03333333333333333
0 0.321875 0.7125 0.025 0.03333333333333333
0 0.22916666666666666 0.7138888888888889 0.025 0.03333333333333333