0 0.23333333333333334 0.6458333333333334 0.03333333333333333 0.03333333333333333
0 0.33125 0.6416666666666667 0.03333333333333333 0.03333333333333333
0 0.428125 0.638425925925926 0.03333333333333333 0.03333333333333333
0 0.525 0.6342592592592593 0.03333333333333333 0.03333333333333333
0 0.621875 0.6300925925925925 0.03333333333333333 0.03333333333333333
0 0.71875 0.6268518518518519 0.03333333333333333 0.03333333333333333
0 0.815625 0.6231481481481481 0.03333333333333333 0.03333333333333333
0 0.23854166666666668 0.5541666666666667 0.03333333333333333 0.03333333333333333
0 0.33229166666666665 0.55 0.03333333333333333 0.03333333333333333
0 0.4270833333333333 0.5467592592592593 0.03333333333333333 0.03333333333333333
0 0.5208333333333334 0.5425925925925926 0.03333333333333333 0.03333333333333333
0 0.6145833333333334 0.5398148148148149 0.03333333333333333 0.03333333333333333
0 0.7083333333333334 0.5351851851851852 0.03333333333333333 0.03333333333333333
0 0.8020833333333334 0.5324074074074074 0.03333333333333333 0.03333333333333333
0 0.24270833333333333 0.4675925925925926 0.03333333333333333 0.03333333333333333
0 0.334375 0.4648148148148148 0.03333333333333333 0.03333333333333333
0 0.42604166666666665 0.4601851851851852 0.03333333333333333 0.03333333333333333
0 0.5166666666666667 0.45740740740740743 0.03333333333333333 0.03333333333333333
0 0.6083333333333333 0.45416666666666666 0.03333333333333333 0.03333333333333333
0 0.6989583333333333 0.45092592592592595 0.03333333333333333 0.03333333333333333
0 0.7895833333333333 0.44675925925925924 0.03333333333333333 0.03333333333333333
0 0.246875 0.38657407407407407 0.03333333333333333 0.03333333333333333
0 0.33645833333333336 0.38333333333333336 0.03333333333333333 0.03333333333333333
0 0.425 0.3800925925925926 0.03333333333333333 0.03333333333333333
0 0.5135416666666667 0.3768518518518518 0.03333333333333333 0.03333333333333333
0 0.6010416666666667 0.37407407407407406 0.03333333333333333 0.03333333333333333
0 0.6895833333333333 0.37083333333333335 0.03333333333333333 0.03333333333333333
0 0.778125 0.3675925925925926 0.03333333333333333 0.03333333333333333
0 0.25104166666666666 0.3101851851851852 0.03333333333333333 0.03333333333333333
0 0.3375 0.3074074074074074 0.03333333333333333 0.03333333333333333
0 0.4239583333333333 0.30416666666666664 0.03333333333333333 0.03333333333333333
0 0.509375 0.30092592592592593 0.03333333333333333 0.03333333333333333
0 0.5958333333333333 0.29814814814814816 0.03333333333333333 0.03333333333333333
0 0.68125 0.2949074074074074 0.03333333333333333 0.03333333333333333
0 0.7666666666666667 0.2916666666666667 0.03333333333333333 0.03333333333333333
0 0.2552083333333333 0.2375 0.03333333333333333 0.03333333333333333
0 0.3385416666666667 0.2351851851851852 0.03333333333333333 0.03333333333333333
0 0.42291666666666666 0.2324074074074074 0.03333333333333333 0.03333333333333333
0 0.50625 0.22916666666666666 0.03333333333333333 0.03333333333333333
0 0.5895833333333333 0.22592592592592592 0.03333333333333333 0.03333333333333333
0 0.6729166666666667 0.22314814814814815 0.03333333333333333 0.03333333333333333
0 0.75625 0.22083333333333333 0.03333333333333333 0.03333333333333333
0 0.25833333333333336 0.1699074074074074 0.03333333333333333 0.03333333333333333
0 0.340625 0.16666666666666666 0.03333333333333333 0.03333333333333333
0 0.421875 0.1648148148148148 0.03333333333333333 0.03333333333333333
0 0.503125 0.16157407407407406 0.03333333333333333 0.03333333333333333
0 0.584375 0.15833333333333333 0.03333333333333333 0.03333333333333333
0 0.665625 0.15648148148148147 0.03333333333333333 0.03333333333333333
0 0.7458333333333333 0.15324074074074073 0.03333333333333333 0.03333333333333333