0 0.2864583333333333 0.6680555555555555 0.020833333333333332 0.027777777777777776
0 0.3645833333333333 0.6652777777777777 0.020833333333333332 0.027777777777777776
0 0.44375 0.6625 0.020833333333333332 0.027777777777777776
0 0.525 0.6597222222222222 0.020833333333333332 0.027777777777777776
0 0.60625 0.6569444444444444 0.020833333333333332 0.027777777777777776
0 0.6895833333333333 0.6541666666666667 0.020833333333333332 0.027777777777777776
0 0.7729166666666667 0.6513888888888889 0.020833333333333332 0.027777777777777776
0 0.296875 0.5763888888888888 0.020833333333333332 0.027777777777777776
0 0.371875 0.5736111111111111 0.020833333333333332 0.027777777777777776
0 0.4479166666666667 0.5694444444444444 0.020833333333333332 0.027777777777777776
0 0.5239583333333333 0.5666666666666667 0.020833333333333332 0.027777777777777776
0 0.6020833333333333 0.5638888888888889 0.020833333333333332 0.027777777777777776
0 0.68125 0.5597222222222222 0.020833333333333332 0.027777777777777776
0 0.7604166666666666 0.5569444444444445 0.020833333333333332 0.027777777777777776
0 0.3072916666666667 0.4930555555555556 0.020833333333333332 0.027777777777777776
0 0.378125 0.4888888888888889 0.020833333333333332 0.027777777777777776
0 0.4510416666666667 0.4847222222222222 0.020833333333333332 0.027777777777777776
0 0.5239583333333333 0.48194444444444445 0.020833333333333332 0.027777777777777776
0 0.5979166666666667 0.4777777777777778 0.020833333333333332 0.027777777777777776
0 0.6729166666666667 0.4736111111111111 0.020833333333333332 0.027777777777777776
0 0.75 0.4708333333333333 0.020833333333333332 0.027777777777777776
0 0.315625 0.4152777777777778 0.020833333333333332 0.027777777777777776
0 0.384375 0.4125 0.020833333333333332 0.027777777777777776
0 0.453125 0.4083333333333333 0.020833333333333332 0.027777777777777776
0 0.5239583333333333 0.4041666666666667 0.020833333333333332 0.027777777777777776
0 0.5947916666666667 0.4 0.020833333333333332 0.027777777777777776
0 0.6666666666666666 0.3958333333333333 0.020833333333333332 0.027777777777777776
0 0.7395833333333334 0.39166666666666666 0.020833333333333332 0.027777777777777776
0 0.32395833333333335 0.3458333333333333 0.020833333333333332 0.027777777777777776
0 0.38958333333333334 0.3416666666666667 0.020833333333333332 0.027777777777777776
0 0.45625 0.3375 0.020833333333333332 0.027777777777777776
0 0.5239583333333333 0.3333333333333333 0.020833333333333332 0.027777777777777776
0 0.5916666666666667 0.32916666666666666 0.020833333333333332 0.027777777777777776
0 0.6604166666666667 0.3236111111111111 0.020833333333333332 0.027777777777777776
0 0.7302083333333333 0.3194444444444444 0.020833333333333332 0.027777777777777776
0 0.33229166666666665 0.28055555555555556 0.020833333333333332 0.027777777777777776
0 0.39479166666666665 0.2763888888888889 0.020833333333333332 0.027777777777777776
0 0.4583333333333333 0.2722222222222222 0.020833333333333332 0.027777777777777776
0 0.5229166666666667 0.26805555555555555 0.020833333333333332 0.027777777777777776
0 0.5885416666666666 0.2625 0.020833333333333332 0.027777777777777776
0 0.6541666666666667 0.25833333333333336 0.020833333333333332 0.027777777777777776
0 0.7208333333333333 0.25416666666666665 0.020833333333333332 0.027777777777777776
0 0.3385416666666667 0.22083333333333333 0.020833333333333332 0.027777777777777776
0 0.4 0.21666666666666667 0.020833333333333332 0.027777777777777776
0 0.46041666666666664 0.2111111111111111 0.020833333333333332 0.027777777777777776
0 0.5229166666666667 0.20694444444444443 0.020833333333333332 0.027777777777777776
0 0.5854166666666667 0.20277777777777778 0.020833333333333332 0.027777777777777776
0 0.6489583333333333 0.19722222222222222 0.020833333333333332 0.027777777777777776
0 0.7135416666666666 0.19305555555555556 0.020833333333333332 0.027777777777777776