0 0.6510416666666666 0.18055555555555555 0.025 0.03333333333333333
0 0.5833333333333334 0.18611111111111112 0.025 0.03333333333333333
0 0.515625 0.19166666666666668 0.025 0.03333333333333333
0 0.4479166666666667 0.19722222222222222 0.025 0.03333333333333333
0 0.3802083333333333 0.20277777777777778 0.025 0.03333333333333333
0 0.3125 0.20833333333333334 0.025 0.03333333333333333
0 0.24479166666666666 0.21388888888888888 0.025 0.03333333333333333
0 0.6625 0.24305555555555555 0.025 0.03333333333333333
0 0.590625 0.25 0.025 0.03333333333333333
0 0.5197916666666667 0.25555555555555554 0.025 0.03333333333333333
0 0.44895833333333335 0.2611111111111111 0.025 0.03333333333333333
0 0.3770833333333333 0.26666666666666666 0.025 0.03333333333333333
0 0.30625 0.2722222222222222 0.025 0.03333333333333333
0 0.23541666666666666 0.2777777777777778 0.025 0.03333333333333333
0 0.675 0.3138888888888889 0.025 0.03333333333333333
0 0.6 0.3194444444444444 0.025 0.03333333333333333
0 0.525 0.3263888888888889 0.025 0.03333333333333333
0 0.45 0.33194444444444443 0.025 0.03333333333333333
0 0.375 0.3375 0.025 0.03333333333333333
0 0.3 0.34444444444444444 0.025 0.03333333333333333
0 0.225 0.35 0.025 0.03333333333333333
0 0.6885416666666667 0.39166666666666666 0.025 0.03333333333333333
0 0.609375 0.39861111111111114 0.025 0.03333333333333333
0 0.5302083333333333 0.4041666666666667 0.025 0.03333333333333333
0 0.4510416666666667 0.4111111111111111 0.025 0.03333333333333333
0 0.371875 0.4166666666666667 0.025 0.03333333333333333
0 0.29270833333333335 0.4236111111111111 0.025 0.03333333333333333
0 0.21354166666666666 0.4305555555555556 0.025 0.03333333333333333
0 0.7041666666666667 0.4791666666666667 0.025 0.03333333333333333
0 0.6208333333333333 0.4861111111111111 0.025 0.03333333333333333
0 0.5364583333333334 0.4930555555555556 0.025 0.03333333333333333
0 0.45208333333333334 0.5 0.025 0.03333333333333333
0 0.36875 0.5069444444444444 0.025 0.03333333333333333
0 0.284375 0.5125 0.025 0.03333333333333333
0 0.2 0.5194444444444445 0.025 0.03333333333333333
0 0.721875 0.5777777777777777 0.025 0.03333333333333333
0 0.6333333333333333 0.5847222222222223 0.025 0.03333333333333333
0 0.54375 0.5916666666666667 0.025 0.03333333333333333
0 0.45416666666666666 0.6 0.025 0.03333333333333333
0 0.3645833333333333 0.6069444444444444 0.025 0.03333333333333333
0 0.275 0.6138888888888889 0.025 0.03333333333333333
0 0.18645833333333334 0.6208333333333333 0.025 0.03333333333333333
0 0.7427083333333333 0.6902777777777778 0.025 0.03333333333333333
0 0.646875 0.6972222222222222 0.025 0.03333333333333333
0 0.5510416666666667 0.7055555555555556 0.025 0.03333333333333333
0 0.45625 0.7125 0.025 0.03333333333333333
0 0.36041666666666666 0.7208333333333333 0.025 0.03333333333333333
0 0.26458333333333334 0.7277777777777777 0.025 0.03333333333333333
0 0.16979166666666667 0.7361111111111112 0.025 0.03333333333333333