0 0.24166666666666667 0.6564814814814814 0.03333333333333333 0.03333333333333333
0 0.33958333333333335 0.6574074074074074 0.03333333333333333 0.03333333333333333
0 0.43645833333333334 0.6583333333333333 0.03333333333333333 0.03333333333333333
0 0.534375 0.6592592592592592 0.03333333333333333 0.03333333333333333
0 0.63125 0.6601851851851852 0.03333333333333333 0.03333333333333333
0 0.728125 0.6615740740740741 0.03333333333333333 0.03333333333333333
0 0.8260416666666667 0.6625 0.03333333333333333 0.03333333333333333
0 0.25104166666666666 0.5648148148148148 0.03333333333333333 0.03333333333333333
0 0.3458333333333333 0.5657407407407408 0.03333333333333333 0.03333333333333333
0 0.4395833333333333 0.5666666666666667 0.03333333333333333 0.03333333333333333
0 0.5333333333333333 0.5675925925925925 0.03333333333333333 0.03333333333333333
0 0.628125 0.5685185185185185 0.03333333333333333 0.03333333333333333
0 0.721875 0.5699074074074074 0.03333333333333333 0.03333333333333333
0 0.815625 0.5708333333333333 0.03333333333333333 0.03333333333333333
0 0.259375 0.4791666666666667 0.03333333333333333 0.03333333333333333
0 0.35104166666666664 0.48009259259259257 0.03333333333333333 0.03333333333333333
0 0.4427083333333333 0.48148148148148145 0.03333333333333333 0.03333333333333333
0 0.5333333333333333 0.4824074074074074 0.03333333333333333 0.03333333333333333
0 0.6239583333333333 0.48333333333333334 0.03333333333333333 0.03333333333333333
0 0.715625 0.48333333333333334 0.03333333333333333 0.03333333333333333
0 0.80625 0.4842592592592593 0.03333333333333333 0.03333333333333333
0 0.2677083333333333 0.39814814814814814 0.03333333333333333 0.03333333333333333
0 0.35625 0.3990740740740741 0.03333333333333333 0.03333333333333333
0 0.44479166666666664 0.4 0.03333333333333333 0.03333333333333333
0 0.5333333333333333 0.4009259259259259 0.03333333333333333 0.03333333333333333
0 0.621875 0.40185185185185185 0.03333333333333333 0.03333333333333333
0 0.709375 0.40324074074074073 0.03333333333333333 0.03333333333333333
0 0.7979166666666667 0.4041666666666667 0.03333333333333333 0.03333333333333333
0 0.2760416666666667 0.32314814814814813 0.03333333333333333 0.03333333333333333
0 0.3614583333333333 0.32407407407407407 0.03333333333333333 0.03333333333333333
0 0.446875 0.325 0.03333333333333333 0.03333333333333333
0 0.5333333333333333 0.325 0.03333333333333333 0.03333333333333333
0 0.61875 0.32592592592592595 0.03333333333333333 0.03333333333333333
0 0.7041666666666667 0.32685185185185184 0.03333333333333333 0.03333333333333333
0 0.7895833333333333 0.3282407407407407 0.03333333333333333 0.03333333333333333
0 0.2833333333333333 0.25092592592592594 0.03333333333333333 0.03333333333333333
0 0.365625 0.2518518518518518 0.03333333333333333 0.03333333333333333
0 0.44895833333333335 0.25324074074074077 0.03333333333333333 0.03333333333333333
0 0.5322916666666667 0.25416666666666665 0.03333333333333333 0.03333333333333333
0 0.615625 0.2550925925925926 0.03333333333333333 0.03333333333333333
0 0.6989583333333333 0.2564814814814815 0.03333333333333333 0.03333333333333333
0 0.7822916666666667 0.2574074074074074 0.03333333333333333 0.03333333333333333
0 0.28958333333333336 0.18333333333333332 0.03333333333333333 0.03333333333333333
0 0.37083333333333335 0.18425925925925926 0.03333333333333333 0.03333333333333333
0 0.4510416666666667 0.18518518518518517 0.03333333333333333 0.03333333333333333
0 0.5322916666666667 0.1865740740740741 0.03333333333333333 0.03333333333333333
0 0.6135416666666667 0.1875 0.03333333333333333 0.03333333333333333
0 0.69375 0.1884259259259259 0.03333333333333333 0.03333333333333333
0 0.775 0.18981481481481483 0.03333333333333333 0.03333333333333333