0 0.7072916666666667 0.1574074074074074 0.022916666666666665 0.03425925925925926
0 0.63125 0.1574074074074074 0.022916666666666665 0.03425925925925926
0 0.5552083333333333 0.15555555555555556 0.022916666666666665 0.03425925925925926
0 0.4791666666666667 0.15555555555555556 0.022916666666666665 0.03425925925925926
0 0.40208333333333335 0.15416666666666667 0.022916666666666665 0.03425925925925926
0 0.32395833333333335 0.15416666666666667 0.022916666666666665 0.03425925925925926
0 0.246875 0.1527777777777778 0.022916666666666665 0.03425925925925926
0 0.71875 0.23842592592592593 0.022916666666666665 0.03425925925925926
0 0.6395833333333333 0.23657407407407408 0.022916666666666665 0.03425925925925926
0 0.5614583333333333 0.23657407407407408 0.022916666666666665 0.03425925925925926
0 0.48125 0.23657407407407408 0.022916666666666665 0.03425925925925926
0 0.40208333333333335 0.2351851851851852 0.022916666666666665 0.03425925925925926
0 0.321875 0.2351851851851852 0.022916666666666665 0.03425925925925926
0 0.240625 0.2351851851851852 0.022916666666666665 0.03425925925925926
0 0.7302083333333333 0.32407407407407407 0.022916666666666665 0.03425925925925926
0 0.6489583333333333 0.32407407407407407 0.022916666666666665 0.03425925925925926
0 0.5677083333333334 0.32407407407407407 0.022916666666666665 0.03425925925925926
0 0.484375 0.32222222222222224 0.022916666666666665 0.03425925925925926
0 0.40208333333333335 0.32222222222222224 0.022916666666666665 0.03425925925925926
0 0.31875 0.32222222222222224 0.022916666666666665 0.03425925925925926
0 0.234375 0.32222222222222224 0.022916666666666665 0.03425925925925926
0 0.74375 0.41759259259259257 0.022916666666666665 0.03425925925925926
0 0.659375 0.41759259259259257 0.022916666666666665 0.03425925925925926
0 0.5739583333333333 0.41759259259259257 0.022916666666666665 0.03425925925925926
0 0.48854166666666665 0.41759259259259257 0.022916666666666665 0.03425925925925926
0 0.40208333333333335 0.41759259259259257 0.022916666666666665 0.03425925925925926
0 0.315625 0.41759259259259257 0.022916666666666665 0.03425925925925926
0 0.228125 0.41759259259259257 0.022916666666666665 0.03425925925925926
0 0.7583333333333333 0.5185185185185185 0.022916666666666665 0.03425925925925926
0 0.6697916666666667 0.5185185185185185 0.022916666666666665 0.03425925925925926
0 0.58125 0.5185185185185185 0.022916666666666665 0.03425925925925926
0 0.49166666666666664 0.5185185185185185 0.022916666666666665 0.03425925925925926
0 0.40208333333333335 0.5203703703703704 0.022916666666666665 0.03425925925925926
0 0.31145833333333334 0.5203703703703704 0.022916666666666665 0.03425925925925926
0 0.21979166666666666 0.5203703703703704 0.022916666666666665 0.03425925925925926
0 0.7739583333333333 0.6277777777777778 0.022916666666666665 0.03425925925925926
0 0.6822916666666666 0.6291666666666667 0.022916666666666665 0.03425925925925926
0 0.5895833333333333 0.6291666666666667 0.022916666666666665 0.03425925925925926
0 0.49583333333333335 0.6310185185185185 0.022916666666666665 0.03425925925925926
0 0.40208333333333335 0.6310185185185185 0.022916666666666665 0.03425925925925926
0 0.3072916666666667 0.6324074074074074 0.022916666666666665 0.03425925925925926
0 0.2125 0.6324074074074074 0.022916666666666665 0.03425925925925926
0 0.7916666666666666 0.7476851851851852 0.022916666666666665 0.03425925925925926
0 0.6947916666666667 0.7490740740740741 0.022916666666666665 0.03425925925925926
0 0.5979166666666667 0.7509259259259259 0.022916666666666665 0.03425925925925926
0 0.5010416666666667 0.7523148148148148 0.022916666666666665 0.03425925925925926
0 0.40208333333333335 0.7523148148148148 0.022916666666666665 0.03425925925925926
0 0.303125 0.7537037037037037 0.022916666666666665 0.03425925925925926
0 0.203125 0.7555555555555555 0.022916666666666665 0.03425925925925926