0 0.7114583333333333 0.37175925925925923 0.03125 0.03148148148148148
0 0.64375 0.3731481481481482 0.03125 0.03148148148148148
0 0.5760416666666667 0.3731481481481482 0.03125 0.03148148148148148
0 0.5083333333333333 0.37407407407407406 0.03125 0.03148148148148148
0 0.440625 0.37407407407407406 0.03125 0.03148148148148148
0 0.37395833333333334 0.375 0.03125 0.03148148148148148
0 0.30625 0.375 0.03125 0.03148148148148148
0 0.7197916666666667 0.42685185185185187 0.03125 0.03148148148148148
0 0.65 0.42824074074074076 0.03125 0.03148148148148148
0 0.5791666666666667 0.42824074074074076 0.03125 0.03148148148148148
0 0.5083333333333333 0.42824074074074076 0.03125 0.03148148148148148
0 0.43854166666666666 0.42916666666666664 0.03125 0.03148148148148148
0 0.36770833333333336 0.42916666666666664 0.03125 0.03148148148148148
0 0.29791666666666666 0.4300925925925926 0.03125 0.03148148148148148
0 0.7302083333333333 0.48657407407407405 0.03125 0.03148148148148148
0 0.65625 0.4875 0.03125 0.03148148148148148
0 0.5822916666666667 0.4875 0.03125 0.03148148148148148
0 0.5083333333333333 0.48842592592592593 0.03125 0.03148148148148148
0 0.4354166666666667 0.48842592592592593 0.03125 0.03148148148148148
0 0.3614583333333333 0.48842592592592593 0.03125 0.03148148148148148
0 0.28854166666666664 0.4898148148148148 0.03125 0.03148148148148148
0 0.740625 0.5518518518518518 0.03125 0.03148148148148148
0 0.6635416666666667 0.5518518518518518 0.03125 0.03148148148148148
0 0.5854166666666667 0.5532407407407407 0.03125 0.03148148148148148
0 0.509375 0.5532407407407407 0.03125 0.03148148148148148
0 0.4322916666666667 0.5532407407407407 0.03125 0.03148148148148148
0 0.35520833333333335 0.5541666666666667 0.03125 0.03148148148148148
0 0.2791666666666667 0.5541666666666667 0.03125 0.03148148148148148
0 0.7520833333333333 0.6240740740740741 0.03125 0.03148148148148148
0 0.6708333333333333 0.6240740740740741 0.03125 0.03148148148148148
0 0.5895833333333333 0.6240740740740741 0.03125 0.03148148148148148
0 0.509375 0.625 0.03125 0.03148148148148148
0 0.428125 0.625 0.03125 0.03148148148148148
0 0.34791666666666665 0.625 0.03125 0.03148148148148148
0 0.2677083333333333 0.6259259259259259 0.03125 0.03148148148148148
0 0.7645833333333333 0.7032407407407407 0.03125 0.03148148148148148
0 0.6791666666666667 0.7032407407407407 0.03125 0.03148148148148148
0 0.5947916666666667 0.7032407407407407 0.03125 0.03148148148148148
0 0.509375 0.7032407407407407 0.03125 0.03148148148148148
0 0.425 0.7041666666666667 0.03125 0.03148148148148148
0 0.33958333333333335 0.7041666666666667 0.03125 0.03148148148148148
0 0.2552083333333333 0.7041666666666667 0.03125 0.03148148148148148
0 0.7791666666666667 0.7907407407407407 0.03125 0.03148148148148148
0 0.6885416666666667 0.7907407407407407 0.03125 0.03148148148148148
0 0.5989583333333334 0.7907407407407407 0.03125 0.03148148148148148
0 0.509375 0.7907407407407407 0.03125 0.03148148148148148
0 0.42083333333333334 0.7907407407407407 0.03125 0.03148148148148148
0 0.33125 0.7907407407407407 0.03125 0.03148148148148148
0 0.24270833333333333 0.7916666666666666 0.03125 0.03148148148148148