0 0.7072916666666667 0.1587962962962963 0.022916666666666665 0.03425925925925926
0 0.63125 0.1587962962962963 0.022916666666666665 0.03425925925925926
0 0.5541666666666667 0.1587962962962963 0.022916666666666665 0.03425925925925926
0 0.47708333333333336 0.1587962962962963 0.022916666666666665 0.03425925925925926
0 0.4 0.1587962962962963 0.022916666666666665 0.03425925925925926
0 0.321875 0.1587962962962963 0.022916666666666665 0.03425925925925926
0 0.24270833333333333 0.1574074074074074 0.022916666666666665 0.03425925925925926
0 0.71875 0.23842592592592593 0.022916666666666665 0.03425925925925926
0 0.6395833333333333 0.23842592592592593 0.022916666666666665 0.03425925925925926
0 0.5604166666666667 0.23981481481481481 0.022916666666666665 0.03425925925925926
0 0.48020833333333335 0.23981481481481481 0.022916666666666665 0.03425925925925926
0 0.4 0.23981481481481481 0.022916666666666665 0.03425925925925926
0 0.31875 0.23981481481481481 0.022916666666666665 0.03425925925925926
0 0.2375 0.23981481481481481 0.022916666666666665 0.03425925925925926
0 0.73125 0.32546296296296295 0.022916666666666665 0.03425925925925926
0 0.6489583333333333 0.32546296296296295 0.022916666666666665 0.03425925925925926
0 0.5666666666666667 0.32546296296296295 0.022916666666666665 0.03425925925925926
0 0.48333333333333334 0.32731481481481484 0.022916666666666665 0.03425925925925926
0 0.4 0.32731481481481484 0.022916666666666665 0.03425925925925926
0 0.315625 0.32731481481481484 0.022916666666666665 0.03425925925925926
0 0.23125 0.32731481481481484 0.022916666666666665 0.03425925925925926
0 0.74375 0.41759259259259257 0.022916666666666665 0.03425925925925926
0 0.659375 0.41898148148148145 0.022916666666666665 0.03425925925925926
0 0.5739583333333333 0.41898148148148145 0.022916666666666665 0.03425925925925926
0 0.4875 0.4203703703703704 0.022916666666666665 0.03425925925925926
0 0.4 0.4203703703703704 0.022916666666666665 0.03425925925925926
0 0.31354166666666666 0.4222222222222222 0.022916666666666665 0.03425925925925926
0 0.225 0.4222222222222222 0.022916666666666665 0.03425925925925926
0 0.7583333333333333 0.5185185185185185 0.022916666666666665 0.03425925925925926
0 0.6697916666666667 0.5203703703703704 0.022916666666666665 0.03425925925925926
0 0.58125 0.5203703703703704 0.022916666666666665 0.03425925925925926
0 0.490625 0.5217592592592593 0.022916666666666665 0.03425925925925926
0 0.4010416666666667 0.5231481481481481 0.022916666666666665 0.03425925925925926
0 0.309375 0.525 0.022916666666666665 0.03425925925925926
0 0.21875 0.525 0.022916666666666665 0.03425925925925926
0 0.7739583333333333 0.6277777777777778 0.022916666666666665 0.03425925925925926
0 0.68125 0.6291666666666667 0.022916666666666665 0.03425925925925926
0 0.5885416666666666 0.6310185185185185 0.022916666666666665 0.03425925925925926
0 0.4947916666666667 0.6324074074074074 0.022916666666666665 0.03425925925925926
0 0.4010416666666667 0.6337962962962963 0.022916666666666665 0.03425925925925926
0 0.30625 0.6356481481481482 0.022916666666666665 0.03425925925925926
0 0.21041666666666667 0.6370370370370371 0.022916666666666665 0.03425925925925926
0 0.790625 0.7462962962962963 0.022916666666666665 0.03425925925925926
0 0.6947916666666667 0.7476851851851852 0.022916666666666665 0.03425925925925926
0 0.5979166666666667 0.7509259259259259 0.022916666666666665 0.03425925925925926
0 0.5 0.7523148148148148 0.022916666666666665 0.03425925925925926
0 0.4010416666666667 0.7537037037037037 0.022916666666666665 0.03425925925925926
0 0.3020833333333333 0.7569444444444444 0.022916666666666665 0.03425925925925926
0 0.20208333333333334 0.7587962962962963 0.022916666666666665 0.03425925925925926