0 0.30833333333333335 0.6444444444444445 0.020833333333333332 0.027777777777777776
0 0.384375 0.6444444444444445 0.020833333333333332 0.027777777777777776
0 0.46041666666666664 0.6458333333333334 0.020833333333333332 0.027777777777777776
0 0.5375 0.6458333333333334 0.020833333333333332 0.027777777777777776
0 0.615625 0.6458333333333334 0.020833333333333332 0.027777777777777776
0 0.69375 0.6458333333333334 0.020833333333333332 0.027777777777777776
0 0.771875 0.6472222222222223 0.020833333333333332 0.027777777777777776
0 0.31979166666666664 0.5583333333333333 0.020833333333333332 0.027777777777777776
0 0.39166666666666666 0.5583333333333333 0.020833333333333332 0.027777777777777776
0 0.46458333333333335 0.5583333333333333 0.020833333333333332 0.027777777777777776
0 0.5375 0.5583333333333333 0.020833333333333332 0.027777777777777776
0 0.6114583333333333 0.5583333333333333 0.020833333333333332 0.027777777777777776
0 0.6854166666666667 0.5583333333333333 0.020833333333333332 0.027777777777777776
0 0.759375 0.5583333333333333 0.020833333333333332 0.027777777777777776
0 0.32916666666666666 0.4791666666666667 0.020833333333333332 0.027777777777777776
0 0.39791666666666664 0.4791666666666667 0.020833333333333332 0.027777777777777776
0 0.4666666666666667 0.4777777777777778 0.020833333333333332 0.027777777777777776
0 0.5364583333333334 0.4777777777777778 0.020833333333333332 0.027777777777777776
0 0.6072916666666667 0.4777777777777778 0.020833333333333332 0.027777777777777776
0 0.678125 0.4777777777777778 0.020833333333333332 0.027777777777777776
0 0.7489583333333333 0.4777777777777778 0.020833333333333332 0.027777777777777776
0 0.3375 0.40694444444444444 0.020833333333333332 0.027777777777777776
0 0.4041666666666667 0.40694444444444444 0.020833333333333332 0.027777777777777776
0 0.46979166666666666 0.40555555555555556 0.020833333333333332 0.027777777777777776
0 0.5364583333333334 0.40555555555555556 0.020833333333333332 0.027777777777777776
0 0.603125 0.40555555555555556 0.020833333333333332 0.027777777777777776
0 0.6708333333333333 0.4041666666666667 0.020833333333333332 0.027777777777777776
0 0.7385416666666667 0.4041666666666667 0.020833333333333332 0.027777777777777776
0 0.3458333333333333 0.3416666666666667 0.020833333333333332 0.027777777777777776
0 0.409375 0.3402777777777778 0.020833333333333332 0.027777777777777776
0 0.471875 0.3402777777777778 0.020833333333333332 0.027777777777777776
0 0.5364583333333334 0.3402777777777778 0.020833333333333332 0.027777777777777776
0 0.6 0.3388888888888889 0.020833333333333332 0.027777777777777776
0 0.6645833333333333 0.3388888888888889 0.020833333333333332 0.027777777777777776
0 0.7291666666666666 0.3375 0.020833333333333332 0.027777777777777776
0 0.353125 0.28194444444444444 0.020833333333333332 0.027777777777777776
0 0.41354166666666664 0.28055555555555556 0.020833333333333332 0.027777777777777776
0 0.475 0.2791666666666667 0.020833333333333332 0.027777777777777776
0 0.5354166666666667 0.2791666666666667 0.020833333333333332 0.027777777777777776
0 0.596875 0.2777777777777778 0.020833333333333332 0.027777777777777776
0 0.6583333333333333 0.2777777777777778 0.020833333333333332 0.027777777777777776
0 0.7208333333333333 0.2763888888888889 0.020833333333333332 0.027777777777777776
0 0.36041666666666666 0.2263888888888889 0.020833333333333332 0.027777777777777776
0 0.41875 0.225 0.020833333333333332 0.027777777777777776
0 0.47708333333333336 0.22361111111111112 0.020833333333333332 0.027777777777777776
0 0.5354166666666667 0.22361111111111112 0.020833333333333332 0.027777777777777776
0 0.59375 0.2222222222222222 0.020833333333333332 0.027777777777777776
0 0.653125 0.22083333333333333 0.020833333333333332 0.027777777777777776
0 0.7135416666666666 0.22083333333333333 0.020833333333333332 0.027777777777777776