0 0.6760416666666667 0.2 0.025 0.03333333333333333
0 0.6104166666666667 0.2013888888888889 0.025 0.03333333333333333
0 0.54375 0.20277777777777778 0.025 0.03333333333333333
0 0.47708333333333336 0.20277777777777778 0.025 0.03333333333333333
0 0.4083333333333333 0.20416666666666666 0.025 0.03333333333333333
0 0.33958333333333335 0.20555555555555555 0.025 0.03333333333333333
0 0.2708333333333333 0.20694444444444443 0.025 0.03333333333333333
0 0.6885416666666667 0.2625 0.025 0.03333333333333333
0 0.6197916666666666 0.2652777777777778 0.025 0.03333333333333333
0 0.55 0.26666666666666666 0.025 0.03333333333333333
0 0.48020833333333335 0.26805555555555555 0.025 0.03333333333333333
0 0.4083333333333333 0.26944444444444443 0.025 0.03333333333333333
0 0.33645833333333336 0.2708333333333333 0.025 0.03333333333333333
0 0.2635416666666667 0.2722222222222222 0.025 0.03333333333333333
0 0.703125 0.3333333333333333 0.025 0.03333333333333333
0 0.63125 0.3347222222222222 0.025 0.03333333333333333
0 0.5572916666666666 0.3375 0.025 0.03333333333333333
0 0.48333333333333334 0.3388888888888889 0.025 0.03333333333333333
0 0.4083333333333333 0.3416666666666667 0.025 0.03333333333333333
0 0.33229166666666665 0.34305555555555556 0.025 0.03333333333333333
0 0.25625 0.3458333333333333 0.025 0.03333333333333333
0 0.71875 0.4097222222222222 0.025 0.03333333333333333
0 0.6427083333333333 0.4125 0.025 0.03333333333333333
0 0.565625 0.4152777777777778 0.025 0.03333333333333333
0 0.4875 0.41805555555555557 0.025 0.03333333333333333
0 0.4083333333333333 0.42083333333333334 0.025 0.03333333333333333
0 0.328125 0.4236111111111111 0.025 0.03333333333333333
0 0.246875 0.4263888888888889 0.025 0.03333333333333333
0 0.7364583333333333 0.49583333333333335 0.025 0.03333333333333333
0 0.65625 0.4986111111111111 0.025 0.03333333333333333
0 0.575 0.5027777777777778 0.025 0.03333333333333333
0 0.49270833333333336 0.5055555555555555 0.025 0.03333333333333333
0 0.4083333333333333 0.5097222222222222 0.025 0.03333333333333333
0 0.32395833333333335 0.5138888888888888 0.025 0.03333333333333333
0 0.2375 0.5166666666666667 0.025 0.03333333333333333
0 0.75625 0.5916666666666667 0.025 0.03333333333333333
0 0.6708333333333333 0.5958333333333333 0.025 0.03333333333333333
0 0.5854166666666667 0.6 0.025 0.03333333333333333
0 0.4979166666666667 0.6055555555555555 0.025 0.03333333333333333
0 0.4083333333333333 0.6097222222222223 0.025 0.03333333333333333
0 0.31875 0.6138888888888889 0.025 0.03333333333333333
0 0.22708333333333333 0.6194444444444445 0.025 0.03333333333333333
0 0.778125 0.7 0.025 0.03333333333333333
0 0.6885416666666667 0.7055555555555556 0.025 0.03333333333333333
0 0.596875 0.7111111111111111 0.025 0.03333333333333333
0 0.503125 0.7166666666666667 0.025 0.03333333333333333
0 0.409375 0.7222222222222222 0.025 0.03333333333333333
0 0.3125 0.7277777777777777 0.025 0.03333333333333333
0 0.21458333333333332 0.7347222222222223 0.025 0.03333333333333333