0 0.6666666666666666 0.17222222222222222 0.025 0.03333333333333333
0 0.5979166666666667 0.17777777777777778 0.025 0.03333333333333333
0 0.5302083333333333 0.18333333333333332 0.025 0.03333333333333333
0 0.4625 0.18888888888888888 0.025 0.03333333333333333
0 0.39479166666666665 0.19305555555555556 0.025 0.03333333333333333
0 0.32708333333333334 0.1986111111111111 0.025 0.03333333333333333
0 0.2604166666666667 0.20416666666666666 0.025 0.03333333333333333
0 0.6770833333333334 0.23472222222222222 0.025 0.03333333333333333
0 0.6052083333333333 0.24027777777777778 0.025 0.03333333333333333
0 0.5333333333333333 0.24583333333333332 0.025 0.03333333333333333
0 0.46145833333333336 0.2513888888888889 0.025 0.03333333333333333
0 0.390625 0.2569444444444444 0.025 0.03333333333333333
0 0.32083333333333336 0.2625 0.025 0.03333333333333333
0 0.25 0.26805555555555555 0.025 0.03333333333333333
0 0.6885416666666667 0.3055555555555556 0.025 0.03333333333333333
0 0.6125 0.3111111111111111 0.025 0.03333333333333333
0 0.5364583333333334 0.31666666666666665 0.025 0.03333333333333333
0 0.46145833333333336 0.32222222222222224 0.025 0.03333333333333333
0 0.3875 0.3277777777777778 0.025 0.03333333333333333
0 0.3125 0.3333333333333333 0.025 0.03333333333333333
0 0.23854166666666668 0.3375 0.025 0.03333333333333333
0 0.7010416666666667 0.38333333333333336 0.025 0.03333333333333333
0 0.6208333333333333 0.3888888888888889 0.025 0.03333333333333333
0 0.540625 0.39444444444444443 0.025 0.03333333333333333
0 0.46145833333333336 0.4 0.025 0.03333333333333333
0 0.38229166666666664 0.40555555555555556 0.025 0.03333333333333333
0 0.30416666666666664 0.4111111111111111 0.025 0.03333333333333333
0 0.22604166666666667 0.4166666666666667 0.025 0.03333333333333333
0 0.715625 0.46944444444444444 0.025 0.03333333333333333
0 0.6302083333333334 0.475 0.025 0.03333333333333333
0 0.5458333333333333 0.48055555555555557 0.025 0.03333333333333333
0 0.46145833333333336 0.4875 0.025 0.03333333333333333
0 0.378125 0.4930555555555556 0.025 0.03333333333333333
0 0.2947916666666667 0.4986111111111111 0.025 0.03333333333333333
0 0.2125 0.5041666666666667 0.025 0.03333333333333333
0 0.73125 0.5680555555555555 0.025 0.03333333333333333
0 0.640625 0.5736111111111111 0.025 0.03333333333333333
0 0.5510416666666667 0.5791666666666667 0.025 0.03333333333333333
0 0.46145833333333336 0.5847222222222223 0.025 0.03333333333333333
0 0.371875 0.5902777777777778 0.025 0.03333333333333333
0 0.284375 0.5958333333333333 0.025 0.03333333333333333
0 0.196875 0.6013888888888889 0.025 0.03333333333333333
0 0.75 0.6791666666666667 0.025 0.03333333333333333
0 0.653125 0.6861111111111111 0.025 0.03333333333333333
0 0.55625 0.6916666666666667 0.025 0.03333333333333333
0 0.46041666666666664 0.6972222222222222 0.025 0.03333333333333333
0 0.365625 0.7027777777777777 0.025 0.03333333333333333
0 0.271875 0.7083333333333334 0.025 0.03333333333333333
0 0.178125 0.7138888888888889 0.025 0.03333333333333333