0 0.21354166666666666 0.6259259259259259 0.03125 0.03148148148148148
0 0.3 0.6333333333333333 0.03125 0.03148148148148148
0 0.38645833333333335 0.6416666666666667 0.03125 0.03148148148148148
0 0.475 0.649074074074074 0.03125 0.03148148148148148
0 0.5645833333333333 0.6564814814814814 0.03125 0.03148148148148148
0 0.65625 0.6648148148148149 0.03125 0.03148148148148148
0 0.7489583333333333 0.6717592592592593 0.03125 0.03148148148148148
0 0.22916666666666666 0.5416666666666666 0.03125 0.03148148148148148
0 0.3125 0.5481481481481482 0.03125 0.03148148148148148
0 0.39791666666666664 0.5541666666666667 0.03125 0.03148148148148148
0 0.484375 0.5615740740740741 0.03125 0.03148148148148148
0 0.571875 0.5675925925925925 0.03125 0.03148148148148148
0 0.6604166666666667 0.575 0.03125 0.03148148148148148
0 0.7510416666666667 0.5824074074074074 0.03125 0.03148148148148148
0 0.24479166666666666 0.4615740740740741 0.03125 0.03148148148148148
0 0.3260416666666667 0.4666666666666667 0.03125 0.03148148148148148
0 0.4083333333333333 0.47175925925925927 0.03125 0.03148148148148148
0 0.49270833333333336 0.47824074074074074 0.03125 0.03148148148148148
0 0.578125 0.4842592592592593 0.03125 0.03148148148148148
0 0.665625 0.49074074074074076 0.03125 0.03148148148148148
0 0.753125 0.49583333333333335 0.03125 0.03148148148148148
0 0.25833333333333336 0.38425925925925924 0.03125 0.03148148148148148
0 0.3385416666666667 0.38842592592592595 0.03125 0.03148148148148148
0 0.41875 0.39351851851851855 0.03125 0.03148148148148148
0 0.5010416666666667 0.3990740740740741 0.03125 0.03148148148148148
0 0.584375 0.4041666666666667 0.03125 0.03148148148148148
0 0.6697916666666667 0.40925925925925927 0.03125 0.03148148148148148
0 0.7552083333333334 0.4148148148148148 0.03125 0.03148148148148148
0 0.271875 0.3101851851851852 0.03125 0.03148148148148148
0 0.35 0.3148148148148148 0.03125 0.03148148148148148
0 0.42916666666666664 0.3199074074074074 0.03125 0.03148148148148148
0 0.509375 0.32407407407407407 0.03125 0.03148148148148148
0 0.590625 0.3282407407407407 0.03125 0.03148148148148148
0 0.6729166666666667 0.33240740740740743 0.03125 0.03148148148148148
0 0.7572916666666667 0.3375 0.03125 0.03148148148148148
0 0.284375 0.24074074074074073 0.03125 0.03148148148148148
0 0.36041666666666666 0.2449074074074074 0.03125 0.03148148148148148
0 0.43854166666666666 0.24814814814814815 0.03125 0.03148148148148148
0 0.5166666666666667 0.2518518518518518 0.03125 0.03148148148148148
0 0.5958333333333333 0.2564814814814815 0.03125 0.03148148148148148
0 0.6770833333333334 0.25925925925925924 0.03125 0.03148148148148148
0 0.759375 0.26342592592592595 0.03125 0.03148148148148148
0 0.296875 0.17407407407407408 0.03125 0.03148148148148148
0 0.371875 0.17685185185185184 0.03125 0.03148148148148148
0 0.446875 0.18009259259259258 0.03125 0.03148148148148148
0 0.5239583333333333 0.18333333333333332 0.03125 0.03148148148148148
0 0.6020833333333333 0.1865740740740741 0.03125 0.03148148148148148
0 0.68125 0.18981481481481483 0.03125 0.03148148148148148
0 0.7614583333333333 0.1925925925925926 0.03125 0.03148148148148148