0 0.2833333333333333 0.6722222222222223 0.020833333333333332 0.027777777777777776
0 0.36041666666666666 0.6694444444444444 0.020833333333333332 0.027777777777777776
0 0.43854166666666666 0.6666666666666666 0.020833333333333332 0.027777777777777776
0 0.51875 0.6625 0.020833333333333332 0.027777777777777776
0 0.6 0.6597222222222222 0.020833333333333332 0.027777777777777776
0 0.6833333333333333 0.6569444444444444 0.020833333333333332 0.027777777777777776
0 0.76875 0.6541666666666667 0.020833333333333332 0.027777777777777776
0 0.2947916666666667 0.5805555555555556 0.020833333333333332 0.027777777777777776
0 0.36875 0.5763888888888888 0.020833333333333332 0.027777777777777776
0 0.4427083333333333 0.5736111111111111 0.020833333333333332 0.027777777777777776
0 0.5197916666666667 0.5694444444444444 0.020833333333333332 0.027777777777777776
0 0.596875 0.5652777777777778 0.020833333333333332 0.027777777777777776
0 0.6760416666666667 0.5611111111111111 0.020833333333333332 0.027777777777777776
0 0.7572916666666667 0.5583333333333333 0.020833333333333332 0.027777777777777776
0 0.30520833333333336 0.49722222222222223 0.020833333333333332 0.027777777777777776
0 0.37604166666666666 0.4930555555555556 0.020833333333333332 0.027777777777777776
0 0.446875 0.4888888888888889 0.020833333333333332 0.027777777777777776
0 0.5197916666666667 0.48333333333333334 0.020833333333333332 0.027777777777777776
0 0.59375 0.4791666666666667 0.020833333333333332 0.027777777777777776
0 0.6697916666666667 0.475 0.020833333333333332 0.027777777777777776
0 0.746875 0.4708333333333333 0.020833333333333332 0.027777777777777776
0 0.315625 0.42083333333333334 0.020833333333333332 0.027777777777777776
0 0.38229166666666664 0.4152777777777778 0.020833333333333332 0.027777777777777776
0 0.4510416666666667 0.4111111111111111 0.020833333333333332 0.027777777777777776
0 0.5208333333333334 0.40555555555555556 0.020833333333333332 0.027777777777777776
0 0.5916666666666667 0.4013888888888889 0.020833333333333332 0.027777777777777776
0 0.6635416666666667 0.3958333333333333 0.020833333333333332 0.027777777777777776
0 0.7375 0.39166666666666666 0.020833333333333332 0.027777777777777776
0 0.32395833333333335 0.35 0.020833333333333332 0.027777777777777776
0 0.3885416666666667 0.34444444444444444 0.020833333333333332 0.027777777777777776
0 0.45416666666666666 0.3402777777777778 0.020833333333333332 0.027777777777777776
0 0.5208333333333334 0.3347222222222222 0.020833333333333332 0.027777777777777776
0 0.5895833333333333 0.32916666666666666 0.020833333333333332 0.027777777777777776
0 0.6583333333333333 0.3236111111111111 0.020833333333333332 0.027777777777777776
0 0.728125 0.3194444444444444 0.020833333333333332 0.027777777777777776
0 0.33229166666666665 0.2847222222222222 0.020833333333333332 0.027777777777777776
0 0.39479166666666665 0.28055555555555556 0.020833333333333332 0.027777777777777776
0 0.45729166666666665 0.275 0.020833333333333332 0.027777777777777776
0 0.521875 0.26944444444444443 0.020833333333333332 0.027777777777777776
0 0.5864583333333333 0.2638888888888889 0.020833333333333332 0.027777777777777776
0 0.653125 0.25833333333333336 0.020833333333333332 0.027777777777777776
0 0.7208333333333333 0.25277777777777777 0.020833333333333332 0.027777777777777776
0 0.340625 0.225 0.020833333333333332 0.027777777777777776
0 0.4 0.21944444444444444 0.020833333333333332 0.027777777777777776
0 0.46041666666666664 0.21388888888888888 0.020833333333333332 0.027777777777777776
0 0.521875 0.20833333333333334 0.020833333333333332 0.027777777777777776
0 0.5854166666666667 0.20277777777777778 0.020833333333333332 0.027777777777777776
0 0.6489583333333333 0.19722222222222222 0.020833333333333332 0.027777777777777776
0 0.7135416666666666 0.19027777777777777 0.020833333333333332 0.027777777777777776