0 0.6947916666666667 0.1574074074074074 0.022916666666666665 0.03425925925925926
0 0.61875 0.15555555555555556 0.022916666666666665 0.03425925925925926
0 0.5427083333333333 0.15416666666666667 0.022916666666666665 0.03425925925925926
0 0.465625 0.1527777777777778 0.022916666666666665 0.03425925925925926
0 0.3875 0.1527777777777778 0.022916666666666665 0.03425925925925926
0 0.309375 0.15092592592592594 0.022916666666666665 0.03425925925925926
0 0.23020833333333332 0.14953703703703702 0.022916666666666665 0.03425925925925926
0 0.7072916666666667 0.23842592592592593 0.022916666666666665 0.03425925925925926
0 0.628125 0.23657407407407408 0.022916666666666665 0.03425925925925926
0 0.5489583333333333 0.2351851851851852 0.022916666666666665 0.03425925925925926
0 0.46875 0.2351851851851852 0.022916666666666665 0.03425925925925926
0 0.3885416666666667 0.2337962962962963 0.022916666666666665 0.03425925925925926
0 0.3072916666666667 0.23194444444444445 0.022916666666666665 0.03425925925925926
0 0.225 0.23194444444444445 0.022916666666666665 0.03425925925925926
0 0.7197916666666667 0.32407407407407407 0.022916666666666665 0.03425925925925926
0 0.6385416666666667 0.32407407407407407 0.022916666666666665 0.03425925925925926
0 0.55625 0.32407407407407407 0.022916666666666665 0.03425925925925926
0 0.47291666666666665 0.32222222222222224 0.022916666666666665 0.03425925925925926
0 0.38958333333333334 0.32222222222222224 0.022916666666666665 0.03425925925925926
0 0.30520833333333336 0.32083333333333336 0.022916666666666665 0.03425925925925926
0 0.21979166666666666 0.32083333333333336 0.022916666666666665 0.03425925925925926
0 0.7333333333333333 0.41759259259259257 0.022916666666666665 0.03425925925925926
0 0.6489583333333333 0.41759259259259257 0.022916666666666665 0.03425925925925926
0 0.5635416666666667 0.41759259259259257 0.022916666666666665 0.03425925925925926
0 0.478125 0.41759259259259257 0.022916666666666665 0.03425925925925926
0 0.390625 0.41759259259259257 0.022916666666666665 0.03425925925925926
0 0.303125 0.41574074074074074 0.022916666666666665 0.03425925925925926
0 0.21458333333333332 0.41574074074074074 0.022916666666666665 0.03425925925925926
0 0.7489583333333333 0.5185185185185185 0.022916666666666665 0.03425925925925926
0 0.6604166666666667 0.5185185185185185 0.022916666666666665 0.03425925925925926
0 0.571875 0.5185185185185185 0.022916666666666665 0.03425925925925926
0 0.4822916666666667 0.5185185185185185 0.022916666666666665 0.03425925925925926
0 0.39166666666666666 0.5203703703703704 0.022916666666666665 0.03425925925925926
0 0.30104166666666665 0.5203703703703704 0.022916666666666665 0.03425925925925926
0 0.20833333333333334 0.5203703703703704 0.022916666666666665 0.03425925925925926
0 0.7645833333333333 0.6277777777777778 0.022916666666666665 0.03425925925925926
0 0.6729166666666667 0.6291666666666667 0.022916666666666665 0.03425925925925926
0 0.58125 0.6291666666666667 0.022916666666666665 0.03425925925925926
0 0.4875 0.6310185185185185 0.022916666666666665 0.03425925925925926
0 0.39375 0.6310185185185185 0.022916666666666665 0.03425925925925926
0 0.29791666666666666 0.6324074074074074 0.022916666666666665 0.03425925925925926
0 0.20208333333333334 0.6324074074074074 0.022916666666666665 0.03425925925925926
0 0.7822916666666667 0.7462962962962963 0.022916666666666665 0.03425925925925926
0 0.6875 0.7476851851851852 0.022916666666666665 0.03425925925925926
0 0.590625 0.7490740740740741 0.022916666666666665 0.03425925925925926
0 0.49375 0.7509259259259259 0.022916666666666665 0.03425925925925926
0 0.39479166666666665 0.7523148148148148 0.022916666666666665 0.03425925925925926
0 0.29583333333333334 0.7537037037037037 0.022916666666666665 0.03425925925925926
0 0.19479166666666667 0.7555555555555555 0.022916666666666665 0.03425925925925926