0 0.73125 0.15925925925925927 0.035416666666666666 0.03518518518518519
0 0.653125 0.1625 0.035416666666666666 0.03518518518518519
0 0.575 0.16574074074074074 0.035416666666666666 0.03518518518518519
0 0.49583333333333335 0.1699074074074074 0.035416666666666666 0.03518518518518519
0 0.41770833333333335 0.17314814814814813 0.035416666666666666 0.03518518518518519
0 0.33958333333333335 0.17592592592592593 0.035416666666666666 0.03518518518518519
0 0.26145833333333335 0.17916666666666667 0.035416666666666666 0.03518518518518519
0 0.740625 0.21666666666666667 0.035416666666666666 0.03518518518518519
0 0.659375 0.2199074074074074 0.035416666666666666 0.03518518518518519
0 0.578125 0.22314814814814815 0.035416666666666666 0.03518518518518519
0 0.496875 0.22592592592592592 0.035416666666666666 0.03518518518518519
0 0.415625 0.22916666666666666 0.035416666666666666 0.03518518518518519
0 0.3333333333333333 0.23333333333333334 0.035416666666666666 0.03518518518518519
0 0.2520833333333333 0.23657407407407408 0.035416666666666666 0.03518518518518519
0 0.75 0.27685185185185185 0.035416666666666666 0.03518518518518519
0 0.665625 0.2814814814814815 0.035416666666666666 0.03518518518518519
0 0.58125 0.28425925925925927 0.035416666666666666 0.03518518518518519
0 0.496875 0.2875 0.035416666666666666 0.03518518518518519
0 0.4125 0.2916666666666667 0.035416666666666666 0.03518518518518519
0 0.32708333333333334 0.2949074074074074 0.035416666666666666 0.03518518518518519
0 0.24270833333333333 0.29814814814814816 0.035416666666666666 0.03518518518518519
0 0.7614583333333333 0.3435185185185185 0.035416666666666666 0.03518518518518519
0 0.6729166666666667 0.34675925925925927 0.035416666666666666 0.03518518518518519
0 0.5854166666666667 0.3509259259259259 0.035416666666666666 0.03518518518518519
0 0.496875 0.3541666666666667 0.035416666666666666 0.03518518518518519
0 0.4083333333333333 0.35833333333333334 0.035416666666666666 0.03518518518518519
0 0.32083333333333336 0.36157407407407405 0.035416666666666666 0.03518518518518519
0 0.23229166666666667 0.36574074074074076 0.035416666666666666 0.03518518518518519
0 0.7729166666666667 0.41574074074074074 0.035416666666666666 0.03518518518518519
0 0.68125 0.4199074074074074 0.035416666666666666 0.03518518518518519
0 0.5885416666666666 0.42314814814814816 0.035416666666666666 0.03518518518518519
0 0.496875 0.42685185185185187 0.035416666666666666 0.03518518518518519
0 0.40520833333333334 0.43148148148148147 0.035416666666666666 0.03518518518518519
0 0.31354166666666666 0.43425925925925923 0.035416666666666666 0.03518518518518519
0 0.22083333333333333 0.43842592592592594 0.035416666666666666 0.03518518518518519
0 0.7854166666666667 0.4949074074074074 0.035416666666666666 0.03518518518518519
0 0.6895833333333333 0.4981481481481482 0.035416666666666666 0.03518518518518519
0 0.59375 0.5018518518518519 0.035416666666666666 0.03518518518518519
0 0.496875 0.5064814814814815 0.035416666666666666 0.03518518518518519
0 0.4010416666666667 0.5101851851851852 0.035416666666666666 0.03518518518518519
0 0.30520833333333336 0.5148148148148148 0.035416666666666666 0.03518518518518519
0 0.209375 0.5175925925925926 0.035416666666666666 0.03518518518518519
0 0.8 0.5800925925925926 0.035416666666666666 0.03518518518518519
0 0.6989583333333333 0.5842592592592593 0.035416666666666666 0.03518518518518519
0 0.5979166666666667 0.5884259259259259 0.035416666666666666 0.03518518518518519
0 0.4979166666666667 0.5925925925925926 0.035416666666666666 0.03518518518518519
0 0.396875 0.5967592592592592 0.035416666666666666 0.03518518518518519
0 0.29583333333333334 0.600925925925926 0.035416666666666666 0.03518518518518519
0 0.19583333333333333 0.6050925925925926 0.035416666666666666 0.03518518518518519