0 0.7 0.18472222222222223 0.025 0.03333333333333333
0 0.6322916666666667 0.18472222222222223 0.025 0.03333333333333333
0 0.5635416666666667 0.18472222222222223 0.025 0.03333333333333333
0 0.49583333333333335 0.18472222222222223 0.025 0.03333333333333333
0 0.428125 0.18472222222222223 0.025 0.03333333333333333
0 0.36041666666666666 0.18472222222222223 0.025 0.03333333333333333
0 0.29270833333333335 0.18472222222222223 0.025 0.03333333333333333
0 0.709375 0.25 0.025 0.03333333333333333
0 0.6385416666666667 0.25 0.025 0.03333333333333333
0 0.5666666666666667 0.25 0.025 0.03333333333333333
0 0.4947916666666667 0.25 0.025 0.03333333333333333
0 0.4239583333333333 0.25 0.025 0.03333333333333333
0 0.353125 0.25 0.025 0.03333333333333333
0 0.28229166666666666 0.25 0.025 0.03333333333333333
0 0.7197916666666667 0.32222222222222224 0.025 0.03333333333333333
0 0.6447916666666667 0.32222222222222224 0.025 0.03333333333333333
0 0.5697916666666667 0.32222222222222224 0.025 0.03333333333333333
0 0.4947916666666667 0.32222222222222224 0.025 0.03333333333333333
0 0.4197916666666667 0.32222222222222224 0.025 0.03333333333333333
0 0.3458333333333333 0.32222222222222224 0.025 0.03333333333333333
0 0.271875 0.32222222222222224 0.025 0.03333333333333333
0 0.7322916666666667 0.4027777777777778 0.025 0.03333333333333333
0 0.6520833333333333 0.4027777777777778 0.025 0.03333333333333333
0 0.5729166666666666 0.4027777777777778 0.025 0.03333333333333333
0 0.49375 0.4027777777777778 0.025 0.03333333333333333
0 0.415625 0.4027777777777778 0.025 0.03333333333333333
0 0.3375 0.4027777777777778 0.025 0.03333333333333333
0 0.259375 0.4027777777777778 0.025 0.03333333333333333
0 0.7447916666666666 0.4930555555555556 0.025 0.03333333333333333
0 0.6604166666666667 0.4930555555555556 0.025 0.03333333333333333
0 0.5770833333333333 0.49166666666666664 0.025 0.03333333333333333
0 0.49375 0.49166666666666664 0.025 0.03333333333333333
0 0.41041666666666665 0.49166666666666664 0.025 0.03333333333333333
0 0.328125 0.49166666666666664 0.025 0.03333333333333333
0 0.24583333333333332 0.49027777777777776 0.025 0.03333333333333333
0 0.759375 0.5930555555555556 0.025 0.03333333333333333
0 0.6697916666666667 0.5930555555555556 0.025 0.03333333333333333
0 0.58125 0.5916666666666667 0.025 0.03333333333333333
0 0.49270833333333336 0.5916666666666667 0.025 0.03333333333333333
0 0.40520833333333334 0.5902777777777778 0.025 0.03333333333333333
0 0.3177083333333333 0.5902777777777778 0.025 0.03333333333333333
0 0.23020833333333332 0.5902777777777778 0.025 0.03333333333333333
0 0.775 0.7069444444444445 0.025 0.03333333333333333
0 0.6802083333333333 0.7055555555555556 0.025 0.03333333333333333
0 0.5864583333333333 0.7041666666666667 0.025 0.03333333333333333
0 0.49166666666666664 0.7041666666666667 0.025 0.03333333333333333
0 0.39791666666666664 0.7027777777777777 0.025 0.03333333333333333
0 0.30520833333333336 0.7013888888888888 0.025 0.03333333333333333
0 0.2125 0.7013888888888888 0.025 0.03333333333333333