0 0.296875 0.19444444444444445 0.01875 0.03333333333333333
0 0.290625 0.2759259259259259 0.01875 0.03333333333333333
0 0.284375 0.362962962962963 0.01875 0.03333333333333333
0 0.278125 0.45555555555555555 0.01875 0.03333333333333333
0 0.2708333333333333 0.5574074074074075 0.01875 0.03333333333333333
0 0.2635416666666667 0.6666666666666666 0.01875 0.03333333333333333
0 0.25416666666666665 0.7870370370370371 0.01875 0.03333333333333333
0 0.3572916666666667 0.19444444444444445 0.01875 0.03333333333333333
0 0.353125 0.2759259259259259 0.01875 0.03333333333333333
0 0.35 0.362962962962963 0.01875 0.03333333333333333
0 0.3458333333333333 0.45555555555555555 0.01875 0.03333333333333333
0 0.340625 0.5574074074074075 0.01875 0.03333333333333333
0 0.33645833333333336 0.6666666666666666 0.01875 0.03333333333333333
0 0.33125 0.7870370370370371 0.01875 0.03333333333333333
0 0.4166666666666667 0.1962962962962963 0.01875 0.03333333333333333
0 0.415625 0.2759259259259259 0.01875 0.03333333333333333
0 0.41458333333333336 0.362962962962963 0.01875 0.03333333333333333
0 0.4125 0.45740740740740743 0.01875 0.03333333333333333
0 0.41041666666666665 0.5574074074074075 0.01875 0.03333333333333333
0 0.4083333333333333 0.6666666666666666 0.01875 0.03333333333333333
0 0.40729166666666666 0.7870370370370371 0.01875 0.03333333333333333
0 0.47708333333333336 0.1962962962962963 0.01875 0.03333333333333333
0 0.47708333333333336 0.2777777777777778 0.01875 0.03333333333333333
0 0.478125 0.362962962962963 0.01875 0.03333333333333333
0 0.4791666666666667 0.45740740740740743 0.01875 0.03333333333333333
0 0.48020833333333335 0.5574074074074075 0.01875 0.03333333333333333
0 0.48125 0.6666666666666666 0.01875 0.03333333333333333
0 0.4822916666666667 0.7851851851851852 0.01875 0.03333333333333333
0 0.5364583333333334 0.19814814814814816 0.01875 0.03333333333333333
0 0.5395833333333333 0.2777777777777778 0.01875 0.03333333333333333
0 0.5427083333333333 0.3648148148148148 0.01875 0.03333333333333333
0 0.5458333333333333 0.45740740740740743 0.01875 0.03333333333333333
0 0.5489583333333333 0.5574074074074075 0.01875 0.03333333333333333
0 0.553125 0.6666666666666666 0.01875 0.03333333333333333
0 0.5572916666666666 0.7851851851851852 0.01875 0.03333333333333333
0 0.5958333333333333 0.19814814814814816 0.01875 0.03333333333333333
0 0.6010416666666667 0.2777777777777778 0.01875 0.03333333333333333
0 0.60625 0.3648148148148148 0.01875 0.03333333333333333
0 0.6125 0.45740740740740743 0.01875 0.03333333333333333
0 0.61875 0.5574074074074075 0.01875 0.03333333333333333
0 0.625 0.6666666666666666 0.01875 0.03333333333333333
0 0.6322916666666667 0.7851851851851852 0.01875 0.03333333333333333
0 0.6552083333333333 0.19814814814814816 0.01875 0.03333333333333333
0 0.6625 0.2777777777777778 0.01875 0.03333333333333333
0 0.6697916666666667 0.3648148148148148 0.01875 0.03333333333333333
0 0.678125 0.45740740740740743 0.01875 0.03333333333333333
0 0.6875 0.5574074074074075 0.01875 0.03333333333333333
0 0.696875 0.6666666666666666 0.01875 0.03333333333333333
0 0.7072916666666667 0.7851851851851852 0.01875 0.03333333333333333