0 0.71875 0.2101851851851852 0.03333333333333333 0.03333333333333333
0 0.6458333333333334 0.2101851851851852 0.03333333333333333 0.03333333333333333
0 0.5729166666666666 0.21157407407407408 0.03333333333333333 0.03333333333333333
0 0.5 0.21157407407407408 0.03333333333333333 0.03333333333333333
0 0.4270833333333333 0.21157407407407408 0.03333333333333333 0.03333333333333333
0 0.35520833333333335 0.2125 0.03333333333333333 0.03333333333333333
0 0.28229166666666666 0.2125 0.03333333333333333 0.03333333333333333
0 0.7270833333333333 0.2625 0.03333333333333333 0.03333333333333333
0 0.6510416666666666 0.2625 0.03333333333333333 0.03333333333333333
0 0.575 0.2625 0.03333333333333333 0.03333333333333333
0 0.5 0.26342592592592595 0.03333333333333333 0.03333333333333333
0 0.4239583333333333 0.26342592592592595 0.03333333333333333 0.03333333333333333
0 0.3489583333333333 0.26342592592592595 0.03333333333333333 0.03333333333333333
0 0.27395833333333336 0.26481481481481484 0.03333333333333333 0.03333333333333333
0 0.7354166666666667 0.3175925925925926 0.03333333333333333 0.03333333333333333
0 0.65625 0.31851851851851853 0.03333333333333333 0.03333333333333333
0 0.578125 0.31851851851851853 0.03333333333333333 0.03333333333333333
0 0.49895833333333334 0.31851851851851853 0.03333333333333333 0.03333333333333333
0 0.42083333333333334 0.3199074074074074 0.03333333333333333 0.03333333333333333
0 0.34270833333333334 0.3199074074074074 0.03333333333333333 0.03333333333333333
0 0.26458333333333334 0.3199074074074074 0.03333333333333333 0.03333333333333333
0 0.7447916666666666 0.37916666666666665 0.03333333333333333 0.03333333333333333
0 0.6625 0.37916666666666665 0.03333333333333333 0.03333333333333333
0 0.5802083333333333 0.37916666666666665 0.03333333333333333 0.03333333333333333
0 0.4979166666666667 0.37916666666666665 0.03333333333333333 0.03333333333333333
0 0.4166666666666667 0.3800925925925926 0.03333333333333333 0.03333333333333333
0 0.33541666666666664 0.3800925925925926 0.03333333333333333 0.03333333333333333
0 0.25416666666666665 0.3800925925925926 0.03333333333333333 0.03333333333333333
0 0.7552083333333334 0.4449074074074074 0.03333333333333333 0.03333333333333333
0 0.66875 0.4449074074074074 0.03333333333333333 0.03333333333333333
0 0.5833333333333334 0.4449074074074074 0.03333333333333333 0.03333333333333333
0 0.4979166666666667 0.44583333333333336 0.03333333333333333 0.03333333333333333
0 0.4125 0.44583333333333336 0.03333333333333333 0.03333333333333333
0 0.32708333333333334 0.44583333333333336 0.03333333333333333 0.03333333333333333
0 0.24270833333333333 0.44583333333333336 0.03333333333333333 0.03333333333333333
0 0.765625 0.5166666666666667 0.03333333333333333 0.03333333333333333
0 0.6760416666666667 0.5166666666666667 0.03333333333333333 0.03333333333333333
0 0.5864583333333333 0.5166666666666667 0.03333333333333333 0.03333333333333333
0 0.496875 0.5166666666666667 0.03333333333333333 0.03333333333333333
0 0.4083333333333333 0.5166666666666667 0.03333333333333333 0.03333333333333333
0 0.31875 0.5166666666666667 0.03333333333333333 0.03333333333333333
0 0.23020833333333332 0.5166666666666667 0.03333333333333333 0.03333333333333333
0 0.778125 0.5958333333333333 0.03333333333333333 0.03333333333333333
0 0.6833333333333333 0.5958333333333333 0.03333333333333333 0.03333333333333333
0 0.5895833333333333 0.5958333333333333 0.03333333333333333 0.03333333333333333
0 0.49583333333333335 0.5958333333333333 0.03333333333333333 0.03333333333333333
0 0.403125 0.5958333333333333 0.03333333333333333 0.03333333333333333
0 0.3104166666666667 0.5958333333333333 0.03333333333333333 0.03333333333333333
0 0.21770833333333334 0.5949074074074074 0.03333333333333333 0.03333333333333333