0 0.22604166666666667 0.19490740740740742 0.035416666666666666 0.03518518518518519
0 0.30416666666666664 0.19675925925925927 0.035416666666666666 0.03518518518518519
0 0.38229166666666664 0.19907407407407407 0.035416666666666666 0.03518518518518519
0 0.459375 0.20092592592592592 0.035416666666666666 0.03518518518518519
0 0.5364583333333334 0.20185185185185187 0.035416666666666666 0.03518518518518519
0 0.6135416666666667 0.20416666666666666 0.035416666666666666 0.03518518518518519
0 0.6895833333333333 0.2064814814814815 0.035416666666666666 0.03518518518518519
0 0.21666666666666667 0.25 0.035416666666666666 0.03518518518518519
0 0.2989583333333333 0.2518518518518518 0.035416666666666666 0.03518518518518519
0 0.37916666666666665 0.25324074074074077 0.035416666666666666 0.03518518518518519
0 0.46041666666666664 0.2550925925925926 0.035416666666666666 0.03518518518518519
0 0.5395833333333333 0.2574074074074074 0.035416666666666666 0.03518518518518519
0 0.6197916666666666 0.25925925925925924 0.035416666666666666 0.03518518518518519
0 0.6989583333333333 0.2601851851851852 0.035416666666666666 0.03518518518518519
0 0.20729166666666668 0.30925925925925923 0.035416666666666666 0.03518518518518519
0 0.2916666666666667 0.31157407407407406 0.035416666666666666 0.03518518518518519
0 0.37604166666666666 0.3125 0.035416666666666666 0.03518518518518519
0 0.46041666666666664 0.3148148148148148 0.035416666666666666 0.03518518518518519
0 0.54375 0.31666666666666665 0.035416666666666666 0.03518518518518519
0 0.6270833333333333 0.3175925925925926 0.035416666666666666 0.03518518518518519
0 0.709375 0.3199074074074074 0.035416666666666666 0.03518518518518519
0 0.19583333333333333 0.37407407407407406 0.035416666666666666 0.03518518518518519
0 0.284375 0.37592592592592594 0.035416666666666666 0.03518518518518519
0 0.3729166666666667 0.3768518518518518 0.035416666666666666 0.03518518518518519
0 0.46041666666666664 0.37916666666666665 0.035416666666666666 0.03518518518518519
0 0.5479166666666667 0.3814814814814815 0.035416666666666666 0.03518518518518519
0 0.634375 0.3824074074074074 0.035416666666666666 0.03518518518518519
0 0.7208333333333333 0.38425925925925924 0.035416666666666666 0.03518518518518519
0 0.184375 0.4449074074074074 0.035416666666666666 0.03518518518518519
0 0.27708333333333335 0.44675925925925924 0.035416666666666666 0.03518518518518519
0 0.36875 0.44814814814814813 0.035416666666666666 0.03518518518518519
0 0.46041666666666664 0.45 0.035416666666666666 0.03518518518518519
0 0.5520833333333334 0.45092592592592595 0.035416666666666666 0.03518518518518519
0 0.6427083333333333 0.4532407407407407 0.035416666666666666 0.03518518518518519
0 0.7333333333333333 0.45416666666666666 0.035416666666666666 0.03518518518518519
0 0.17083333333333334 0.5231481481481481 0.035416666666666666 0.03518518518518519
0 0.2677083333333333 0.525 0.035416666666666666 0.03518518518518519
0 0.3645833333333333 0.5259259259259259 0.035416666666666666 0.03518518518518519
0 0.46145833333333336 0.5268518518518519 0.035416666666666666 0.03518518518518519
0 0.5572916666666666 0.5291666666666667 0.035416666666666666 0.03518518518518519
0 0.6520833333333333 0.5300925925925926 0.035416666666666666 0.03518518518518519
0 0.746875 0.5314814814814814 0.035416666666666666 0.03518518518518519
0 0.15625 0.6092592592592593 0.035416666666666666 0.03518518518518519
0 0.25833333333333336 0.6101851851851852 0.035416666666666666 0.03518518518518519
0 0.36041666666666666 0.611574074074074 0.035416666666666666 0.03518518518518519
0 0.46145833333333336 0.6125 0.035416666666666666 0.03518518518518519
0 0.5625 0.6148148148148148 0.035416666666666666 0.03518518518518519
0 0.6625 0.6157407407407407 0.035416666666666666 0.03518518518518519
0 0.7625 0.6166666666666667 0.035416666666666666 0.03518518518518519