0 0.2864583333333333 0.6694444444444444 0.020833333333333332 0.027777777777777776
0 0.36354166666666665 0.6652777777777777 0.020833333333333332 0.027777777777777776
0 0.4427083333333333 0.6625 0.020833333333333332 0.027777777777777776
0 0.5229166666666667 0.6597222222222222 0.020833333333333332 0.027777777777777776
0 0.6052083333333333 0.6569444444444444 0.020833333333333332 0.027777777777777776
0 0.6885416666666667 0.6541666666666667 0.020833333333333332 0.027777777777777776
0 0.7739583333333333 0.65 0.020833333333333332 0.027777777777777776
0 0.29791666666666666 0.5777777777777777 0.020833333333333332 0.027777777777777776
0 0.371875 0.5736111111111111 0.020833333333333332 0.027777777777777776
0 0.446875 0.5694444444444444 0.020833333333333332 0.027777777777777776
0 0.5229166666666667 0.5666666666666667 0.020833333333333332 0.027777777777777776
0 0.6010416666666667 0.5625 0.020833333333333332 0.027777777777777776
0 0.6802083333333333 0.5583333333333333 0.020833333333333332 0.027777777777777776
0 0.7614583333333333 0.5541666666666667 0.020833333333333332 0.027777777777777776
0 0.30833333333333335 0.49444444444444446 0.020833333333333332 0.027777777777777776
0 0.378125 0.49027777777777776 0.020833333333333332 0.027777777777777776
0 0.45 0.4861111111111111 0.020833333333333332 0.027777777777777776
0 0.5229166666666667 0.48194444444444445 0.020833333333333332 0.027777777777777776
0 0.5979166666666667 0.4777777777777778 0.020833333333333332 0.027777777777777776
0 0.6729166666666667 0.4722222222222222 0.020833333333333332 0.027777777777777776
0 0.75 0.46805555555555556 0.020833333333333332 0.027777777777777776
0 0.3177083333333333 0.41805555555555557 0.020833333333333332 0.027777777777777776
0 0.3854166666666667 0.41388888888888886 0.020833333333333332 0.027777777777777776
0 0.453125 0.4097222222222222 0.020833333333333332 0.027777777777777776
0 0.5229166666666667 0.4041666666666667 0.020833333333333332 0.027777777777777776
0 0.59375 0.4 0.020833333333333332 0.027777777777777776
0 0.665625 0.39444444444444443 0.020833333333333332 0.027777777777777776
0 0.7395833333333334 0.3902777777777778 0.020833333333333332 0.027777777777777776
0 0.3260416666666667 0.3486111111111111 0.020833333333333332 0.027777777777777776
0 0.390625 0.34444444444444444 0.020833333333333332 0.027777777777777776
0 0.45625 0.3388888888888889 0.020833333333333332 0.027777777777777776
0 0.5229166666666667 0.3347222222222222 0.020833333333333332 0.027777777777777776
0 0.590625 0.32916666666666666 0.020833333333333332 0.027777777777777776
0 0.659375 0.3236111111111111 0.020833333333333332 0.027777777777777776
0 0.7291666666666666 0.31805555555555554 0.020833333333333332 0.027777777777777776
0 0.334375 0.2847222222222222 0.020833333333333332 0.027777777777777776
0 0.396875 0.28055555555555556 0.020833333333333332 0.027777777777777776
0 0.459375 0.275 0.020833333333333332 0.027777777777777776
0 0.5229166666666667 0.26944444444444443 0.020833333333333332 0.027777777777777776
0 0.5885416666666666 0.2638888888888889 0.020833333333333332 0.027777777777777776
0 0.6541666666666667 0.25833333333333336 0.020833333333333332 0.027777777777777776
0 0.7208333333333333 0.25277777777777777 0.020833333333333332 0.027777777777777776
0 0.3416666666666667 0.2263888888888889 0.020833333333333332 0.027777777777777776
0 0.4010416666666667 0.22083333333333333 0.020833333333333332 0.027777777777777776
0 0.46145833333333336 0.2152777777777778 0.020833333333333332 0.027777777777777776
0 0.5229166666666667 0.20972222222222223 0.020833333333333332 0.027777777777777776
0 0.5854166666666667 0.20416666666666666 0.020833333333333332 0.027777777777777776
0 0.6489583333333333 0.1986111111111111 0.020833333333333332 0.027777777777777776
0 0.7125 0.19305555555555556 0.020833333333333332 0.027777777777777776