0 0.7 0.3375 0.03125 0.03148148148148148
0 0.6322916666666667 0.3375 0.03125 0.03148148148148148
0 0.5635416666666667 0.3384259259259259 0.03125 0.03148148148148148
0 0.49583333333333335 0.3384259259259259 0.03125 0.03148148148148148
0 0.4270833333333333 0.3384259259259259 0.03125 0.03148148148148148
0 0.35833333333333334 0.3384259259259259 0.03125 0.03148148148148148
0 0.28958333333333336 0.3384259259259259 0.03125 0.03148148148148148
0 0.709375 0.3925925925925926 0.03125 0.03148148148148148
0 0.6385416666666667 0.3925925925925926 0.03125 0.03148148148148148
0 0.5677083333333334 0.3925925925925926 0.03125 0.03148148148148148
0 0.496875 0.3925925925925926 0.03125 0.03148148148148148
0 0.425 0.39351851851851855 0.03125 0.03148148148148148
0 0.353125 0.39351851851851855 0.03125 0.03148148148148148
0 0.28125 0.39351851851851855 0.03125 0.03148148148148148
0 0.7197916666666667 0.45185185185185184 0.03125 0.03148148148148148
0 0.6458333333333334 0.45185185185185184 0.03125 0.03148148148148148
0 0.571875 0.45185185185185184 0.03125 0.03148148148148148
0 0.4979166666666667 0.4532407407407407 0.03125 0.03148148148148148
0 0.42291666666666666 0.4532407407407407 0.03125 0.03148148148148148
0 0.34791666666666665 0.4532407407407407 0.03125 0.03148148148148148
0 0.27291666666666664 0.4532407407407407 0.03125 0.03148148148148148
0 0.7302083333333333 0.5166666666666667 0.03125 0.03148148148148148
0 0.653125 0.5166666666666667 0.03125 0.03148148148148148
0 0.5760416666666667 0.5175925925925926 0.03125 0.03148148148148148
0 0.49895833333333334 0.5175925925925926 0.03125 0.03148148148148148
0 0.42083333333333334 0.5175925925925926 0.03125 0.03148148148148148
0 0.34270833333333334 0.5185185185185185 0.03125 0.03148148148148148
0 0.26458333333333334 0.5185185185185185 0.03125 0.03148148148148148
0 0.7427083333333333 0.5875 0.03125 0.03148148148148148
0 0.6625 0.5875 0.03125 0.03148148148148148
0 0.58125 0.5884259259259259 0.03125 0.03148148148148148
0 0.5 0.5884259259259259 0.03125 0.03148148148148148
0 0.41875 0.5898148148148148 0.03125 0.03148148148148148
0 0.33645833333333336 0.5898148148148148 0.03125 0.03148148148148148
0 0.25416666666666665 0.5907407407407408 0.03125 0.03148148148148148
0 0.75625 0.6648148148148149 0.03125 0.03148148148148148
0 0.671875 0.6657407407407407 0.03125 0.03148148148148148
0 0.5864583333333333 0.6666666666666666 0.03125 0.03148148148148148
0 0.5010416666666667 0.6666666666666666 0.03125 0.03148148148148148
0 0.415625 0.6675925925925926 0.03125 0.03148148148148148
0 0.32916666666666666 0.6685185185185185 0.03125 0.03148148148148148
0 0.24375 0.6699074074074074 0.03125 0.03148148148148148
0 0.7708333333333334 0.75 0.03125 0.03148148148148148
0 0.68125 0.7509259259259259 0.03125 0.03148148148148148
0 0.5927083333333333 0.7518518518518519 0.03125 0.03148148148148148
0 0.503125 0.7532407407407408 0.03125 0.03148148148148148
0 0.4125 0.7541666666666667 0.03125 0.03148148148148148
0 0.321875 0.7550925925925925 0.03125 0.03148148148148148
0 0.23125 0.7564814814814815 0.03125 0.03148148148148148