0 0.690625 0.15416666666666667 0.022916666666666665 0.03425925925925926
0 0.615625 0.15416666666666667 0.022916666666666665 0.03425925925925926
0 0.5395833333333333 0.15416666666666667 0.022916666666666665 0.03425925925925926
0 0.4635416666666667 0.1527777777777778 0.022916666666666665 0.03425925925925926
0 0.38645833333333335 0.1527777777777778 0.022916666666666665 0.03425925925925926
0 0.30833333333333335 0.1527777777777778 0.022916666666666665 0.03425925925925926
0 0.23020833333333332 0.1527777777777778 0.022916666666666665 0.03425925925925926
0 0.703125 0.2337962962962963 0.022916666666666665 0.03425925925925926
0 0.625 0.2337962962962963 0.022916666666666665 0.03425925925925926
0 0.546875 0.2337962962962963 0.022916666666666665 0.03425925925925926
0 0.46770833333333334 0.2337962962962963 0.022916666666666665 0.03425925925925926
0 0.3875 0.2337962962962963 0.022916666666666665 0.03425925925925926
0 0.3072916666666667 0.2337962962962963 0.022916666666666665 0.03425925925925926
0 0.22604166666666667 0.2337962962962963 0.022916666666666665 0.03425925925925926
0 0.7166666666666667 0.3194444444444444 0.022916666666666665 0.03425925925925926
0 0.6354166666666666 0.3194444444444444 0.022916666666666665 0.03425925925925926
0 0.5541666666666667 0.32083333333333336 0.022916666666666665 0.03425925925925926
0 0.471875 0.32083333333333336 0.022916666666666665 0.03425925925925926
0 0.3885416666666667 0.32083333333333336 0.022916666666666665 0.03425925925925926
0 0.30520833333333336 0.32083333333333336 0.022916666666666665 0.03425925925925926
0 0.22083333333333333 0.32222222222222224 0.022916666666666665 0.03425925925925926
0 0.73125 0.412962962962963 0.022916666666666665 0.03425925925925926
0 0.646875 0.412962962962963 0.022916666666666665 0.03425925925925926
0 0.5625 0.41435185185185186 0.022916666666666665 0.03425925925925926
0 0.47604166666666664 0.41435185185185186 0.022916666666666665 0.03425925925925926
0 0.390625 0.41574074074074074 0.022916666666666665 0.03425925925925926
0 0.303125 0.41574074074074074 0.022916666666666665 0.03425925925925926
0 0.21458333333333332 0.41759259259259257 0.022916666666666665 0.03425925925925926
0 0.746875 0.5125 0.022916666666666665 0.03425925925925926
0 0.659375 0.5138888888888888 0.022916666666666665 0.03425925925925926
0 0.5708333333333333 0.5157407407407407 0.022916666666666665 0.03425925925925926
0 0.48125 0.5157407407407407 0.022916666666666665 0.03425925925925926
0 0.39166666666666666 0.5171296296296296 0.022916666666666665 0.03425925925925926
0 0.30104166666666665 0.5185185185185185 0.022916666666666665 0.03425925925925926
0 0.209375 0.5203703703703704 0.022916666666666665 0.03425925925925926
0 0.7635416666666667 0.6212962962962963 0.022916666666666665 0.03425925925925926
0 0.671875 0.6231481481481481 0.022916666666666665 0.03425925925925926
0 0.5802083333333333 0.624537037037037 0.022916666666666665 0.03425925925925926
0 0.4875 0.6263888888888889 0.022916666666666665 0.03425925925925926
0 0.3927083333333333 0.6291666666666667 0.022916666666666665 0.03425925925925926
0 0.29791666666666666 0.6310185185185185 0.022916666666666665 0.03425925925925926
0 0.20208333333333334 0.6324074074074074 0.022916666666666665 0.03425925925925926
0 0.78125 0.7398148148148148 0.022916666666666665 0.03425925925925926
0 0.6864583333333333 0.7430555555555556 0.022916666666666665 0.03425925925925926
0 0.590625 0.7444444444444445 0.022916666666666665 0.03425925925925926
0 0.49270833333333336 0.7476851851851852 0.022916666666666665 0.03425925925925926
0 0.39479166666666665 0.7509259259259259 0.022916666666666665 0.03425925925925926
0 0.29583333333333334 0.7523148148148148 0.022916666666666665 0.03425925925925926
0 0.19583333333333333 0.7555555555555555 0.022916666666666665 0.03425925925925926