0 0.6677083333333333 0.1763888888888889 0.025 0.03333333333333333
0 0.5989583333333334 0.18194444444444444 0.025 0.03333333333333333
0 0.5302083333333333 0.1875 0.025 0.03333333333333333
0 0.4625 0.19166666666666668 0.025 0.03333333333333333
0 0.3958333333333333 0.19722222222222222 0.025 0.03333333333333333
0 0.328125 0.2013888888888889 0.025 0.03333333333333333
0 0.26145833333333335 0.20694444444444443 0.025 0.03333333333333333
0 0.678125 0.24027777777777778 0.025 0.03333333333333333
0 0.6052083333333333 0.24583333333333332 0.025 0.03333333333333333
0 0.5333333333333333 0.25 0.025 0.03333333333333333
0 0.4625 0.25555555555555554 0.025 0.03333333333333333
0 0.39166666666666666 0.2611111111111111 0.025 0.03333333333333333
0 0.321875 0.2652777777777778 0.025 0.03333333333333333
0 0.2520833333333333 0.2708333333333333 0.025 0.03333333333333333
0 0.6885416666666667 0.30972222222222223 0.025 0.03333333333333333
0 0.6125 0.31527777777777777 0.025 0.03333333333333333
0 0.5375 0.32083333333333336 0.025 0.03333333333333333
0 0.4625 0.325 0.025 0.03333333333333333
0 0.3875 0.33055555555555555 0.025 0.03333333333333333
0 0.31354166666666666 0.33611111111111114 0.025 0.03333333333333333
0 0.240625 0.3402777777777778 0.025 0.03333333333333333
0 0.7010416666666667 0.3888888888888889 0.025 0.03333333333333333
0 0.6208333333333333 0.39305555555555555 0.025 0.03333333333333333
0 0.540625 0.39861111111111114 0.025 0.03333333333333333
0 0.46145833333333336 0.4041666666666667 0.025 0.03333333333333333
0 0.38333333333333336 0.4083333333333333 0.025 0.03333333333333333
0 0.30520833333333336 0.41388888888888886 0.025 0.03333333333333333
0 0.228125 0.41805555555555557 0.025 0.03333333333333333
0 0.7145833333333333 0.47638888888888886 0.025 0.03333333333333333
0 0.6291666666666667 0.48055555555555557 0.025 0.03333333333333333
0 0.5447916666666667 0.4861111111111111 0.025 0.03333333333333333
0 0.46145833333333336 0.49027777777777776 0.025 0.03333333333333333
0 0.378125 0.49583333333333335 0.025 0.03333333333333333
0 0.29583333333333334 0.5 0.025 0.03333333333333333
0 0.21458333333333332 0.5055555555555555 0.025 0.03333333333333333
0 0.7302083333333333 0.5736111111111111 0.025 0.03333333333333333
0 0.6395833333333333 0.5791666666666667 0.025 0.03333333333333333
0 0.55 0.5833333333333334 0.025 0.03333333333333333
0 0.46145833333333336 0.5888888888888889 0.025 0.03333333333333333
0 0.3729166666666667 0.5930555555555556 0.025 0.03333333333333333
0 0.28541666666666665 0.5986111111111111 0.025 0.03333333333333333
0 0.19895833333333332 0.6027777777777777 0.025 0.03333333333333333
0 0.7479166666666667 0.6847222222222222 0.025 0.03333333333333333
0 0.6510416666666666 0.6902777777777778 0.025 0.03333333333333333
0 0.5552083333333333 0.6944444444444444 0.025 0.03333333333333333
0 0.46041666666666664 0.7 0.025 0.03333333333333333
0 0.36666666666666664 0.7041666666666667 0.025 0.03333333333333333
0 0.27395833333333336 0.7083333333333334 0.025 0.03333333333333333
0 0.18125 0.7125 0.025 0.03333333333333333