0 0.17916666666666667 0.7314814814814815 0.027083333333333334 0.040740740740740744
0 0.2875 0.7282407407407407 0.027083333333333334 0.040740740740740744
0 0.396875 0.7263888888888889 0.027083333333333334 0.040740740740740744
0 0.5052083333333334 0.7236111111111111 0.027083333333333334 0.040740740740740744
0 0.6135416666666667 0.7217592592592592 0.027083333333333334 0.040740740740740744
0 0.7208333333333333 0.7185185185185186 0.027083333333333334 0.040740740740740744
0 0.828125 0.7171296296296297 0.027083333333333334 0.040740740740740744
0 0.20208333333333334 0.6064814814814815 0.027083333333333334 0.040740740740740744
0 0.3020833333333333 0.6046296296296296 0.027083333333333334 0.040740740740740744
0 0.403125 0.6032407407407407 0.027083333333333334 0.040740740740740744
0 0.503125 0.6 0.027083333333333334 0.040740740740740744
0 0.6020833333333333 0.5986111111111111 0.027083333333333334 0.040740740740740744
0 0.7020833333333333 0.5967592592592592 0.027083333333333334 0.040740740740740744
0 0.8010416666666667 0.5953703703703703 0.027083333333333334 0.040740740740740744
0 0.221875 0.5 0.027083333333333334 0.040740740740740744
0 0.3145833333333333 0.4986111111111111 0.027083333333333334 0.040740740740740744
0 0.4083333333333333 0.49675925925925923 0.027083333333333334 0.040740740740740744
0 0.5010416666666667 0.49537037037037035 0.027083333333333334 0.040740740740740744
0 0.5927083333333333 0.4935185185185185 0.027083333333333334 0.040740740740740744
0 0.6854166666666667 0.49212962962962964 0.027083333333333334 0.040740740740740744
0 0.7770833333333333 0.49074074074074076 0.027083333333333334 0.040740740740740744
0 0.23854166666666668 0.40925925925925927 0.027083333333333334 0.040740740740740744
0 0.3260416666666667 0.4078703703703704 0.027083333333333334 0.040740740740740744
0 0.4125 0.4064814814814815 0.027083333333333334 0.040740740740740744
0 0.49895833333333334 0.4046296296296296 0.027083333333333334 0.040740740740740744
0 0.5854166666666667 0.40324074074074073 0.027083333333333334 0.040740740740740744
0 0.6708333333333333 0.4013888888888889 0.027083333333333334 0.040740740740740744
0 0.7572916666666667 0.4 0.027083333333333334 0.040740740740740744
0 0.253125 0.3282407407407407 0.027083333333333334 0.040740740740740744
0 0.33541666666666664 0.3263888888888889 0.027083333333333334 0.040740740740740744
0 0.4166666666666667 0.3263888888888889 0.027083333333333334 0.040740740740740744
0 0.496875 0.325 0.027083333333333334 0.040740740740740744
0 0.578125 0.3236111111111111 0.027083333333333334 0.040740740740740744
0 0.6583333333333333 0.32175925925925924 0.027083333333333334 0.040740740740740744
0 0.7395833333333334 0.32037037037037036 0.027083333333333334 0.040740740740740744
0 0.26666666666666666 0.25787037037037036 0.027083333333333334 0.040740740740740744
0 0.34375 0.2564814814814815 0.027083333333333334 0.040740740740740744
0 0.4197916666666667 0.2564814814814815 0.027083333333333334 0.040740740740740744
0 0.49583333333333335 0.25462962962962965 0.027083333333333334 0.040740740740740744
0 0.571875 0.25324074074074077 0.027083333333333334 0.040740740740740744
0 0.6479166666666667 0.25324074074074077 0.027083333333333334 0.040740740740740744
0 0.7239583333333334 0.2513888888888889 0.027083333333333334 0.040740740740740744
0 0.278125 0.19537037037037036 0.027083333333333334 0.040740740740740744
0 0.35104166666666664 0.1935185185185185 0.027083333333333334 0.040740740740740744
0 0.42291666666666666 0.1935185185185185 0.027083333333333334 0.040740740740740744
0 0.4947916666666667 0.19212962962962962 0.027083333333333334 0.040740740740740744
0 0.5666666666666667 0.19212962962962962 0.027083333333333334 0.040740740740740744
0 0.6385416666666667 0.19074074074074074 0.027083333333333334 0.040740740740740744
0 0.709375 0.18888888888888888 0.027083333333333334 0.040740740740740744