0 0.6895833333333333 0.23148148148148148 0.025 0.0375
0 0.6229166666666667 0.23148148148148148 0.025 0.0375
0 0.5552083333333333 0.23148148148148148 0.025 0.0375
0 0.48854166666666665 0.22962962962962963 0.025 0.0375
0 0.4197916666666667 0.22962962962962963 0.025 0.0375
0 0.35104166666666664 0.22962962962962963 0.025 0.0375
0 0.28229166666666666 0.22962962962962963 0.025 0.0375
0 0.7020833333333333 0.2828703703703704 0.025 0.0375
0 0.63125 0.2828703703703704 0.025 0.0375
0 0.5604166666666667 0.2828703703703704 0.025 0.0375
0 0.48854166666666665 0.2828703703703704 0.025 0.0375
0 0.4166666666666667 0.2828703703703704 0.025 0.0375
0 0.34375 0.2814814814814815 0.025 0.0375
0 0.2708333333333333 0.2814814814814815 0.025 0.0375
0 0.715625 0.34074074074074073 0.025 0.0375
0 0.640625 0.34074074074074073 0.025 0.0375
0 0.565625 0.34074074074074073 0.025 0.0375
0 0.4895833333333333 0.34074074074074073 0.025 0.0375
0 0.4125 0.34074074074074073 0.025 0.0375
0 0.33541666666666664 0.34074074074074073 0.025 0.0375
0 0.25729166666666664 0.34074074074074073 0.025 0.0375
0 0.7322916666666667 0.4064814814814815 0.025 0.0375
0 0.6520833333333333 0.4078703703703704 0.025 0.0375
0 0.5708333333333333 0.4078703703703704 0.025 0.0375
0 0.4895833333333333 0.4078703703703704 0.025 0.0375
0 0.40729166666666666 0.4078703703703704 0.025 0.0375
0 0.325 0.4078703703703704 0.025 0.0375
0 0.24166666666666667 0.4078703703703704 0.025 0.0375
0 0.7510416666666667 0.4828703703703704 0.025 0.0375
0 0.6645833333333333 0.4828703703703704 0.025 0.0375
0 0.578125 0.4842592592592593 0.025 0.0375
0 0.490625 0.4842592592592593 0.025 0.0375
0 0.40208333333333335 0.4842592592592593 0.025 0.0375
0 0.31354166666666666 0.4861111111111111 0.025 0.0375
0 0.22395833333333334 0.4861111111111111 0.025 0.0375
0 0.771875 0.5703703703703704 0.025 0.0375
0 0.6791666666666667 0.5717592592592593 0.025 0.0375
0 0.5854166666666667 0.5717592592592593 0.025 0.0375
0 0.49166666666666664 0.5736111111111111 0.025 0.0375
0 0.3958333333333333 0.575 0.025 0.0375
0 0.3 0.575 0.025 0.0375
0 0.203125 0.5763888888888888 0.025 0.0375
0 0.796875 0.6717592592592593 0.025 0.0375
0 0.696875 0.6736111111111112 0.025 0.0375
0 0.5947916666666667 0.6763888888888889 0.025 0.0375
0 0.49270833333333336 0.6782407407407407 0.025 0.0375
0 0.3885416666666667 0.6796296296296296 0.025 0.0375
0 0.284375 0.6814814814814815 0.025 0.0375
0 0.178125 0.6828703703703703 0.025 0.0375