0 0.7291666666666666 0.2375 0.027083333333333334 0.040740740740740744
0 0.6552083333333333 0.2361111111111111 0.027083333333333334 0.040740740740740744
0 0.5802083333333333 0.2361111111111111 0.027083333333333334 0.040740740740740744
0 0.50625 0.2361111111111111 0.027083333333333334 0.040740740740740744
0 0.4322916666666667 0.23425925925925925 0.027083333333333334 0.040740740740740744
0 0.35833333333333334 0.23425925925925925 0.027083333333333334 0.040740740740740744
0 0.28541666666666665 0.23287037037037037 0.027083333333333334 0.040740740740740744
0 0.7427083333333333 0.30462962962962964 0.027083333333333334 0.040740740740740744
0 0.6635416666666667 0.30324074074074076 0.027083333333333334 0.040740740740740744
0 0.584375 0.30324074074074076 0.027083333333333334 0.040740740740740744
0 0.50625 0.30324074074074076 0.027083333333333334 0.040740740740740744
0 0.4270833333333333 0.3013888888888889 0.027083333333333334 0.040740740740740744
0 0.3489583333333333 0.3013888888888889 0.027083333333333334 0.040740740740740744
0 0.2708333333333333 0.3 0.027083333333333334 0.040740740740740744
0 0.7572916666666667 0.3814814814814815 0.027083333333333334 0.040740740740740744
0 0.6729166666666667 0.37962962962962965 0.027083333333333334 0.040740740740740744
0 0.5895833333333333 0.37962962962962965 0.027083333333333334 0.040740740740740744
0 0.5052083333333334 0.37824074074074077 0.027083333333333334 0.040740740740740744
0 0.421875 0.3763888888888889 0.027083333333333334 0.040740740740740744
0 0.3385416666666667 0.3763888888888889 0.027083333333333334 0.040740740740740744
0 0.2552083333333333 0.375 0.027083333333333334 0.040740740740740744
0 0.7739583333333333 0.4671296296296296 0.027083333333333334 0.040740740740740744
0 0.684375 0.46574074074074073 0.027083333333333334 0.040740740740740744
0 0.5947916666666667 0.46574074074074073 0.027083333333333334 0.040740740740740744
0 0.5052083333333334 0.4638888888888889 0.027083333333333334 0.040740740740740744
0 0.415625 0.4625 0.027083333333333334 0.040740740740740744
0 0.32708333333333334 0.4625 0.027083333333333334 0.040740740740740744
0 0.2375 0.46111111111111114 0.027083333333333334 0.040740740740740744
0 0.79375 0.5671296296296297 0.027083333333333334 0.040740740740740744
0 0.696875 0.5657407407407408 0.027083333333333334 0.040740740740740744
0 0.6010416666666667 0.5638888888888889 0.027083333333333334 0.040740740740740744
0 0.5041666666666667 0.5638888888888889 0.027083333333333334 0.040740740740740744
0 0.4083333333333333 0.5625 0.027083333333333334 0.040740740740740744
0 0.3125 0.5611111111111111 0.027083333333333334 0.040740740740740744
0 0.21770833333333334 0.5592592592592592 0.027083333333333334 0.040740740740740744
0 0.8166666666666667 0.6828703703703703 0.027083333333333334 0.040740740740740744
0 0.7114583333333333 0.6814814814814815 0.027083333333333334 0.040740740740740744
0 0.6072916666666667 0.6796296296296296 0.027083333333333334 0.040740740740740744
0 0.503125 0.6782407407407407 0.027083333333333334 0.040740740740740744
0 0.4 0.6763888888888889 0.027083333333333334 0.040740740740740744
0 0.296875 0.675 0.027083333333333334 0.040740740740740744
0 0.19375 0.6736111111111112 0.027083333333333334 0.040740740740740744
0 0.8427083333333333 0.8185185185185185 0.027083333333333334 0.040740740740740744
0 0.7291666666666666 0.8171296296296297 0.027083333333333334 0.040740740740740744
0 0.615625 0.8157407407407408 0.027083333333333334 0.040740740740740744
0 0.503125 0.8138888888888889 0.027083333333333334 0.040740740740740744
0 0.38958333333333334 0.8111111111111111 0.027083333333333334 0.040740740740740744
0 0.278125 0.8092592592592592 0.027083333333333334 0.040740740740740744
0 0.165625 0.8078703703703703 0.027083333333333334 0.040740740740740744