0 0.18333333333333332 0.6967592592592593 0.025 0.0375
0 0.2875 0.6986111111111111 0.025 0.0375
0 0.39166666666666666 0.7 0.025 0.0375
0 0.4947916666666667 0.7013888888888888 0.025 0.0375
0 0.5989583333333334 0.7032407407407407 0.025 0.0375
0 0.7020833333333333 0.7046296296296296 0.025 0.0375
0 0.8052083333333333 0.7064814814814815 0.025 0.0375
0 0.209375 0.5953703703703703 0.025 0.0375
0 0.30520833333333336 0.5967592592592592 0.025 0.0375
0 0.4010416666666667 0.5986111111111111 0.025 0.0375
0 0.49583333333333335 0.6 0.025 0.0375
0 0.590625 0.6013888888888889 0.025 0.0375
0 0.6854166666666667 0.6032407407407407 0.025 0.0375
0 0.7791666666666667 0.6046296296296296 0.025 0.0375
0 0.23229166666666667 0.5092592592592593 0.025 0.0375
0 0.32083333333333336 0.5111111111111111 0.025 0.0375
0 0.4083333333333333 0.5125 0.025 0.0375
0 0.49583333333333335 0.5138888888888888 0.025 0.0375
0 0.5833333333333334 0.5157407407407407 0.025 0.0375
0 0.6708333333333333 0.5171296296296296 0.025 0.0375
0 0.7583333333333333 0.5185185185185185 0.025 0.0375
0 0.2520833333333333 0.4375 0.025 0.0375
0 0.3333333333333333 0.4388888888888889 0.025 0.0375
0 0.415625 0.44074074074074077 0.025 0.0375
0 0.496875 0.44212962962962965 0.025 0.0375
0 0.578125 0.44351851851851853 0.025 0.0375
0 0.6583333333333333 0.44537037037037036 0.025 0.0375
0 0.7395833333333334 0.44537037037037036 0.025 0.0375
0 0.26875 0.3736111111111111 0.025 0.0375
0 0.34479166666666666 0.375 0.025 0.0375
0 0.42083333333333334 0.3763888888888889 0.025 0.0375
0 0.496875 0.37824074074074077 0.025 0.0375
0 0.5729166666666666 0.37962962962962965 0.025 0.0375
0 0.6479166666666667 0.3814814814814815 0.025 0.0375
0 0.7239583333333334 0.38287037037037036 0.025 0.0375
0 0.2833333333333333 0.31851851851851853 0.025 0.0375
0 0.35520833333333335 0.32037037037037036 0.025 0.0375
0 0.42604166666666665 0.32175925925925924 0.025 0.0375
0 0.496875 0.3236111111111111 0.025 0.0375
0 0.5677083333333334 0.3236111111111111 0.025 0.0375
0 0.6385416666666667 0.325 0.025 0.0375
0 0.709375 0.3263888888888889 0.025 0.0375
0 0.296875 0.27037037037037037 0.025 0.0375
0 0.36354166666666665 0.27037037037037037 0.025 0.0375
0 0.43020833333333336 0.27175925925925926 0.025 0.0375
0 0.4979166666666667 0.27361111111111114 0.025 0.0375
0 0.5645833333333333 0.275 0.025 0.0375
0 0.63125 0.2763888888888889 0.025 0.0375
0 0.696875 0.27824074074074073 0.025 0.0375