0 0.6729166666666667 0.3138888888888889 0.025 0.0375
0 0.6083333333333333 0.3125 0.025 0.0375
0 0.54375 0.3111111111111111 0.025 0.0375
0 0.4791666666666667 0.3111111111111111 0.025 0.0375
0 0.41458333333333336 0.30925925925925923 0.025 0.0375
0 0.35 0.30787037037037035 0.025 0.0375
0 0.28541666666666665 0.30648148148148147 0.025 0.0375
0 0.6833333333333333 0.3611111111111111 0.025 0.0375
0 0.6145833333333334 0.3592592592592593 0.025 0.0375
0 0.5458333333333333 0.3578703703703704 0.025 0.0375
0 0.47708333333333336 0.35648148148148145 0.025 0.0375
0 0.4083333333333333 0.35648148148148145 0.025 0.0375
0 0.33958333333333335 0.35462962962962963 0.025 0.0375
0 0.271875 0.35324074074074074 0.025 0.0375
0 0.6958333333333333 0.41388888888888886 0.025 0.0375
0 0.621875 0.4125 0.025 0.0375
0 0.5489583333333333 0.4111111111111111 0.025 0.0375
0 0.475 0.4111111111111111 0.025 0.0375
0 0.40208333333333335 0.40925925925925927 0.025 0.0375
0 0.32916666666666666 0.4078703703703704 0.025 0.0375
0 0.2552083333333333 0.4064814814814815 0.025 0.0375
0 0.709375 0.47638888888888886 0.025 0.0375
0 0.63125 0.475 0.025 0.0375
0 0.5520833333333334 0.4736111111111111 0.025 0.0375
0 0.47291666666666665 0.47175925925925927 0.025 0.0375
0 0.39479166666666665 0.4703703703703704 0.025 0.0375
0 0.315625 0.4685185185185185 0.025 0.0375
0 0.2375 0.4671296296296296 0.025 0.0375
0 0.7260416666666667 0.5467592592592593 0.025 0.0375
0 0.640625 0.5453703703703704 0.025 0.0375
0 0.55625 0.5435185185185185 0.025 0.0375
0 0.4708333333333333 0.5421296296296296 0.025 0.0375
0 0.3854166666666667 0.5407407407407407 0.025 0.0375
0 0.30104166666666665 0.5388888888888889 0.025 0.0375
0 0.215625 0.5375 0.025 0.0375
0 0.7447916666666666 0.6296296296296297 0.025 0.0375
0 0.6520833333333333 0.6282407407407408 0.025 0.0375
0 0.5604166666666667 0.6263888888888889 0.025 0.0375
0 0.46770833333333334 0.625 0.025 0.0375
0 0.375 0.6236111111111111 0.025 0.0375
0 0.2833333333333333 0.6217592592592592 0.025 0.0375
0 0.190625 0.6185185185185185 0.025 0.0375
0 0.7677083333333333 0.7296296296296296 0.025 0.0375
0 0.6666666666666666 0.7282407407407407 0.025 0.0375
0 0.565625 0.725 0.025 0.0375
0 0.46458333333333335 0.7236111111111111 0.025 0.0375
0 0.36354166666666665 0.7217592592592592 0.025 0.0375
0 0.2625 0.7185185185185186 0.025 0.0375
0 0.16145833333333334 0.7171296296296297 0.025 0.0375