0 0.6822916666666666 0.3314814814814815 0.025 0.0375
0 0.615625 0.3296296296296296 0.025 0.0375
0 0.5489583333333333 0.3296296296296296 0.025 0.0375
0 0.4822916666666667 0.3282407407407407 0.025 0.0375
0 0.415625 0.3263888888888889 0.025 0.0375
0 0.3489583333333333 0.3263888888888889 0.025 0.0375
0 0.28229166666666666 0.325 0.025 0.0375
0 0.69375 0.3814814814814815 0.025 0.0375
0 0.6229166666666667 0.37962962962962965 0.025 0.0375
0 0.5520833333333334 0.37824074074074077 0.025 0.0375
0 0.48125 0.37824074074074077 0.025 0.0375
0 0.409375 0.3763888888888889 0.025 0.0375
0 0.3385416666666667 0.375 0.025 0.0375
0 0.2677083333333333 0.375 0.025 0.0375
0 0.7072916666666667 0.4375 0.025 0.0375
0 0.63125 0.4361111111111111 0.025 0.0375
0 0.5552083333333333 0.43425925925925923 0.025 0.0375
0 0.4791666666666667 0.43425925925925923 0.025 0.0375
0 0.403125 0.43287037037037035 0.025 0.0375
0 0.32708333333333334 0.43287037037037035 0.025 0.0375
0 0.25104166666666666 0.43148148148148147 0.025 0.0375
0 0.721875 0.5013888888888889 0.025 0.0375
0 0.640625 0.5013888888888889 0.025 0.0375
0 0.559375 0.5 0.025 0.0375
0 0.47708333333333336 0.4986111111111111 0.025 0.0375
0 0.3958333333333333 0.4986111111111111 0.025 0.0375
0 0.3145833333333333 0.49675925925925923 0.025 0.0375
0 0.23229166666666667 0.49537037037037035 0.025 0.0375
0 0.7395833333333334 0.5782407407407407 0.025 0.0375
0 0.6510416666666666 0.5763888888888888 0.025 0.0375
0 0.5635416666666667 0.575 0.025 0.0375
0 0.475 0.5736111111111111 0.025 0.0375
0 0.3875 0.5736111111111111 0.025 0.0375
0 0.2989583333333333 0.5717592592592593 0.025 0.0375
0 0.21145833333333333 0.5703703703703704 0.025 0.0375
0 0.759375 0.6657407407407407 0.025 0.0375
0 0.6635416666666667 0.6638888888888889 0.025 0.0375
0 0.56875 0.6625 0.025 0.0375
0 0.47291666666666665 0.6625 0.025 0.0375
0 0.3770833333333333 0.6611111111111111 0.025 0.0375
0 0.28125 0.6592592592592592 0.025 0.0375
0 0.18541666666666667 0.6578703703703703 0.025 0.0375
0 0.7833333333333333 0.7703703703703704 0.025 0.0375
0 0.6791666666666667 0.7685185185185185 0.025 0.0375
0 0.575 0.7671296296296296 0.025 0.0375
0 0.46979166666666666 0.7671296296296296 0.025 0.0375
0 0.365625 0.7657407407407407 0.025 0.0375
0 0.2604166666666667 0.7638888888888888 0.025 0.0375
0 0.15625 0.7625 0.025 0.0375