0 0.19166666666666668 0.6953703703703704 0.025 0.0375
0 0.296875 0.7013888888888888 0.025 0.0375
0 0.40208333333333335 0.7078703703703704 0.025 0.0375
0 0.5083333333333333 0.7125 0.025 0.0375
0 0.615625 0.7185185185185186 0.025 0.0375
0 0.7229166666666667 0.725 0.025 0.0375
0 0.83125 0.7314814814814815 0.025 0.0375
0 0.21875 0.5736111111111111 0.025 0.0375
0 0.315625 0.5782407407407407 0.025 0.0375
0 0.41354166666666664 0.5828703703703704 0.025 0.0375
0 0.5125 0.5888888888888889 0.025 0.0375
0 0.6114583333333333 0.5935185185185186 0.025 0.0375
0 0.7114583333333333 0.5986111111111111 0.025 0.0375
0 0.8114583333333333 0.6046296296296296 0.025 0.0375
0 0.24166666666666667 0.4671296296296296 0.025 0.0375
0 0.3333333333333333 0.47175925925925927 0.025 0.0375
0 0.4239583333333333 0.47638888888888886 0.025 0.0375
0 0.515625 0.48148148148148145 0.025 0.0375
0 0.6083333333333333 0.4861111111111111 0.025 0.0375
0 0.7010416666666667 0.49074074074074076 0.025 0.0375
0 0.79375 0.4935185185185185 0.025 0.0375
0 0.2625 0.375 0.025 0.0375
0 0.34791666666666665 0.37962962962962965 0.025 0.0375
0 0.43333333333333335 0.38287037037037036 0.025 0.0375
0 0.51875 0.3875 0.025 0.0375
0 0.6052083333333333 0.3907407407407407 0.025 0.0375
0 0.6916666666666667 0.39537037037037037 0.025 0.0375
0 0.7791666666666667 0.39861111111111114 0.025 0.0375
0 0.28020833333333334 0.2935185185185185 0.025 0.0375
0 0.36041666666666666 0.2967592592592593 0.025 0.0375
0 0.440625 0.3013888888888889 0.025 0.0375
0 0.5208333333333334 0.30462962962962964 0.025 0.0375
0 0.6020833333333333 0.30787037037037035 0.025 0.0375
0 0.6833333333333333 0.3111111111111111 0.025 0.0375
0 0.765625 0.31574074074074077 0.025 0.0375
0 0.29583333333333334 0.22175925925925927 0.025 0.0375
0 0.371875 0.225 0.025 0.0375
0 0.4479166666666667 0.22824074074074074 0.025 0.0375
0 0.5239583333333333 0.23148148148148148 0.025 0.0375
0 0.6 0.23425925925925925 0.025 0.0375
0 0.6770833333333334 0.2375 0.025 0.0375
0 0.7541666666666667 0.24074074074074073 0.025 0.0375
0 0.3104166666666667 0.15787037037037038 0.025 0.0375
0 0.38229166666666664 0.16111111111111112 0.025 0.0375
0 0.453125 0.1638888888888889 0.025 0.0375
0 0.5260416666666666 0.16574074074074074 0.025 0.0375
0 0.5979166666666667 0.1685185185185185 0.025 0.0375
0 0.6708333333333333 0.17175925925925925 0.025 0.0375
0 0.74375 0.175 0.025 0.0375