0 0.7052083333333333 0.27824074074074073 0.027083333333333334 0.040740740740740744
0 0.6354166666666666 0.27824074074074073 0.027083333333333334 0.040740740740740744
0 0.565625 0.27824074074074073 0.027083333333333334 0.040740740740740744
0 0.49583333333333335 0.27824074074074073 0.027083333333333334 0.040740740740740744
0 0.42604166666666665 0.27824074074074073 0.027083333333333334 0.040740740740740744
0 0.35625 0.27824074074074073 0.027083333333333334 0.040740740740740744
0 0.2864583333333333 0.27824074074074073 0.027083333333333334 0.040740740740740744
0 0.71875 0.33425925925925926 0.027083333333333334 0.040740740740740744
0 0.6447916666666667 0.33425925925925926 0.027083333333333334 0.040740740740740744
0 0.5708333333333333 0.33425925925925926 0.027083333333333334 0.040740740740740744
0 0.49583333333333335 0.33425925925925926 0.027083333333333334 0.040740740740740744
0 0.421875 0.33425925925925926 0.027083333333333334 0.040740740740740744
0 0.34791666666666665 0.33425925925925926 0.027083333333333334 0.040740740740740744
0 0.27395833333333336 0.33425925925925926 0.027083333333333334 0.040740740740740744
0 0.7333333333333333 0.39861111111111114 0.027083333333333334 0.040740740740740744
0 0.6541666666666667 0.39861111111111114 0.027083333333333334 0.040740740740740744
0 0.575 0.39861111111111114 0.027083333333333334 0.040740740740740744
0 0.49583333333333335 0.39861111111111114 0.027083333333333334 0.040740740740740744
0 0.4166666666666667 0.39861111111111114 0.027083333333333334 0.040740740740740744
0 0.3375 0.39861111111111114 0.027083333333333334 0.040740740740740744
0 0.25833333333333336 0.39861111111111114 0.027083333333333334 0.040740740740740744
0 0.7510416666666667 0.4703703703703704 0.027083333333333334 0.040740740740740744
0 0.6666666666666666 0.4703703703703704 0.027083333333333334 0.040740740740740744
0 0.58125 0.4703703703703704 0.027083333333333334 0.040740740740740744
0 0.496875 0.4703703703703704 0.027083333333333334 0.040740740740740744
0 0.4114583333333333 0.4703703703703704 0.027083333333333334 0.040740740740740744
0 0.3260416666666667 0.4703703703703704 0.027083333333333334 0.040740740740740744
0 0.24166666666666667 0.4703703703703704 0.027083333333333334 0.040740740740740744
0 0.7708333333333334 0.5546296296296296 0.027083333333333334 0.040740740740740744
0 0.6791666666666667 0.5546296296296296 0.027083333333333334 0.040740740740740744
0 0.5885416666666666 0.5546296296296296 0.027083333333333334 0.040740740740740744
0 0.496875 0.5546296296296296 0.027083333333333334 0.040740740740740744
0 0.40520833333333334 0.5546296296296296 0.027083333333333334 0.040740740740740744
0 0.31354166666666666 0.5546296296296296 0.027083333333333334 0.040740740740740744
0 0.221875 0.5546296296296296 0.027083333333333334 0.040740740740740744
0 0.7947916666666667 0.6532407407407408 0.027083333333333334 0.040740740740740744
0 0.6958333333333333 0.6532407407407408 0.027083333333333334 0.040740740740740744
0 0.5958333333333333 0.6532407407407408 0.027083333333333334 0.040740740740740744
0 0.496875 0.6532407407407408 0.027083333333333334 0.040740740740740744
0 0.39791666666666664 0.6532407407407408 0.027083333333333334 0.040740740740740744
0 0.29791666666666666 0.6532407407407408 0.027083333333333334 0.040740740740740744
0 0.19895833333333332 0.6532407407407408 0.027083333333333334 0.040740740740740744
0 0.821875 0.7685185185185185 0.027083333333333334 0.040740740740740744
0 0.7135416666666666 0.7685185185185185 0.027083333333333334 0.040740740740740744
0 0.6052083333333333 0.7685185185185185 0.027083333333333334 0.040740740740740744
0 0.496875 0.7685185185185185 0.027083333333333334 0.040740740740740744
0 0.3885416666666667 0.7685185185185185 0.027083333333333334 0.040740740740740744
0 0.28020833333333334 0.7685185185185185 0.027083333333333334 0.040740740740740744
0 0.17083333333333334 0.7685185185185185 0.027083333333333334 0.040740740740740744