0 0.18645833333333334 0.7375 0.025 0.0375
0 0.28854166666666664 0.7375 0.025 0.0375
0 0.390625 0.7388888888888889 0.025 0.0375
0 0.49375 0.7388888888888889 0.025 0.0375
0 0.596875 0.7407407407407407 0.025 0.0375
0 0.7 0.7407407407407407 0.025 0.0375
0 0.8041666666666667 0.7421296296296296 0.025 0.0375
0 0.21041666666666667 0.6203703703703703 0.025 0.0375
0 0.30520833333333336 0.6217592592592592 0.025 0.0375
0 0.4 0.6217592592592592 0.025 0.0375
0 0.4947916666666667 0.6236111111111111 0.025 0.0375
0 0.590625 0.6236111111111111 0.025 0.0375
0 0.6864583333333333 0.6236111111111111 0.025 0.0375
0 0.7822916666666667 0.625 0.025 0.0375
0 0.23229166666666667 0.5203703703703704 0.025 0.0375
0 0.31979166666666664 0.5217592592592593 0.025 0.0375
0 0.4083333333333333 0.5217592592592593 0.025 0.0375
0 0.496875 0.5217592592592593 0.025 0.0375
0 0.5854166666666667 0.5236111111111111 0.025 0.0375
0 0.6739583333333333 0.5236111111111111 0.025 0.0375
0 0.7635416666666667 0.5236111111111111 0.025 0.0375
0 0.25 0.43425925925925923 0.025 0.0375
0 0.33229166666666665 0.43425925925925923 0.025 0.0375
0 0.41458333333333336 0.43425925925925923 0.025 0.0375
0 0.4979166666666667 0.43425925925925923 0.025 0.0375
0 0.5802083333333333 0.4361111111111111 0.025 0.0375
0 0.6635416666666667 0.4361111111111111 0.025 0.0375
0 0.746875 0.4361111111111111 0.025 0.0375
0 0.26666666666666666 0.3578703703703704 0.025 0.0375
0 0.34375 0.3578703703703704 0.025 0.0375
0 0.42083333333333334 0.3578703703703704 0.025 0.0375
0 0.49895833333333334 0.3578703703703704 0.025 0.0375
0 0.5770833333333333 0.3592592592592593 0.025 0.0375
0 0.6541666666666667 0.3592592592592593 0.025 0.0375
0 0.7322916666666667 0.3592592592592593 0.025 0.0375
0 0.28125 0.29074074074074074 0.025 0.0375
0 0.353125 0.29074074074074074 0.025 0.0375
0 0.4270833333333333 0.29074074074074074 0.025 0.0375
0 0.5 0.29074074074074074 0.025 0.0375
0 0.5729166666666666 0.29074074074074074 0.025 0.0375
0 0.646875 0.29074074074074074 0.025 0.0375
0 0.7197916666666667 0.29074074074074074 0.025 0.0375
0 0.29375 0.22962962962962963 0.025 0.0375
0 0.3625 0.22962962962962963 0.025 0.0375
0 0.43125 0.22962962962962963 0.025 0.0375
0 0.5 0.22962962962962963 0.025 0.0375
0 0.5697916666666667 0.23148148148148148 0.025 0.0375
0 0.6395833333333333 0.23148148148148148 0.025 0.0375
0 0.7083333333333334 0.23148148148148148 0.025 0.0375