0 0.70625 0.24351851851851852 0.025 0.0375
0 0.6364583333333333 0.24351851851851852 0.025 0.0375
0 0.5666666666666667 0.24351851851851852 0.025 0.0375
0 0.4979166666666667 0.24351851851851852 0.025 0.0375
0 0.428125 0.24212962962962964 0.025 0.0375
0 0.35833333333333334 0.24212962962962964 0.025 0.0375
0 0.28958333333333336 0.24212962962962964 0.025 0.0375
0 0.71875 0.30462962962962964 0.025 0.0375
0 0.6447916666666667 0.30462962962962964 0.025 0.0375
0 0.5708333333333333 0.30462962962962964 0.025 0.0375
0 0.496875 0.30462962962962964 0.025 0.0375
0 0.4239583333333333 0.30462962962962964 0.025 0.0375
0 0.35 0.30462962962962964 0.025 0.0375
0 0.27708333333333335 0.30324074074074076 0.025 0.0375
0 0.7322916666666667 0.375 0.025 0.0375
0 0.653125 0.375 0.025 0.0375
0 0.575 0.3736111111111111 0.025 0.0375
0 0.496875 0.3736111111111111 0.025 0.0375
0 0.41875 0.3736111111111111 0.025 0.0375
0 0.340625 0.3736111111111111 0.025 0.0375
0 0.2625 0.3736111111111111 0.025 0.0375
0 0.746875 0.4532407407407407 0.025 0.0375
0 0.6635416666666667 0.4532407407407407 0.025 0.0375
0 0.5791666666666667 0.4532407407407407 0.025 0.0375
0 0.49583333333333335 0.4513888888888889 0.025 0.0375
0 0.4125 0.4513888888888889 0.025 0.0375
0 0.32916666666666666 0.4513888888888889 0.025 0.0375
0 0.24583333333333332 0.4513888888888889 0.025 0.0375
0 0.7645833333333333 0.5435185185185185 0.025 0.0375
0 0.675 0.5421296296296296 0.025 0.0375
0 0.5854166666666667 0.5421296296296296 0.025 0.0375
0 0.49583333333333335 0.5421296296296296 0.025 0.0375
0 0.40625 0.5407407407407407 0.025 0.0375
0 0.31666666666666665 0.5407407407407407 0.025 0.0375
0 0.22708333333333333 0.5407407407407407 0.025 0.0375
0 0.784375 0.6467592592592593 0.025 0.0375
0 0.6875 0.6467592592592593 0.025 0.0375
0 0.590625 0.6467592592592593 0.025 0.0375
0 0.4947916666666667 0.6453703703703704 0.025 0.0375
0 0.39791666666666664 0.6453703703703704 0.025 0.0375
0 0.3020833333333333 0.6435185185185185 0.025 0.0375
0 0.20625 0.6435185185185185 0.025 0.0375
0 0.8083333333333333 0.7685185185185185 0.025 0.0375
0 0.703125 0.7685185185185185 0.025 0.0375
0 0.5979166666666667 0.7671296296296296 0.025 0.0375
0 0.49375 0.7671296296296296 0.025 0.0375
0 0.38958333333333334 0.7657407407407407 0.025 0.0375
0 0.28541666666666665 0.7657407407407407 0.025 0.0375
0 0.18125 0.7638888888888888 0.025 0.0375