0 0.8822916666666667 0.2662037037037037 0.029166666666666667 0.04351851851851852
0 0.8020833333333334 0.2412037037037037 0.029166666666666667 0.04351851851851852
0 0.7260416666666667 0.21944444444444444 0.029166666666666667 0.04351851851851852
0 0.653125 0.19768518518518519 0.029166666666666667 0.04351851851851852
0 0.584375 0.17777777777777778 0.029166666666666667 0.04351851851851852
0 0.51875 0.1574074074074074 0.029166666666666667 0.04351851851851852
0 0.45625 0.13842592592592592 0.029166666666666667 0.04351851851851852
0 0.8739583333333333 0.32083333333333336 0.029166666666666667 0.04351851851851852
0 0.7885416666666667 0.29444444444444445 0.029166666666666667 0.04351851851851852
0 0.7072916666666667 0.26805555555555555 0.029166666666666667 0.04351851851851852
0 0.63125 0.24444444444444444 0.029166666666666667 0.04351851851851852
0 0.559375 0.2212962962962963 0.029166666666666667 0.04351851851851852
0 0.4895833333333333 0.19953703703703704 0.029166666666666667 0.04351851851851852
0 0.425 0.17916666666666667 0.029166666666666667 0.04351851851851852
0 0.8645833333333334 0.38472222222222224 0.029166666666666667 0.04351851851851852
0 0.7729166666666667 0.3537037037037037 0.029166666666666667 0.04351851851851852
0 0.6875 0.32407407407407407 0.029166666666666667 0.04351851851851852
0 0.60625 0.29768518518518516 0.029166666666666667 0.04351851851851852
0 0.5302083333333333 0.2708333333333333 0.029166666666666667 0.04351851851851852
0 0.45729166666666665 0.2462962962962963 0.029166666666666667 0.04351851851851852
0 0.3885416666666667 0.22268518518518518 0.029166666666666667 0.04351851851851852
0 0.853125 0.45787037037037037 0.029166666666666667 0.04351851851851852
0 0.7552083333333334 0.4222222222222222 0.029166666666666667 0.04351851851851852
0 0.6635416666666667 0.38796296296296295 0.029166666666666667 0.04351851851851852
0 0.578125 0.35648148148148145 0.029166666666666667 0.04351851851851852
0 0.496875 0.32731481481481484 0.029166666666666667 0.04351851851851852
0 0.42083333333333334 0.29907407407407405 0.029166666666666667 0.04351851851851852
0 0.34791666666666665 0.2740740740740741 0.029166666666666667 0.04351851851851852
0 0.840625 0.5435185185185185 0.029166666666666667 0.04351851851851852
0 0.7354166666666667 0.5013888888888889 0.029166666666666667 0.04351851851851852
0 0.6364583333333333 0.4625 0.029166666666666667 0.04351851851851852
0 0.5447916666666667 0.42685185185185187 0.029166666666666667 0.04351851851851852
0 0.459375 0.3925925925925926 0.029166666666666667 0.04351851851851852
0 0.378125 0.36157407407407405 0.029166666666666667 0.04351851851851852
0 0.3020833333333333 0.33194444444444443 0.029166666666666667 0.04351851851851852
0 0.825 0.6449074074074074 0.029166666666666667 0.04351851851851852
0 0.7104166666666667 0.5967592592592592 0.029166666666666667 0.04351851851851852
0 0.6052083333333333 0.55 0.029166666666666667 0.04351851851851852
0 0.50625 0.5078703703703704 0.029166666666666667 0.04351851851851852
0 0.41458333333333336 0.4689814814814815 0.029166666666666667 0.04351851851851852
0 0.32916666666666666 0.43148148148148147 0.029166666666666667 0.04351851851851852
0 0.24895833333333334 0.3972222222222222 0.029166666666666667 0.04351851851851852
0 0.80625 0.7680555555555556 0.029166666666666667 0.04351851851851852
0 0.68125 0.7087962962962963 0.029166666666666667 0.04351851851851852
0 0.5666666666666667 0.6541666666666667 0.029166666666666667 0.04351851851851852
0 0.46145833333333336 0.6041666666666666 0.029166666666666667 0.04351851851851852
0 0.3625 0.5574074074074075 0.029166666666666667 0.04351851851851852
0 0.271875 0.5138888888888888 0.029166666666666667 0.04351851851851852
0 0.1875 0.475 0.029166666666666667 0.04351851851851852