0 0.19583333333333333 0.5319444444444444 0.027083333333333334 0.04398148148148148
0 0.28958333333333336 0.5675925925925925 0.027083333333333334 0.04398148148148148
0 0.3875 0.6046296296296296 0.027083333333333334 0.04398148148148148
0 0.490625 0.6416666666666667 0.027083333333333334 0.04398148148148148
0 0.5989583333333334 0.6842592592592592 0.027083333333333334 0.04398148148148148
0 0.7135416666666666 0.7263888888888889 0.027083333333333334 0.04398148148148148
0 0.834375 0.7717592592592593 0.027083333333333334 0.04398148148148148
0 0.25729166666666664 0.44074074074074077 0.027083333333333334 0.04398148148148148
0 0.34375 0.47129629629629627 0.027083333333333334 0.04398148148148148
0 0.434375 0.5032407407407408 0.027083333333333334 0.04398148148148148
0 0.5291666666666667 0.5356481481481481 0.027083333333333334 0.04398148148148148
0 0.6291666666666667 0.5708333333333333 0.027083333333333334 0.04398148148148148
0 0.7333333333333333 0.6064814814814815 0.027083333333333334 0.04398148148148148
0 0.8416666666666667 0.6453703703703704 0.027083333333333334 0.04398148148148148
0 0.309375 0.36666666666666664 0.027083333333333334 0.04398148148148148
0 0.38958333333333334 0.39166666666666666 0.027083333333333334 0.04398148148148148
0 0.4739583333333333 0.41898148148148145 0.027083333333333334 0.04398148148148148
0 0.5614583333333333 0.4476851851851852 0.027083333333333334 0.04398148148148148
0 0.653125 0.47638888888888886 0.027083333333333334 0.04398148148148148
0 0.7489583333333333 0.5083333333333333 0.027083333333333334 0.04398148148148148
0 0.8479166666666667 0.5407407407407407 0.027083333333333334 0.04398148148148148
0 0.353125 0.300462962962963 0.027083333333333334 0.04398148148148148
0 0.42916666666666664 0.324537037037037 0.027083333333333334 0.04398148148148148
0 0.5072916666666667 0.34814814814814815 0.027083333333333334 0.04398148148148148
0 0.5885416666666666 0.3731481481481482 0.027083333333333334 0.04398148148148148
0 0.6729166666666667 0.39861111111111114 0.027083333333333334 0.04398148148148148
0 0.7614583333333333 0.425462962962963 0.027083333333333334 0.04398148148148148
0 0.853125 0.4527777777777778 0.027083333333333334 0.04398148148148148
0 0.39166666666666666 0.2449074074074074 0.027083333333333334 0.04398148148148148
0 0.4625 0.2652777777777778 0.027083333333333334 0.04398148148148148
0 0.5354166666666667 0.28703703703703703 0.027083333333333334 0.04398148148148148
0 0.6114583333333333 0.30925925925925923 0.027083333333333334 0.04398148148148148
0 0.690625 0.33101851851851855 0.027083333333333334 0.04398148148148148
0 0.7729166666666667 0.35462962962962963 0.027083333333333334 0.04398148148148148
0 0.8583333333333333 0.37824074074074077 0.027083333333333334 0.04398148148148148
0 0.425 0.19583333333333333 0.027083333333333334 0.04398148148148148
0 0.49166666666666664 0.21435185185185185 0.027083333333333334 0.04398148148148148
0 0.5604166666666667 0.23333333333333334 0.027083333333333334 0.04398148148148148
0 0.6322916666666667 0.25324074074074077 0.027083333333333334 0.04398148148148148
0 0.70625 0.27361111111111114 0.027083333333333334 0.04398148148148148
0 0.7822916666666667 0.29398148148148145 0.027083333333333334 0.04398148148148148
0 0.8614583333333333 0.31574074074074077 0.027083333333333334 0.04398148148148148
0 0.45416666666666666 0.1537037037037037 0.027083333333333334 0.04398148148148148
0 0.5166666666666667 0.17083333333333334 0.027083333333333334 0.04398148148148148
0 0.5822916666666667 0.1875 0.027083333333333334 0.04398148148148148
0 0.65 0.20416666666666666 0.027083333333333334 0.04398148148148148
0 0.71875 0.22314814814814815 0.027083333333333334 0.04398148148148148
0 0.790625 0.24166666666666667 0.027083333333333334 0.04398148148148148
0 0.8645833333333334 0.2601851851851852 0.027083333333333334 0.04398148148148148