0 0.8020833333333334 0.1962962962962963 0.025 0.04351851851851852
0 0.7291666666666666 0.18888888888888888 0.025 0.04351851851851852
0 0.6583333333333333 0.18009259259259258 0.025 0.04351851851851852
0 0.5895833333333333 0.1726851851851852 0.025 0.04351851851851852
0 0.5239583333333333 0.16342592592592592 0.025 0.04351851851851852
0 0.459375 0.15648148148148147 0.025 0.04351851851851852
0 0.396875 0.14907407407407408 0.025 0.04351851851851852
0 0.8041666666666667 0.25833333333333336 0.025 0.04351851851851852
0 0.725 0.24722222222222223 0.025 0.04351851851851852
0 0.65 0.23657407407407408 0.025 0.04351851851851852
0 0.5760416666666667 0.2273148148148148 0.025 0.04351851851851852
0 0.50625 0.21805555555555556 0.025 0.04351851851851852
0 0.4375 0.20925925925925926 0.025 0.04351851851851852
0 0.371875 0.2 0.025 0.04351851851851852
0 0.80625 0.32731481481481484 0.025 0.04351851851851852
0 0.7208333333333333 0.3143518518518518 0.025 0.04351851851851852
0 0.6395833333333333 0.30185185185185187 0.025 0.04351851851851852
0 0.5614583333333333 0.29074074074074074 0.025 0.04351851851851852
0 0.48541666666666666 0.2800925925925926 0.025 0.04351851851851852
0 0.41354166666666664 0.2689814814814815 0.025 0.04351851851851852
0 0.34270833333333334 0.25833333333333336 0.025 0.04351851851851852
0 0.8083333333333333 0.40925925925925927 0.025 0.04351851851851852
0 0.7166666666666667 0.3925925925925926 0.025 0.04351851851851852
0 0.628125 0.37824074074074077 0.025 0.04351851851851852
0 0.54375 0.36342592592592593 0.025 0.04351851851851852
0 0.4625 0.3509259259259259 0.025 0.04351851851851852
0 0.384375 0.33796296296296297 0.025 0.04351851851851852
0 0.309375 0.32546296296296295 0.025 0.04351851851851852
0 0.8104166666666667 0.5055555555555555 0.025 0.04351851851851852
0 0.7104166666666667 0.4875 0.025 0.04351851851851852
0 0.6145833333333334 0.4689814814814815 0.025 0.04351851851851852
0 0.5229166666666667 0.45092592592592595 0.025 0.04351851851851852
0 0.4354166666666667 0.43472222222222223 0.025 0.04351851851851852
0 0.35104166666666664 0.41805555555555557 0.025 0.04351851851851852
0 0.2708333333333333 0.40370370370370373 0.025 0.04351851851851852
0 0.8135416666666667 0.6236111111111111 0.025 0.04351851851851852
0 0.703125 0.6 0.025 0.04351851851851852
0 0.5979166666666667 0.5763888888888888 0.025 0.04351851851851852
0 0.4979166666666667 0.5546296296296296 0.025 0.04351851851851852
0 0.403125 0.5347222222222222 0.025 0.04351851851851852
0 0.31145833333333334 0.5143518518518518 0.025 0.04351851851851852
0 0.225 0.4962962962962963 0.025 0.04351851851851852
0 0.8177083333333334 0.7671296296296296 0.025 0.04351851851851852
0 0.6947916666666667 0.736574074074074 0.025 0.04351851851851852
0 0.578125 0.7074074074074074 0.025 0.04351851851851852
0 0.46770833333333334 0.6800925925925926 0.025 0.04351851851851852
0 0.36354166666666665 0.6546296296296297 0.025 0.04351851851851852
0 0.26458333333333334 0.6291666666666667 0.025 0.04351851851851852
0 0.17083333333333334 0.6055555555555555 0.025 0.04351851851851852