0 0.16875 0.6694444444444444 0.020833333333333332 0.04027777777777778
0 0.2677083333333333 0.6856481481481481 0.020833333333333332 0.04027777777777778
0 0.37083333333333335 0.7037037037037037 0.020833333333333332 0.04027777777777778
0 0.47708333333333336 0.7217592592592592 0.020833333333333332 0.04027777777777778
0 0.5864583333333333 0.7398148148148148 0.020833333333333332 0.04027777777777778
0 0.7010416666666667 0.7578703703703704 0.020833333333333332 0.04027777777777778
0 0.81875 0.7782407407407408 0.020833333333333332 0.04027777777777778
0 0.21875 0.5462962962962963 0.020833333333333332 0.04027777777777778
0 0.309375 0.5606481481481481 0.020833333333333332 0.04027777777777778
0 0.403125 0.5726851851851852 0.020833333333333332 0.04027777777777778
0 0.49895833333333334 0.586574074074074 0.020833333333333332 0.04027777777777778
0 0.5989583333333334 0.6027777777777777 0.020833333333333332 0.04027777777777778
0 0.7020833333333333 0.6171296296296296 0.020833333333333332 0.04027777777777778
0 0.8083333333333333 0.6328703703703704 0.020833333333333332 0.04027777777777778
0 0.2604166666666667 0.44351851851851853 0.020833333333333332 0.04027777777777778
0 0.34375 0.45555555555555555 0.020833333333333332 0.04027777777777778
0 0.42916666666666664 0.46574074074074073 0.020833333333333332 0.04027777777777778
0 0.5177083333333333 0.4777777777777778 0.020833333333333332 0.04027777777777778
0 0.609375 0.4898148148148148 0.020833333333333332 0.04027777777777778
0 0.703125 0.5018518518518519 0.020833333333333332 0.04027777777777778
0 0.8 0.5138888888888888 0.020833333333333332 0.04027777777777778
0 0.2947916666666667 0.3587962962962963 0.020833333333333332 0.04027777777777778
0 0.3729166666666667 0.36712962962962964 0.020833333333333332 0.04027777777777778
0 0.45208333333333334 0.375 0.020833333333333332 0.04027777777777778
0 0.5333333333333333 0.3851851851851852 0.020833333333333332 0.04027777777777778
0 0.6177083333333333 0.39537037037037037 0.020833333333333332 0.04027777777777778
0 0.7041666666666667 0.4050925925925926 0.020833333333333332 0.04027777777777778
0 0.7927083333333333 0.4152777777777778 0.020833333333333332 0.04027777777777778
0 0.325 0.28425925925925927 0.020833333333333332 0.04027777777777778
0 0.396875 0.29212962962962963 0.020833333333333332 0.04027777777777778
0 0.4708333333333333 0.2986111111111111 0.020833333333333332 0.04027777777777778
0 0.546875 0.30648148148148147 0.020833333333333332 0.04027777777777778
0 0.625 0.3143518518518518 0.020833333333333332 0.04027777777777778
0 0.7041666666666667 0.3226851851851852 0.020833333333333332 0.04027777777777778
0 0.7864583333333334 0.33055555555555555 0.020833333333333332 0.04027777777777778
0 0.35104166666666664 0.2199074074074074 0.020833333333333332 0.04027777777777778
0 0.41875 0.22592592592592592 0.020833333333333332 0.04027777777777778
0 0.4875 0.23194444444444445 0.020833333333333332 0.04027777777777778
0 0.5583333333333333 0.23796296296296296 0.020833333333333332 0.04027777777777778
0 0.63125 0.24583333333333332 0.020833333333333332 0.04027777777777778
0 0.7052083333333333 0.2518518518518518 0.020833333333333332 0.04027777777777778
0 0.78125 0.25787037037037036 0.020833333333333332 0.04027777777777778
0 0.37395833333333334 0.16527777777777777 0.020833333333333332 0.04027777777777778
0 0.4375 0.16944444444444445 0.020833333333333332 0.04027777777777778
0 0.5020833333333333 0.17546296296296296 0.020833333333333332 0.04027777777777778
0 0.56875 0.17962962962962964 0.020833333333333332 0.04027777777777778
0 0.6364583333333333 0.18564814814814815 0.020833333333333332 0.04027777777777778
0 0.7052083333333333 0.19166666666666668 0.020833333333333332 0.04027777777777778
0 0.7760416666666666 0.19537037037037036 0.020833333333333332 0.04027777777777778