0 0.53125 0.8282407407407407 0.01875 0.02962962962962963
0 0.59375 0.75 0.01875 0.02962962962962963
0 0.6520833333333333 0.6763888888888889 0.01875 0.02962962962962963
0 0.70625 0.6078703703703704 0.01875 0.02962962962962963
0 0.75625 0.5439814814814815 0.01875 0.02962962962962963
0 0.8041666666666667 0.4837962962962963 0.01875 0.02962962962962963
0 0.8489583333333334 0.4263888888888889 0.01875 0.02962962962962963
0 0.459375 0.762962962962963 0.01875 0.02962962962962963
0 0.5229166666666667 0.6893518518518519 0.01875 0.02962962962962963
0 0.58125 0.6194444444444445 0.01875 0.02962962962962963
0 0.6364583333333333 0.5555555555555556 0.01875 0.02962962962962963
0 0.6875 0.4949074074074074 0.01875 0.02962962962962963
0 0.7364583333333333 0.43796296296296294 0.01875 0.02962962962962963
0 0.78125 0.3837962962962963 0.01875 0.02962962962962963
0 0.3927083333333333 0.7027777777777777 0.01875 0.02962962962962963
0 0.45625 0.6324074074074074 0.01875 0.02962962962962963
0 0.5145833333333333 0.5671296296296297 0.01875 0.02962962962962963
0 0.5708333333333333 0.5050925925925925 0.01875 0.02962962962962963
0 0.6229166666666667 0.4476851851851852 0.01875 0.02962962962962963
0 0.671875 0.3939814814814815 0.01875 0.02962962962962963
0 0.7177083333333333 0.34305555555555556 0.01875 0.02962962962962963
0 0.32916666666666666 0.6453703703703704 0.01875 0.02962962962962963
0 0.3927083333333333 0.5782407407407407 0.01875 0.02962962962962963
0 0.45208333333333334 0.5162037037037037 0.01875 0.02962962962962963
0 0.5083333333333333 0.45925925925925926 0.01875 0.02962962962962963
0 0.5604166666666667 0.40370370370370373 0.01875 0.02962962962962963
0 0.6104166666666667 0.3527777777777778 0.01875 0.02962962962962963
0 0.6572916666666667 0.3037037037037037 0.01875 0.02962962962962963
0 0.26875 0.5898148148148148 0.01875 0.02962962962962963
0 0.3333333333333333 0.5277777777777778 0.01875 0.02962962962962963
0 0.3927083333333333 0.4689814814814815 0.01875 0.02962962962962963
0 0.44895833333333335 0.4134259259259259 0.01875 0.02962962962962963
0 0.5020833333333333 0.3611111111111111 0.01875 0.02962962962962963
0 0.5520833333333334 0.31203703703703706 0.01875 0.02962962962962963
0 0.6 0.2662037037037037 0.01875 0.02962962962962963
0 0.2125 0.5393518518518519 0.01875 0.02962962962962963
0 0.2760416666666667 0.48055555555555557 0.01875 0.02962962962962963
0 0.33645833333333336 0.425 0.01875 0.02962962962962963
0 0.3927083333333333 0.37083333333333335 0.01875 0.02962962962962963
0 0.44583333333333336 0.32175925925925924 0.01875 0.02962962962962963
0 0.496875 0.274537037037037 0.01875 0.02962962962962963
0 0.5447916666666667 0.23055555555555557 0.01875 0.02962962962962963
0 0.15833333333333333 0.49027777777777776 0.01875 0.02962962962962963
0 0.22291666666666668 0.43472222222222223 0.01875 0.02962962962962963
0 0.28229166666666666 0.38055555555555554 0.01875 0.02962962962962963
0 0.33958333333333335 0.3314814814814815 0.01875 0.02962962962962963
0 0.3927083333333333 0.28425925925925927 0.01875 0.02962962962962963
0 0.44375 0.23842592592592593 0.01875 0.02962962962962963
0 0.49166666666666664 0.1962962962962963 0.01875 0.02962962962962963