0 0.8364583333333333 0.2324074074074074 0.014583333333333334 0.030555555555555555
0 0.7625 0.21712962962962962 0.014583333333333334 0.030555555555555555
0 0.6885416666666667 0.20185185185185187 0.014583333333333334 0.030555555555555555
0 0.615625 0.1865740740740741 0.014583333333333334 0.030555555555555555
0 0.54375 0.17314814814814813 0.014583333333333334 0.030555555555555555
0 0.4739583333333333 0.15787037037037038 0.014583333333333334 0.030555555555555555
0 0.403125 0.1449074074074074 0.014583333333333334 0.030555555555555555
0 0.8260416666666667 0.30277777777777776 0.014583333333333334 0.030555555555555555
0 0.7489583333333333 0.2851851851851852 0.014583333333333334 0.030555555555555555
0 0.6739583333333333 0.26990740740740743 0.014583333333333334 0.030555555555555555
0 0.5989583333333334 0.25416666666666665 0.014583333333333334 0.030555555555555555
0 0.525 0.2388888888888889 0.014583333333333334 0.030555555555555555
0 0.45208333333333334 0.22361111111111112 0.014583333333333334 0.030555555555555555
0 0.3802083333333333 0.20833333333333334 0.014583333333333334 0.030555555555555555
0 0.8145833333333333 0.3773148148148148 0.014583333333333334 0.030555555555555555
0 0.7354166666666667 0.3597222222222222 0.014583333333333334 0.030555555555555555
0 0.6572916666666667 0.3421296296296296 0.014583333333333334 0.030555555555555555
0 0.58125 0.32685185185185184 0.014583333333333334 0.030555555555555555
0 0.5052083333333334 0.30925925925925923 0.014583333333333334 0.030555555555555555
0 0.43020833333333336 0.29398148148148145 0.014583333333333334 0.030555555555555555
0 0.35625 0.27870370370370373 0.014583333333333334 0.030555555555555555
0 0.803125 0.45601851851851855 0.014583333333333334 0.030555555555555555
0 0.721875 0.43842592592592594 0.014583333333333334 0.030555555555555555
0 0.640625 0.42083333333333334 0.014583333333333334 0.030555555555555555
0 0.5614583333333333 0.4013888888888889 0.014583333333333334 0.030555555555555555
0 0.48333333333333334 0.3837962962962963 0.014583333333333334 0.030555555555555555
0 0.40625 0.3685185185185185 0.014583333333333334 0.030555555555555555
0 0.3302083333333333 0.3509259259259259 0.014583333333333334 0.030555555555555555
0 0.790625 0.5416666666666666 0.014583333333333334 0.030555555555555555
0 0.70625 0.5217592592592593 0.014583333333333334 0.030555555555555555
0 0.6229166666666667 0.5023148148148148 0.014583333333333334 0.030555555555555555
0 0.5416666666666666 0.4824074074074074 0.014583333333333334 0.030555555555555555
0 0.46041666666666664 0.4648148148148148 0.014583333333333334 0.030555555555555555
0 0.38125 0.44722222222222224 0.014583333333333334 0.030555555555555555
0 0.303125 0.42777777777777776 0.014583333333333334 0.030555555555555555
0 0.7760416666666666 0.6314814814814815 0.014583333333333334 0.030555555555555555
0 0.6895833333333333 0.612037037037037 0.014583333333333334 0.030555555555555555
0 0.6041666666666666 0.5898148148148148 0.014583333333333334 0.030555555555555555
0 0.5197916666666667 0.5703703703703704 0.014583333333333334 0.030555555555555555
0 0.43645833333333334 0.5504629629629629 0.014583333333333334 0.030555555555555555
0 0.3541666666666667 0.5305555555555556 0.014583333333333334 0.030555555555555555
0 0.27395833333333336 0.5111111111111111 0.014583333333333334 0.030555555555555555
0 0.7614583333333333 0.7282407407407407 0.014583333333333334 0.030555555555555555
0 0.671875 0.7060185185185185 0.014583333333333334 0.030555555555555555
0 0.5833333333333334 0.6842592592592592 0.014583333333333334 0.030555555555555555
0 0.49583333333333335 0.6625 0.014583333333333334 0.030555555555555555
0 0.41041666666666665 0.6402777777777777 0.014583333333333334 0.030555555555555555
0 0.3260416666666667 0.6208333333333333 0.014583333333333334 0.030555555555555555
0 0.24270833333333333 0.5986111111111111 0.014583333333333334 0.030555555555555555