0 0.7322916666666667 0.1675925925925926 0.0125 0.03425925925925926
0 0.6614583333333334 0.1648148148148148 0.0125 0.03425925925925926
0 0.5916666666666667 0.16203703703703703 0.0125 0.03425925925925926
0 0.5208333333333334 0.15925925925925927 0.0125 0.03425925925925926
0 0.4510416666666667 0.15648148148148147 0.0125 0.03425925925925926
0 0.38125 0.15324074074074073 0.0125 0.03425925925925926
0 0.31145833333333334 0.15046296296296297 0.0125 0.03425925925925926
0 0.7385416666666667 0.25 0.0125 0.03425925925925926
0 0.6645833333333333 0.24722222222222223 0.0125 0.03425925925925926
0 0.5916666666666667 0.24444444444444444 0.0125 0.03425925925925926
0 0.51875 0.24166666666666667 0.0125 0.03425925925925926
0 0.44583333333333336 0.23842592592592593 0.0125 0.03425925925925926
0 0.37395833333333334 0.23287037037037037 0.0125 0.03425925925925926
0 0.30104166666666665 0.2300925925925926 0.0125 0.03425925925925926
0 0.7447916666666666 0.33796296296296297 0.0125 0.03425925925925926
0 0.66875 0.3351851851851852 0.0125 0.03425925925925926
0 0.5927083333333333 0.33240740740740743 0.0125 0.03425925925925926
0 0.5166666666666667 0.3296296296296296 0.0125 0.03425925925925926
0 0.440625 0.32407407407407407 0.0125 0.03425925925925926
0 0.365625 0.32083333333333336 0.0125 0.03425925925925926
0 0.28958333333333336 0.31805555555555554 0.0125 0.03425925925925926
0 0.7520833333333333 0.43472222222222223 0.0125 0.03425925925925926
0 0.671875 0.43194444444444446 0.0125 0.03425925925925926
0 0.5927083333333333 0.42592592592592593 0.0125 0.03425925925925926
0 0.5145833333333333 0.42314814814814816 0.0125 0.03425925925925926
0 0.4354166666666667 0.4203703703703704 0.0125 0.03425925925925926
0 0.35625 0.4148148148148148 0.0125 0.03425925925925926
0 0.278125 0.41203703703703703 0.0125 0.03425925925925926
0 0.759375 0.5398148148148149 0.0125 0.03425925925925926
0 0.6770833333333334 0.5342592592592592 0.0125 0.03425925925925926
0 0.59375 0.5314814814814814 0.0125 0.03425925925925926
0 0.5114583333333333 0.5254629629629629 0.0125 0.03425925925925926
0 0.42916666666666664 0.5226851851851851 0.0125 0.03425925925925926
0 0.346875 0.5199074074074074 0.0125 0.03425925925925926
0 0.26458333333333334 0.5143518518518518 0.0125 0.03425925925925926
0 0.7677083333333333 0.6532407407407408 0.0125 0.03425925925925926
0 0.68125 0.6476851851851851 0.0125 0.03425925925925926
0 0.5947916666666667 0.6449074074074074 0.0125 0.03425925925925926
0 0.5083333333333333 0.6393518518518518 0.0125 0.03425925925925926
0 0.421875 0.6365740740740741 0.0125 0.03425925925925926
0 0.33645833333333336 0.6305555555555555 0.0125 0.03425925925925926
0 0.25 0.6277777777777778 0.0125 0.03425925925925926
0 0.7770833333333333 0.7782407407407408 0.0125 0.03425925925925926
0 0.6864583333333333 0.7726851851851851 0.0125 0.03425925925925926
0 0.5958333333333333 0.7671296296296296 0.0125 0.03425925925925926
0 0.5052083333333334 0.7643518518518518 0.0125 0.03425925925925926
0 0.41458333333333336 0.7583333333333333 0.0125 0.03425925925925926
0 0.325 0.7555555555555555 0.0125 0.03425925925925926
0 0.234375 0.75 0.0125 0.03425925925925926