0 0.7572916666666667 0.2828703703703704 0.022916666666666665 0.03611111111111111
0 0.671875 0.2828703703703704 0.022916666666666665 0.03611111111111111
0 0.5864583333333333 0.2810185185185185 0.022916666666666665 0.03611111111111111
0 0.5 0.2796296296296296 0.022916666666666665 0.03611111111111111
0 0.41354166666666664 0.2777777777777778 0.022916666666666665 0.03611111111111111
0 0.32708333333333334 0.2777777777777778 0.022916666666666665 0.03611111111111111
0 0.240625 0.2759259259259259 0.022916666666666665 0.03611111111111111
0 0.765625 0.36435185185185187 0.022916666666666665 0.03611111111111111
0 0.6770833333333334 0.362962962962963 0.022916666666666665 0.03611111111111111
0 0.5885416666666666 0.3611111111111111 0.022916666666666665 0.03611111111111111
0 0.5 0.3611111111111111 0.022916666666666665 0.03611111111111111
0 0.4114583333333333 0.3592592592592593 0.022916666666666665 0.03611111111111111
0 0.321875 0.3578703703703704 0.022916666666666665 0.03611111111111111
0 0.23333333333333334 0.3578703703703704 0.022916666666666665 0.03611111111111111
0 0.775 0.45092592592592595 0.022916666666666665 0.03611111111111111
0 0.6833333333333333 0.449537037037037 0.022916666666666665 0.03611111111111111
0 0.5916666666666667 0.4476851851851852 0.022916666666666665 0.03611111111111111
0 0.5010416666666667 0.4476851851851852 0.022916666666666665 0.03611111111111111
0 0.4083333333333333 0.4462962962962963 0.022916666666666665 0.03611111111111111
0 0.31666666666666665 0.4444444444444444 0.022916666666666665 0.03611111111111111
0 0.225 0.4425925925925926 0.022916666666666665 0.03611111111111111
0 0.784375 0.5425925925925926 0.022916666666666665 0.03611111111111111
0 0.6895833333333333 0.5407407407407407 0.022916666666666665 0.03611111111111111
0 0.5958333333333333 0.5393518518518519 0.022916666666666665 0.03611111111111111
0 0.5010416666666667 0.5393518518518519 0.022916666666666665 0.03611111111111111
0 0.40625 0.5375 0.022916666666666665 0.03611111111111111
0 0.31145833333333334 0.5361111111111111 0.022916666666666665 0.03611111111111111
0 0.215625 0.5361111111111111 0.022916666666666665 0.03611111111111111
0 0.79375 0.6407407407407407 0.022916666666666665 0.03611111111111111
0 0.696875 0.6388888888888888 0.022916666666666665 0.03611111111111111
0 0.5989583333333334 0.6388888888888888 0.022916666666666665 0.03611111111111111
0 0.5010416666666667 0.6370370370370371 0.022916666666666665 0.03611111111111111
0 0.403125 0.6356481481481482 0.022916666666666665 0.03611111111111111
0 0.30520833333333336 0.6356481481481482 0.022916666666666665 0.03611111111111111
0 0.20625 0.6337962962962963 0.022916666666666665 0.03611111111111111
0 0.8041666666666667 0.7449074074074075 0.022916666666666665 0.03611111111111111
0 0.7041666666666667 0.7449074074074075 0.022916666666666665 0.03611111111111111
0 0.603125 0.7435185185185185 0.022916666666666665 0.03611111111111111
0 0.5010416666666667 0.7416666666666667 0.022916666666666665 0.03611111111111111
0 0.4 0.7416666666666667 0.022916666666666665 0.03611111111111111
0 0.29791666666666666 0.7402777777777778 0.022916666666666665 0.03611111111111111
0 0.19583333333333333 0.7402777777777778 0.022916666666666665 0.03611111111111111
0 0.815625 0.8578703703703704 0.022916666666666665 0.03611111111111111
0 0.7114583333333333 0.8578703703703704 0.022916666666666665 0.03611111111111111
0 0.60625 0.8560185185185185 0.022916666666666665 0.03611111111111111
0 0.5020833333333333 0.8560185185185185 0.022916666666666665 0.03611111111111111
0 0.396875 0.8546296296296296 0.022916666666666665 0.03611111111111111
0 0.290625 0.8546296296296296 0.022916666666666665 0.03611111111111111
0 0.18541666666666667 0.8527777777777777 0.022916666666666665 0.03611111111111111