0 0.8364583333333333 0.2388888888888889 0.014583333333333334 0.028703703703703703
0 0.765625 0.22037037037037038 0.014583333333333334 0.028703703703703703
0 0.696875 0.2 0.014583333333333334 0.028703703703703703
0 0.6291666666666667 0.1837962962962963 0.014583333333333334 0.028703703703703703
0 0.5625 0.16527777777777777 0.014583333333333334 0.028703703703703703
0 0.4979166666666667 0.14907407407407408 0.014583333333333334 0.028703703703703703
0 0.434375 0.13055555555555556 0.014583333333333334 0.028703703703703703
0 0.821875 0.30185185185185187 0.014583333333333334 0.028703703703703703
0 0.7489583333333333 0.2814814814814815 0.014583333333333334 0.028703703703703703
0 0.678125 0.26342592592592595 0.014583333333333334 0.028703703703703703
0 0.6083333333333333 0.24305555555555555 0.014583333333333334 0.028703703703703703
0 0.5395833333333333 0.22453703703703703 0.014583333333333334 0.028703703703703703
0 0.47291666666666665 0.20601851851851852 0.014583333333333334 0.028703703703703703
0 0.4083333333333333 0.18796296296296297 0.014583333333333334 0.028703703703703703
0 0.8072916666666666 0.3712962962962963 0.014583333333333334 0.028703703703703703
0 0.73125 0.3490740740740741 0.014583333333333334 0.028703703703703703
0 0.6572916666666667 0.3287037037037037 0.014583333333333334 0.028703703703703703
0 0.5854166666666667 0.30833333333333335 0.014583333333333334 0.028703703703703703
0 0.515625 0.287962962962963 0.014583333333333334 0.028703703703703703
0 0.446875 0.2671296296296296 0.014583333333333334 0.028703703703703703
0 0.37916666666666665 0.24675925925925926 0.014583333333333334 0.028703703703703703
0 0.790625 0.4449074074074074 0.014583333333333334 0.028703703703703703
0 0.7125 0.4222222222222222 0.014583333333333334 0.028703703703703703
0 0.6354166666666666 0.39814814814814814 0.014583333333333334 0.028703703703703703
0 0.5614583333333333 0.37546296296296294 0.014583333333333334 0.028703703703703703
0 0.48854166666666665 0.35509259259259257 0.014583333333333334 0.028703703703703703
0 0.41770833333333335 0.33287037037037037 0.014583333333333334 0.028703703703703703
0 0.3489583333333333 0.31203703703703706 0.014583333333333334 0.028703703703703703
0 0.7729166666666667 0.5263888888888889 0.014583333333333334 0.028703703703703703
0 0.6916666666666667 0.5 0.014583333333333334 0.028703703703703703
0 0.6125 0.475462962962963 0.014583333333333334 0.028703703703703703
0 0.5354166666666667 0.45092592592592595 0.014583333333333334 0.028703703703703703
0 0.46041666666666664 0.4263888888888889 0.014583333333333334 0.028703703703703703
0 0.3875 0.4041666666666667 0.014583333333333334 0.028703703703703703
0 0.315625 0.3814814814814815 0.014583333333333334 0.028703703703703703
0 0.753125 0.612037037037037 0.014583333333333334 0.028703703703703703
0 0.66875 0.5856481481481481 0.014583333333333334 0.028703703703703703
0 0.5875 0.5569444444444445 0.014583333333333334 0.028703703703703703
0 0.5072916666666667 0.5305555555555556 0.014583333333333334 0.028703703703703703
0 0.43020833333333336 0.5060185185185185 0.014583333333333334 0.028703703703703703
0 0.3541666666666667 0.47962962962962963 0.014583333333333334 0.028703703703703703
0 0.28020833333333334 0.4550925925925926 0.014583333333333334 0.028703703703703703
0 0.7322916666666667 0.7060185185185185 0.014583333333333334 0.028703703703703703
0 0.6447916666666667 0.6777777777777778 0.014583333333333334 0.028703703703703703
0 0.559375 0.6467592592592593 0.014583333333333334 0.028703703703703703
0 0.47708333333333336 0.6185185185185185 0.014583333333333334 0.028703703703703703
0 0.396875 0.5898148148148148 0.014583333333333334 0.028703703703703703
0 0.31875 0.5634259259259259 0.014583333333333334 0.028703703703703703
0 0.24270833333333333 0.5365740740740741 0.014583333333333334 0.028703703703703703