0 0.8020833333333334 0.275 0.0125 0.025
0 0.7395833333333334 0.25833333333333336 0.0125 0.025
0 0.678125 0.24166666666666667 0.0125 0.025
0 0.61875 0.225 0.0125 0.025
0 0.559375 0.20879629629629629 0.0125 0.025
0 0.5010416666666667 0.19212962962962962 0.0125 0.025
0 0.44375 0.17777777777777778 0.0125 0.025
0 0.79375 0.33287037037037037 0.0125 0.025
0 0.7302083333333333 0.3162037037037037 0.0125 0.025
0 0.6666666666666666 0.29768518518518516 0.0125 0.025
0 0.6052083333333333 0.2810185185185185 0.0125 0.025
0 0.54375 0.2625 0.0125 0.025
0 0.484375 0.24583333333333332 0.0125 0.025
0 0.425 0.22916666666666666 0.0125 0.025
0 0.7854166666666667 0.39444444444444443 0.0125 0.025
0 0.7197916666666667 0.37592592592592594 0.0125 0.025
0 0.6541666666666667 0.3574074074074074 0.0125 0.025
0 0.590625 0.3388888888888889 0.0125 0.025
0 0.5270833333333333 0.32037037037037036 0.0125 0.025
0 0.465625 0.30185185185185187 0.0125 0.025
0 0.40520833333333334 0.2851851851851852 0.0125 0.025
0 0.7770833333333333 0.46064814814814814 0.0125 0.025
0 0.7083333333333334 0.44212962962962965 0.0125 0.025
0 0.640625 0.4212962962962963 0.0125 0.025
0 0.575 0.4009259259259259 0.0125 0.025
0 0.5104166666666666 0.3824074074074074 0.0125 0.025
0 0.44583333333333336 0.36342592592592593 0.0125 0.025
0 0.38333333333333336 0.3449074074074074 0.0125 0.025
0 0.7666666666666667 0.5328703703703703 0.0125 0.025
0 0.6958333333333333 0.5101851851851852 0.0125 0.025
0 0.6260416666666667 0.4898148148148148 0.0125 0.025
0 0.5583333333333333 0.4689814814814815 0.0125 0.025
0 0.49166666666666664 0.44814814814814813 0.0125 0.025
0 0.42604166666666665 0.42777777777777776 0.0125 0.025
0 0.3614583333333333 0.40694444444444444 0.0125 0.025
0 0.75625 0.6097222222222223 0.0125 0.025
0 0.6833333333333333 0.586574074074074 0.0125 0.025
0 0.6114583333333333 0.5638888888888889 0.0125 0.025
0 0.540625 0.5412037037037037 0.0125 0.025
0 0.4708333333333333 0.5185185185185185 0.0125 0.025
0 0.403125 0.49583333333333335 0.0125 0.025
0 0.33645833333333336 0.475 0.0125 0.025
0 0.7447916666666666 0.6921296296296297 0.0125 0.025
0 0.66875 0.6671296296296296 0.0125 0.025
0 0.5947916666666667 0.6425925925925926 0.0125 0.025
0 0.5208333333333334 0.6175925925925926 0.0125 0.025
0 0.45 0.5949074074074074 0.0125 0.025
0 0.37916666666666665 0.5703703703703704 0.0125 0.025
0 0.3104166666666667 0.5476851851851852 0.0125 0.025