0 0.6635416666666667 0.17175925925925925 0.0125 0.02962962962962963
0 0.609375 0.17407407407407408 0.0125 0.02962962962962963
0 0.55625 0.1763888888888889 0.0125 0.02962962962962963
0 0.5020833333333333 0.1763888888888889 0.0125 0.02962962962962963
0 0.4479166666666667 0.1787037037037037 0.0125 0.02962962962962963
0 0.39479166666666665 0.1814814814814815 0.0125 0.02962962962962963
0 0.3416666666666667 0.1837962962962963 0.0125 0.02962962962962963
0 0.6697916666666667 0.23796296296296296 0.0125 0.02962962962962963
0 0.6135416666666667 0.24027777777777778 0.0125 0.02962962962962963
0 0.5572916666666666 0.24027777777777778 0.0125 0.02962962962962963
0 0.5020833333333333 0.24259259259259258 0.0125 0.02962962962962963
0 0.44583333333333336 0.2449074074074074 0.0125 0.02962962962962963
0 0.38958333333333334 0.2449074074074074 0.0125 0.02962962962962963
0 0.334375 0.24768518518518517 0.0125 0.02962962962962963
0 0.6760416666666667 0.3087962962962963 0.0125 0.02962962962962963
0 0.6177083333333333 0.3087962962962963 0.0125 0.02962962962962963
0 0.559375 0.3111111111111111 0.0125 0.02962962962962963
0 0.5010416666666667 0.3138888888888889 0.0125 0.02962962962962963
0 0.4427083333333333 0.3162037037037037 0.0125 0.02962962962962963
0 0.384375 0.3162037037037037 0.0125 0.02962962962962963
0 0.32708333333333334 0.31851851851851853 0.0125 0.02962962962962963
0 0.684375 0.38472222222222224 0.0125 0.02962962962962963
0 0.6229166666666667 0.387037037037037 0.0125 0.02962962962962963
0 0.5614583333333333 0.38981481481481484 0.0125 0.02962962962962963
0 0.5010416666666667 0.38981481481481484 0.0125 0.02962962962962963
0 0.4395833333333333 0.3921296296296296 0.0125 0.02962962962962963
0 0.37916666666666665 0.39444444444444443 0.0125 0.02962962962962963
0 0.31875 0.39444444444444443 0.0125 0.02962962962962963
0 0.6916666666666667 0.46805555555555556 0.0125 0.02962962962962963
0 0.628125 0.4703703703703704 0.0125 0.02962962962962963
0 0.5635416666666667 0.47314814814814815 0.0125 0.02962962962962963
0 0.5 0.475462962962963 0.0125 0.02962962962962963
0 0.43645833333333334 0.475462962962963 0.0125 0.02962962962962963
0 0.3729166666666667 0.4777777777777778 0.0125 0.02962962962962963
0 0.309375 0.48055555555555557 0.0125 0.02962962962962963
0 0.7010416666666667 0.5611111111111111 0.0125 0.02962962962962963
0 0.6333333333333333 0.5638888888888889 0.0125 0.02962962962962963
0 0.5666666666666667 0.5662037037037037 0.0125 0.02962962962962963
0 0.49895833333333334 0.5662037037037037 0.0125 0.02962962962962963
0 0.4322916666666667 0.5685185185185185 0.0125 0.02962962962962963
0 0.365625 0.5712962962962963 0.0125 0.02962962962962963
0 0.2989583333333333 0.5712962962962963 0.0125 0.02962962962962963
0 0.7104166666666667 0.6643518518518519 0.0125 0.02962962962962963
0 0.6395833333333333 0.6643518518518519 0.0125 0.02962962962962963
0 0.56875 0.6666666666666666 0.0125 0.02962962962962963
0 0.49895833333333334 0.6689814814814815 0.0125 0.02962962962962963
0 0.428125 0.6717592592592593 0.0125 0.02962962962962963
0 0.35833333333333334 0.6717592592592593 0.0125 0.02962962962962963
0 0.28854166666666664 0.674074074074074 0.0125 0.02962962962962963