0 0.803125 0.30972222222222223 0.010416666666666666 0.024537037037037038
0 0.7458333333333333 0.287962962962963 0.010416666666666666 0.024537037037037038
0 0.690625 0.2657407407407407 0.010416666666666666 0.024537037037037038
0 0.6354166666666666 0.2462962962962963 0.010416666666666666 0.024537037037037038
0 0.5822916666666667 0.22685185185185186 0.010416666666666666 0.024537037037037038
0 0.5291666666666667 0.2050925925925926 0.010416666666666666 0.024537037037037038
0 0.47708333333333336 0.18518518518518517 0.010416666666666666 0.024537037037037038
0 0.790625 0.3685185185185185 0.010416666666666666 0.024537037037037038
0 0.73125 0.34629629629629627 0.010416666666666666 0.024537037037037038
0 0.6739583333333333 0.324537037037037 0.010416666666666666 0.024537037037037038
0 0.6177083333333333 0.3023148148148148 0.010416666666666666 0.024537037037037038
0 0.5614583333333333 0.28055555555555556 0.010416666666666666 0.024537037037037038
0 0.5072916666666667 0.25833333333333336 0.010416666666666666 0.024537037037037038
0 0.45416666666666666 0.2388888888888889 0.010416666666666666 0.024537037037037038
0 0.7760416666666666 0.43148148148148147 0.010416666666666666 0.024537037037037038
0 0.715625 0.4097222222222222 0.010416666666666666 0.024537037037037038
0 0.65625 0.3851851851851852 0.010416666666666666 0.024537037037037038
0 0.5979166666666667 0.3611111111111111 0.010416666666666666 0.024537037037037038
0 0.540625 0.3388888888888889 0.010416666666666666 0.024537037037037038
0 0.484375 0.31712962962962965 0.010416666666666666 0.024537037037037038
0 0.43020833333333336 0.2949074074074074 0.010416666666666666 0.024537037037037038
0 0.7614583333333333 0.5023148148148148 0.010416666666666666 0.024537037037037038
0 0.6979166666666666 0.475462962962963 0.010416666666666666 0.024537037037037038
0 0.6364583333333333 0.4513888888888889 0.010416666666666666 0.024537037037037038
0 0.5760416666666667 0.42685185185185187 0.010416666666666666 0.024537037037037038
0 0.5177083333333333 0.4023148148148148 0.010416666666666666 0.024537037037037038
0 0.46041666666666664 0.37824074074074077 0.010416666666666666 0.024537037037037038
0 0.403125 0.3537037037037037 0.010416666666666666 0.024537037037037038
0 0.7447916666666666 0.575462962962963 0.010416666666666666 0.024537037037037038
0 0.6802083333333333 0.5486111111111112 0.010416666666666666 0.024537037037037038
0 0.615625 0.5217592592592593 0.010416666666666666 0.024537037037037038
0 0.5541666666666667 0.4949074074074074 0.010416666666666666 0.024537037037037038
0 0.49270833333333336 0.4685185185185185 0.010416666666666666 0.024537037037037038
0 0.43333333333333335 0.4439814814814815 0.010416666666666666 0.024537037037037038
0 0.375 0.41944444444444445 0.010416666666666666 0.024537037037037038
0 0.7270833333333333 0.6560185185185186 0.010416666666666666 0.024537037037037038
0 0.659375 0.6268518518518519 0.010416666666666666 0.024537037037037038
0 0.59375 0.5976851851851852 0.010416666666666666 0.024537037037037038
0 0.5291666666666667 0.5685185185185185 0.010416666666666666 0.024537037037037038
0 0.4666666666666667 0.5416666666666666 0.010416666666666666 0.024537037037037038
0 0.40520833333333334 0.5148148148148148 0.010416666666666666 0.024537037037037038
0 0.34479166666666666 0.487962962962963 0.010416666666666666 0.024537037037037038
0 0.7083333333333334 0.7439814814814815 0.010416666666666666 0.024537037037037038
0 0.6385416666666667 0.712037037037037 0.010416666666666666 0.024537037037037038
0 0.5697916666666667 0.6805555555555556 0.010416666666666666 0.024537037037037038
0 0.503125 0.6486111111111111 0.010416666666666666 0.024537037037037038
0 0.4375 0.6194444444444445 0.010416666666666666 0.024537037037037038
0 0.37395833333333334 0.5902777777777778 0.010416666666666666 0.024537037037037038
0 0.3125 0.5611111111111111 0.010416666666666666 0.024537037037037038