0 0.678125 0.1699074074074074 0.014583333333333334 0.032407407407407406
0 0.6114583333333333 0.16527777777777777 0.014583333333333334 0.032407407407407406
0 0.5447916666666667 0.15833333333333333 0.014583333333333334 0.032407407407407406
0 0.478125 0.1537037037037037 0.014583333333333334 0.032407407407407406
0 0.41041666666666665 0.1486111111111111 0.014583333333333334 0.032407407407407406
0 0.34270833333333334 0.1439814814814815 0.014583333333333334 0.032407407407407406
0 0.27395833333333336 0.13703703703703704 0.014583333333333334 0.032407407407407406
0 0.6895833333333333 0.24166666666666667 0.014583333333333334 0.032407407407407406
0 0.6197916666666666 0.23703703703703705 0.014583333333333334 0.032407407407407406
0 0.55 0.2324074074074074 0.014583333333333334 0.032407407407407406
0 0.48020833333333335 0.22546296296296298 0.014583333333333334 0.032407407407407406
0 0.41041666666666665 0.22083333333333333 0.014583333333333334 0.032407407407407406
0 0.33958333333333335 0.2162037037037037 0.014583333333333334 0.032407407407407406
0 0.2677083333333333 0.21157407407407408 0.014583333333333334 0.032407407407407406
0 0.7020833333333333 0.32083333333333336 0.014583333333333334 0.032407407407407406
0 0.6291666666666667 0.3162037037037037 0.014583333333333334 0.032407407407407406
0 0.55625 0.30925925925925923 0.014583333333333334 0.032407407407407406
0 0.48333333333333334 0.30462962962962964 0.014583333333333334 0.032407407407407406
0 0.409375 0.3 0.014583333333333334 0.032407407407407406
0 0.33541666666666664 0.2953703703703704 0.014583333333333334 0.032407407407407406
0 0.26145833333333335 0.2884259259259259 0.014583333333333334 0.032407407407407406
0 0.7145833333333333 0.40694444444444444 0.014583333333333334 0.032407407407407406
0 0.6395833333333333 0.4023148148148148 0.014583333333333334 0.032407407407407406
0 0.5625 0.3976851851851852 0.014583333333333334 0.032407407407407406
0 0.4864583333333333 0.3907407407407407 0.014583333333333334 0.032407407407407406
0 0.409375 0.3861111111111111 0.014583333333333334 0.032407407407407406
0 0.33229166666666665 0.3814814814814815 0.014583333333333334 0.032407407407407406
0 0.25416666666666665 0.37453703703703706 0.014583333333333334 0.032407407407407406
0 0.7291666666666666 0.5023148148148148 0.014583333333333334 0.032407407407407406
0 0.65 0.49537037037037035 0.014583333333333334 0.032407407407407406
0 0.5697916666666667 0.49074074074074076 0.014583333333333334 0.032407407407407406
0 0.4895833333333333 0.4861111111111111 0.014583333333333334 0.032407407407407406
0 0.409375 0.48148148148148145 0.014583333333333334 0.032407407407407406
0 0.328125 0.47453703703703703 0.014583333333333334 0.032407407407407406
0 0.246875 0.4699074074074074 0.014583333333333334 0.032407407407407406
0 0.7458333333333333 0.6069444444444444 0.014583333333333334 0.032407407407407406
0 0.6625 0.6 0.014583333333333334 0.032407407407407406
0 0.578125 0.5953703703703703 0.014583333333333334 0.032407407407407406
0 0.49375 0.5907407407407408 0.014583333333333334 0.032407407407407406
0 0.409375 0.5861111111111111 0.014583333333333334 0.032407407407407406
0 0.32395833333333335 0.5791666666666667 0.014583333333333334 0.032407407407407406
0 0.2375 0.5745370370370371 0.014583333333333334 0.032407407407407406
0 0.7635416666666667 0.7208333333333333 0.014583333333333334 0.032407407407407406
0 0.675 0.7162037037037037 0.014583333333333334 0.032407407407407406
0 0.5875 0.711574074074074 0.014583333333333334 0.032407407407407406
0 0.4979166666666667 0.7069444444444445 0.014583333333333334 0.032407407407407406
0 0.4083333333333333 0.7 0.014583333333333334 0.032407407407407406
0 0.31875 0.6953703703703704 0.014583333333333334 0.032407407407407406
0 0.228125 0.6907407407407408 0.014583333333333334 0.032407407407407406