0 0.7802083333333333 0.2449074074074074 0.010416666666666666 0.02638888888888889
0 0.715625 0.23425925925925925 0.010416666666666666 0.02638888888888889
0 0.653125 0.22361111111111112 0.010416666666666666 0.02638888888888889
0 0.5916666666666667 0.21296296296296297 0.010416666666666666 0.02638888888888889
0 0.5322916666666667 0.20277777777777778 0.010416666666666666 0.02638888888888889
0 0.4739583333333333 0.19490740740740742 0.010416666666666666 0.02638888888888889
0 0.4166666666666667 0.18425925925925926 0.010416666666666666 0.02638888888888889
0 0.7677083333333333 0.30787037037037035 0.010416666666666666 0.02638888888888889
0 0.7020833333333333 0.2972222222222222 0.010416666666666666 0.02638888888888889
0 0.6385416666666667 0.28703703703703703 0.010416666666666666 0.02638888888888889
0 0.5760416666666667 0.2763888888888889 0.010416666666666666 0.02638888888888889
0 0.5145833333333333 0.2657407407407407 0.010416666666666666 0.02638888888888889
0 0.4552083333333333 0.2550925925925926 0.010416666666666666 0.02638888888888889
0 0.396875 0.2449074074074074 0.010416666666666666 0.02638888888888889
0 0.7552083333333334 0.37916666666666665 0.010416666666666666 0.02638888888888889
0 0.6885416666666667 0.36574074074074076 0.010416666666666666 0.02638888888888889
0 0.6229166666666667 0.3527777777777778 0.010416666666666666 0.02638888888888889
0 0.559375 0.3421296296296296 0.010416666666666666 0.02638888888888889
0 0.496875 0.32916666666666666 0.010416666666666666 0.02638888888888889
0 0.4354166666666667 0.31851851851851853 0.010416666666666666 0.02638888888888889
0 0.37604166666666666 0.30787037037037035 0.010416666666666666 0.02638888888888889
0 0.7416666666666667 0.45 0.010416666666666666 0.02638888888888889
0 0.6739583333333333 0.43703703703703706 0.010416666666666666 0.02638888888888889
0 0.60625 0.4236111111111111 0.010416666666666666 0.02638888888888889
0 0.5416666666666666 0.41064814814814815 0.010416666666666666 0.02638888888888889
0 0.47708333333333336 0.3972222222222222 0.010416666666666666 0.02638888888888889
0 0.415625 0.387037037037037 0.010416666666666666 0.02638888888888889
0 0.3541666666666667 0.3736111111111111 0.010416666666666666 0.02638888888888889
0 0.728125 0.5263888888888889 0.010416666666666666 0.02638888888888889
0 0.6583333333333333 0.512962962962963 0.010416666666666666 0.02638888888888889
0 0.5895833333333333 0.49722222222222223 0.010416666666666666 0.02638888888888889
0 0.5229166666666667 0.4842592592592593 0.010416666666666666 0.02638888888888889
0 0.45729166666666665 0.4685185185185185 0.010416666666666666 0.02638888888888889
0 0.39375 0.4550925925925926 0.010416666666666666 0.02638888888888889
0 0.33125 0.44212962962962965 0.010416666666666666 0.02638888888888889
0 0.7135416666666666 0.6078703703703704 0.010416666666666666 0.02638888888888889
0 0.6416666666666667 0.5921296296296297 0.010416666666666666 0.02638888888888889
0 0.5708333333333333 0.5763888888888888 0.010416666666666666 0.02638888888888889
0 0.503125 0.5606481481481481 0.010416666666666666 0.02638888888888889
0 0.43645833333333334 0.5449074074074074 0.010416666666666666 0.02638888888888889
0 0.37083333333333335 0.5291666666666667 0.010416666666666666 0.02638888888888889
0 0.3072916666666667 0.5157407407407407 0.010416666666666666 0.02638888888888889
0 0.6979166666666666 0.6921296296296297 0.010416666666666666 0.02638888888888889
0 0.6239583333333333 0.6763888888888889 0.010416666666666666 0.02638888888888889
0 0.5520833333333334 0.6578703703703703 0.010416666666666666 0.02638888888888889
0 0.4822916666666667 0.6421296296296296 0.010416666666666666 0.02638888888888889
0 0.41354166666666664 0.6236111111111111 0.010416666666666666 0.02638888888888889
0 0.346875 0.6078703703703704 0.010416666666666666 0.02638888888888889
0 0.28229166666666666 0.5921296296296297 0.010416666666666666 0.02638888888888889